name,movie_id,classification
Shlykov,23890098,22
Flickerman,31186339,13
Everdeen,31186339,13
Thresh,31186339,4
Crane,31186339,16
Abernathy,31186339,4
Mellark,31186339,4
Katniss,31186339,4
Indulekha,20663735,1
Induchoodan,20663735,21
Nair,20663735,12
Ramakrishnan,20663735,24
Maarar,20663735,13
Manapally,20663735,8
Pavithran,20663735,17
Menon,20663735,21
Jayakrishnan,20663735,12
Nambiar,20663735,20
Anuradha,20663735,21
Henry,2231378,4
Charley,2231378,17
Moran,2231378,14
Nellie,2231378,19
Brainy,2231378,14
Baxter,2231378,17
Lindy,595909,6
Azaria,595909,13
Chamberlain,595909,4
Stevens,5272176,18
Thomas,5272176,3
Kate,5272176,21
Baldwin,5272176,23
Crawford,5272176,3
Veeck,1952976,17
Kyle,1952976,6
Natasha,1952976,3
Dahlia,1952976,3
Cecilia,1952976,3
Rimsky,1952976,19
Murray,1952976,7
Dominic,24225279,21
Mickey,24225279,1
Hannah,24225279,21
Lombardo,24225279,3
Christ,2462689,12
Norton,2462689,18
Mitchell,2462689,0
Connell,2462689,13
Doe,2462689,21
Willoughby,2462689,11
Woody,20532852,3
Nina,15401493,12
discover,15401493,14
Victor,15401493,6
Simona,15401493,16
Lola,15401493,3
Nikki,15401493,6
Bo,15401493,6
Dotty,15401493,12
Lubos,18188932,24
Goran,18188932,22
Eman,18188932,24
Milligan,2940516,6
Barak,1335380,11
Hansen,1335380,2
Hotel,1335380,9
Dov,1335380,21
Taha,1335380,0
Arabs,1335380,21
al-Husayni,1335380,12
Karen,1335380,21
Kitty,1335380,23
Canaan,1335380,17
Dafna,1335380,10
Landau,1335380,4
Arab,1335380,13
Akiva,1335380,4
Kramer,1480747,6
Salena,1480747,13
Bilal,1480747,3
Kid,1480747,6
Rick,1480747,17
Landreaux,1480747,3
N'Play,1480747,23
Sinclair,1480747,6
Zilla,1480747,5
Lee,1480747,6
Jamal,1480747,3
Lucy,24448645,13
Bowen,15072401,7
Phelps,15072401,7
Gage,15072401,4
Lowell,15072401,15
Colby,15072401,22
Trousdale,4018288,21
Debbie,4018288,23
Simone,4596602,8
Arabella,4596602,8
Gabriel,4596602,21
Michael,4596602,23
Tarontola,4596602,15
Muhammed,4596602,0
Darbeaux,4596602,23
Tarantola,4596602,2
Nelson,4596602,6
Addie,15224586,19
Duc,15224586,12
Minh,15224586,16
Tai,15224586,2
Hoa,15224586,22
Lance,15224586,19
Tran,15224586,7
Donkin,15585766,4
Carmody,15585766,13
Mary,15585766,23
Zachariah,9252321,3
Marumu,9252321,0
Madhav,8388648,3
Sreenu,8388648,6
Amrutha,8388648,3
Geeta,10644072,14
Madhu,10644072,21
Bhagwaan,10644072,3
dada,10644072,4
Shambu,10644072,17
Bijli,10644072,4
Govinda,10644072,21
Vijay,10644072,16
Trump,33269085,9
Patel,33269085,21
Kamla,33269085,10
Namrata,33269085,12
Kapoor,33269085,19
Roger,33269085,1
Anita,2254491,3
Preetam,2254491,21
Devi,2254491,22
Sita,2254491,14
Miriam,447194,23
Delilah,447194,4
Saran,447194,17
Semadar,447194,10
Saul,447194,12
Samson,447194,4
Ahtur,447194,12
Mary,18549958,21
Cappadora,12978934,6
Jackson,12978934,17
Sam,12978934,9
Vincent,12978934,21
Pat,12978934,8
Ben,12978934,2
Dean,8471210,17
Kendall,8471210,3
Riggs,8471210,13
Holden,8471210,20
Tormented,8471210,9
Mary,8471210,24
Timmy,8471210,23
Bracken,8471210,10
Benson,1925869,12
Harry,1925869,17
Mark,1925869,4
Kay,1925869,6
Matt,1925869,8
Calder,1925869,6
Weston,1925869,16
Colby,1925869,10
Righi,10799612,12
Melandri,10799612,21
Sassaroli,10799612,5
Necchi,10799612,22
Perozzi,10799612,21
Titti,10799612,20
Madonna,10799612,5
Daffy,3150865,3
Porky,3150865,3
Frances,20591333,24
Jason,20591333,22
Mickey,28238240,7
Liang,5414895,21
Fei,5414895,7
Jun,5414895,3
Stratton,5414895,9
Bei,5414895,3
Woo,5414895,6
Shangxiang,5414895,12
Cao,5414895,6
Xiaoqiao,5414895,16
Quan,5414895,9
Yu,5414895,23
Mao,5414895,22
Yun,5414895,24
Gan,5414895,20
Su,5414895,8
Nikolai,5425205,6
Khitrova,5425205,6
Azim,5425205,24
Tatiana,5425205,0
Stepan,5425205,16
Semyon,5425205,13
Kirill,5425205,3
Luzhin,5425205,1
Koko,28207941,6
Boop,28207941,4
Paschalis,14330027,16
Zoi,14330027,0
Sanjana,4356664,3
Prem,4356664,2
Kishen,4356664,6
Bobby,4356664,2
Kaajal,4356664,16
Zafar,19174305,6
Haba,19174305,19
Birbal,19174305,4
Idrees,19174305,23
Darr,19174305,6
Tahaan,19174305,3
Berger,33417831,12
Fitz,33417831,9
Schweiger,33417831,18
Feldberg,33417831,8
Stobanski,33417831,22
Mehmet,33417831,18
Uhl,33417831,22
Henrion,33417831,8
Ulmen,33417831,22
Michalke,33417831,15
Wilke,33417831,8
Dohn,33417831,4
Ades,33417831,1
Dee,2408359,9
Frankie,2408359,14
Bentley,2408359,19
III,2408359,8
Buddha,1838882,3
Cobb,25755313,14
Dobbin,10016997,3
Viper,10016997,7
Horsefly,10016997,17
Porky,10016997,6
Karamazov,8153846,20
Deray,8153846,12
Odile,8153846,5
Bial,8153846,11
Kendall,24486071,2
Dillingham,24486071,14
Borgstrom,24486071,0
Kent,4466226,3
Fyodor,4466226,6
Port-Huntley,4466226,8
Narcissa,4466226,21
Lady,4466226,5
Chester,4466226,3
Helen,4466226,21
Davar,27975390,8
Oliver,6167400,4
Donsky,6167400,14
Brennan,17711304,3
Gordon,17711304,21
Karloff,17711304,3
Carter,17711304,13
Gregory,17711304,17
Nieterstein,17711304,4
Walsh,18392317,5
Mose,18392317,8
Caballero,18392317,10
Reser,18392317,22
Tamara,15161056,24
Jackson,15161056,18
Ray,15161056,13
Kahara,15161056,10
Michael,15161056,6
Jada,15161056,3
Monique,15161056,3
Lorenzo,15161056,17
Boy,15161056,3
Jamal,15161056,3
Kimberly,21500407,16
Miranda,21500407,17
Rawdon,21500407,6
Jack,21500407,16
Philippe,21500407,10
Quincey,21500407,6
Madhuri,3459677,14
Diya,3459677,21
Bhavana,3459677,16
Sonia,3459677,19
Mittal,3459677,0
Rekha,3459677,14
Nirmal,34420857,6
Babu,34420857,15
Rajagopal,34420857,24
Satyavati,34420857,18
Janaki,34420857,2
Chaplin,18369853,18
Ross,18369853,5
Ridiculii,18369853,0
E.,18369853,16
Wile,18369853,3
Ellen,529276,21
Tiffany,529276,21
Michael,529276,3
Thea,529276,3
Jake,529276,23
Brody,529276,4
Young,529276,2
Sean,529276,6
Margaret,529276,12
Jacky,20631892,24
Naina,20631892,4
Manu,20631892,12
Sagar,20631892,17
Imran,20631892,24
Bellamy,24577134,3
Joan,24577134,1
Evelyn,24577134,14
Rooney,24577134,0
Antonio,32556450,16
Sergio,455089,12
Yaeli,455089,0
Constanza,455089,23
Shifra,455089,21
Hasson,455089,6
Moked,455089,3
Shamgar,455089,8
Rachel,23266463,21
Sarah,23266463,11
Jason,23266463,9
Francisco,35779717,3
Philibert,23299845,8
Mark,23299845,21
Ndugu,226664,20
Roberta,226664,15
Jeannie,226664,6
Umbo,226664,10
Hertzel,226664,6
Schmidt,226664,6
Randall,226664,13
Helen,226664,6
Bandini,25113407,20
Don,27403920,6
Ho,27403920,17
Wellman,27403920,2
McCarger,27403920,17
Eldredge,27403920,11
Chase,27403920,3
Adams,27403920,2
Jean,27403920,12
Littlefoot,2524925,6
Hyp,2524925,11
Cooper,657446,8
Fletcher,657446,17
Samantha,657446,17
Audrey,657446,21
Jerry,657446,1
Miranda,657446,9
Greta,657446,12
Reede,657446,3
Cole,657446,12
Charlotte,1591973,3
Miriam,1591973,6
Jewel,1591973,9
Mayhew,1591973,11
Bayliss,1591973,15
Drew,1591973,6
Willis,1591973,7
Hollis,1591973,12
Velma,1591973,6
Bobbi,4355919,11
Malou,32163620,16
Raymond,32163620,19
Diego,32163620,3
Undine,11685571,19
Jones,11685571,23
Robeson,11685571,13
Smithers,11685571,4
Jeff,11685571,15
Dolly,11685571,9
Porter,11685571,16
Kharlamov,4039635,24
Murray,17371197,3
Carter,17371197,19
Dean,1282593,3
Roy,1282593,18
Evie,1282593,3
Randy,1282593,5
Evelyn,1282593,13
Whitman,1282593,1
Lena,1282593,24
Frank,1282593,7
Maggenti,1282593,18
Ali,1282593,3
Vicky,1282593,24
Brown,1282593,24
Rebecca,1282593,6
Betty,7504323,4
Pierre,7675415,3
Cyb,7675415,21
Madeleine,7675415,6
Bernard,7675415,18
Srikanth,7580720,1
Chitra,7580720,21
Karthikeyan,7580720,7
Karthik,7580720,21
Joan,457561,3
Theodor,457561,18
Abbas,32137084,6
Khan,32137084,0
Nazir,32137084,7
Rajveer,32137084,23
Singh,32137084,18
Sullivan,4072739,20
Mize,4072739,22
Katherine,4072739,5
Sahay,8034072,3
Badki,8034072,21
Shivshankar,8034072,5
Vivaan,8034072,8
Sabitri,8034072,5
Rohan,8034072,13
Chutki,8034072,16
Yegor,3470969,14
Anton,3470969,3
Kostya,3470969,19
Geser,3470969,3
Zavulon,3470969,3
Alisia,3470969,10
Svetlana,3470969,3
Gorodetsky,3470969,6
Nathan,4016437,13
Eva,4016437,1
Wanda,4016437,18
Zawistowski,4016437,6
Sophie,4016437,4
Dickinson,4016437,7
Jay,17060199,6
Claire,17060199,3
Satheesan,7481126,22
Kurup,7481126,19
Iyer,7481126,1
Thara,7481126,1
Murali,7481126,6
Narain,7481126,5
Pius,7481126,2
Vasu,7481126,18
Sukumaran,7481126,0
Amakusa,1520023,0
Yorinobu,1520023,13
Tamiya,1520023,7
Matsudaira,1520023,3
Godaiyu,1520023,6
Munenori,1520023,6
Shir,1520023,6
Musashi,1520023,3
Shiro,1520023,0
Mary,1520023,11
Mori,1520023,22
Yagyu,1520023,21
Hosowei,1520023,14
Sagoguichi,1520023,13
Yui,1520023,7
Jubei,1520023,3
Mitsuyoshi,1520023,9
Araki,1520023,13
Jushin,1520023,3
Botaro,1520023,3
Onwei,1520023,2
Soiken,1520023,13
Ohina,1520023,17
Marunga,14582951,17
Swansey,14582951,20
Stowe,4803289,6
Rossini,4803289,10
Jimmy,4803289,17
Callahan,4803289,17
Ronson,4803289,11
Ash,4803289,18
Valerie,4803289,2
Curry,4803289,17
Huffel,4803289,22
Chad,4803289,19
Mansen,4803289,4
Phelps,1788654,0
Ivey,1788654,6
Duane,1788654,6
Susan,1788654,7
Frank,1788654,3
Harlan,1788654,17
Jean,1788654,6
Kumar,25388139,18
Ratnam,25388139,22
Chinnarasu,25388139,14
Nandini,25388139,1
Gounder,25388139,13
Ganesh,25388139,15
Bobby,21735071,4
Ian,21735071,0
Rebecca,21735071,21
Harwin,21735071,11
Suruga,15912738,11
Maki,15912738,3
Nikaido,15912738,4
Kujo,15912738,3
Maria,24589422,21
Ivan,24589422,21
Al,24589422,6
Clarence,24589422,2
Wynic,24589422,22
Rosa,4767342,19
Warner,28177482,23
Lawrence,28177482,15
Martin,28177482,4
Stannard,28177482,21
Klein,3662683,20
Iqbal,3662683,20
Tweed,3662683,10
Sally,3662683,14
Staton,3662683,0
Kendoo,3662683,3
Omer,3662683,4
Kumar,35068740,22
Veerasamy,35068740,14
Prabhu,35068740,9
Meena,35068740,8
Muthu,35068740,21
Levkovich,9709159,4
Kohen,9709159,1
Azoulay,9709159,3
Anthony,25094002,20
Vince,30673459,11
Elizabeth,30673459,24
Johnny,30673459,3
Jones,30673459,1
Anthony,30673459,24
Torino,30673459,1
Grace,30673459,23
Graham,30673459,15
Shyam,11624345,17
Wolf,5786261,3
Ducatel,30706685,21
Louise,30706685,23
Vandevoorde,30706685,15
Roccanera,33837735,9
Guld,33837735,9
Jayaram,21132951,13
Vishwanathan,21132951,6
Ambili,21132951,18
Kutty,21132951,6
Mohandas,21132951,12
Mercer,18906519,18
Kalyani,30490651,13
Vinod,30490651,6
Babu,30490651,18
Santhosh,30490651,6
Kochumon,30490651,6
Gyun,33745750,11
Chung-seo,33745750,8
Carlos,13542692,20
Jarvis,27380443,19
Grooch,27380443,7
Morton,27380443,0
Dick,27380443,13
Falk,473286,6
Amanda,473286,7
Jerry,473286,0
Aaya,33942920,4
Bonny,33942920,6
Peter,33942920,3
Fox,33942920,17
Pan,33942920,18
Hook,33942920,2
Jimmy,33942920,3
Fludd,33942920,24
I.,33942920,5
Lily,33942920,19
Burke,11388102,12
Kelly,11388102,15
Riley,11388102,13
Max,11388102,2
Mary,11388102,2
Ginsberg,11388102,23
Gelder,19757981,9
Stacey,3644125,21
Ross,3644125,3
Patterson,3644125,14
Hanley,3644125,3
Joyce,3644125,9
Grayce,3644125,24
Merlin,21450904,0
Toby,11823946,3
Viola,11823946,1
Antonio,11823946,2
Sebastian,11823946,21
Aguecheek,11823946,9
Olivia,11823946,23
Belch,11823946,7
Orsino,11823946,13
Malvolio,11823946,19
Duke,11823946,5
McBride,6575053,3
Collins,6575053,3
Norris,6575053,6
Snyder,6575053,3
Hodges,6575053,5
Scarpelli,6575053,17
Osborne,6575053,5
Richardson,6575053,4
Gelder,6575053,17
Roy,11990695,6
Graham,11990695,6
Livingston-Graham,11990695,16
Rose,11990695,6
Hundt,11990695,19
Satterly,11990695,19
Barnes,11990695,17
Weinman,11990695,21
Mistral,3649186,2
Carlos,3649186,21
Montero,3649186,10
Rosario,3649186,13
Julio,3649186,2
Love,6935978,19
Lewis,6935978,24
Jones,6935978,21
Mary,6935978,24
Andrew,12092931,2
Daria,12092931,19
Tom,1596505,17
Amy,11901512,13
Tiffany,11901512,2
Carl,11901512,1
Stacy,11901512,22
Brad,11901512,12
Jane,25807103,3
Mata,20903293,0
Muthuswamy,20903293,15
Raju,20903293,4
Matha,20903293,0
Neetu,20903293,14
Singh,20903293,6
Rajeshwar,20903293,23
Prem,20903293,13
Varcolac,27387452,13
Sands,27387452,4
Edwards,27387452,2
Paulina,27387452,5
Jordan,27387452,20
Eckberg,27387452,22
Lycaon,27387452,9
Ducovic,27387452,17
Hunter,27387452,4
Manor,27387452,23
Wolfsberg,27387452,5
Goran,27387452,9
Dragomir,27387452,7
David,27387452,21
Shamu,235406,2
Birju,235406,17
Sukhilala,235406,5
Ramu,235406,8
Radha,235406,21
Ray,7718873,3
Allen,7718873,3
Mansquito,7718873,3
Gillian,7718873,4
Randall,7718873,17
Beatrice,142423,3
Russo,142423,8
Mario,142423,13
Cosimo,142423,22
Ruoppolo,142423,16
Neruda,142423,13
Barker,29551629,20
Hoffman,29551629,9
Ferguson,30476388,0
Michael,30476388,14
Dana,30476388,2
Dan,30476388,24
Chris,30476388,14
Cain,30005855,8
Chovinski,6747334,24
Cowles,6747334,16
Bob,2209027,17
Zorg,2209027,6
Betty,2209027,6
Hargan,14746604,23
Fosco,8191245,4
Glyde,8191245,19
Slaughter,8191245,23
Sabrina,20914710,20
Johnny,20914710,5
Lena,20914710,14
Boey,20914710,21
Wayne,20914710,14
Lund,27369092,4
Allan,27369092,6
Maria,27369092,10
Hannah,27369092,4
Kapadia,24268011,23
Gidvani,24268011,4
Guide,24268011,9
Chakraborty,24268011,3
Grover,24268011,0
Anand,24268011,13
Rati,24268011,6
Kabhi,24268011,9
Phir,24268011,5
Nishan,24268011,21
Agnihotri,24268011,2
Narayan,24268011,10
Subramanian,24268011,6
Jessica,4154028,6
Betty,4154028,12
LeGrand,4154028,17
Robert,4154028,6
Eleanora,4154028,6
Usher,4154028,11
Valdemar,4154028,21
Pym,4154028,17
Hoffman,4154028,3
Christian,4154028,21
Pike,4154028,3
Grogan,4154028,17
Annabel,4154028,3
Devries,770277,3
Guy,770277,6
Etienne,770277,4
Guen,770277,21
Tanh,770277,23
Jean-Baptiste,770277,16
Camille,770277,3
Tom,18133264,10
Johnson,18133264,14
Patty,25588342,19
Pendleton,25588342,10
Smith,25588342,16
Pike,22479768,9
Sullivan,22479768,5
Tyree,22479768,0
Morgan,22479768,17
Kashtok,22479768,5
Jane,6002183,6
Rudy,6002183,3
Nool,6002183,15
JoJo,6002183,23
Horton,6002183,3
Sally,6002183,8
McDodd,6002183,13
LaRue,6002183,13
Vladikoff,6002183,0
Vlad,6002183,17
Fortlow,6540216,18
Fishburne,6540216,5
Katka,31509403,5
Maggie,225473,7
Forshay,225473,10
Doug,225473,23
Baggs,225473,3
Cameron,32995532,9
Dierdre,32995532,4
Dieman,32995532,9
Farrel,32995532,23
McNab,32995532,17
Aldrich,24073089,3
Aldrich\/Pop,24073089,3
Audrey,24073089,3
Alrdich,24073089,16
John,24073089,6
Weizenbaum,30405742,0
Kurzweil,30405742,13
Nate,23991052,21
Charlene,23991052,23
Galligan,23991052,7
Max,23991052,6
Meg,23991052,8
Burns,23991052,21
Josepha,6084851,19
Cruchot,6084851,4
Terr,2322506,6
Tiva,2322506,23
Draag,2322506,22
Sinh,2322506,17
Cooper,1813912,6
Lola,1813912,4
Willie,1813912,17
Haber,23605990,19
Hemse,23605990,9
Beck,23605990,18
Lindroth,23605990,18
Banck,23605990,11
Persbrandt,23605990,11
Klingstr,23605990,1
Rautelin,23605990,10
J,23605990,19
Ericsson,23605990,19
Larsson,23605990,22
Nyqvist,23605990,14
Jo,32558509,11
Jin,32558509,12
Dottie,35030619,2
Ryan,35030619,6
Lechock,35030619,17
Willie,35030619,3
Neely,35030619,3
Geech,35030619,3
Barb,35030619,6
Jago,19332675,6
Coastes,19332675,11
Othello,19332675,6
Cass,19332675,17
Dessie,19332675,3
Brabant,19332675,6
Coates,19332675,22
Roderick,19332675,24
Lulu,19332675,12
Carver,19332675,18
Carlino,19755481,17
Susy,19755481,3
Sam,19755481,13
Gloria,19755481,3
Hendrix,19755481,0
Roat,19755481,17
Jr.,19755481,7
Lisa,19755481,3
Talman,19755481,6
Edmonds,27368886,15
Gloria,27368886,6
Devon,27368886,23
Graham,27368886,10
Frochard,5925279,21
Forchard,5925279,19
Vaudrey,5925279,24
Danton,5925279,6
Henriette,5925279,6
Louise,5925279,3
Jimmy,26499399,23
Nawaz,26499399,14
Vinod,26499399,3
Farah,26499399,19
Khayyam,26499399,10
Khambatta,26499399,24
Kazan,26499399,3
Mendes,26499399,8
Pasha,26499399,8
Iram,26499399,4
don,26499399,24
Huzefa,26499399,20
Nazer,26499399,4
Rajan,26499399,1
Karan,35764248,3
Patang,35764248,4
Prem,35764248,14
Justine,26393786,8
Decker,26393786,4
Carmine,26393786,21
Sasha,26393786,21
Slater,7429667,16
Zack,7429667,6
Diana,7429667,3
Herb,7429667,10
Ray,7429667,19
Spano,7429667,9
Martin,7429667,6
Kapowski,7429667,9
Kelly,7429667,16
Silver,7429667,3
Melanie,7429667,6
Carol,7429667,16
Belding,7429667,7
Carla,7429667,3
Lisa,7429667,3
Kumar,30866673,8
Sameera,30866673,4
Ranjith,30866673,19
Rao,30866673,17
Billa,30866673,6
Sinha,30866673,2
Abbasi,30866673,17
Dimitri,30866673,3
Selvaraj,30866673,19
Omi,34501845,3
Titu,34501845,8
Khurana,34501845,5
Darji,34501845,15
Jeet,34501845,7
Harman,34501845,23
Twyly,30622939,19
Armbruster,30622939,0
Teak,30622939,1
Vestinhaus,30622939,18
Sabasha,30622939,10
Vandervon,30622939,1
Von,30622939,24
Tremblay,30622939,6
Ethelquake,30622939,12
Tugdon,30622939,23
Ray,30622939,6
Cupcupboard,30622939,10
Jack,30622939,1
Jane,30622939,13
Jr.,30622939,15
Faraday,30622939,17
Fanmoore,30622939,8
Cavinder,30622939,13
Pristy,30622939,10
Paul,1373219,24
Carlos,1373219,11
Regina,1373219,6
Maria,1373219,17
Mark,1373219,3
Villalobos,1373219,19
Rua,1373219,14
Muchasi,2311219,21
Ephraim,2311219,6
Kaufman,2311219,7
Nasser,2311219,24
Carl,2311219,18
al-Najjar,2311219,20
Robert,2311219,23
Avner,2311219,6
Adwan,2311219,19
Steve,2311219,24
Bashir,2311219,22
Salameh,2311219,4
Hamshari,2311219,18
Hans,2311219,17
Louis,2311219,17
Zwaiter,2311219,24
Meir,2311219,12
Terry,26834911,23
Dengler,26834911,16
Mituna,20120996,6
Singha,20120996,3
Woodpecker,20533021,12
Bradley,31083557,6
Kasia,31083557,13
Charlie,31083557,6
Shelby,31083557,3
Betty,31083557,6
Ava,31083557,6
Gerber,31083557,6
Adriana,31083557,12
Charun,13448042,8
Jacqueline,18563253,3
Favraux,18563253,15
Jefferson,25858471,18
Sylvester,25858471,3
Grant,9916623,23
Wallace,9916623,12
Lee,20753929,6
Blue,20753929,11
Gevinson,20753929,24
Fredi,20753929,20
Asparagus,6777222,10
Wilmington,6777222,14
Mr,6777222,3
Lunt,6777222,0
Abednego,6777222,10
George,6777222,7
Bob,6777222,4
Meshach,6777222,10
Shadrach,6777222,10
Dexter,6777222,16
Carrot,6777222,22
Benny,6777222,4
Larry,6777222,3
Nezzer,6777222,6
Louie,26464187,22
Thurston,26464187,11
Monty,5733324,6
Nicky,5733324,15
Clive,5733324,24
Capuletti,5733324,5
Monahan,5733324,2
Rose,5733324,2
Scrappleton,5733324,9
Julio,5733324,20
Toumanoff,8262659,8
Snavely,8262659,7
Harry,8262659,24
Gorman,8262659,23
Cleef,8262659,24
Leota,8262659,5
Hinds,8262659,4
Willie,8262659,24
Pierce,8262659,22
Janek,26003987,24
Basia,26003987,9
Beko,6285350,24
Beragon,4995581,13
Mildred,4995581,6
Veda,4995581,17
Kay,4995581,15
Fay,4995581,6
Lottie,4995581,3
Ida,4995581,8
Pierce,4995581,22
Monte,4995581,24
Glen,20805584,10
Shifty,20805584,3
Chris,20805584,6
Estella,2257358,3
Havisham,2257358,23
Gargery,2257358,14
Magwitch,2257358,23
Pirrip,2257358,24
Pocket,2257358,15
Drummle,2257358,14
Herbert,2257358,15
Kishore,12113134,1
Nirmala,12113134,8
Morales,5239234,17
Kleiss,5239234,17
Simms,5239234,20
Anna,5239234,3
Sinclair,5239234,3
Vee,5239234,4
Crawford,5239234,20
Stockman,5239234,0
Horikoshi,5239234,17
McBride,6593182,20
Lauer,6593182,2
Holly,6593182,6
Marshall,6593182,17
Cantrell,6593182,6
Stanton,6593182,24
Sleestaks,6593182,6
Enik,6593182,24
Pakuni,6593182,19
Lucy,3257958,16
Santa,3257958,23
Frost,3257958,6
Scott,3257958,21
Newman,3257958,12
Claus,3257958,23
Carol,3257958,23
Bharathi,4716139,2
Tigger,22480532,21
Darby,22480532,6
Roo,22480532,16
Beaver,22480532,24
Linda,9294,3
Ash,9294,3
Cheryl,9294,3
Scotty,9294,2
Shelly,9294,22
Marteau,32803232,15
Clou,32803232,15
Palli,32803232,20
McGregor,3389457,21
Po,24840023,10
Wah,24840023,16
Jimmy,24840023,23
Ching,24840023,9
Weinrib,1330432,3
Ash,1330432,6
Lenny,1330432,21
Max,1330432,10
Cassandra,1330432,24
Amanda,1330432,14
Kevin,1330432,13
Jocasta,1330432,14
Bai,518117,2
Salim,518117,6
Akbar,518117,6
Bahaar,518117,1
Anarkali,518117,21
Daniels,19389615,18
Dickie,19389615,9
Kornman,19389615,3
Jakob,14359457,10
Steven,6270685,23
Rolfe,6270685,15
Carol,6270685,21
Lois,11250635,23
Clark,11250635,3
Superman,11250635,3
Vanessa,6752415,23
Johnny,6752415,13
Paolo,6752415,0
Anna,6752415,23
Jesus,6752415,20
Dante,6752415,15
Tommy,6752415,17
Nena,6752415,2
Keith,6369452,3
Molly,6369452,3
Donna,6369452,9
Mora,6369452,24
Khan,2862137,15
Neelu,2862137,19
Lavanya,2862137,21
Murthy,2862137,14
Malhotra,2862137,0
Beckett,5283066,3
Ray,5283066,3
McKenna,5283066,3
Matthews,5283066,2
Carl,5283066,23
Susan,5283066,17
Sean,5283066,10
Gatley,5283066,17
Wayne,5283066,19
Duke,5283066,16
Kondo,13259610,20
McKeating,4199982,10
Patrick,4199982,11
York,4199982,15
Jackie,4199982,23
Harry,14570672,22
Gulliver,14570672,9
Nancy,14570672,6
Barrie,14570672,15
Hana,25098041,3
Heydrich,25098041,17
Emil,25098041,3
Jason,1424603,12
Spears,19703899,9
Madonna,19703899,24
Geddes,12786966,2
Peggy,12786966,3
Scott,12786966,3
Tod,12786966,5
Dean,3523090,21
Yvonne,3523090,8
Serge,3523090,6
Douglas,20887118,22
Cylon,20887118,8
Galactica,20887118,16
Godfrey,20887118,22
Adama,20887118,17
Conoy,20887118,6
Thrace,20887118,16
Giana,20887118,10
Penikett,20887118,9
Tyrol,20887118,18
Caprica,20887118,10
Agathon,20887118,9
Baltar,20887118,2
Helo,20887118,4
Cavil,20887118,3
Jemmy,20887118,10
Boomer,20887118,14
Barolay,20887118,12
Tigh,20887118,4
John,20887118,10
Picon,20887118,9
Starbuck,20887118,17
Valerii,20887118,15
Vol,3723154,0
Clayton,3723154,0
Wermeer,3723154,24
Tarantino,3723154,1
Bacalov,3723154,1
Steel,2274938,11
Scott,2274938,15
Sandy,2274938,19
Mark,2274938,17
Ginny,2274938,3
Field,2274938,3
Jeff,2274938,20
Hardy,2274938,1
Jason,2274938,17
Holt,2274938,17
Vicki,2274938,11
Terry,2274938,10
Voorhees,2274938,17
Winslow,2274938,18
Alice,2274938,16
Blair,3147170,22
Dallas,3147170,22
Fellowes,3147170,0
Allgood,3147170,15
Shivan,7529479,23
Alighieri,8665259,23
Goldsmith,31844153,13
McCoy,31844153,10
DiMarco,31844153,14
Rogers,31844153,3
Bernie,31844153,21
Jeeva,9734319,23
Divya,9734319,6
Haridas,9734319,20
Meenakshi,9734319,21
Nandu,9734319,12
Roopa,10016740,3
Rai,10016740,4
Khan,10016740,12
Kishan,10016740,21
Shankar,10016740,8
Gopal,10016740,20
Barrington,22829,9
Wood,22829,9
Shirley,22829,17
Criswell,22829,5
Nurmi,22829,10
Eaton,22829,9
Bob,22829,17
Silver,22829,2
MacKay,9141521,2
Blair,9141521,23
Stevenson,9141521,18
Cotter,9141521,17
Hunt,9141521,4
Kane,12333653,6
Linda,12333653,17
Stevens,12333653,4
Chan,12333653,8
Montoya,12333653,20
Pierce,12333653,7
Nico,34506820,6
Carlos,34506820,12
Tirupati,11627124,16
Tirupathi,11627124,16
Sedley,1307956,12
II,1307956,12
Gwynn,1307956,15
Villiers,1307956,0
Maria,1307956,18
Hughes,1307956,9
Betterton,1307956,18
Kynaston,1307956,7
Desdemona,1307956,6
Roberta,6009073,17
Ben,6009073,24
Frank,6009073,2
Oliver,3177319,21
Ollie,3177319,3
Paddington,3177319,8
Meredith,3177319,6
Vandeveer,3177319,17
Johnson,3177319,24
Stan,3177319,3
Katie,22457596,6
Cody,22457596,15
Levinstein,22457596,7
Nathan,22457596,24
Imogen,22457596,5
Stifler,22457596,16
Ashley,22457596,3
Monique,22457596,19
Dana,22457596,20
Heidi,22457596,6
Levenstein,22457596,4
Rob,22457596,3
Prakash,27972540,14
Vinod,27972540,18
Gurushetram,27972540,14
Christine,2906378,4
Tatiana,2906378,20
Karpov,2906378,5
Charron,2906378,1
Sinclar,2906378,11
Mick,1871096,3
Paco,1871096,17
Ramon,1871096,21
Herrera,1871096,8
Moreno,1871096,16
Jerome,1871096,10
Horowitz,1871096,18
O'Brien,1871096,9
Daniel,16898363,6
Laura,16898363,21
Kannukuttan,35295429,17
Mallika,35295429,21
Samson,35295429,1
Sahar,33743642,6
Luke,33743642,3
Tom,33743642,6
Rick,33743642,20
Mateen,33743642,22
Laura,17938594,24
Sandro,17938594,7
Tiffany,17938594,23
Thomas,797330,23
Pam,797330,23
Hosehead,797330,4
Rosie,797330,18
Bob,797330,3
Smith,797330,22
Elsinore,797330,1
Claude,797330,16
Green,797330,9
Argomon,26816029,10
Milland,34171890,18
Meeker,34171890,18
Nalder,34171890,4
Varrick,34171890,10
Hamilton,34171890,4
Bloch,34171890,9
Steenwijk,8094606,14
Bobby,3098782,21
Waymon,3098782,3
Natalie,3098782,19
Igor,8418734,20
Michael,8418734,2
Gangreen,8418734,14
Marie,8418734,10
Megessey,7171361,14
Dave,7171361,10
Martha,7171361,18
Lopecito,8956466,18
Oliver,7977406,3
Stan,7977406,3
Vijaya,16179846,22
Sivaji,16179846,3
Prabhu,16179846,2
Anarkali,16179846,3
Bhuvani,16179846,21
Nalini,16179846,6
Nurten,17063416,19
Latouche,15052685,17
Descartes,15052685,4
Corday,15052685,23
Charlie,15052685,14
Chan,15052685,4
Xavier,15052685,5
Hayden,17991914,10
Claire,17991914,18
Alix,17991914,12
Yang,32136365,8
Viswanathan,21716330,3
Viswanatahan,21716330,4
Manu,21716330,6
Francis,21716330,12
Sreenivasan,21716330,24
Sreekumar,21716330,16
Sylvester,3192223,3
Granny,3192223,3
Martin,6838347,22
Logan,6838347,24
Hitler,33431914,17
Carlos,61494,24
Julie,61494,4
Marie,61494,1
Warrington,61494,3
Marietta,61494,6
Bator,3875037,6
Paolo,203413,2
Sanders,203413,11
Sergei,203413,6
Kelly,203413,9
Kate,203413,3
Lizzie,203413,3
Chan,203413,9
McGuire,203413,8
Ungermeyer,203413,6
Isabella,203413,6
Gordo,203413,6
Ethan,5981203,10
Nana,5981203,3
Cunningham,30097713,11
Jake,30097713,21
Brandi,30097713,5
O'Neill,30097713,15
Penelope,8204853,2
McBroom,8204853,9
Smalls,8204853,7
Hymes,8204853,14
Emily,8204853,13
Reverend,8204853,2
Charlie,8204853,3
Gus,8204853,3
Josie,8204853,3
Max,8204853,18
Miramax,4179195,16
Germain,4179195,15
Morris,4179195,20
Weinstein,4179195,3
Baxter,4179195,15
Troy,4179195,5
Laizi,204774,8
Zhang,204774,3
Kun,204774,1
Xiaolou,204774,14
Shitou,204774,21
Dieyi,204774,23
Li,204774,21
Yu,204774,1
Douzi,204774,2
Guan,204774,3
Juxian,204774,3
Shiqing,204774,10
Barton,17049621,13
Beeter,17049621,7
Chou,17049621,14
Keane,17049621,0
Andromeda,17049621,17
Stone,17049621,13
Nash,17049621,18
Scott,17049621,0
Mancheck,17049621,0
Ferrus,17049621,11
Carlos,8423977,24
Satyabol,8423977,2
Titli,8423977,12
Badshah,8423977,6
Don,8423977,11
Kishan,8423977,1
Rana,8423977,24
Julie,8423977,14
Banaraswale,8423977,1
Shivani,8423977,24
Fernandes,8423977,22
Shashtri,8423977,19
Kumar,6014959,16
Asha,6014959,1
Ramnath,6014959,21
D'sa,6014959,11
Belabbes,35002799,16
Valjean,26283768,12
Matthew,26283768,4
Benny,26283768,4
Johannes,4268056,9
David,4268056,6
Harry,15842654,21
Ethel,15842654,23
Morgan,15842654,23
Howells,15842654,12
McCarthy,15842654,18
Jackson,5719024,24
Lomax,5719024,17
Pierce,5719024,24
Jane,25480074,21
Molly,25480074,21
Liz,25480074,21
Alexander,25480074,7
O'Reilly,25480074,19
Ruth,25480074,6
Bernie,25480074,6
Scott,25480074,6
Bernard,25480074,14
Johnny,9916970,5
Farraday,9916970,11
Jordan,265033,23
Ewing,265033,16
Michael,265033,10
Lola,265033,23
Martian,265033,22
Pig,265033,18
Swackhammer,265033,20
Murray,265033,0
Butch,11102452,3
Tom,11102452,6
Jerry,11102452,17
Thomas,14711494,21
Jake,14711494,23
Lee,14711494,23
Dizzy,14711494,14
Marcus,2155517,21
Maggie,2155517,10
Randall,2155517,10
Philip,2155517,21
Vasanthapuri,34638152,23
Chitralekha,34638152,3
Diwan,34638152,3
Bharath,34638152,3
Anand,34638152,6
Tobias,8764467,24
Peyser,8764467,14
Mark,8764467,15
Olga,8764467,10
Vinod,28756896,8
Devi,28756896,22
Nandan,28756896,23
Thara,28756896,17
Rohit,17643352,15
Pooja,17643352,3
Das,6004920,7
Panda,6004920,10
Chandra,6004920,2
Hansel,305909,3
Jeffries,305909,0
McDonald,305909,11
Katinka,305909,18
Hancock,305909,22
Zoolander,305909,23
Mugatu,305909,6
Prewett,305909,23
J.P.,305909,6
Jr.,305909,3
Bowie,305909,9
Matilda,305909,3
Larry,305909,8
Derek,305909,3
Julie,11236428,24
Malaiseau,11236428,22
Melisa,11236428,12
Marc,11236428,7
Rishabh,1324717,21
Kahaa,1324717,0
Helen,1324717,15
Dhani,1324717,3
Matthews,106352,24
Pascal,106352,20
Capulin,26004682,15
Aladdin,19389514,14
Spanky,19389514,4
Patty,24228496,17
Sandy,24228496,16
Krabs,24228496,7
Williams,24228496,19
Patrick,24228496,6
Ferrell,24228496,2
Quentin,24228496,9
Dawson,24228496,23
Gary,24228496,6
James,24228496,23
Genpachi,21447744,24
Koj,21447744,6
Otane,21447744,24
Jir,21447744,24
Schwarzenegger,24277283,14
Dorjee,24277283,22
Achmadi,24277283,14
Sun,24277283,19
Mayandi,11293276,6
Stewie,16673820,7
Waffle,16673820,17
Hoffman,16673820,9
Yadav,25335991,14
Amma,25335991,5
Dal,25335991,0
Kidwai,25335991,5
Kapoor,25335991,18
ManikPuri,25335991,5
Nandita,25335991,21
Natha,25335991,13
Deepak,25335991,16
Malik,25335991,7
Peepli,25335991,4
Pooja,5159732,14
Ali,5159732,1
Naved,5159732,2
Lena,917524,6
Madeleine,917524,19
Yevtushenko,917524,20
Nyman,917524,1
Sj,917524,1
Franco,917524,8
Marie,917524,8
Bill,917524,6
Palme,917524,18
Masanosuke,16150645,17
Akizuki,16150645,5
Keiichirou,16150645,17
Touma,16150645,6
Aizawa,16150645,16
Aikizuki,16150645,17
Kusaka,16150645,0
Chopra,33567266,13
Nikhil,33567266,6
Lalitha,33567266,6
Christopher,3182458,16
Sanders,3182458,0
Naish,3182458,4
Laughton,3182458,11
Rogers,3182458,7
Robeson,3182458,15
Boyer,3182458,18
Robinson,3182458,18
Luke,14901197,3
Dalton,14901197,23
Batwoman,474750,3
Dunquesne,474750,0
Batman,474750,24
Thorne,474750,9
Duquesne,474750,2
Sonia,474750,4
Ballantine,474750,11
Kathy,474750,24
Alcana,474750,21
Robin,474750,24
Tech,474750,9
Wayne,474750,12
Kirkbridge,32777283,22
Bayard,32777283,18
Julie,32777283,2
Kumar,3322205,9
Pooja,3322205,3
Jetley,3322205,5
Deepak,3322205,8
Raghu,3322205,3
Dharamchand,3322205,7
Sam,9537791,14
Henry,23910715,17
Cynthia,23910715,10
Shirley,23910715,9
Stevens,23910715,12
Brodie,23910715,9
Ollie,23910715,15
Mike,23910715,5
Jimmy,23910715,6
Jean,23910715,6
Eddie,23910715,14
Madison,23910715,0
Pedigrew,23910715,6
Adrian,45772,21
Goldmill,45772,14
Paulie,45772,20
Jergens,45772,0
Gazzo,45772,1
Bentik,7537280,14
O'Malley,7537280,11
Tozer,7537280,9
Jackson,600008,23
Jones,600008,11
Dupuy,600008,4
Shelby,600008,4
Eatenton,600008,17
Jr.,600008,4
Annelle,600008,13
Boudreaux,600008,9
Vuibert,15428140,4
Blondie,7671792,24
Hitler,7671792,1
Sally,7671792,15
Pen,7671792,7
Linus,7671792,10
Schroeder,7671792,7
Reardon,7671792,19
Schwarzenegger,7671792,14
Bumstead,7671792,16
Balboa,7671792,2
Brown,7671792,17
Mouse,7671792,14
Lucy,7671792,3
Schultz,7671792,9
Javier,5983605,6
Julia,5983605,19
Gallio,7548602,7
Cornelia,7548602,23
Peter,7548602,6
Justus,7548602,21
Diana,7548602,6
Marcellus,7548602,6
Lucia,7548602,3
Jesus,7548602,17
Julia,7548602,12
Pilate,7548602,21
Dodinius,7548602,14
Jonathan,7548602,5
Tiberius,7548602,6
Demetrius,7548602,6
Miriam,7548602,21
Marcipor,7548602,3
Caligula,7548602,6
Abidor,7548602,15
Marius,7548602,2
Viswanathan,33614310,7
Vaidyanathan,33614310,18
Jajani,33614310,3
Ragasadassil,33614310,11
Janani,33614310,19
Ryu,30439611,17
Cheon,30439611,22
Leo,14935392,3
Shavoo,14935392,3
Bodega,14935392,17
Eric,14935392,15
Jesus,14935392,3
Brody,14935392,3
Guch,14935392,3
Chita,14935392,3
Devi,26561332,22
Gandadu,26561332,21
Sivangi,26561332,24
Bhanu,26561332,6
Vasaka,26561332,14
Anji,26561332,17
Bahadur,26561332,17
Varma,26561332,16
Sanjeevaraidu,26561332,24
Lopitos,5672605,22
Lopez,5672605,11
Balamuralikrishna,35019319,14
Govindacharya,35019319,0
Rao,35019319,7
Iyer,35019319,0
Manohar,35019319,14
Tikkavarapu,35019319,7
Kali,29549727,4
Verma,29549727,22
Rudra,29549727,22
Shankar,29549727,12
Mazdittia,29549727,4
Abhay,25958067,3
Aaliya,25958067,14
Gulati,25958067,3
Khan,25958067,15
Ayesha,25958067,4
Sara,25958067,10
Downey,3709021,2
Whitey,3709021,16
Siddons,3709021,3
Godon,4734122,2
bastien,4734122,17
Sebastien,4734122,17
Radetzky,17193728,3
Peters,17193728,19
Carole,17193728,23
Khalil,11493672,0
Lucia,30714098,2
Will,30714098,3
Gorman,30714098,17
Martin,30714098,3
Tom,30714098,24
Zahir,30714098,6
Diego,30714098,17
Jean,30714098,17
Shaw,30714098,2
Miyamoto,6215073,18
Athena,6215073,6
Uranus,6215073,6
Appleseed,6215073,22
Carl,6215073,18
Kudoh,6215073,17
Gaia,6215073,6
Knute,6215073,0
Hitomi,6215073,2
Deunan,6215073,6
Areios,6215073,5
III,6215073,18
Hecatonchires,6215073,13
Nightingale,21099183,20
Nick,21099183,10
Potter,21099183,11
Stewart,21099183,15
Cassie,21099183,21
Nino,484102,3
Renato,484102,21
Malena,484102,21
Scordia,484102,2
Lindstrom,4415958,21
Emily,4415958,13
Jenny,4415958,12
Philip,4415958,3
David,4415958,3
Shrivastav,9307052,13
Avni,9307052,3
Radha,9307052,14
Shashidhar,9307052,14
Siddharth,9307052,13
Manjulika,9307052,23
Pradhan,9307052,7
Siddtharth,9307052,7
Shankar,9307052,20
Bharti,9307052,1
Narayan,9307052,13
Joshi,9307052,11
Aditya,9307052,3
Edwards,101523,24
Lee,101523,9
Sissy,101523,2
Beek,101523,9
Bob,101523,3
Hamill,101523,10
Missy,101523,19
Suzanne,101523,8
Biggs,101523,9
McNeil,101523,6
Willenholly,101523,3
Helena,25223887,3
Tomas,25223887,23
Jay,25223887,6
Carly,25223887,2
Eddie,25223887,3
Sticks,12152908,10
Marshall,12152908,9
Amelia,12152908,3
Matt,12152908,2
Fishman,12152908,3
Kim,12152908,3
Stan,12152908,16
Vesuvius,12152908,17
David,12152908,3
Curtis,12152908,6
Larson,1697309,4
Vanessa,1697309,3
Barbara,1697309,3
Tiffany,1697309,6
Snyder,1697309,22
Emily,1697309,16
Stacy,1697309,3
Nikki,1697309,16
Ezra,1697309,10
God,10014126,14
Samson,10014126,4
Fred,25489908,6
Anders,25489908,11
Pamela,25489908,6
Amidon,25489908,15
Rachel,25489908,21
Santos,35316287,7
Marty,35316287,17
Niko,35316287,11
Voss,35316287,16
Bubba,14840073,10
Felix,14840073,21
Jackie,6788669,6
Tropp,6788669,22
Ballinger,6788669,2
Meredith,6788669,21
Habershaw,6788669,7
Mary,6788669,3
Scully,6788669,15
Drummond,6788669,3
Bunny,23805662,23
Flagg,12494128,24
Quirt,12494128,17
Charmaine,12494128,17
Martin,9214302,2
Dante,9214302,12
Alicia,9214302,12
Hache,9214302,16
Dyke,35131808,14
Edgar,17758086,17
Popadopolous,17758086,9
Gray,17758086,20
Simone,17758086,19
Rick,17758086,23
Christy,17758086,21
Angela,17758086,13
Zelda,17758086,18
Frank,17758086,6
Tommy,17758086,6
Vicky,17758086,6
Kishen,1862086,5
Gadariya,1862086,19
Lachchi,1862086,6
Shah,1862086,2
Sunderlal,1862086,18
Gajrobai,1862086,21
Ma,1862086,13
Chang,42861,10
Cooper,42861,4
Schoedsack,42861,4
Arthur,6902699,6
Joan,6902699,20
Eileen,6902699,6
Tom,6902699,13
Parker,6902699,1
Octavius,5965800,7
Caligula,5965800,18
Demetrius,5965800,15
Anton,3410910,14
Healy,3410910,21
Dawn,3410910,1
Jellyman,3410910,12
Bodine,8454631,11
Lamar,8454631,6
Kyle,8454631,3
Munro,8454631,9
Rachel,8454631,6
Dickey,8454631,24
Rupert,8454631,3
Ferguson,35030681,10
Rayburn,35030681,12
Lawrence,6551508,11
Patricia,6551508,19
Markoff,6551508,13
Madhavi,4707517,16
Kumar,4707517,21
Pearl,4707517,21
Sharma,4707517,7
Gayatri,4707517,16
Sequiera,4707517,6
Sachdeva,4707517,14
Suri,4707517,9
Lamori,21674541,20
rance,21674541,3
Lapointe,21674541,22
Mario,2870583,24
Wuschel,2870583,19
Micha,2870583,21
Kumar,22541211,8
Deva,22541211,6
Mythili,22541211,3
Bobby,22541211,12
Simbu,22541211,22
Madhan,22541211,3
Seenu,22541211,17
Prabhu,22541211,16
Manmadhan,22541211,3
Vaishnavi,22541211,14
Hubbell,23268277,21
Jessica,19896950,11
Nick,19896950,6
Sally,19896950,11
Blackwell,19896950,3
Ryan,19896950,10
Mike,19896950,7
Jason,19896950,23
Lauren,19896950,19
Jonathan,19896950,17
Matt,19896950,2
Sean,19896950,17
Samantha,19896950,10
Vicki,19896950,12
Harris,19896950,17
Reedman,19896950,17
Mann,19896950,22
Speck,26340503,7
Faber,4372744,21
Piper,4372744,24
Hencke,4372744,15
Sabeth,4372744,23
Hannah,4372744,3
Joachim,4372744,10
Judas,1261355,21
Mark,1261355,14
Peter,1261355,21
black,1261355,17
Jesus,1261355,13
Magdalene,1261355,13
Lazarus,1261355,1
Mary,1261355,13
Magdelene,1261355,13
King,1261355,3
Rambhadraiah,7192710,20
Rao,7192710,7
Siva,7192710,9
Annapoornamma,7192710,16
Rayudu,7192710,7
Corlie,24355979,3
Hunter,24355979,3
Straker,24355979,17
Rusty,24355979,3
Majors,1376896,11
Anthony,1376896,18
Ted,1376896,15
Richards,1376896,9
Muntz,1376896,16
Anna,1376896,1
Luke,1376896,1
Jenny,1376896,1
Inga,1376896,1
Joan,11419319,3
George,11419319,6
Spike,11419319,3
Butch,11419319,3
Topsy,11419319,3
Madhavghar,21682038,7
Yashodhara,21682038,12
Fraser,21682038,8
Prince,21682038,14
Gyanendra,21682038,18
Singh,21682038,17
Prithvi,21682038,20
James,21682038,15
Madhavi,33383946,23
Dharman,33383946,18
Vettupuli,33383946,20
Seenu,33383946,6
Alagesan,33383946,0
Raghu,33383946,17
Manickam,33383946,5
Schwiefka,161450,5
Molly,161450,7
Strauss,161450,9
Zosh,161450,3
Frankie,161450,6
Machine,161450,0
Louis,161450,16
McIntosh,31832848,16
Wilbur,31832848,3
Jessie,31832848,6
Harvey,31832848,8
Harold,4370892,20
Ben,4370892,17
Cobb,4370892,23
Bond,22834804,21
Blue,22834804,7
Hakim,22834804,8
Longley,19282000,0
Gilmore,19282000,15
Catesby,19282000,10
Wright,1595987,16
Bradley,1595987,23
Weinberger,1595987,9
Partridge,1595987,16
Smith,1595987,16
Dalton,1595987,17
Burton,1595987,6
Sayers,1595987,23
Diwan,23899512,8
Kumar,23899512,9
Bihari,23899512,21
Kishan,23899512,14
Singh,23899512,7
Mary,23899512,14
Ratna,23899512,8
Ramsey,3036635,5
Lila,3036635,10
Rene,3036635,19
Ganesh,24898518,14
Anjali,24898518,3
Devanayaki,24898518,5
Stradivari,34431042,8
Paul,5549799,19
Ivanovich,5549799,21
Theresa,5549799,9
Ho,5549799,3
Ham,5549799,12
Seuss,5549799,13
Bob,5549799,6
Jackson,228355,17
Williams,228355,10
Frank,228355,24
Kennedy,228355,0
Spencer,228355,7
Barkley,228355,13
Khomeini,228355,24
Jane,228355,4
Pahpshmir,228355,23
Nordberg,228355,3
Hocken,228355,9
Ludwig,228355,4
Pallazzo,228355,19
Mason,8773488,16
McCoy,8773488,10
Ben,8773488,15
Marinelli,8773488,19
Riley,8773488,7
Marti,8773488,19
Bondo,645071,23
Drusse,645071,6
Helmer,645071,7
Blegdamsvej,645071,10
Jiab,11192132,18
Spader,13005847,23
Rhodes,13005847,22
Justin,18520285,6
Georgina,18520285,6
Salt,18520285,18
Alexandra,18520285,17
Ben,18520285,6
Zach,18520285,3
Clem,18520285,3
Tim,1740764,6
Dingman,1740764,6
Corkey,1740764,1
Vanderpark,1740764,12
Natalie,1740764,7
Vapoorize,1740764,23
Debbie,1740764,23
Santi,35586499,6
Naajar,35586499,24
Najar,35586499,13
Veero,35586499,20
Nasibo,35586499,3
Singh,35586499,14
Seeta,35586499,14
Swarno,35586499,0
Atat,26350638,18
Ram,32496356,21
Dimagwala,32496356,14
Nagender,32496356,0
Raja,32496356,23
Pooja,32496356,2
Mangola,32496356,18
Ravi,32496356,22
Anthony,32496356,23
Brijmohan,32496356,8
Singh,32496356,12
Harris,3790121,16
Bush,3790121,10
Jin-Hee,33059077,23
Chiun-Hwa,33059077,6
Su-Ji,33059077,18
Cameron,1266819,14
Keldysh,1266819,8
Diaz,3615688,17
Adrian,3615688,11
Eva,3615688,14
Morgan,3615688,15
Tilyou,31677943,0
Edison,31677943,18
Reynolds,31677943,20
Park,31677943,13
McKane,31677943,11
Foghorn,33329567,3
Young-jae,3564596,14
Jae-in,3564596,20
No-young,3564596,17
Melissa,25576998,3
Hesler,25576998,18
Rochester,25576998,2
Cara,25576998,6
Drew,25576998,6
Cabot,25576998,2
Tubby,10552882,11
Heather,23945123,16
Lofton,23945123,3
Todd,23438736,13
Rhiannon,23438736,3
Bedingfield,23438736,19
Micah,23438736,21
Brandon,23438736,21
Marianne,23438736,6
Griffith,23438736,6
Amy,12576808,14
Leela,12576808,14
Leo,12576808,16
Wong,12576808,24
Inez,12576808,16
Waterfall,12576808,7
Frida,12576808,1
Farnsworth,12576808,3
Brannigan,12576808,22
Vegas,12576808,16
Zapp,12576808,4
Fry,12576808,3
Kroker,12576808,22
Bender,12576808,4
Eddy,1906889,2
jock,1906889,4
Alex,1906889,21
Djibril,35014366,21
Supreem,32426830,3
Nevern,28305369,3
Grierson,28305369,14
Hardwick,28305369,17
Margaret,28305369,13
Croy,24320501,10
Azais,24320501,16
Jean,24320501,1
Mueller,24320501,14
Ryan,24320501,9
Joanna,24320501,6
Rader,24320501,6
Benston,24320501,8
Hazel,24320501,21
Radier,24320501,1
Ernst,24320501,19
Valentine,20671625,8
Howard,20671625,8
Chrissy,7463316,3
Corey,7463316,3
Tim,7443928,8
Tom,7443928,17
Allison,7443928,3
Matt,7443928,21
Karen,7443928,1
Phil,7443928,8
Lisa,7443928,23
Jagadeesh,24446273,15
Suhasini,24446273,3
Vishnuvardhan,24446273,6
Mostyn,32907230,3
Bell,32907230,18
Sullivan,26358395,17
Sulley,26358395,21
Caine,9963622,23
Pallone,9963622,9
Manning,9963622,24
Smith,9963622,11
Azeck,9963622,10
Gordon,5894429,5
Ann,5894429,3
Ethel,5894429,14
Teddy,5894429,14
Jimmy,5894429,5
Smith,5894429,15
Jack,5894429,6
Marie,5894429,13
Chuck,5894429,14
Quinlan,5894429,6
Nina,19730179,24
Heigl,26906212,10
Poe,26906212,21
Tenney,26906212,11
London,26906212,19
Anne,26906212,24
Christman,26906212,9
Ethan,26906212,5
Angela,1343628,22
Elsa,1343628,2
Timoteo,1343628,16
Gigi,26015681,10
Wing-si,26015681,11
Shishedo,26015681,8
Mayilravanan,6639909,6
Deepika,6639909,14
Mahesh,6639909,7
Talena,30627321,15
Cabot,30627321,17
Winsy,32643768,1
Lai,32643768,16
Akhil,5846938,3
Valli,5846938,2
Sonu,5846938,13
Sasha,5846938,14
Johnny,3138227,8
Tom,3138227,17
Marcus,5697632,5
Ahmed,15205867,12
Robby,15205867,12
Chi-Guk,15508824,0
Dae-Sik,15508824,5
Jae-Mun,15508824,3
Gitlo,2210286,21
Veech,2210286,9
Mary,2210286,24
Lentz,2210286,4
Kiran,27160764,17
Victor,27160764,17
Cheriyan,27160764,13
Nair,27160764,17
Sebastian,27160764,24
Swaminathan,27160764,16
Ammu,27160764,3
Ravi,27160764,14
Bhatta,27160764,24
Mamman,27160764,17
Alice,27160764,2
Girlfriend,27160764,17
McNeil,8113966,11
Clark,8113966,8
Lute,8113966,2
Corrine,8113966,16
Shelby,8113966,6
Howell,8113966,8
Asakawa,617769,18
Takano,617769,3
ji,617769,15
Yamamura,617769,24
Takayama,617769,17
Reiko,617769,3
Yoshino,617769,3
Mitsuo,617769,16
Mai,617769,13
Jung-Nam,14445660,2
Nam,14445660,13
Jane,2259030,13
Holt,2259030,22
Cheeta,2259030,4
Parker,2259030,21
Hamilton,2259030,17
Narutaki,11937252,16
Janet,2769852,19
Streeter,2769852,24
Wyler,2769852,11
Dice,2769852,14
Monica,2769852,5
Burger,2769852,20
Boy,2769852,23
Spab,2769852,21
Pfister,2769852,18
Cliff,2769852,3
Campeau,4400405,4
Lincoln,4400405,0
Barrows,4400405,14
Allen,4400405,1
Monahan,4400405,13
Butler,4400405,19
Keong,8294126,6
Irene,8294126,13
Huat,8294126,6
Mei,8294126,13
Luan,8294126,6
Ollie,3177439,3
Stan,3177439,6
Hardy,3177439,4
Keogh,7906,17
Kent,7906,5
Dimsdale,7906,0
Destry,7906,24
Slade,7906,16
Taylor,11842746,20
Maggie,11842746,12
Slade,11842746,2
Douglas,8896753,3
Ames,8896753,18
Jenkins,8896753,7
Sullivan,8896753,13
Emily,8896753,3
Lillith,8896753,4
Barron,8896753,17
Edward,8896753,1
Diego,8896753,10
Margaret,8896753,1
Katie,27923824,6
Meus,27923824,0
Martine,27923824,6
Rey,27923824,12
Micah,27923824,17
Abby,27923824,4
Hunter,27923824,4
Ali,27923824,13
Dan,27923824,3
Kristi,27923824,3
Kirikou,11850569,23
Ocelot,11850569,14
Alaanh,5787450,23
Simms,5787450,16
Emery,5787450,6
Allanah,5787450,17
Brandon,5787450,11
Alannah,5787450,6
Allannah,5787450,24
Kata,1461417,2
Jusa,1461417,19
Pete,1461417,6
Thyssen,14143644,9
Ashley,14143644,12
Barton,14143644,4
Cyrus,9495654,19
Allan,9495654,21
Shernaz,9495654,19
Dilshad,9495654,13
Gandhi,9495654,5
Sengoden,31140821,12
Sengodan,31140821,19
Marudhan,31140821,16
Amudhan,31140821,3
Poongavanam,31140821,19
Ambuli,31140821,3
Poongavanm,31140821,9
Maruthan,31140821,3
Vendhan,31140821,16
Kirikalam,5760640,8
Anna,5760640,8
Velli,5760640,3
Murugadoss,5760640,16
Kannan,5760640,21
Shakti,5760640,3
Madhavan,5760640,19
Jyoti,5760640,4
Manivannan,5760640,6
Ghajini,5760640,8
Gagana,5937788,16
Suman,5937788,8
Karthik,5937788,14
Betty,32826498,14
Weston,32826498,13
Rogers,32826498,5
Mimi,30413149,19
Sylibus,2344137,15
D'anclaude,2344137,22
Asakura,2344137,13
Mardini,2344137,17
Syllibus,2344137,3
Naomi,2344137,24
Armitage,2344137,3
McCannon,2344137,9
Ross,2344137,24
O'Hara,2344137,5
Yoko,2344137,3
Moore,2344137,10
Lowell,2344137,7
Boovaragan,4971555,15
Fletcher,4971555,24
Ramaswamy,4971555,3
Nambi,4971555,7
II,4971555,0
Narahasi,4971555,17
Singh,4971555,23
Christian,4971555,0
Naidu,4971555,22
Sethu,4971555,13
Poovaragan,4971555,14
Govind,4971555,3
Narahsi,4971555,18
Krishnaveni,4971555,16
Duncan,17722134,7
Mitchell,26131380,0
Mckinney,34540617,7
Kersjes,34540617,9
Gray,12414587,13
Tyler,12414587,2
Jam,12414587,0
Ella,12414587,17
Dupree,12414587,9
Torres,12414587,23
Caitlyn,12414587,3
Brown,12414587,6
Peggy,12414587,17
Mitchie,12414587,3
Tess,12414587,21
Cassendi,25540872,11
Alberto,10031038,15
Mauricio,10031038,13
Albert,10031038,13
Doherty,16047605,18
Hammersohn,2116356,16
Briggs,2116356,11
Christopher,2116356,20
Dietrich,2116356,4
Gebhardt,2116356,20
Vadja,2116356,4
Roper,2116356,24
Mariposa,15060240,6
Queen,15060240,23
Henna,15060240,23
Marabella,15060240,2
Rayna,15060240,3
Zinzie,15060240,24
Willa,15060240,3
Rayla,15060240,3
Skeezites,15060240,3
Elina,15060240,6
Flutterfield,15060240,4
Rupert,4288473,12
Portia,4288473,2
Andrew,4288473,4
Martin,4288473,21
Galatea,4288473,8
Amanda,4288473,23
Charney,4288473,0
Burns,4288473,21
Miller,21600231,16
Cubish,21600231,20
Bogart,21600231,15
Henry,1141596,3
Otis,1141596,3
Becky,1141596,6
Blackwell,171545,3
Sonny,171545,23
Jessie,171545,3
Horace,171545,10
Shankar,14136794,3
Ching-Wan,23128400,11
Tuffy,3912910,6
Blake,3681139,6
Carter,3681139,21
Draper,3681139,19
Krimm,3681139,10
Banks,3681139,18
Neiderman,3681139,7
Wally,3681139,16
Elias,3681139,14
Hoop,2762659,3
David,2762659,6
Quarre,2762659,17
Duparc,2762659,18
Thomas,2762659,8
Friar,2762659,3
Erin,2762659,3
Tyrone,2762659,6
Triste,2762659,23
Brahms,2762659,4
Lilly,451791,3
Felice,451791,3
Wust,451791,20
Schragenheim,451791,4
Turner,26364509,24
Trent,26364509,11
Lamont,26364509,23
Milan,26364509,19
Gamba,26364509,18
Donna,26364509,24
Gray,21388424,2
Summers,21388424,0
Brewster,21388424,21
Peggy,21388424,3
Harrison,21388424,20
Smith,21388424,4
Drew,21388424,13
Danny,445895,6
Luthor,445895,23
Bronson,445895,17
Moon,445895,4
Fudd,445895,10
Bolt,445895,18
Anna,445895,16
Bruno,445895,23
Brown,445895,7
Siva,32038154,15
Archana,32038154,12
Urvashi,32038154,0
Shannon,456959,23
Demerest,456959,17
Scrimm,456959,2
Merritt,456959,9
Amberson,456959,13
Derleth,456959,7
Josh,456959,5
Aickman,456959,9
Beaumont,456959,13
Zoroaster,456959,2
Alex,456959,3
Grant,4140604,5
Makeba,4140604,19
Hope,15127637,15
Barbara,15127637,14
Susan,15127637,3
Parker,15127637,1
Stewart,15127637,16
Randall,15127637,12
Bacterio,28148325,4
Botijola,28148325,4
Xiaolian,33334420,12
Basayya,24583533,22
Jayadeva,24583533,4
Jahan,24583533,2
Ali,24583533,10
Nayaka,24583533,21
Noor,24583533,2
Tillie,8302915,21
Keith,8302915,1
Shawn,8302915,6
Laura,8302915,21
Peter,8302915,21
Maddy,8302915,3
Karen,8302915,21
Chris,8302915,3
Yi,129246,16
Puyi,129246,4
Tom,9119884,23
Landru,859241,4
Jerry,22225850,6
Izzy,22225850,10
Allison,22225850,2
Olivia,22225850,4
Harden,22225850,12
Jones,29460177,12
Rosenblum,29460177,13
Ted,29460177,24
Poe,29460177,8
Martin,29460177,15
Dean,29460177,4
Oliver,29460177,6
Stanley,29460177,6
Wheeler,29460177,1
Zwick,29460177,20
Roy,29460177,22
Lilly,29460177,5
Gopalakrishnan,35281447,6
Gounder,35281447,6
Radha,35281447,14
Kanaka,35281447,1
Diana,1226363,22
Ludovic,1226363,23
Belle,1226363,3
Bopha,12248294,10
Mihn,12248294,10
Eric,26226313,3
Ashley,26226313,3
Frank,26226313,3
Charlie,26226313,3
Gary,26226313,3
Joanne,26226313,13
Phil,26226313,17
Damon,26226313,13
Bill,26226313,17
Nora,26226313,6
Shapiro,23790789,19
Hong,23790789,5
Zakir,26695384,24
Zakkir,26695384,23
Balaraman,26695384,17
Vakachan,26695384,22
Naik,26695384,17
Varma,26695384,2
Zakeer,26695384,17
Hussein,26695384,17
Thirumulpad,26695384,17
Madachery,26695384,0
Kurien,26695384,13
Mustafa,26695384,18
Mather,26695384,18
Vakkachan,26695384,2
don,26695384,6
Nambiar,26695384,18
Johnny,2295200,18
Behind-the-Deuces,2295200,15
Dawson,2295200,2
Jr.,2295200,5
Flower,1475914,14
Ed,1475914,21
Garnet,1475914,15
Andrews,9693961,9
Helsing,9693961,24
Waldemar,9693961,6
Yolanda,9693961,6
Mary,9693961,21
Billy,9693961,3
John,9693961,21
Tansy,29029252,21
Joad,29029252,13
Firle,29029252,4
Wilverley,29029252,6
George,29029252,14
Clem,29029252,13
Clancy,32874019,12
Meredith,32874019,4
Sonny,32874019,18
Hammond,32874019,2
Tomas,11076103,3
Alberto,11076103,23
Akagi,5416532,3
Hood,19773644,9
Waldo,19773644,0
Spanky,19773644,6
DeVaucelles,1364238,16
Louis,1364238,23
Villon,1364238,17
Milo,4705518,6
Dischord,4705518,20
Joan,12757619,12
Bishop,12757619,4
Burrows,12757619,3
Brissac,19208905,15
Moto,19208905,7
London,7109992,11
Douglas,512161,20
Applegate,512161,12
Diane,512161,13
Fox,512161,18
Jones,512161,14
von,512161,22
Gilbert,512161,16
Max,512161,24
Wheely,512161,16
Herbie,512161,20
Darcy,512161,19
Stickle,512161,15
Jim,512161,3
Bouchet,512161,16
Anne,11397477,4
Ramstead,11397477,2
Shivkami,28887962,23
Shankaran,28887962,3
Siva,28887962,15
Muniyandi,28887962,3
Jack,3567408,7
Sylvester,3567408,3
Woody,18624278,23
Woodpecker,18624278,12
Varghese,30559901,20
Rudra,30559901,3
Ammal,30559901,21
Nancy,30559901,7
Ponnappan,30559901,15
Alfredo,13891325,24
Pablo,13891325,17
Nami,26968111,11
Hoon,26968111,3
Cho,26968111,6
Weisser,25754553,11
Tetsuo,25754553,2
Chika,25754553,17
Thomacha,29051421,14
Hamsa,29051421,15
Mani,29051421,4
Richard,1138873,14
Hewitt,1138873,8
Lotta,1138873,19
Barney,1138873,21
Louise,1138873,8
Morgan,1138873,22
Arnold,1138873,18
Hewett,1138873,2
Barnaby,21032415,20
Mitchell,21032415,18
Sellers,21032415,7
Decker,21032415,17
Destry,21032415,17
Selby,14242470,8
Firkinshaw,14242470,23
Charlie,14242470,16
Sophie,14242470,14
Mimiko,6942838,7
Kyoko,6942838,3
Yuting,6942838,22
Naoto,6942838,3
Takako,6942838,3
Madoka,6942838,3
Mei-Feung,6942838,6
Li,6942838,10
Michael,16958405,14
Anderson,16958405,6
Natalie,16958405,15
Juan,633832,6
Yi,633832,14
Valerie,633832,6
Okwe,633832,21
Juliette,633832,14
Chiranjeevi,8249465,18
Dasari,8249465,6
Prasad,8249465,23
Mohini,8249465,8
Chiru,8249465,13
Mallory,2493307,24
Maibaum,2493307,11
Munroe,2493307,24
Terry,2493307,23
Hochman,2493307,4
Josh,2493307,10
Bram,2493307,6
Walker,2493307,9
Kastner,2493307,8
Cloud,3384239,13
Holly,3384239,19
Wesley,3384239,4
McClaren,3384239,3
Floyd,3384239,17
Chisolm,3384239,18
Loulou,4358039,4
Victor,4358039,12
Anne,4358039,21
Pierre,4358039,6
Laurence,4358039,11
Ernie,1814089,6
Stallwood,1814089,10
Liz,1814089,4
Frank,1814089,3
Jake,1814089,3
Wilson,1814089,13
Bartlet,1814089,16
Link,1814089,17
Marta,27753599,3
Isa,27753599,3
Jaime,27753599,6
Briggs,6847340,24
Poe,6847340,9
Leni,6847340,15
Sham,16345566,6
Zack,16345566,6
Musa,16345566,24
Joe,16345566,17
Fasha,16345566,3
Hutchinson,21869908,5
Sawicki,23925754,21
Daniella,3589259,18
Devereaux,5579906,3
Collins,5579906,18
Carter,5579906,9
Johnny,5579906,18
Howard,5579906,17
Emmett,5579906,8
Stewart,5579906,6
Caroline,5579906,3
Merriam,5579906,5
Aiswarya,25065018,17
Rao,25065018,15
Mallikarjun,25065018,6
Prakash,25065018,17
Jung,29393556,20
Mithun,29393556,18
Devgan,29393556,5
Willits,491757,12
Steve,491757,0
Grimm,491757,3
Stahl,491757,10
Mac,491757,24
Sarge,491757,17
Pinky,491757,16
Carmack,491757,4
John,491757,23
Portman,491757,17
Wagter,350584,0
Lemorne,350584,13
Lieneke,350584,21
Hofman,350584,3
Raymond,350584,6
Giel,1592736,10
Dynamite,1592736,20
Pedro,1592736,0
Seth,1592736,8
Heder,1592736,7
Stuart,25888701,22
Rue,4543480,10
Imanishi,4543480,3
Strawberry,1238102,9
Flora,133688,1
McGrath,133688,13
George,133688,20
Stewart,133688,3
Alistair,133688,21
Baines,133688,3
Ada,133688,3
Lena,33757322,19
Shanker,33757322,18
Gary,33757322,2
Baab,33757322,9
Sophia,9522001,12
Victor,9522001,24
Benny,9522001,18
Masterson,9522001,13
Alby,9522001,14
Alice,9522001,14
Joon,9522001,18
Woody,335298,6
Mr.,335298,16
McWhiggin,335298,24
Emily,335298,10
Hamm,335298,16
Head,335298,0
Prospector,335298,24
Zurg,335298,10
Jessie,335298,13
Andy,335298,21
Genevieve,74868,17
Jackson,74868,22
Marlow,74868,11
Popper,74868,2
Sam,74868,16
Lois,74868,6
Sonny,74868,6
Farrow,74868,3
Sheen,74868,14
Crawford,74868,3
Ruth,74868,2
Duggs,74868,7
Billy,74868,12
Sheetal,13951439,8
Tony,13951439,20
Parminder,13951439,3
Mehra,13951439,12
Ayesha,13951439,14
Renu,13951439,6
Singh,13951439,21
Rohan,13951439,14
Eliza,4836072,3
American,4836072,12
Pickering,4836072,20
Eynsford-Hill,4836072,2
Doolittle,4836072,0
Karpathy,4836072,23
Higgins,4836072,14
Silva,12250339,19
Browne,12250339,13
Bubba,12250339,15
Butler,12250339,14
Shane,12250339,1
Devon,12250339,19
King,12250339,1
Leslie,12250339,16
Sino,4575990,19
Meyjes,4575990,24
Brody,4575990,11
Manolete,4575990,24
Nikolai,864614,24
Katerina,864614,3
Rudolf,864614,6
Sergei,864614,22
Antonina,864614,14
Alexandra,864614,6
Lyudmila,864614,14
Volodya,864614,10
Gosha,864614,3
Arthur,3493076,17
Lancelot,3493076,21
Morgeuse,3493076,10
Tom,3493076,6
Lionel,3493076,6
Merlin,3493076,6
Harbison,19833487,1
Gordito,19833487,15
Tony,77223,6
Halliday,77223,6
Swann,77223,3
Margot,77223,3
Hubbard,77223,3
Wendice,77223,24
Peter,20580166,21
Kay,20580166,14
Churchill,20580166,4
Denny,20580166,24
MacDonald,20580166,18
Barbier,20580166,0
Steve,20580166,16
Stackhouse,20580166,8
Holt,20580166,23
Britt,20580166,24
Sutton,20580166,11
Saunders,20580166,20
win,20580166,13
Joe,26499171,6
Elliot,26499171,4
Nia,26499171,19
Robbie,26499171,21
Irwin,4022937,0
Harlan,4022937,8
O'Brian,4022937,15
Maude,12279512,6
Christopher,12279512,13
Mark,12279512,14
Alexander,12279512,13
Susan,12279512,6
Snodgrass,12279512,0
Landis,12279512,1
Hanlon,12279512,17
Butterworth,12279512,6
Janie,23805085,23
Carrey,23805085,17
Maggie,23805085,17
Chandler,23805085,5
Clifton,23805085,3
Netherwood,23805085,2
Leann,23805085,6
Dana,23805085,3
Marie,23805085,4
John,23805085,3
Kaiser,4592959,7
Paul,4592959,6
Tjaden,4592959,13
Kantorek,4592959,1
Behm,4592959,17
Kemmerich,4592959,23
Kropp,4592959,5
Kat,4592959,4
Mueller,4592959,3
Katczinsky,4592959,0
Dawn,3008149,13
Shelby,3008149,2
Amadeo,34516980,14
Shaka,18459346,17
Devi,18459346,16
Shabnam,18459346,17
Saab,18459346,3
Shyam,18459346,6
Dara,18459346,3
Radhika,18459346,6
Mandap,18459346,1
Sanjay,24128069,2
Nina,24480838,3
Beth,24480838,17
Thomas,24480838,16
Erica,24480838,17
Leroy,24480838,6
Macintyre,24480838,0
Lily,24480838,6
Sayers,24480838,19
Novak,28871413,3
Melissa,28871413,15
Vijaya,28882106,4
Natkin,15340311,10
Mirga,15340311,13
Kruger,15340311,2
Roman,15340311,2
Romani,15340311,19
Nazis,15340311,5
Monroe,9652303,11
Martin,9652303,1
Lynn,9652303,16
Corkle,77598,2
Jordan,77598,3
Montgomery,77598,5
Pendleton,77598,11
Murdoch,77598,4
Joe,77598,3
Abbott,77598,1
Farnsworth,77598,6
Logan,77598,13
Helmut,4345210,3
Britta,4345210,21
Hubbard,35546738,19
Knapp,35546738,3
Ellen,35546738,22
Constance,7518798,9
Josephine,7518798,5
Aurelia,7518798,16
Gabrielle,7518798,6
Gill,20773812,6
Kulwant,20773812,2
Roop,20773812,14
Brar,20773812,7
Reet,20773812,2
Jaile,20773812,15
Ranbir,20773812,9
Singh,20773812,21
Khoji,20773812,5
Kaur,20773812,10
Katie,4499062,3
Cooper,4499062,24
Martin,4499062,6
Craig,4499062,23
George,4499062,3
West,4499062,23
Edna,4499062,3
Mendelsson,730575,4
Barnett,730575,10
Max,730575,18
Donald,11488122,0
Mandela,11488122,2
Shorty,11488122,17
Jack,11488122,2
Stanley,11488122,20
Theron,11488122,9
Daragon,11488122,6
Naryan,4883547,15
Chauhan,4883547,10
Tarun,4883547,6
Ali,4883547,6
Alpha,4883547,17
Danny,3820085,2
Megan,3820085,4
Molly,3820085,2
Hydia,3820085,16
Spike,3820085,1
Rosedust,3820085,14
Smooze,3820085,22
Barnes,31705653,24
Miller,31705653,4
Satyanarayana,10628777,7
Pedarayudu,10628777,3
Bhanupriya,10628777,21
Mohanbabu,10628777,21
Ravindra,10628777,14
Soundarya,10628777,2
Anantharaj,10628777,17
Jayanthi,10628777,6
Chiang,27445334,4
Steve,26549866,19
Ashton-Ashley,26549866,21
George,26549866,3
Frank,26549866,20
Jeff,26549866,6
Olga,26549866,3
Myra,26549866,6
Morgan,11048780,10
Cates,11048780,10
Callie,11048780,16
Rick,7153927,3
Lauren,7153927,6
Myers,7153927,20
Piper,7153927,13
Decapitron,7153927,4
Susie,7153927,17
Jennings,7153927,6
Gaudet,17146332,4
Lucien,17146332,1
Collette,17146332,7
Tibbett,583932,9
Ivanova,583932,11
Lee,583932,11
Gogol,583932,20
Mortner,583932,18
Zorin,583932,4
Aubergine,583932,22
Bond,583932,17
Sutton,583932,4
Shizuka,36322034,8
Kenyon,3952475,2
Shirlee,3952475,3
Alan,3952475,16
Jack,3952475,3
Graziani,3136201,17
Muslims,3136201,21
Mukhtar,3136201,21
Mussolini,3136201,10
Beeresh,25740208,16
Praveen,25740208,11
McGee,3694594,14
Delia,3694594,20
Dan,3694594,23
Panting,3694594,9
Francis,3694594,16
Dimple,3694594,14
Handy,3694594,6
Duveen,3694594,9
Vincent,3694594,20
Delling,3694594,7
Sydney,4712667,1
Paige,4712667,21
Miller,506119,10
Glenn,506119,9
Bob,506119,5
Mackey,23195993,3
Horgan,23195993,19
Getso,23195993,17
Martha,23195993,6
Frances,23195993,12
Blake,2711162,15
Halvorsen,2711162,12
Nick,2711162,6
Gruber,2711162,5
Blackburn,2711162,6
Manning,2711162,12
Gladys,2711162,4
Ganson,2711162,3
King,2711162,17
Trawick,24485822,21
Yoates,24485822,6
McAndrews,24485822,5
Tucker,24485822,7
Mendheim,24485822,11
Buchanan,24485822,9
Paul,6317956,7
Kingsley,6317956,6
Dodd,6317956,8
Babychams,6304083,16
Spanker,6304083,22
Allen,6304083,1
Carter,6304083,19
Morse,6304083,18
Regan,6304083,21
Thaw,6304083,21
Foyle,6304083,6
George,6304083,6
Bentley,6304083,6
Floyd,6304083,23
Bonehead,6304083,16
Patsy,8905156,0
Silvestra,8905156,22
Umbopa,8905156,3
Sinclair,8905156,1
O'Brien,8905156,15
Quatermain,8905156,6
Gagool,8905156,14
Twala,8905156,19
Kathy,8905156,4
Loder,8905156,11
Adams,8905156,9
Curtis,8905156,9
Fletcher,5263902,15
Cantrell,5263902,13
McCloud,5263902,21
Seton,5263902,5
Reid,10091427,9
William,27117416,11
Isabel,27117416,11
Cordero,27117416,0
Tom,27117416,3
Kelly,27117416,17
Alba,27117416,14
Armstrong,27117416,17
Kaplow,27117416,24
Ryan,27117416,14
Ordonez,27117416,11
Black,35119673,11
Tillane,70428,8
Will,70428,14
Thornton,70428,8
Kate,70428,21
Playfair,70428,19
Thorn,70428,1
Danaher,70428,10
Sean,70428,17
Bheem,35990410,10
Inderaverma,35990410,17
Ganesh,35990410,4
Diane,10366326,6
Rancour,10366326,21
Fay,10366326,24
Churchill,10366326,6
Dumont,10366326,14
Duryea,10366326,9
Toto,10366326,21
Dahmer,32927927,18
Lionel,32927927,0
Webb,16334910,0
Ross,16334910,11
Doug,16334910,15
Ben,16334910,0
Booth,16334910,24
Bell,16334910,1
Yadav,3498675,17
Sundar,3498675,4
Nunwa,3498675,15
Verma,3498675,24
Sharma,3498675,9
Amit,3498675,3
don,3498675,18
Hu,8750776,2
Jianqui,8750776,19
Yuqing,8750776,10
Lacey,66870,1
Hall,66870,15
Portchnik,66870,5
Singer,66870,3
McLuhan,66870,0
Alvy,66870,5
Annie,66870,6
Lawrie,2456550,24
Beggs,2456550,4
Ingston,2456550,16
Harper,2456550,9
Baldwin,2456550,6
Singh,2456550,9
Margaret,2456550,4
Judd,2456550,24
Lynn,2456550,23
Kaa,32098611,24
Agnihotri,32098611,0
Chakraborty,32098611,5
al-Masri,5875034,11
Fleury,5875034,13
Khaled,5875034,15
Haytham,5875034,17
al-Ghazi,5875034,13
Schmidt,5875034,17
Abdulmalik,5875034,20
Hamza,5875034,22
Mustafa,5875034,9
Cooper,5875034,3
Grace,5875034,11
Manner,5875034,11
Sykes,5875034,16
Dharmendra,18563580,13
Aarti,18563580,3
Sanyal,18563580,19
Hemamalini,18563580,6
Inder,18563580,3
noone,18563580,23
Chandan,18563580,13
Prakash,18563580,8
Jeetendra,18563580,21
Butch,19685467,5
Alfalfa,19685467,22
Mahadevan,33990019,23
Meera,33990019,3
Radhika,33990019,2
Raman,33990019,6
Ram,12558999,21
Mirta,12558999,19
Lawrence,33280938,9
Slater,33280938,9
Dart,33280938,4
Amanda,33280938,21
Long,29079027,3
Bartholomew,29079027,19
Hatty,29079027,23
Gwen,29079027,12
Hattie,29079027,2
McMillan,4485402,13
Ethel,4485402,23
Mary,4485402,6
Roberto,4485402,23
McKee,4485402,14
Annie,4485402,11
Nadav,2684671,23
Felisberto,9074501,12
Droz,9074501,13
Malvina,9074501,21
Stille,9074501,24
Adolfo,9074501,5
Maria,26716752,21
Ueno,26716752,3
Akagi,26716752,12
Jamie,34907074,13
Shawcross,34907074,11
Jaan,11190234,21
Thomas,11190234,6
Agrawal,11190234,23
Patil,11190234,4
Suresh,11190234,6
Joshi,11190234,7
Nikhil,11190234,16
Mumbai,11190234,3
Kadam,11190234,6
Rupali,11190234,21
Tony,4685642,21
Gregory,4685642,21
Jason,4685642,6
Tia,4685642,6
Bene,4685642,6
Betty,7174075,3
Sylvester,9497657,6
Sudha,19918475,22
Kantatar,19918475,12
Binod,19918475,8
Bandhopadhay,19918475,10
Manny,168554,3
Shakespeare,168554,20
Ranken,168554,10
Manheim,168554,1
Barstow,168554,24
Vivaldi,168554,9
Buck,168554,23
Sara,168554,17
Ahmed,6217649,14
Rehman,6217649,8
Jaan,6217649,18
Peer,6217649,14
Mohammad,6217649,7
Singh,6217649,18
Bhutto,6217649,20
Bellamy,14143414,23
Castle,14143414,14
Holland,14143414,22
Thompson,14143414,11
Kato,3759173,17
Bae-dal,3759173,24
Yoko,3759173,19
Oyama,3759173,3
Shasha,16697151,8
Xiaojian,16697151,2
Ganesh,27281389,24
Puri,27281389,9
Roberts,4731904,22
Leland,4731904,2
Murat,26561992,13
Kennington,16744198,14
Paul,16744198,21
Mansourian,16744198,14
Pamela,16744198,21
Porterfield,16744198,15
Kyle,26536541,4
Pugh,26536541,20
Peterson,26536541,23
Slobod,26536541,1
John,26536541,11
Butts,26536541,6
Bonin,26536541,20
Billy,26536541,15
Lisa,26536541,4
Curtis,26536541,18
Kaku,31762933,23
Debu,31762933,15
Juhi,31762933,15
Grandma,2156510,23
Spencer,2156510,20
Dashiki,2156510,21
Wilma,12212399,6
Fred,12212399,3
Quartz,12212399,16
Maggie,12212399,6
Belle,12212399,20
Feldspar,12212399,21
Scrooge,12212399,3
Carol,12212399,2
Stotzer,4142291,21
Vader,4142291,22
Dreary,4142291,21
Burton,4142291,12
Kiran,21508247,6
Karan,21508247,17
Mishra,21508247,6
Ransa,21508247,6
Rajputana,21508247,6
Dilip,21508247,6
Jadwal,21508247,17
Madhuri,21508247,16
Bhanwar,21508247,19
Bhati,21508247,6
Bana,21508247,6
Dukey,21508247,6
Christopher,29101425,8
Rey,29101425,23
Jos,29101425,4
Sanchez,29101425,10
Gorostieta,29101425,20
Deans,24158175,12
Copeland,24158175,10
Spenser,24158175,17
Gifford,24158175,17
Esther,24158175,23
Billy,24158175,21
Nils,24188674,17
Roberta,24188674,16
Ted,24188674,6
Carker,24188674,7
Carter,24188674,23
Larsen,24188674,10
Constance,24188674,13
Lewis,24188674,8
Allison,24188674,21
Mike,24188674,6
Cross,24188674,14
Selena,24188674,6
Rossi,24188674,9
Alice,161915,2
Winnie,652432,7
Chi,652432,4
Ma,652432,18
Chow,652432,6
Fei,652432,3
Chiang,652432,6
Dragon,652432,6
Droopy,32466495,18
Gwyn,3130659,13
Hood,3130659,21
Marian,3130659,23
Philip,3130659,13
Knightley,3130659,11
John,3130659,21
Mandela,20329270,2
Kamini,26449950,2
Roy,26449950,13
Adi,26449950,3
Bhai,26449950,10
Boman,26449950,13
Kiya,26449950,12
Bonzela,26449950,15
Tukya,26449950,3
Kabir,26449950,3
Betsy,4210812,23
Dorothy,4210812,23
Hank,4210812,4
Mickser,1597802,16
Turner,1597802,17
Stella,1597802,10
Davey,1597802,6
Helen,1597802,3
Graham,1597802,11
Gary,22209229,10
Elliott,22209229,10
Saxon,1405743,11
Peru,1405743,24
Taggart,1405743,22
Green,1405743,16
Ana,4861305,3
Amelia,4861305,9
Roni,4861305,24
Rosa,4861305,8
Paulina,4861305,17
Jackson,5720418,10
Ward,5720418,13
Gil,5720418,3
Marty,5720418,17
Byron,5720418,20
Wolff,5720418,15
Ziyang,6426786,10
Nichang,6426786,17
Wushuang,6426786,22
Yihang,6426786,6
Pete,35412577,16
Joey,35412577,16
James,29616483,21
Stacey,29616483,2
Nathan,29616483,3
Chase,29616483,7
Davidson,29616483,20
Stokes,1157158,10
Burke,1157158,16
Randolph,1157158,2
Dong,1157158,9
Bennett,1157158,6
Smiley,1157158,15
Mopes,1157158,6
Wells,1157158,1
Cotter,1157158,17
Moochy,1157158,9
Green,1157158,17
Marie-Noel,33940717,7
Wilde,33940717,1
Filmore,33940717,6
Vernon,19025779,17
Stuart,19025779,13
Elizabeth,19025779,21
Jennie,19025779,4
Hall,19025779,3
Elizabeh,19025779,5
Manners,19025779,11
Mary,19025779,23
Dorothy,19025779,3
John,19025779,4
Tae-Hyun,33468851,4
Goldberg,6212570,13
Donati,9756837,2
Andr,9756837,20
Louise,9756837,3
Carvell,9232950,0
Jennings,9232950,24
Shatner,9232950,20
Madhu,10660190,16
Omar,20077388,16
Ali,20077388,1
Leyla,20077388,21
Tala,20077388,16
Francine,1271694,3
Sullivan,1271694,0
Dexter,1271694,7
Fishpaw,1271694,21
Cuddles,1271694,17
Elmer,1271694,23
Sandra,1271694,3
Rue,1271694,17
Kovinsky,1271694,24
Tim,14261075,21
Arlo,14261075,6
Mason,14261075,18
Long,14261075,13
Vaughn,14261075,10
Brynner,14261075,10
Pappas,14261075,15
Vitelli,14261075,8
Rodney,9916550,10
Chazz,5264560,3
Jimmy,5264560,6
Monroe,5264560,9
Hector,5264560,6
Waldenberg,5264560,24
Katie,5264560,23
Kennedy,5264560,11
Carnaval,5264560,20
Fairchild,5264560,3
Robert,5264560,13
MacElroy,5264560,18
Michaels,5264560,21
Stranz,5264560,3
Namrata,22682411,21
Aakash,22682411,5
Shorey,22682411,9
Devi,23607760,6
Peter,23607760,6
Jayakumar,23607760,22
Giancano,3569886,10
Robicheaux,3569886,21
Romero,3569886,24
Alafair,3569886,15
Dautrieve,3569886,10
Rocque,3569886,17
Robin,3569886,4
Keats,3569886,4
Claudette,3569886,6
Annie,3569886,2
Chandrahasan,33047576,6
Santhanalakshmi,33047576,9
Saradambal,33047576,0
Taylor,32340407,15
Booke,32340407,3
Christopher,32340407,4
Evans,32340407,7
Thompson,32340407,23
Folwell,32340407,13
Brooke,32340407,9
Somers,32340407,13
Shafer,32340407,9
Zach,32340407,23
Misty,32340407,17
Arnold,32340407,23
Wade,32340407,24
Dyck,13643392,9
Zurta,13643392,4
Poole,13643392,17
Lois,11251743,23
Clark,11251743,3
Henry,1166518,9
Lear,1166518,17
Boni,4019049,3
Detweiler,6975303,10
Frost,6975303,20
Day,6975303,6
Micelli,479589,9
Geetha,20692099,3
Balachander,20692099,0
Gowri,20692099,2
Bharathi,20692099,2
Jyothi,20692099,3
Rahman,20692099,6
Crown,2367161,4
Banning,2367161,12
Maggiore,2367161,8
McCann,2367161,11
Hewitt,5924049,17
Molly,5924049,23
Trisha,5924049,17
Chrissy,5924049,17
Frank,5924049,17
Matt,5924049,17
Jark,22634826,20
Yuusuke,22634826,14
Garagaranda,22634826,16
Kick,22634826,1
Dai-Shocker,22634826,24
Kuuga,22634826,11
Moon,22634826,16
Shinigami,22634826,13
Diend,22634826,17
Natsumi,22634826,3
Tsukasa,22634826,3
Eijiro,22634826,22
Sayo,22634826,23
Narutaki,22634826,3
Tsukikage,22634826,17
Hopper,22634826,3
Gai,22634826,2
Nien,12596008,23
Choo,12596008,4
Bhai,18964317,5
Jha,18964317,9
Joshi,18964317,7
Tammy,4448175,15
Scott,4448175,14
Wayne,4448175,9
Kuncel,15357779,17
Sharkey,15357779,13
Lassiter,15357779,23
Gibson,15357779,13
Suzanne,15357779,17
O'Connell,15357779,12
Beaumont,15357779,17
Darwin,33679627,20
York,3466113,21
O'Rourke,3466113,10
Meacham,3466113,18
O'Brien,3466113,0
Collingwood,3466113,9
Max,12857448,17
Tim,33594947,4
Brady,33594947,22
Glen,33594947,15
Cox,33594947,10
Motch,33594947,22
Mitch,33594947,2
Wattley,33594947,15
Uggie,33594947,19
Cam,33594947,6
Marty,33594947,3
Hammond,33594947,0
Roberts,966552,4
Posner,966552,18
Bernard,966552,18
Damnil,5241676,17
Tark,5241676,22
Arthur,15639202,18
Lovell,15639202,19
Rouana,15639202,14
Ronnie,15639202,10
Peter,15639202,24
Tucker,15639202,3
Max,15639202,3
Rouna,15639202,21
Hardin,1663320,16
McFly,1663320,21
Ashley,1663320,21
Jake,1663320,3
Peggy,1663320,21
Phillips,1663320,4
Albright,1663320,14
Katy,1663320,16
Cinderella,1303197,14
Bobby,4512681,23
Dukes,4512681,20
Tallman,23975295,12
Adamson,23975295,18
Carson,23975295,12
Charles,23975295,16
Landis,23975295,19
Walker,23975295,16
Butler,23975295,8
Bernard,23975295,11
Bishop,2467280,13
Jill,2467280,13
York,2467280,13
Mick,2467280,22
Oliver,2467280,6
Denton,2467280,23
Able,2467280,3
Dawson,2467280,7
Hawtrey,2467280,7
Reckitt,2467280,2
Bell,2467280,6
Corey,7090669,18
Moffitt,10432695,10
Holmes,6435145,13
Mateo,6435145,14
Ann,6435145,3
Lloyd,6435145,0
Moriarty,6435145,3
Davies,6435145,9
Brandon,6435145,13
Watson,6435145,16
Mason,2648856,17
Eyre,2648856,17
Fairfax,2648856,7
Brocklehurst,2648856,2
Rivers,2648856,13
Jane,2648856,17
Ingram,2648856,14
Grace,2648856,10
Burns,2648856,12
Rochester,2648856,17
Sutton,2648856,11
Poole,2648856,12
Reed,2648856,6
Voorsboch,2338993,0
Antoine,2338993,13
Hummer,2338993,7
Kate,2338993,7
Gaspar,2338993,3
Eva,2338993,3
Svetlana,2338993,10
T.J.,2338993,3
Hicks,2338993,2
Harmon,14640745,12
Mullin,14640745,4
Gladys,14640745,4
Pratt,31205051,12
Rebecca,31205051,19
Kirklander,31205051,17
Stetson,31205051,4
Phoebe,17753400,3
Woody,17753400,5
Claude,17753400,6
Jonathan,6937139,19
Frank,6937139,23
Pasternak,6937139,5
Denise,6937139,20
Kimble,6937139,11
Dave,6937139,6
Kevin,6937139,21
Rod,6937139,6
Lennie,622993,8
Small,622993,17
George,622993,21
Milton,622993,23
Curley,622993,18
Taylor,699336,15
Williams,699336,5
Faulkner,699336,21
Marty,699336,5
Rebecca,699336,2
Stoneman,21634467,24
Shelar,21634467,3
Manali,21634467,6
Sanjay,21634467,17
Phadke,21634467,17
Will,29446866,3
Weis,29446866,17
Jaeger,29446866,12
Borel,29446866,6
Greta,29446866,8
Rachel,29446866,19
Sylvia,29446866,13
Hamilton,29446866,2
Leon,29446866,6
Tulsi,32199706,2
Yashpal,32199706,13
Lee,14143347,13
Fang,14143347,18
Ryan,14143347,21
Rooney,28208601,15
Boop,28208601,4
Annie,28208601,20
Jeevan,26600812,14
Keshu,26600812,16
Kutty,26600812,4
Danny,3229585,21
Garrotte,3229585,17
Jake,3229585,2
Edward,3229585,3
Riley,3229585,6
Saxena,15462142,20
Raj,15462142,18
Karisma,15462142,23
Raju,15462142,23
Channi,15462142,15
Das,31156702,14
Tomi,31156702,0
Menon,31156702,10
Malika,31156702,15
Gounder,31156702,13
Midhilapuri,31156702,18
Kasinathan,31156702,23
Swaminathan,31156702,3
Pushpakumaran,31156702,0
Basheer,31156702,0
Murugan,31156702,0
Traven,28386057,15
Abhimanyu,31505539,2
Anirudh,31505539,13
Magmar,2206566,4
Nick,2206566,4
Cy-Kill,2206566,10
Norbu,13049849,24
Muroto,180241,6
Sanjuro,180241,13
Musuta,180241,1
chamberlain,180241,4
Machulski,2390554,22
Laskowska,2390554,8
Kayama,31867162,6
Master,31867162,3
Nenchan,31867162,3
Nambiar,31867162,21
Ramachandran,31867162,2
Marie,31867162,21
Nambi,31867162,21
Freddy,4092144,10
Rogan,4092144,16
Tarzan,4092144,2
Ho,4092144,18
Omar,4092144,10
Brandon,4092144,17
Ricky,4092144,17
Dan,4092144,17
gore,4092144,20
Anne,4092144,3
Samuel,4092144,2
Oscar,4092144,17
Grandma,35119561,7
Scotty,35119561,24
Gordon,3019565,4
Stewart,3019565,0
Ahmad,3019565,1
Gladstone,3019565,2
Victoria,3019565,5
Pasha,3019565,4
Leveson-Gower,3019565,8
Hicks,3019565,22
Bradley,8283136,11
Duncan,8283136,11
Richard,545795,23
Sam,545795,3
Cooper,545795,3
Molly,545795,1
Sarah,545795,21
Michael,545795,21
Nick,545795,3
Lancer,545795,22
Alex.,545795,8
Karen,545795,3
Harold,545795,6
Chloe,545795,23
Meg,545795,6
Alex,545795,2
Stratis,22352229,21
North,34927590,16
Lupita,35785586,3
ndez,35785586,16
Diego,35785586,10
Flores,35785586,4
Beckett,8536802,11
Addis,8536802,7
Quan,8536802,16
Avery,8536802,20
Thomas,10331139,14
Billy,10331139,17
Bracken,10331139,17
Desiree,10331139,4
Jo,3334667,16
Jones,3334667,15
Doris,3334667,17
Matteo,19497060,16
Maria,19497060,6
Ermelinda,19497060,12
Raffaele,19497060,12
Graffi,19310258,1
Carey,19310258,4
Caulfield,32204201,7
Pearson,32204201,14
Crosby,32204201,19
Yamakunji,32604160,23
Balu,32604160,19
Mythili,32604160,19
Grove,6699130,10
Aghion,26470932,19
Bumbo,27665775,0
Howe,9266932,4
Vinny,9266932,24
Benson,32380648,23
Crystal,32380648,3
Blackford,32380648,24
Chris,32380648,3
Porthos,16648109,4
Winter,16648109,24
Felton,16648109,6
Richelieu,16648109,2
Constance,16648109,13
Rochefort,16648109,18
Louis,16648109,13
Bonacieux,16648109,12
Milady,16648109,4
Alberto,8940854,23
Natalie,8940854,15
Miranda,8940854,2
Sawada,31316750,4
Moriyama,31316750,10
Steele,1001692,8
Logan,1001692,16
Claire,1001692,8
Leslie,1001692,8
Schwarzenegger,15105645,4
Bell,15105645,9
Moon,31235673,1
Taemi,31235673,13
Taeju,31235673,2
Pom,31235673,24
Yoon,31235673,2
Franklin,12561001,9
Jenyx,12561001,7
Gwen,12561001,24
Tennyson,12561001,17
Ben,12561001,2
Enguells,12561001,7
Phillips,12561001,4
White,12561001,3
Max,12561001,24
Dalton,12561001,19
Hawkins,12561001,7
Whittington,12561001,18
Carlay,12561001,12
Rishi,20658736,3
Kumar,20658736,18
Sathya,20658736,6
Velu,20658736,6
Cheenu,20658736,12
Nandini,20658736,22
Sarathkumar,20658736,3
Devaraj,20658736,4
Woo,20658736,11
Seth,20658736,5
Bang-hee,289755,10
Yu,289755,21
Jang-gil,289755,17
Jong-won,289755,9
Lee,289755,14
Kim,289755,20
Park,289755,6
Ursula,448814,19
Eric,448814,6
Sebastian,448814,17
Ariel,448814,6
Morgana,448814,6
Hauptmann,10071292,22
Burke,10071292,22
Ben,10071292,24
Cross,10071292,17
Rose,10071292,13
Flannigan,10071292,11
Megan,10071292,17
Starodubov,10071292,8
Soneji,10071292,1
Rinaldi,10479762,6
Geeta,12835554,3
Ashwini,12835554,2
Menon,12835554,12
Marikozhundhu,5562511,13
Prashanth,5562511,3
Shanmugham,5562511,8
Kadhirvel,5562511,24
Dass,5562511,24
Mira,12378414,8
Anda,12378414,4
Dibyo,12378414,13
Harte,5725237,17
Ritter,5725237,13
Gull,4451435,21
Liz,4451435,17
Graham,4451435,3
Crook,4451435,12
Edward,4451435,18
Mary,4451435,21
Tabram,4451435,19
Abberline,4451435,21
Kelly,4451435,13
Victoria,4451435,5
Ann,4451435,5
Sickert,4451435,22
Alice,4451435,13
Ada,4451435,20
II,169202,1
Glinka,169202,24
Nicholas,169202,14
Gergiev,169202,5
Griboedov,169202,22
Stalin,169202,14
Custine,169202,5
Holenia,2377695,6
Stoltzenberg-Stolzenberg,2377695,6
Virgil,2377695,6
Zwieback,2377695,22
Johanna,2377695,5
Joseph,2377695,18
Smith,2377695,9
Askey,3837132,16
Pilbeam,3837132,23
Magulat,11288620,20
Connell,11288620,21
Riley,11288620,14
Smith,11288620,10
Fisk,11288620,23
Brady,11288620,9
Niro,11288620,24
Turk,11288620,16
Cowan,11288620,8
Luytens,11288620,9
Perez,11288620,17
Corelli,11288620,17
Randall,11288620,5
Audrey,26064019,3
Lee,26064019,6
Jola,14359104,23
Ruben,14359104,16
Fela,14359104,6
Zosia,14359104,23
Julia,14359104,8
Team,7351154,14
Joe,7351154,14
Pellegrini,7351154,10
Forster,2112205,17
Mathews,2112205,3
Dalrymple,2112205,13
Mitchell,2112205,4
Celia,2112205,21
Grayson,2112205,2
Hasek,2112205,3
Archie,2617386,6
Littlefoot,2617386,6
Petrie,2617386,4
Spike,2617386,4
Ali,2617386,3
Ducky,2617386,2
Chun-Lei,16066384,19
Kei,16066384,16
Hewitt,3237559,21
Dean,3237559,3
Monty,3237559,16
Bailey,3237559,4
Eric,3237559,3
Mae,3237559,21
Thomas,3237559,16
Holden,3237559,6
Chrissie,3237559,3
Hoyt,3237559,3
Sheriff,3237559,17
Alex,3237559,16
Taylor,41528,14
Bubba,41528,17
Carmen,41528,9
Gump,41528,11
Kennedy,41528,11
Dan,41528,9
Nixon,41528,7
Show,41528,1
Johnson,41528,0
Jr.,41528,3
Presley,41528,0
Bryant,41528,14
Forrest,41528,6
Jenny,41528,21
Chin,19817505,8
Kid,19817505,17
Wen,19817505,17
Pak,19817505,4
Fatso,19817505,17
Chung,19817505,5
George,32777635,24
Sophie,32777635,13
Lou,6233638,6
Sarah,6233638,0
Carl,6233638,13
Mitchell,6233638,2
Hank,6233638,6
Jacob,6233638,6
Beverly,5454380,6
Boyer,5454380,15
Tony,326242,6
Seno,326242,17
Rick,326242,9
Shrike,326242,17
Yuji,326242,3
Angel,326242,19
Marlene,326242,3
Frost,326242,10
Kaido,326242,16
Alicia,326242,16
Whistle,326242,10
Nonomys,19502933,10
McGoo,20571157,24
Lou,20571157,23
McGrew,20571157,24
Tracy,25345231,21
Eric,25345231,6
Nick,25345231,6
Smythe,25345231,15
Sarah,25345231,17
Gabby,25345231,21
Harrison,25345231,10
Hanford,25345231,19
Phyllis,18000201,23
Zippe,18000201,13
Sterns,18000201,5
Minnie,18000201,24
Minerva,18000201,2
Parkhouse,18000201,24
Ketts,18000201,24
Patterson,18000201,11
Bertie,18000201,4
Gupta,31496522,19
Mukherjee,31496522,18
Rathore,31496522,0
Karthik,34307355,17
Don,34307355,15
Perumal,34307355,3
Taylor,34270681,21
Hitler,13639421,22
Rogers,13639421,16
Webster,13639421,20
Stransky,13639421,14
Steiner,13639421,17
Guy,9573648,12
Shivani,9573648,14
Vicky,9573648,21
Zoran,1012964,9
Rigatuso,1012964,11
Geeta,6499360,6
Geetha,6499360,1
Raja,6499360,14
Madhu,6499360,21
Venu,6499360,6
Bruno,10950017,4
Roberto,10950017,6
Drince,25260811,0
Melvoy,25260811,17
Williamson,25260811,13
Boll,25260811,8
Evan,25260811,17
Bill,25260811,3
Grant,19288672,17
McVey,19288672,10
Frank,19288672,6
Summers,19288672,24
Sylvia,19288672,13
Simpson,4343515,0
Joyce,4343515,6
Timmy,4343515,6
Brody,4343515,12
Steven,4343515,10
Debbie,4343515,3
Curtis,4343515,4
Bishamber,10640523,17
Babu,10640523,5
Dutta,10640523,8
Prasad,10640523,14
Khanna,10640523,24
Namrata,10640523,19
Singh,10640523,18
Hill,1336117,18
Olney,1336117,22
West,1336117,16
Phillips,1336117,13
Allen,13361675,23
Edie,13361675,21
Smith,13361675,9
Crystal,13361675,6
Haines,13361675,8
Catherine,13361675,13
Cohen,13361675,9
Tanya,13361675,6
Fisher,13361675,16
Mary,13361675,6
Steven,13361675,12
Fowler,13361675,20
Shetty,18862965,5
D'Souza,18862965,12
Raja,18862965,23
chacha,18862965,7
Chaddha,18862965,12
Kennedy,4537597,21
Mead,4537597,6
Kennedys,4537597,3
Oswald,4537597,4
Jackie,4537597,12
mie,35014318,6
Tiffany,8141252,12
Victor,8141252,6
JoJo,8141252,8
Smiley,8141252,17
Sharky,8141252,3
Dominoe,8141252,17
Hotchkins,8141252,16
Mabel,8141252,18
Billy,8141252,18
Garrett,25225244,17
Baker,25225244,13
Sherry,25225244,3
Trulock,25225244,24
Loski,25225244,6
Stalls,25225244,15
Juli,25225244,11
Duncan,25225244,21
Bryce,25225244,3
Shelly,25225244,3
Sardar,6768398,15
Vinod,6768398,24
don,6768398,24
Sakthivel,6768398,8
Savitri,32281762,2
Gaurishankar,32281762,17
Bindu,32281762,8
Ravi,32281762,14
Rakesh,32281762,12
Srivastav,32281762,11
Nanda,32281762,12
Kumar,32975370,5
Bijlani,32975370,5
Raj,32975370,5
Khan,32975370,5
Chakraborty,32975370,5
Charlotte,23617312,17
Ray-Ray,23617312,6
Lilly,23617312,17
Boszo,23617312,24
Martinez,23617312,17
Redding,23617312,4
Killjoy,23617312,17
Eddie,23617312,23
Davis,23617312,12
Brasier,31466628,20
Seenu,8355881,2
Yadav,8355881,17
Williams,11604193,15
Clay,11604193,13
Barnes-Todd,11604193,20
Mary,11604193,14
Dill,11604193,20
Lloyd,24551073,8
Delillo,24551073,19
Meg,24551073,21
Bergman,24551073,15
Arjun,7209996,24
Manjunatha,7209996,4
Ambareesh,7209996,11
Kathyayini,7209996,8
Gloria,6057074,15
Janet,6057074,15
Corwin,6057074,19
Jared,2645157,6
Jake,2645157,3
Halloween,2645157,20
Chaz,2645157,6
Tobey,2645157,3
Joey,2645157,6
Eddie,2645157,3
Shelby,17243817,3
Billy,17243817,3
Elizabeth,17243817,3
Mike,17243817,6
Nuflo,7052375,6
Abel,7052375,3
Rima,7052375,3
Runi,7052375,21
Nair,31427508,21
Reggie,1056023,4
Cherry,1056023,2
Brock,1056023,17
Jack,1056023,17
Wilson,1056023,3
Ganz,1056023,8
Cates,1056023,18
Hickok,1056023,21
Cruise,1056023,24
Hammond,1056023,9
Burroughs,1056023,17
Kokosu,4471231,6
Gerry,3523466,6
Shearer,3523466,3
Sewell,3523466,13
Clare,3523466,9
Gemma,3523466,2
MacArthur,1482557,22
Longfellow,1482557,22
Rhee,1482557,7
Hallsworth,1482557,3
Jessica,31291851,8
Wells,31291851,6
Chautard,31291851,23
Vance,31291851,23
Damon,31291851,17
Curtis,31291851,17
Mithun,29468540,18
Khan,29468540,6
Ali,29468540,16
Laurel,13184696,14
Seymour,13184696,1
Stan,13184696,3
Kittu,34744241,19
Lalli,34744241,19
Akash,34744241,6
Maharadhi,34744241,12
Lavanya,34744241,4
Pooja,10190365,13
Sameer,10190365,3
Dattabhau,10190365,18
Mathur,10190365,23
Brahmin,10190365,1
Singh,10190365,14
Shastri,10190365,14
Mehta,10190365,21
Fuzzbucket,26967746,23
Michael,26967746,14
Gerber,26967746,14
Henry,29585621,15
Feathersword,29585621,3
Greg,29585621,3
Noah,29585621,15
Anthony,29585621,17
Jeff,29585621,3
Murray,29585621,3
Dorothy,29585621,21
Ito,2430019,3
Trina,2430019,2
Barrett,2430019,14
Landis,2430019,4
Baron,2430019,22
Anya,2430019,12
Fournier,14560623,23
Jackie,14560623,3
Caron,14560623,23
Ayre,2788063,24
Yip,7998725,21
Tse,7998725,1
Mandy,7998725,19
Wan,7998725,21
Viviane,9463843,14
John,18991745,6
Smith,18991745,13
Dawkins,25092646,6
Harry,25092646,16
Red,25092646,3
Hanks,25092646,9
Dickie,25092646,3
Obie,25092646,3
Keegan,25092646,3
Doc,25092646,20
Jessica,5335934,6
Albert,5335934,1
Benton,5335934,7
Blaine,5335934,20
Astari,22235879,4
Mikado,6527956,15
Shaw,6527956,8
Palkin,21426405,2
Dusya,21426405,1
Fairbanks,21426405,14
Pickford,21426405,13
Gallery,26166944,10
Kayla,11524153,4
Martin,11524153,18
Shula,34972884,9
Mwansa,34972884,3
Gaby,1345561,19
Slimane,1345561,18
Moko,1345561,8
Ines,1345561,5
Book,10628527,19
Berglund,10628527,19
Bosse,10628527,14
David,10628527,9
Mona,10628527,4
Subbanna,9074158,3
Murty,9074158,3
Rangajji,9074158,21
Padmanabiah,9074158,12
Barker,6079205,14
Wolf,6079205,17
Muller,6079205,14
Conner,6079205,6
Somers,6079205,3
Reynolds,12625574,2
Brown,12625574,11
Wayne,12625574,21
Forin,12364636,22
Butraskaya,12364636,23
Mellows,12364636,11
Raikes,12364636,17
J,6832295,1
Moon,6832295,10
Berry,6832295,23
Ayumi,6832295,23
ZO,6832295,1
Masato,6832295,23
Jiang,2964301,2
Hong,2964301,24
Yu,2964301,21
Shifeng,2964301,13
Hui,2964301,1
Xiaochun,2964301,3
Cheng,2964301,16
Savitri,33108388,2
Menaka,33108388,8
Ravi,33108388,6
Shakti,33108388,3
Singh,33108388,12
Padma,33108388,6
Murti,33108388,0
Bandookwala,33108388,4
Rekha,33108388,13
Jada,13996230,10
Jamal,13996230,19
Paul,11161265,21
Jennifer,11161265,17
Caan,11161265,21
James,11161265,21
Lisa,11161265,6
Felix,7460481,4
Lizardi,7460481,19
Poindexter,7460481,3
Pim,7460481,19
Oriana,7460481,6
Wack,7460481,7
Simpson,12039019,13
Hall,12039019,3
Adams,12039019,24
Ruby,12039019,2
Jannik,6504302,18
Michael,6504302,4
Sarah,6504302,2
Krazy,33228938,24
Kat,33228938,5
Bala,29498265,0
Sethupathi,29498265,15
Nachiyar,29498265,10
Sangili,29498265,2
Anjali,29498265,19
Sathish,29498265,1
Flaherty,476640,3
O'Hara,476640,15
Sanders,476640,0
Jimmy,476640,23
Bird,476640,3
Tommy,476640,15
Mike,476640,3
Kevin,476640,4
Scott,476640,7
Carol,476640,2
Aames,54030,9
McCabe,54030,14
Julie,54030,4
Gianni,54030,9
Lee,54030,8
Serrano,54030,2
David,54030,3
Linda,33984024,3
Weber,33984024,10
Lee,33984024,8
Ben,33984024,21
Cecily,33984024,17
Matthew,33984024,3
Rosen,33984024,8
Michael,33984024,6
Hawkins,33984024,0
Phillip,33984024,21
Ellen,33984024,6
Reese,33984024,4
Farrell,33984024,6
Twining,33984024,2
Stefanos,33984024,5
Josie,13418779,6
Gallagher,13418779,23
David,13418779,6
Danny,165990,10
Tony,165990,20
Angelo,165990,10
Lo,165990,9
Keung,165990,3
Nancy,165990,4
Bill,165990,16
Benjamin,6494145,3
Napoleon,6494145,16
Jones,6494145,7
Whymper,6494145,10
Squealer,6494145,10
Patrick,23150143,15
Sally,23150143,6
Walsh,23150143,0
Tommy,23150143,15
Nancy,23150143,6
Hefner,11502190,2
Constanten,11502190,8
Lesh,11502190,17
Barncard,11502190,23
Orochimaru,14814612,16
Reibi,14814612,22
Sora,14814612,24
Shinn,14814612,13
Shino,14814612,24
Sai,14814612,24
Fox,14814612,2
Hinata,14814612,4
Naruto,14814612,3
Senbon,14814612,12
Konoha,14814612,4
Sasuke,14814612,4
Sankaran,26322280,6
Lakshmi,26322280,1
Malu,26322280,21
Shankaran,26322280,9
Indira,26322280,3
Chandran,26322280,21
Jose,26322280,13
Edwards,19398524,12
Leonard,19398524,23
Pete,19398524,6
Wally,19398524,23
Brennan,5628492,17
Quinn,5628492,4
Tex,5628492,20
Reilly,5628492,9
Bosch,5628492,9
White,1417388,12
Palmer,1417388,12
West,1417388,12
Smith,1417388,12
Nooruper,10253953,24
Balan,10253953,4
Turno,25947431,11
Aeneas,25947431,17
Acestes,25947431,17
Venus,25947431,14
Camilla,25947431,3
Kyle,18473521,17
Percy,18473521,22
God,18473521,16
Tenney,18473521,7
Gabriel,18473521,3
Michael,18473521,6
Audrey,18473521,17
Howard,18473521,6
Charlie,18473521,17
Sandra,18473521,16
Anderson,18473521,0
Walsh,18473521,11
Nene,12710627,14
Stefani,12710627,23
Savoni,12710627,10
Carlo,12710627,5
Mariella,12710627,19
Lorenzo,12710627,10
Momina,12710627,16
Pedoni,12710627,18
Rosetta,12710627,6
Horizonte,1662573,22
Diane,23118238,6
Jones,23118238,6
Smith,23118238,3
Kendrick,23118238,7
Bill,23118238,6
Sembung,11624498,8
Kohar,11624498,8
Sunder,12320256,13
Murli,12320256,2
Dadi,12320256,23
Sangita,12320256,23
Padma,12320256,6
Hayato,6792531,3
Kuroshio,6792531,6
Pulaski,11120431,20
Jarvis,11120431,24
O'Hara,11120431,5
Sarah,11120431,2
O'Neill,11120431,19
Rossi,11120431,14
Turkell,2259688,24
Teresa,2259688,6
Riley,2259688,18
Cordell,2259688,4
Susan,2259688,4
Mallory,2259688,12
Cheryl,2259688,7
McKinney,2259688,16
Blums,2259688,24
Doyle,2259688,5
Forrest,2259688,23
Lerner,2259688,14
Segundo,12674456,3
Tanner,12674456,6
Erin,12674456,15
Valdez,12674456,17
Diego,12674456,11
Davis,12674456,4
Katie,10133100,12
Michelle,10133100,22
Tracy,10133100,12
Albert,10133100,16
Doug,10133100,19
Wendy,10133100,1
Trey,10133100,17
Nancy,10133100,12
Melanie,10133100,6
Porter,10133100,23
Jones,17216587,0
Boris,17216587,0
Viridiana,2270205,3
Lucia,2270205,7
Vinci,2270205,9
Jaime,2270205,6
Moncho,2270205,18
Ramona,2270205,8
Jorge,2270205,21
Caan,17874058,21
Francis,17874058,0
Jeanne,17874058,2
David,17874058,14
Bertini,13464912,14
Canan,26429300,3
Volkan,26429300,8
Winnetou,3499631,18
Cynthia,2435076,14
Stuart,2435076,6
Martin,2435076,0
Astrid,2435076,20
Mouse,2435076,14
John,2435076,13
Warner,4343361,9
Kovac,4343361,16
Feldman,4343361,6
Joey,4343361,0
Jane,23746718,16
Alexander,23746718,17
O'Donnell,23746718,17
Morris,23746718,18
Roberta,25256753,21
Phyllis,25256753,21
Peter,25256753,23
Szczepansky,25256753,7
Jim,25256753,4
Bobbie,25256753,16
Mother,25256753,2
Kane,15938122,17
Meredith,15938122,4
Samuel,15938122,18
Crowthorn,15938122,16
Solomon,15938122,3
Malachi,15938122,17
Oomadurai,14355911,15
Marudhu,14355911,18
Sivaganga,14355911,17
Pandiyars,14355911,16
Jennifer,35762725,19
Lindinha,35762725,13
Cunningham,67427,9
Roslov,67427,7
Smith,67427,6
Deverell,67427,18
Cox,67427,24
Campbell,67427,6
Maynard,67427,17
Johnny,67427,6
Dunleavy,67427,21
Cole,67427,17
Woodward,770239,24
Sedgwick,770239,2
Newman,770239,15
Bridge,770239,7
Danner,770239,5
Leonard,770239,9
Welsh,770239,9
Callow,770239,19
McClain,770239,18
Thamprakkal,29901445,4
Gurukkal,29901445,21
Menon,29901445,14
Bhagavathar,29901445,9
Karthu,29901445,16
Varma,29901445,17
Annie,29901445,21
Lekha,29901445,8
Meera,29901445,17
Wilkinson,28145330,18
Khan,28145330,13
Jhunku,28145330,14
Johnson,28145330,18
Ghosh,28145330,0
Ahsanullah,28145330,18
Baul,28145330,5
Sen,28145330,6
Stu,6645089,13
Fudd,6645089,10
Allen,6645089,24
Peter,6645089,6
Tucker,6645089,6
Brad,6645089,17
Vaughn,6645089,5
Lois,6645089,23
Barrymore,6645089,18
Pablo,6645089,10
Quagmire,6645089,4
Chris,6645089,18
Meg,6645089,21
Kaplan,6645089,19
Bowie,6645089,9
Sarandon,6645089,5
Vanessa,6645089,10
Stewie,6645089,3
Takanawa,6645089,13
Rupert,6645089,14
Moore,6645089,10
Brian,6645089,3
Gorloisen,12621957,10
Williams,12621957,8
Drake,12621957,3
Blake,12621957,1
Horvath,12621957,4
Stutler,12621957,10
Fay,12621957,18
Merlin,12621957,10
Lok,12621957,10
Morgana,12621957,3
Dave,12621957,24
Veronica,12621957,24
Becky,12621957,10
Abigail,12621957,4
Balthazar,12621957,17
Briggs,30351286,6
Autry,30351286,8
Sandra,30351286,6
Thorpe,30351286,10
Gene,30351286,3
Knight,30351286,0
Millhouse,30351286,4
Morgan,30351286,17
Pete,4295195,6
Ben,4295195,3
Alison,4295195,6
Franco,4295195,21
Stone,4295195,9
Robinson,4295195,11
Scott,4295195,24
Debbie,4295195,17
Block,8737659,10
Taylor,8737659,23
Spritle,8737659,19
Royalton,8737659,6
Taejo,8737659,6
Fox,8737659,10
Detector,8737659,18
Crosley,24845777,6
Gorynych,8312297,12
Morozko,8312297,9
Vladimir,8312297,13
Nikitich,8312297,4
Kutsenko,9985510,21
Vasiliev,4105119,12
Theodore,4105119,10
Vanya,4105119,1
Thompson,4105119,0
Maria,14900984,10
Dulce,14900984,13
Ana,14900984,9
Luis,14900984,10
Constantini,11944726,11
Woodward,11944726,20
Dunn,11944726,21
Casey,11944726,10
Mickey,19301429,4
Kornman,19301429,21
Susannah,1682805,14
Schneider,1682805,2
Meredith,1682805,6
Julie,1682805,3
Sybil,1682805,6
Gus,1682805,10
Ben,1682805,21
Stone,1682805,11
Morton,1682805,3
Everett,1682805,13
Xun,26913455,13
Saber,26913455,16
Wuji,26913455,20
Qingshu,26913455,5
Lucifer,34652966,4
Daniel,34652966,23
Merrywood,34652966,3
Tamara,34652966,23
Woolsey,17006384,22
Wheeler,17006384,22
Lizzie,2251194,3
Curry,2251194,8
Starbuck,2251194,10
Kornman,15397453,13
Condon,15397453,10
Sam,7906493,17
Angie,7906493,3
Witter,2162986,14
Howe,2162986,20
Linda,2162986,2
Christopher,2162986,15
Gardner,2162986,20
Chris,2162986,3
Agatha,4865852,3
Sophia,4865852,4
Christine,4865852,2
Kelly,4865852,13
Digger,4865852,12
George,4865852,5
Farmer,4865852,24
Lynn,4865852,13
Oscar,4865852,10
N,4865852,10
Christine,463396,3
Suzanne,463396,13
Howard,463396,6
Chad,463396,6
Merriman,4795478,15
Nye,4795478,15
Elizabeth,4795478,24
Ben,4795478,23
Parr,565879,17
Mr.,565879,7
Gazerbeam,565879,20
Bob,565879,3
Mode,565879,8
Jack-Jack,565879,23
Helen,565879,17
Lucius,565879,17
Deniz,6550840,4
Hanife,6550840,18
Gezmi,6550840,22
Oberoi,2614244,21
Pandey,2614244,19
Aman,2614244,21
Varma,2614244,15
Dingaka,5902339,6
Makwena,5902339,6
Tsuji,31731713,18
Witter,15899017,14
Paine,15899017,22
Webber,15899017,18
Gat,19344803,4
Nichols,19344803,16
Brandon,19344803,15
Eddie,19344803,13
Robinson,19344803,22
D'Abondo,17776753,12
Molly,4032727,3
Shue,4032727,11
McKay,4032727,1
Brookes,4032727,20
Brooks,4892253,16
Lizzie,4892253,3
Emma,4892253,19
Alex,4892253,17
Marciano,34749036,21
Carlo,34749036,15
William,27459449,16
Inkubus,27459449,17
Valerie,16758721,9
Tony,16758721,9
Carine,16758721,15
Gordon,3978160,24
Gray,3978160,17
Lyndall,16019200,22
Victoria,16019200,5
Waldo,16019200,5
Schreiner,16019200,18
Hood,4851414,5
Moorthy,4851414,16
Khanna,4851414,24
Vishnu,4851414,17
Margie,29641798,3
McCoy,29641798,16
Myra,29641798,1
Ansel,32898123,22
Cooper,32898123,24
Sharla,32898123,6
Dottie,32898123,4
Smith,32898123,7
Chris,32898123,17
Harry,28116404,9
Tiffani,28116404,14
Zack,28116404,6
Ryan,28116404,6
Helen,28116404,6
Casey,28116404,6
Marc,28116404,1
Taylor,7451098,24
Childress,7451098,0
Frankie,2731727,17
Carlson,2731727,20
Ed,2731727,3
Gino,2731727,17
Vera,4069274,20
Tommaso,4069274,10
Oliver,5626726,23
Bishop,5626726,19
Arline,5626726,17
Stan,5626726,16
Arnheim,5626726,20
Hardy,5626726,21
Nelson,1389153,23
Pierre,1389153,10
Wilma,1389153,9
Boner,1389153,1
Greenburg,1389153,16
Wanda,1389153,9
Jesse,1389153,13
III,1389153,9
Tommy,1389153,23
Peterson,18762081,18
Woolwrap,18762081,23
Spruance,18762081,0
Crossman,2080306,4
Selkirk,2080306,12
Ty,2080306,23
Leedy,2080306,4
Terry,2080306,11
Pete,2080306,3
Nessip,2080306,12
Moncrief,2080306,19
Jagger,2080306,2
Jessie,2080306,4
Prescott,12283356,17
Daniels,12283356,8
McMillan,12283356,16
Rourke,12283356,8
Brewer,8982202,12
Ernie,8982202,21
Edwards,8982202,24
Valerie,8982202,14
Dan,8982202,6
Santos,8982202,8
Samantha,25180915,3
Boone,25180915,3
Nicole,25180915,18
Wilson,25180915,21
Rivera,25180915,18
Isaac,25180915,17
Wes,25180915,3
Lakshmiammal,16291021,6
Maragatham,16291021,6
Ramaswamy,16291021,3
Laksmi,16291021,8
Manorama,16291021,11
Sundaram,16291021,8
Manickam,16291021,19
Sulochana,16291021,14
Natraj,16291021,6
Shekar,16291021,13
Parvathi,16291021,14
Kantha,16291021,21
Mohanasundaram,16291021,12
Sangam,16291021,14
Paar,16291021,10
Chandra,16291021,6
Sivalingam,16291021,6
Connelly,401782,16
Mendez,401782,17
Bush,401782,20
Wright,401782,23
Johnny,26990345,17
Cool,26990345,15
Crandall,26990345,14
Colini,26990345,4
Giordano,26990345,0
Hillyard,9974375,14
Adamson,9974375,5
Michael,9974375,3
Marion,9974375,6
Avery,9974375,1
Nancy,9974375,6
Marie,9974375,3
Gogol,34037650,1
Rius,34037650,15
Jason,8357964,14
Justin,8357964,6
Sten,8357964,3
Stardust,8357964,16
Saki,8357964,21
Doris,8357964,3
Dorit,8357964,11
Terkel,8357964,3
Gunnar,8357964,23
Arne,8357964,15
Gilson,18884961,17
Halliday,18884961,3
Ward,18884961,17
Elliot,18884961,19
Thorak,957322,23
Tutu,957322,10
Mathayus,957322,13
Balthazar,957322,21
Pheron,957322,17
Arpid,957322,24
Memnon,957322,17
Rama,957322,2
Cassandra,957322,17
King,957322,12
Takmet,957322,5
Luis,31206542,6
Biedma,31206542,24
Barral,31206542,15
Johnny,31206542,19
Jaime,31206542,21
Toni,31206542,6
Mars,31206542,19
Marcos,31206542,9
Sreedharan,22989233,5
Kiran,25086167,11
Aishwarya,25086167,3
Deepika,25086167,23
Vamsi,25086167,21
Lacombe,1058504,5
Rothman,21000149,6
Johnnie,21000149,10
Helene,21000149,19
Amy,21000149,17
Ford,21000149,0
Lakeland,21000149,23
Lou,21000149,3
Plummer,21000149,3
Walker,21000149,5
Hendricks,21000149,18
Mike,21000149,22
Pappas,21000149,15
Maples,21000149,17
Conway,21000149,14
Elmer,21000149,17
Joyce,21000149,3
Mosscroft,5471678,8
Jo,5471678,16
Fraser,26792591,4
Eliza,26792591,21
Bracefell,26792591,19
McBryde,26792591,4
Fyans,26792591,4
Sallis,6135427,4
Ploog,6135427,9
Grimm,6135427,17
Brandt,6135427,4
Gerber,6135427,24
Megan,3341217,23
Davenport,3341217,0
Ottolman,3341217,21
Venessa,3341217,12
Naomi,3341217,3
Jack,3341217,6
James,3341217,4
Piel,694559,18
Yula,694559,10
Prince,694559,6
Matton,694559,4
Belle,694559,1
Jaffar,694559,4
Mike,694559,6
Claude,694559,6
Silbad,694559,21
Kalu,21871596,13
Chabeli,21871596,2
Bhai,32943405,18
Julie,32943405,20
Gonz,32943405,7
Nancy,32943405,21
Jani,32943405,20
Vicky,32943405,6
Kane,1576720,3
Mason,1576720,3
Martin,1576720,3
Sutton,1576720,4
Tobin,1576720,17
Fry,1576720,6
Henry,4531990,17
Diggs,4531990,17
Jessica,4531990,3
Nathan,4531990,3
Cornelius,4531990,8
Samson,4531990,17
Cheryl,4531990,23
Shane,4531990,17
Glenda,4531990,23
Kenneth,4531990,3
Gray,3933604,7
Parker,3933604,21
Judy,3933604,14
Smith,3933604,13
Bob,3933604,6
Brown,3933604,22
Curtis,3933604,24
Marakova,23947773,17
Peter,23947773,21
Lydia,23947773,8
Dimitri,23947773,17
Poppov,23947773,4
Karagin,23947773,6
Wong,6969487,4
Marlowe,6969487,18
Wald,6969487,11
Dolores,6969487,22
Tyler,21753290,15
Matthew,21753290,3
Andrew,21753290,15
Haines,21753290,7
Jared,21753290,21
Robert,21753290,19
Burke,666923,3
Owen,666923,17
Ludlow,666923,3
Tembo,666923,8
Roland,666923,21
Nublar,666923,24
Harding,666923,9
Kelly,666923,23
Sidhu,666923,17
Hammond,666923,6
Eddie,666923,17
Malcolm,666923,3
Sarah,666923,3
Carr,666923,24
Stark,666923,17
Cooper,22574837,10
Sakura,2393998,23
Gouken,2393998,5
Sagat,2393998,0
Rose,2393998,24
Hadouken,2393998,20
Sadler,2393998,17
Shun,2393998,8
Ken,2393998,3
Rosanov,2393998,16
Ryu,2393998,3
Camille,5490152,0
Maxime,5490152,2
Maman,7450532,6
Balagangadharan,7450532,13
Mukesh,7450532,6
Ugran,7450532,21
Bhama,7450532,23
Sandhya,7450532,21
Srikumar,7450532,21
Vishnu,7450532,9
Bhavani,7450532,6
Sathyaprathapan,7450532,6
Kuruvila,7450532,17
Kuruvilla,7450532,6
Hareendhran,7450532,15
Ennishtam,32529406,16
Sreekuttan,32529406,4
Deepak,21250632,9
Jyoti,21250632,9
Mackenzie,30245847,9
Hitler,9087548,1
Hunter,9087548,9
Yang,22407076,14
Imbert,35016542,8
Bichon,27193276,6
Richelieu,27193276,5
Gascon,27193276,19
Anne,27193276,6
Milady,27193276,24
Barin,73471,5
Arden,73471,0
Gordon,73471,21
Mongo,73471,23
Kala,73471,17
Dale,73471,4
Vultan,73471,17
Zarkov,73471,24
Ming,73471,24
Thun,73471,19
Tim,15945871,21
Patty,15945871,3
Hemmit,15945871,11
Tremble,15945871,19
Craig,15945871,3
Joanne,15945871,3
Bill,15945871,6
John,15945871,3
Debbie,15945871,21
Bryan,15945871,17
Valentine,550486,14
Issa,34953218,24
Faso,34953218,0
Sankara,34953218,18
Vishnu,35367467,17
Ramira,25499697,17
Roy,25330760,23
Roberts,31239767,9
Brannigan,31239767,0
O'Toole,31239767,21
Jackson,171618,16
Guggenheim,171618,6
Namuth,171618,0
Pollock,171618,6
Metzger,171618,0
Reuben,171618,19
Kligman,171618,17
Sande,171618,23
Ruben,171618,12
Putzel,171618,18
Krasner,171618,6
Edith,171618,22
Greenberg,171618,18
Sadie,22039671,2
Knight,22039671,15
Hollister,12061267,8
Bouchard,12061267,10
Cheng,26039454,7
French,10543866,5
Cronkite,10543866,15
Armstrong,10543866,13
Burgess,10543866,0
Bergman,10543866,23
Bean,10543866,14
Duke,10543866,18
Joan,11948988,13
Windsor,11948988,9
Lloyd,11948988,23
Moe,11948988,6
Davis,11948988,23
Kosterman,6156372,8
Diana,6156372,16
Turpin,6156372,11
Kazuo,27727249,15
Reiko,27727249,12
Ritesh,12897402,17
Sarabhai,12897402,4
Khanna,12897402,11
Kadam,12897402,18
Nandy,12897402,14
Varma,12897402,21
Shekhar,12897402,17
Duvall,531816,11
Jennifer,531816,8
Friedman,531816,19
Whitey,531816,3
Chang,531816,7
Davey,531816,3
Stone,531816,18
Filip,29129012,6
Hewitt,21510686,1
Delilah,21510686,19
Kitty,21510686,19
Clay,21510686,3
Flyboy,21510686,6
Maria,8484755,0
Boog,8484755,3
Beth,8484755,8
Serge,8484755,23
Weenie,8484755,7
Gordy,8484755,18
Shaw,8484755,16
Elliot,8484755,3
Reilly,8484755,4
Baker,1668866,3
Sam,1668866,9
Jansen,1668866,5
Irene,1668866,3
Madge,1668866,13
Coley,1668866,23
George,1668866,0
Fellsinger,1668866,0
Parry,1668866,3
Bob,1668866,23
Montgomery,18400321,17
Dakin,18400321,4
Alec,18400321,21
Husnik,18400321,24
Brock,18400321,15
Churchill,18400321,5
Streicher,18400321,18
Holland,18400321,17
Zorich,18400321,19
Blake,1737543,3
Tico,25730129,21
Derrick,25730129,21
Naoko,6142808,3
Sullivan,6142808,3
Renee,6142808,3
Saeki,6142808,13
Toshio,6142808,3
Andy,6142808,3
Rose,6142808,13
Jake,6142808,23
Kayako,6142808,3
Brenda,6142808,16
Max,6142808,6
Praski,6142808,6
Lisa,6142808,3
Gretchen,6142808,3
McIntyre,2188010,5
Hunnicutt,2188010,6
Rizzo,2188010,20
Han,2188010,3
Freedman,2188010,6
Klinger,2188010,21
Winchester,2188010,21
Houlihan,2188010,6
Sophie,2188010,3
Mulcahy,2188010,3
Pierce,2188010,6
Potter,2188010,3
Hayes,17864265,1
Leslie,17864265,10
Dennis,23395917,0
Kwok,2617036,9
Qua,2617036,8
Brock,2617036,14
Struan,2617036,20
Jane,806082,13
Holly,806082,4
Nick,806082,17
Robin,806082,3
Lincoln,806082,10
Gilman,29545870,14
Eddie,29545870,20
Gavin,29545870,6
Wallace,29545870,1
Mickey,32172995,3
Davis,32172995,11
bush,32969212,9
Murdock,24229540,7
Maggie,24229540,6
Trey,24229540,18
Josh,24229540,6
Knight,24229540,13
Bruce,24229540,13
Randall,24229540,20
Jamie,24229540,3
Fred,18685527,3
see,18685527,6
Broomy,18685527,0
Gibbles,18685527,6
Daphne,18685527,21
O'Lantern,18685527,1
Scooby,18685527,4
Krudsky,18685527,3
Velma,18685527,21
Sindhu,2384000,3
Gurumoorthy,2384000,6
Sulakshana,2384000,16
Gajapathi,2384000,6
Bhairavi,2384000,6
Hope,27116963,0
Otis,27116963,17
Downey,27116963,24
Ivan,27116963,17
Abby,27116963,17
Drake,27116963,17
Town,27116963,16
John,27116963,3
Ranjit,20904391,6
Captain,20904391,13
Braun,12311917,13
Brynych,12311917,22
Charlie,24416448,21
Eddie,24416448,14
Vinnie,24416448,11
Regina,24416448,9
Cerina,14746644,17
Shemp,14746644,17
Flint,14746644,17
Larry,14746644,3
Saigal,6763625,0
Devi,6763625,19
Vicky,6763625,3
Vijay,6763625,21
Percy,739286,6
Ivy,739286,3
Noah,739286,23
Jay,739286,6
Hunt,739286,14
Walker,739286,6
Kevin,739286,10
Alice,739286,2
Lucius,739286,17
Roy,11142730,5
Kasam,11142730,5
Khan,11142730,9
Sunil,11142730,9
Jeevan,11142730,0
Chumley,170936,16
Mae,170936,19
Louise,170936,10
Simmons,170936,8
Veta,170936,3
Dowd,170936,0
Kelly,170936,19
Sanderson,170936,3
Charlie,170936,15
Elwood,170936,6
Harvey,170936,23
Janani,32648655,3
Ram,32648655,3
Senthil,32648655,21
Oven,6461832,9
Deventer,6461832,11
Seelers,6461832,9
Radha,35484229,2
Qaeda,17848676,22
Hitler,17848676,1
Josh,17848676,6
Kennedy,17848676,11
Patton,17848676,0
Lincoln,17848676,2
Chamberlain,17848676,5
Washington,17848676,3
Moore,17848676,14
Stone,17848676,15
Malone,17848676,6
Tina,32907146,2
Lia,32907146,2
Zeynep,31940428,19
Bosco,2528153,3
Sullivan,2528153,13
Anna,2528153,14
Sunil,2528153,6
Anthony,2528153,3
Chris,2528153,20
Vinayak,2528153,21
Qadri,12406248,1
Maulana,12406248,11
Sultan,12406248,15
Shan,12406248,16
Hain,12406248,3
Kambli,33636196,24
Gill,33636196,5
Shah,33636196,8
Ssaat,33636196,0
Jadeja,33636196,5
Michael,11823583,23
Miriam,11823583,17
Meinike,1634305,21
Noah,1634305,15
Rankin,1634305,7
Kindler,1634305,10
Mary,1634305,3
Wilson,1634305,17
Longstreet,1634305,13
Bud,4255260,3
Wong,2488992,21
Sai,2488992,21
Fei,2488992,9
McBride,24083267,15
Fabious,24083267,21
Tallious,24083267,17
Simon,24083267,4
Isabel,24083267,4
Marteetee,24083267,23
Boremont,24083267,6
Courtney,24083267,4
Julie,24083267,18
Belladonna,24083267,4
Belladona,24083267,24
Chu,20906855,9
Wong,20906855,7
Kei,20906855,21
Chai,20906855,13
Sandra,20906855,2
Fukuma,23014684,18
Popoca,33100463,4
Wesley,1222564,24
Tarantino,1222564,1
Jimmy,1222564,20
Judy,1222564,6
Macklin,12404324,18
Briggs,9280571,13
Bilson,9280571,22
Morehead,9280571,6
Sarah,9280571,3
Lorenzen,9280571,17
Grot,9280571,1
Phan,12278759,19
Samis,2738256,12
Sami,2738256,4
Aigin,2738256,3
Chudes,2738256,17
Slocum,2360213,12
Tyler,2360213,3
Dimitrios,930379,16
Vesper,930379,4
White,930379,7
Carlos,930379,11
Lynd,930379,2
Mollaka,930379,10
Bond,930379,3
Mathis,930379,19
Leiter,930379,11
Solange,930379,23
Richard,18410093,11
Phillips,18410093,23
Jack,13527082,6
Kolhapure,29550132,11
Kahan,29550132,22
Jeetendra,29550132,11
McGee,1287132,12
Molly,1287132,12
Elmer,1287132,3
T.L.,19189562,0
Pierson,19189562,0
Zabel,19189562,1
Paige,19189562,12
Neverwas,19189562,21
Finch,19189562,13
Riley,19189562,3
Millwood,19189562,6
Reed,19189562,13
Barrymorehttp,26318269,11
Williams,26318269,15
Maude,26318269,20
Gildersleeve,26318269,22
Betty,26318269,2
Barton,26318269,16
Lambert,26318269,1
Doc,26318269,21
Wenfeng,33049275,10
Rose,33049275,13
Jonny,33049275,2
Mary,33049275,10
Lily,33049275,23
Gautam,29541354,14
Dharamdutt,29541354,1
Govinda,29541354,15
Kumonga,11993,10
Godzilla,11993,4
Minilla,11993,23
Reiko,11993,17
Kamacuras,11993,10
Matthew,32504373,6
Winkler,32504373,4
Mary,32504373,6
Maureen,9682483,1
Johnson,9682483,3
Cartwright,9682483,13
Baxter,9682483,21
Mikael,176545,11
Block,176545,16
Mia,176545,0
Raval,176545,2
Antonius,176545,14
Lisa,176545,4
Bergman,176545,20
Ingmar,176545,9
Mike,18614296,17
Bart,18614296,4
Wilson,18614296,21
Goines,249876,9
Tony,249876,20
Jules,249876,3
Bhamra,249876,11
Jess,249876,6
Joe,249876,6
Paxton,249876,13
Juliette,249876,12
McDowell,317828,14
Mick,317828,1
Munda,317828,22
Travis,317828,3
Anderson,317828,11
Burgess,317828,24
Millar,317828,24
Price,317828,24
Palmer,24213087,22
O'Shea,24213087,11
Hendricks,24213087,16
Eastland,1904097,6
James,1904097,21
Christos,24848710,24
Alexandra,24848710,1
Johnny,9129800,17
Worthington,9129800,6
Finn,9129800,24
Royce,9129800,18
Benny,9129800,10
Nikki,9129800,23
Loudon,9129800,23
Trott,9129800,24
Raoul,9129800,10
Murray,9129800,4
Bell,9129800,6
Derouere,6914656,3
Caroline,6914656,22
Vaudieu,6914656,8
Thevar,4224754,6
Saktivelu,4224754,6
Marcus,3733842,10
Randolph,3733842,11
Evans,3733842,1
Wilson,3733842,6
Hamilton,3733842,3
Nora,3733842,11
Ruby,3733842,7
Torrente,6185940,21
Taylor,25192672,0
Ross,25192672,9
Cotter,25192672,15
Westerberg,11893755,9
Franz,11893755,21
Jan,11893755,15
Rainey,11893755,10
Supertramp,11893755,15
Burres,11893755,10
Carine,11893755,6
McCandless,11893755,3
Tatro,11893755,2
Upchurch,35833714,17
Hagar,7491341,24
Stanley,7491341,15
Webb,9811512,20
Woody,9811512,24
Isabelle,775536,15
Baldwin,775536,23
Burkhoff,775536,4
Tyler,775536,16
Jarvis,775536,19
Farell,775536,20
Skouris,775536,24
Farrell,775536,15
Pacella,775536,11
Ryland,775536,12
Morrissey,775536,10
Doyle,775536,20
Collier,775536,24
Moore,775536,18
Angelica,2452691,4
Leo,2452691,3
Justine,2452691,6
Daisy,2452691,17
Emily,2452691,4
Frankie,2452691,17
MacDunner,2452691,17
Gage,2452691,4
Wilson,2452691,17
Kaitlyn,1842419,17
Paul,1842419,3
Homolka,1842419,3
Bernardo,1842419,6
Ross,1842419,2
Tammy,1842419,17
Karla,1842419,3
Arnold,1842419,13
McCarthy,1842419,10
Watada,8029508,6
Naganuma,8029508,15
Joanie,8029508,3
Mary,8029508,13
Takata,8029508,3
Thampuran,26830040,5
Reji,26830040,18
Thamburan,26830040,5
Kuruvilla,26830040,4
Richard,4458143,24
Jo,4458143,1
Barbara,4458143,12
Martine,4458143,16
Eric,4458143,8
lle,4458143,17
Gable,14988233,6
Mayer,14988233,7
Gibbs,2396904,3
Molly,2396904,3
Leo,2396904,3
Bubba,2396904,17
Lennox,2396904,6
Jess,2396904,3
Robin,2396904,12
Rivka,2396904,21
Rabinovich,2396904,21
Rabinovitch,2396904,6
Bell,2396904,11
Kevin,2386382,14
Donna,2386382,5
Kothai,20225362,10
Krishna,20225362,14
Vishnu,20225362,21
Perumai,20225362,11
Lord,20225362,13
Herb,3408117,8
Siskel,3408117,22
Ebert,3408117,10
Henry,350908,17
Mazzini,350908,17
of,350908,8
Louis,350908,6
Penrose,350908,11
D'Ascoyne,350908,7
Sibella,350908,5
Lionel,350908,23
Edith,350908,0
Silva,5735742,23
Yetta,725468,1
Twain,725468,15
Wang,725468,3
Ivanka,34014272,8
Yarosh,34014272,8
Alfonso,34014272,4
Marty,34014272,17
Jane,14746837,5
Shemp,14746837,21
Charlie,14746837,9
Moe,14746837,8
Larry,14746837,21
T.C.,24173081,4
Dorothy,24173081,24
Lucy,1822878,21
Harmon,1822878,19
Beaver,32393429,20
Moloch,31976092,2
Yin,697113,21
Pan,697113,17
Chi,697113,21
Wang,697113,20
Jack,697113,6
Burton,697113,3
Noku,697113,20
Bopper,14615908,0
Kisaragi,19573687,5
Xiaojun,3554438,12
Yu,3554438,16
Monkey,3554438,21
Rai,10776142,10
Pradesh,10776142,17
Naresh,10776142,24
Rakesh,10776142,0
Sunderlal,10776142,16
Shobha,10776142,0
Thakur,10776142,9
Parvati,10776142,22
Bhattacharya,21739675,15
Shaikh,21739675,21
Rajaram,21739675,6
Bashudev,21739675,21
Jojo,21739675,13
Katha,21739675,1
Sabnis,21739675,4
Dhindhoria,21739675,7
Paranjpye,21739675,6
Joshi,21739675,14
Anuradha,21739675,19
Sandhya,21739675,1
Aickman,17356798,2
Matthew,17356798,3
Jonah,17356798,3
Sarah,17356798,3
Peter,17356798,3
Matt,17356798,4
Popescu,17356798,3
Campbell,17356798,11
Galswells,1430396,4
Dort,1430396,6
Victor,1430396,3
Emily,1430396,17
Victoria,1430396,3
Bittern,1430396,6
Gutknecht,1430396,4
Tracy,12213607,23
Karloff,12213607,9
Trueheart,12213607,5
Pat,12213607,6
Tomic,12213607,12
Morse,9382582,24
Don,9382582,6
Burke,9382582,6
Tex,9382582,3
Hollis,9382582,15
Richards,9382582,18
Kent,5227373,13
Kipper,5227373,6
Purvis,5227373,9
Orville,5227373,19
Miranda,5227373,21
Winstead,5227373,19
Rebecca,5227373,3
Aloysius,5227373,0
Benson,92566,24
Alan,92566,3
Carter,92566,22
Madge,92566,6
Owens,92566,6
Howard,92566,3
Adams,92566,15
Potts,92566,8
Rosemary,92566,6
Millie,92566,23
Bevens,92566,5
Hal,92566,3
Manabe,14602248,3
Kinuko,14602248,3
Hijiri,14602248,21
Kohei,14602248,8
Hugo,1139962,6
Michael,1139962,3
Emily,1139962,3
Odin,1139962,3
Desi,1139962,6
Roger,1139962,3
Kora,31157100,23
Sayip,31157100,9
Joji,31157100,23
Dinu,17177170,15
Dutta,17177170,10
Maloti,17177170,8
Sukhi,17177170,8
Kushal,17177170,15
Mackenzie,2390369,6
Chamberlain,2390369,13
Stradner,2390369,13
Crossing,2390369,2
Haley,2390369,11
Navarro,2390369,19
Ray,30498632,2
Gerry,30498632,21
Steve,30498632,6
Ernie,2606345,18
Sherman,2606345,7
Stifler,2606345,21
Brandon,2606345,18
Levenstein,2606345,14
Chuck,2606345,19
Arouch,9574727,14
Allegra,9574727,2
Justin,31795187,20
Chloe,31795187,12
Goode,31795187,9
Tammie,31795187,22
Harry,12097185,22
Fred,12097185,11
Collins,12097185,6
Webber,12097185,24
Louie,12097185,15
Mike,12097185,17
Joey,12097185,6
James,12097185,17
Reagan,3615041,1
III,3615041,21
Herring,3615041,9
Giuliani,3615041,9
Pillsbury,3615041,14
Wilson,3615041,6
Vickers,3615041,10
Rick,950245,15
Lefevre,950245,15
Melissa,950245,6
Bethune,950245,18
Angus,950245,6
Sanford,950245,20
Wedberg,950245,16
Troy,950245,3
Rockatansky,598868,17
Walker,598868,19
Airtruk,598868,1
Jedediah,598868,18
Max,598868,3
Nair,25899488,1
Manju,25899488,18
Haridas,25899488,2
Monty,6312980,7
Horn,6312980,2
Warren,6312980,17
Angela,6312980,14
Spike,6312980,21
Brewster,6312980,16
Drake,6312980,13
Cox,6312980,10
Nolan,6312980,6
Frank,20554131,0
Donny,20554131,14
Leslie,20554131,3
Alex,20554131,2
Tweeny,23939272,16
Angela,23939272,17
Klopstokia,23939272,16
Breeze-Connington,3748405,20
Craddock,3748405,18
Stringer,3748405,7
Rhumstone,3748405,6
Marple,3748405,3
Jang,23315758,24
Sukjong,23315758,17
Miller,32582218,17
Jones,32582218,15
Curran,32582218,20
Cox,32582218,24
Penny,2442231,23
Lane,2442231,10
Oscar,2442231,6
Collins,2442231,3
Taylor,9235373,17
Todd,9235373,1
Vernon,9235373,9
Halloran,9235373,1
Doug,9235373,9
Kelly,9235373,2
Gentry,9235373,10
Mancuso,9235373,10
Leslie,9235373,17
Nakesh,153372,10
Chappy,153372,3
Doug,153372,3
Sinclair,153372,10
Kelly,29081296,1
Charles,29081296,8
Jr.,29081296,12
Claudia,12562570,13
Murphy,12562570,6
Neumeyer,12562570,6
Tracy,12562570,15
Bremmer,12562570,24
Sikorski,12562570,17
Carl,12562570,6
Brad,12562570,17
Axelrod,12562570,10
Hearn,14072881,6
Meara,14072881,13
Ryan,14072881,8
Tommy,14072881,6
Eddie,14072881,17
Malone,14072881,12
Owens,14072881,14
Shri,232325,1
Gangadhar,232325,21
Sharma,232325,6
Samrat,232325,2
Butch,19744174,17
Krishna,4036425,16
Dolly,4036425,8
Ricardo,4036425,0
Mastana,4036425,5
Kuang,5631382,6
Min,5631382,12
Yee,5631382,17
Jun-Sheng,5631382,12
Chi,5631382,4
Mai,5631382,3
Don,14710585,7
McLeod,14710585,16
Tanya,14710585,3
Lobo,14710585,1
Lucas,7659023,21
Geralyn,7659023,14
Serena,26369842,12
Butterfly,26369842,9
Fanny,26369842,15
Ricky,26369842,14
Gomartin,11529249,21
Frank,11529249,0
Martha,11529249,6
Hamilton,11529249,6
Bose,9355314,19
Williams,9355314,15
Wyatt,9355314,3
Jonathan,9355314,3
Jonathon,9355314,20
Holloway,9355314,7
McQuarry,9355314,18
Getz,9355314,15
Tina,9355314,10
Woody,20519078,6
Urp,20519078,10
Rajasekhar,4317586,8
Ranganayaki,4317586,19
Muthu,4317586,4
Ann,28436992,22
Sucal,28436992,2
Chapman,28436992,18
Griffin,28436992,0
Hurrin,28436992,19
David,28436992,17
Yu,24583717,3
Honda,24583717,9
Yoko,24583717,3
Sasori,24583717,7
Tetsu,24583717,15
Cook,32931660,9
Blair,32931660,5
Buchan,32931660,11
Boulevard,32931660,1
Mandelson,32931660,19
Hutton,32931660,18
Smith,32931660,18
Brown,32931660,12
Hitchcock,32931660,18
Bonad,23824827,17
Amy,170858,6
Archer,170858,11
Norville,170858,3
Mussburger,170858,11
Moses,170858,6
Barnes,170858,12
Aloysius,170858,3
Aldebert,6457380,17
Jason,6457380,3
Garek,6457380,4
Celestia,6457380,4
Ted,6457380,3
Caleb,6457380,19
Vorian,6457380,3
So-yeong,20086938,15
Ji-Won,20086938,20
Yi-na,20086938,1
Lee,20086938,7
Kim,20086938,17
Hyeon,20086938,1
Myong-hyo,20086938,15
Soo-Jin,20086938,15
I-na,20086938,14
Myung-Hyo,20086938,21
nahin,20904181,2
Daakiya,20904181,6
hai,20904181,7
Nani,20904181,13
Sharma,20904181,19
s,20904181,5
Amar,20904181,14
Rampuri,20904181,3
Nattu,20904181,9
Shivpuri,20904181,5
laaya,20904181,4
Mohini,20904181,3
Raghu,20904181,21
Chaudhary,20904181,3
bhai,20904181,20
Mamaji,20904181,5
Choudhary,20904181,10
Chhutki,20904181,3
Ravi,20904181,3
Suhagi,20904181,6
Rekha,20904181,6
Jane,8835205,13
Berry,8835205,19
Sam,8835205,6
Katahdin,5721992,4
Paul,5721992,7
M'Rai,5721992,6
Huntoon,5721992,23
Ramona,5721992,17
Maggie,5721992,17
Isely,5721992,6
Kelso,5721992,18
Verne,5721992,3
Nelson,5721992,15
P.J.,1354062,16
Judy,1354062,12
Kokila,34961787,18
Ganesh,34961787,16
Shruti,34961787,12
Mathews,2041686,15
Nader,2041686,16
Starbucker,2041686,2
Fluke,2041686,12
Anne-Droid,2041686,1
Doggie,2041686,15
Martinaud,7305684,1
Chantal,7305684,2
Gallien,7305684,13
Benjamin,21670911,1
Ying,3623596,24
Chao,3623596,8
Chi,3623596,13
Sun,3623596,1
Wu,3623596,16
Ling,3623596,18
Taketa,29879308,9
Jingwei,29879308,0
Zhiguo,29879308,9
o,7060387,15
Crimmins,2951878,2
Vanessa,8430743,24
Fairfax,22593770,4
II,22593770,17
Rosados,22593770,4
Sotomayor,22593770,20
Isabelita,22593770,24
Blood,22593770,4
Riconete,22593770,6
Frank,18764840,24
Fairbanks,18764840,20
Cody,12376020,15
Jackson,1354757,10
Oliver,1354757,24
Ginny,1354757,6
Pollack,1354757,4
Krolak,1354757,6
Lori,1354757,21
Chrissy,1354757,13
Black,1354757,6
Wright,1354757,5
Fabian,1934977,9
Kristo,1934977,9
Sarang,10956510,16
Ganga,10956510,23
Chand,10956510,2
Singh,10956510,12
Gitanjali,29720417,21
Gilli,29720417,6
Tawaif,29830825,14
Kumar,29830825,9
Saxena,29830825,1
Shanti,29830825,2
Gauri,29830825,18
Miller,20072112,11
Seagal,20072112,11
Filipowich,20072112,14
Hill,20072112,4
Celine,20072112,1
King,20072112,3
Anderson,20072112,6
Lazerus,20072112,17
Zofia,25732854,6
Janicki,25732854,17
Krall,25732854,18
Paul,20181941,1
Michelle,20181941,21
Sahai,20181941,3
Nair,20181941,12
Debraj,20181941,5
Catherine,20181941,1
McNally,20181941,15
Sara,20181941,13
Roscoe,2071781,16
Mary,2071781,5
Bannon,2071781,16
Bertolli,2071781,13
Vel,11052725,21
Pandi,11052725,15
Swathi,11052725,17
Vasu,11052725,3
Momoko,17123071,12
Guy,17123071,1
Nikola,17123071,22
Yoshi,17123071,5
Moshe,17123071,1
Alexandra,17123071,2
Nicola,17123071,4
Marius,2126621,2
Valjean,2126621,20
Tom,9199438,3
Jerry,9199438,3
Mammy,9199438,3
Emma,924123,4
Kanchan,11720878,21
Gautam,11720878,21
Jake,30881916,6
Nathan,30881916,3
Gabriel,30881916,16
Marcus,30881916,1
Jameson,12320671,9
Beaugard,12320671,21
Tuttle,12320671,17
Virgil,12320671,6
Fox,12320671,5
Jeanette,12320671,16
Charlie,12320671,6
Derek,12320671,3
Zeke,12320671,21
Fudd,18623459,3
Rao,5855792,9
Kakha,5855792,17
Aatma,5855792,17
Munna,5855792,14
don,5855792,0
Meada,20178550,4
Kanika,20178550,16
Harry,12292280,22
Feldheim,12292280,13
Anna,12292280,13
Jones,12292280,10
Nemo,12292280,3
Stefano,12292280,20
Elise,12292280,2
Jeanne,12292280,19
Jackson,14350910,6
Gilman,14350910,8
Barbara,14350910,22
Linda,14350910,6
Mitchell,14350910,12
Jim,14350910,17
Bud,14350910,1
Jeanne,14350910,12
Carey,14350910,6
Master,21855963,22
Gurukkal,21855963,17
Shehnaz,21855963,3
Murali,21855963,1
Kari,21855963,4
Anila,21855963,23
Nell,32895030,4
Vernon,32895030,8
Gwynn,32895030,19
Jeffries,32895030,11
Olivia,32895030,3
Remy,11827016,3
Beth,11827016,4
Frank,11827016,17
Jake,11827016,3
Freivald,11827016,14
Mercer,11827016,24
Carol,11827016,2
Kiki,490623,17
Ursula,490623,21
Tombo,490623,23
Zenigata,4964205,18
Kanchan,6012766,14
Ravi,6012766,6
Keroual,1693905,4
Claypole,19078391,22
Ying,10801856,17
Ling,10801856,17
Guy,6128662,21
House,6128662,8
Niran,6128662,17
Kiko,6128662,13
Amanda,6128662,4
Connor,6128662,6
Raines,6128662,6
tham,6128662,17
Turner,29143402,14
Allison,29143402,2
Overton,29143402,14
Douglass,30599547,24
O'Connell,30599547,12
Shanti,19437477,23
Roy,19437477,19
Burman,19437477,17
Dibakar,19437477,12
Das,19437477,9
Choudhury,19437477,12
Ranjan,19437477,11
Banerjee,19437477,15
Bagchi,19437477,18
Bryce,2780906,19
Ryan,2780906,3
Wahab,8113653,2
Pratt,28671081,12
Smith,28671081,15
Druker,28671081,6
Rose,28671081,22
Chua,28671081,7
Jenkins,28671081,10
Reitzer,28671081,15
Donovan,28671081,12
McGinn,28671081,7
Weller,28671081,18
Stepford,28671081,9
Harris,28671081,9
Carmichael,28671081,8
Fielding,23805173,16
Adrien,23805173,3
Harris,23805173,0
Adrian,23805173,21
Stephen,23805173,17
Lancer,23805173,23
Robyn,23805173,6
Griffin,23805173,9
Kim,23805173,3
Louis,23805173,1
Julia,23805173,4
Lisa,23805173,3
Emily,22884121,16
Julie,22884121,13
Moses,22884121,3
Anderson,22884121,16
Ivens,24680946,8
Roberts,1506586,10
Davis,1506586,24
Koch,22839891,7
Peter,22839891,6
Roux,22839891,21
Beghin,22839891,14
Andre,22839891,6
Heimberger,22839891,23
Vadassy,22839891,7
Beowulf,3262696,13
Hrothgar,3262696,17
Grendel,3262696,23
Danes,3262696,17
Holcomb,24611507,17
Osorio,13505565,24
Alina,13505565,8
Naim,36475926,8
Rawlings,28197101,6
Farrar,28197101,9
Murray,28197101,17
Diaz,33935599,14
Marchand,33935599,1
O'Connor,61070,4
Allen,61070,21
Jim,61070,18
Woods,61070,5
E.,61070,11
Helen,61070,6
James,61070,3
John,61070,18
Anna,2792491,7
Murphy,35574760,21
Russell,35574760,11
Paula,20833962,13
Marsh,20833962,9
Travers,20833962,11
Lee,20833962,15
Sayaji,11787589,6
Subramaniam,11787589,4
Subramanium,11787589,6
Hasini,11787589,13
Santhosh,11787589,3
Carrie,1371113,12
Evie,1371113,8
Fennel,1371113,21
Michael,1371113,6
Crichton,1371113,19
Charles,1371113,15
Langton,1371113,23
Julia,1371113,6
Avice,1371113,14
Lambert,1371113,20
Gosselyn,1371113,24
Grant,24028252,2
Towers,24028252,6
Tommy,24028252,18
Steven,24028252,6
Jessica,7159773,21
Runche,7159773,7
Hester,7159773,17
Joey,7159773,6
Meg,7159773,7
Dreyfuss,6443785,3
Amrita,30221797,6
Shekar,30221797,1
Sharada,30221797,23
Mundt,9378717,17
Fiedler,9378717,7
Perry,9378717,21
Leamas,9378717,17
Ajay,33624347,16
Ballu,33624347,14
Radha,33624347,14
Bhairav,33624347,24
Jarrod,26100368,19
Quinn,26100368,6
Medina,26100368,3
Tesla,26100368,3
Enzo,26100368,6
Piesse,26100368,21
Nilda,26100368,6
Sidonia,26100368,6
Lane,28616959,10
Betty,28616959,19
Brown,28616959,16
Sullivan,5106720,8
Purcell,5106720,1
Daniel,5106720,4
Robitaille,5106720,4
Coleman,5106720,6
Mckeever,5106720,15
Tarrant,5106720,15
Caroline,5106720,3
Ethan,5106720,17
Annie,5106720,17
Cody,1226289,4
Maggie,1226289,13
Eric,1226289,15
Travis,1226289,11
Jenna,1226289,7
O'Connor,1226289,7
Akemi,26016582,23
Galbraith,26016582,22
Salter,5640549,6
Boot,5640549,6
Baldwin,5640549,7
Hitchcock,5640549,15
Luis,4164407,14
Julia,4164407,21
Ann,26628405,13
Bailey,26628405,20
Whitaker,26628405,1
Ryker,26628405,4
Winkler,26628405,10
Young,26628405,16
Wadigapatuna,11119134,23
Kanthi,11119134,12
Wandigapatuna,11119134,12
Sirisena,11119134,8
Soyza,11119134,11
Grant,5649185,18
Gray,5649185,22
Grey,5649185,18
Seward,5649185,19
Westenra,5649185,19
Fleming,5649185,13
Ali,31048316,20
Lohan,31048316,3
Redman,31048316,11
Hacker,13902330,3
Hashimi,13902330,19
Stevenson,13902330,6
Eretz,13902330,17
Stone,13902330,17
Daubenny,32656988,21
Quidley,32656988,19
Stella,32656988,21
Carshott,32656988,6
Raff,32656988,19
Lorna,32656988,8
Mendoza,32656988,8
Danny,31229264,2
Landauer,31229264,2
Cooper,31229264,12
Hitler,31229264,1
Jones,31229264,14
Louis,31229264,14
Nirudaka,14508657,6
Sundari,14508657,3
Lily,10405882,14
Arun,10405882,23
Fernandes,10405882,13
Sterling,25169565,12
Ann,25169565,13
Jennifer,5079650,3
Lawrence,5079650,15
Grierson,5079650,0
Bean,5079650,4
Brutus,5079650,17
Alison,5079650,2
Langley,5079650,9
David,5079650,21
Chandrasekar,19384107,0
Ponnusamy,19384107,24
Campbell,255858,24
Bough,255858,16
Sauvage,255858,3
Jesus,255858,4
Lorna,255858,8
Mitchell,4888072,20
Ji-woo,33148591,12
Hocquenghem,12942227,12
Julie,12942227,12
Marc,12942227,11
Tim,6236680,17
Andrew,6236680,6
Victor,6236680,10
Mandy,6236680,13
Joe,6236680,6
Kris,6236680,12
Molly,5843229,6
Ray,5843229,20
get,5843229,18
Tyroon,5843229,6
Vanson,5843229,14
Thatcher,5843229,1
J.R.,5843229,21
Po,23217064,3
Shen,23217064,17
Ping,23217064,7
Shifu,23217064,6
Nhi,12252309,3
Soraya,12252309,3
Manop,12252309,0
Grampy,7489932,2
Barclay,1954198,21
Penn,1954198,7
Evelyn,1954198,23
Susanna,1954198,23
Fiona,1954198,23
Gaylord,1954198,23
Mario,13163993,4
Vivaldi,13163993,21
Giovanni,13163993,3
Hodges,2138170,17
McGavin,2138170,13
Miller,26726510,7
Mapes,26726510,11
Tucker,26726510,16
Sidney,26726510,20
Leland,26726510,8
Kumar,5304218,3
Thalaivar,5304218,6
Selvi,5304218,2
Anbu,5304218,1
Krishnaveni,5304218,4
Murthy,5304218,22
Kunjumon,33698825,5
Karthik,33698825,14
Mangchi,1015932,23
Poplar,1015932,1
Moonk,1015932,4
Reinisch,16185034,17
Hitler,16185034,20
Geyr,16185034,17
Cornaz,16185034,23
Schottland,16185034,17
Mueller,16185034,18
Mabel,9503710,10
Gallo,9503710,0
Polaco,9503710,17
Tarouk,8827343,22
Betouche,8827343,4
Aazaan,33075056,3
Khan,33075056,15
Aafreen,33075056,17
Sofiya,33075056,0
Sharma,33075056,9
Ernie,22430724,6
McVee,22430724,15
Becky,22430724,3
Bennett,22430724,3
Peck,22430724,17
Barnes,22430724,14
Fuller,22430724,2
Pomeroy,22430724,6
Colleen,22430724,13
Sam,365070,6
Fitzgerald,365070,18
Brigitte,365070,6
Sinclair,365070,6
Ginger-Wolf,365070,3
Ginger,365070,3
Wayne,365070,17
Catalano,3946028,21
Pykov,11573895,18
Saknussemm,11573895,15
Gus,11573895,12
Wanda,11573895,3
Charmin,11573895,19
Binj,24709102,4
Omar,24709102,2
Malek,24709102,6
Dando,24709102,17
Nasri,24709102,6
Elias,24709102,3
Gaynor,9251956,16
Murnau,9251956,0
Molly,9251956,21
Cromwell,9251956,23
Nichols,9251956,19
Borzage,9251956,24
Farrell,9251956,24
Carr,9251956,1
Swenson,9251956,15
Geiringer,16189151,7
Marie,16189151,24
Grete,16189151,6
Greifer,16189151,12
Melchiorgasse,16189151,23
Chen,8326319,24
Poopenplatz,8326319,12
Garland,12897573,7
Ulysses,13264461,2
Hawa,13757894,8
Adoum,13757894,20
Koulbou,13757894,16
Bolduc,9223398,23
Polli,9223398,6
Martin,9223398,21
Flamingo,9223398,10
Verity,9223398,13
Beach,9223398,24
Brown,9223398,10
Wade,9223398,5
Erxi,1374349,19
Fugui,1374349,3
Fengxia,1374349,3
Mantou,1374349,7
Hua,1374349,1
Chunsheng,1374349,16
Jiazhen,1374349,6
Youqing,1374349,3
Arita,25193351,3
Knight,9470913,5
Ellis,3920193,16
Wells,3920193,10
Moss,3920193,3
Rio,3920193,11
Sanderson,3920193,23
Chigurh,3920193,17
Jean,3920193,21
Bell,3920193,21
Maddi,21488993,16
Jason,21488993,23
Evangeline,21488993,21
Broussard,21488993,17
Angela,21488993,3
Suzanne,21488993,17
Maddie,21488993,17
Colin,21488993,23
Lily,21488993,21
Stratton,4287489,11
Victor,4287489,18
Schneider,4287489,7
Sarah,4287489,11
Frankenstein,4287489,6
Helder,4287489,19
Gennaro,11958595,14
Okita,1512550,13
Muroi,1512550,13
Wangan,1512550,11
Aoshima,1512550,17
Konrad,4627909,19
Reval,4627909,16
Erich,4627909,0
Lhomond,4627909,15
Sophie,4627909,17
Ansel,6060072,22
Tallulah,6060072,9
Talluah,6060072,24
Clapton,6060072,15
Banadek,6060072,22
Shearsmith,14871540,4
Dunn,14871540,15
Rita,14871540,20
Avril,14871540,12
Dodds,14871540,9
Roger,14871540,24
Peter,9957049,19
Mann,9957049,18
Howard,9957049,2
Kozlenko,9957049,13
Wilson,9957049,2
Pope,161496,11
Celia,161496,6
Sr.,161496,21
Murray,161496,24
Shiratori,19369265,6
Taguchi,19369265,17
Batista,19369265,17
Delgado,35854067,24
Quemada,35854067,18
Alvarez,35854067,9
Grandison,23877952,15
Antony,25683949,4
Haridas,25683949,18
Aliyar,25683949,17
Aldrich,25964342,4
Doyle,25964342,1
Talbot,14414193,4
Duc,14414193,11
Lucienne,14414193,7
Oswald,34313724,3
Yniguez,25746124,6
Chicano,25746124,21
Andrea,9576424,3
Victor,9576424,3
Carson,9576424,3
Richmond,9576424,7
Neale,9576424,17
Fleming,9576424,16
Chuck,9576424,6
Ventura,9576424,7
Hicks,9576424,4
Norman,9576424,3
Rohit,1393318,14
Shalini,1393318,6
Pooja,1393318,3
Sameer,1393318,21
Tara,1393318,6
Sid,1393318,8
Siddharth,1393318,21
Taylor,15441884,9
Lapham,15441884,21
Cantagallo,15441884,15
Bellami,15441884,21
Burwell,15441884,11
Vanzetti,15441884,21
Mike,15441884,6
Kincaid,12777147,5
Clayburn,12777147,22
Gibran,19765039,19
Levy,19765039,21
Yasmine,19765039,21
Fred,26231473,17
Clay,26231473,6
Tom,26231473,18
Kate,26231473,2
Kinkaid,26231473,17
Birch,26231473,15
Khan,7286899,4
Shankar,7286899,6
Chopra,7286899,18
Amir,7286899,15
Singh,7286899,2
Zeenat,7286899,3
Meera,7286899,3
Plamen,26357439,2
Dimo,26357439,7
Lili,26357439,21
Pano,26357439,5
Manchev,26357439,23
Nagamatsu,9800451,6
Tamura,9800451,3
Clyde,12171112,3
Gonzales,12171112,16
Janet,1123274,6
Jordan,1123274,12
Stewart,1123274,2
Harvey,1123274,13
Elaine,1123274,23
Cross,1123274,13
Bari,1123274,5
Livesey,21057974,22
Smollete,21057974,4
Bonny,21057974,19
Silver,21057974,14
Gunn,21057974,1
Inn,21057974,11
Jim,21057974,24
Hawkins,21057974,14
John,21057974,16
Hatosy,6844255,15
Rusty,6844255,3
Bob,6844255,0
Christian,6844255,6
Miller,20332030,7
Simpson,20332030,21
Lomond,20332030,2
Maria,20332030,5
Pamela,20332030,3
Drake,20332030,19
Sidney,20332030,21
Ober,20332030,7
Arlen,20332030,2
Sara,20332030,8
Bartlett,768808,17
Debra,768808,16
Manson,768808,12
Frank,768808,3
Dammers,768808,11
Lynskey,768808,18
Ray,768808,22
Bradley,768808,9
Patricia,768808,13
Perry,768808,17
Lucy,768808,4
Bannister,768808,21
Garvey,29768643,13
Maslin,29768643,2
Jamison,29768643,15
Divya,19652797,13
Sekhar,19652797,14
Shakti,19652797,17
Sandhya,19652797,13
Beatrice,30242199,0
Virgil,30242199,15
Alighieri,30242199,16
II,10603161,8
Philippe,10603161,16
Pontcallec,10603161,10
d'Orl,10603161,14
Dubois,10603161,24
Joufflotte,10603161,14
Tansen,5122793,3
Akbar,5122793,18
Gauri,5122793,3
Baiju,5122793,13
Swami,5122793,20
Haridas,5122793,20
Bawra,5122793,3
Ward,129410,3
Anderson,129410,3
Cowens,129410,6
Stuckey,129410,17
Pell,129410,17
McKee,462452,8
Poliakoff,462452,9
George,462452,13
Bill,462452,12
John,462452,21
Radha,3018980,13
Jayakrishnan,3018980,21
Jayakrishan,3018980,19
Clara,3018980,6
Sinise,7533990,11
Pudgy,27960787,6
Katz,27960787,16
Betty,27960787,16
Boop,27960787,4
Antoine,20208180,10
Ansell,14509186,3
Delilah,15652607,21
Dawes,15652607,19
Samson,15652607,24
Pulp,15652607,9
Mike,15652607,2
Daddy,15652607,7
Josip,34532238,14
Daneu,34532238,22
Tepi,34532238,14
Kelly,31846991,8
Gabe,26442677,16
Louie,26442677,24
Aramis,3663936,4
Froggy,19828661,7
Peter,33244885,22
Raj,15495512,17
Sharma,15495512,22
Asha,15495512,7
Bahadur,15495512,0
Malhotra,15495512,4
Khalil,15225443,2
Wilkie,6680289,1
Roosevelt,6680289,0
Eric,19775805,4
Bennett,19775805,13
Port,19775805,21
Belqassim,19775805,5
Tunner,19775805,13
Yeongjo,34574080,17
Tamazusa,4242930,10
Shinbei,4242930,6
Otis,3231227,17
Clark,3231227,16
Johnson,3231227,0
Hawkins,3231227,21
Paul,2111318,3
Alma,2111318,6
Jessica,2111318,4
Lancelot,2111318,9
Betsy,2111318,6
Wesley,2111318,3
Hollands,2111318,6
Sebastian,2111318,7
Connell,2111318,19
Maxwell,2111318,13
Rand,2111318,6
Holland,2111318,15
Lam,7952414,22
Ko,7952414,4
Chik,7952414,17
Foon,7952414,23
Biao,7952414,13
Fei-hung,7952414,3
Hsing,7952414,6
Mei,7952414,4
Satan,11660374,4
Lucy,11660374,1
Street,2099075,18
Annette,2099075,24
Maamootty,26382063,10
Sam,1181107,21
Dokos,1181107,11
Peter,1181107,22
George,1181107,3
Robin,1181107,6
Alyssa,1181107,14
Walker,1181107,12
Monroe,1181107,6
Mahesh,11337163,8
Gauri,11337163,18
Thakur,11337163,16
Dharamdas,11337163,0
Murari,11337163,21
Bela,11337163,5
Shekhar,11337163,21
Wolf,18161370,9
Murphy,390693,16
Bowes,390693,9
Hurst,390693,20
Norris,390693,9
Petrosino,32901780,15
Falwell,171540,1
Onassis,171540,9
Flynt,171540,3
Jimmy,171540,3
Stapleton,171540,22
Isaacman,171540,6
Leasure,171540,5
Althea,171540,24
Hiromi,12778413,18
Gagarin,12778413,24
Nova,12778413,18
Goddard,12778413,9
Hebert,12778413,10
Erwin,12778413,20
Paul,12255107,17
Marie,12255107,5
Jean,12255107,6
Taylor,3825963,0
White,3825963,2
Michelle,3825963,12
C.C.,3825963,6
Jones,3825963,6
Jimmy,3825963,4
Marty,3825963,23
Deena,3825963,21
Effie,3825963,5
Robinson,3825963,23
Wayne,3825963,1
Curtis,3825963,4
Manny,34044456,24
Roshan,34044456,4
battle,34044456,22
Soto,34044456,17
Diego,34044456,4
Sid,34044456,17
Manfred,34044456,12
Dean,24590973,12
Lauren,24590973,22
Joe,24590973,21
Adam,24590973,7
Tina,24590973,18
Imamura,5457190,23
Joshua,2786477,3
Diane,2786477,23
Holly,2786477,6
Elliot,2786477,6
Cindy,2786477,22
Gielgud,2786477,19
Nilbog,2786477,17
Drew,2786477,4
Stephenson,2786477,17
Seth,2786477,4
Benson,11545267,16
Satan,11545267,4
Alexander,11545267,9
Howard,11545267,0
Stone,11545267,17
David,11545267,6
Chee,19059310,9
Iman,19059310,23
Klon,19059310,12
Rrama,19059310,4
Aguirre,1623960,7
Alma,1623960,2
Lureen,1623960,6
Beers,1623960,8
Jr.,1623960,8
Cartwright,1623960,17
Ennis,1623960,13
Jack,1623960,6
Randall,1623960,3
Malone,1623960,19
Newsome,1623960,1
West,2524297,13
Phillips,2524297,13
Merrill,2524297,13
Bellows,2524297,0
Toni,2524297,5
Stanley,2524297,13
Campbell,2524297,10
Argyle,2524297,19
Landers,2524297,13
Harris,2524297,7
Jackson,12594210,10
Stalin,12594210,14
Trotsky,12594210,4
Hitler,2448004,1
Keltner,2448004,10
Lewis,2448004,11
Doork,2448004,3
Helmut,2448004,3
Raja,5179763,17
Arjun,5179763,2
Singh,5179763,16
Poonam,5179763,19
Daddu,5179763,14
York,685981,1
Colt,685981,11
Luger,685981,9
Jigsaw,685981,7
Leacher,685981,13
Hannah,9617369,21
Donnelly,9617369,1
Lidenbrock,9617369,18
Anderson,9617369,19
Verne,9617369,23
Max,9617369,23
Sigurbj,9617369,19
Trevor,9617369,3
Sean,9617369,3
Greene,24636040,22
Matt,24636040,20
Cassie,24636040,10
Wentworth,3906643,2
Lorenz,3906643,22
Hunter,3906643,23
Ivy,10017886,4
Marble,10017886,12
Gus,10017886,3
Lydia,10017886,6
Joyce,10017886,16
Dave,10017886,6
Norris,10017886,5
Jennings,10017886,10
Tolliver,10017886,20
Lucy,673472,3
Edgar,673472,21
Sam,673472,3
Grandpa,673472,17
Star,673472,13
Frog,673472,24
Emerson,673472,14
Michael,673472,3
Nanook,673472,21
Laddie,673472,4
Max,673472,17
Thorn,673472,0
David,673472,17
Whitehead,7063839,17
Sam,7063839,16
Gresham,7063839,22
Art,7063839,5
Bishop,7063839,17
Axel,7063839,6
Bubba,7063839,12
Sinclair,7063839,6
Shields,7063839,9
Greshams,7063839,8
Jacobs,8681206,9
Helen,8681206,10
Craig,8681206,10
Bronner,6563355,15
Jackson,9337317,6
Felice,9337317,13
Belmet,9337317,4
Bridger,9337317,6
Shiri,19289750,12
Rodriguez,11406011,11
Pidvalna,11406011,15
Leung,5003768,11
Pamela,5003768,11
Jennifer,5003768,21
Avayam,4692894,2
Iyer,4692894,11
Janaki,4692894,11
Parthasarathy,4692894,18
Murthy,4692894,18
Ames,6571638,4
Kent,6571638,22
Moreno,13631232,24
Grayson,13631232,11
Villon,13631232,18
Wong,19111900,15
Jeannie,19111900,2
Roy,19111900,4
Michelle,19111900,15
Cheung,19111900,17
Fok,19111900,4
Fai,19111900,23
Joe,19111900,17
Grace,19111900,4
Bob,19111900,6
Tak-Nang,19111900,5
Jessica,23050018,12
Jesse,23050018,16
Shannon,12005853,14
Colee,12005853,6
Dunn,12005853,21
Nolan,12005853,12
Tom,12005853,1
Cheaver,12005853,21
Pat,12005853,2
Klinger,12005853,1
Bob,12005853,4
Scott,12005853,14
Poole,12005853,20
Marta,33443303,3
Ram,33443303,21
Cruz,33443303,13
Waterman,33443303,7
Samuel,33443303,6
la,33443303,24
Jorge,33443303,16
Kapil,10615096,4
Pratap,10615096,3
Bharat,10615096,16
Valerie,2761219,23
Gabriel,2761219,4
Danyael,2761219,17
Daggett,2761219,18
Justin,6021280,3
Lawson,6021280,7
Mamuwalde,6021280,17
Mitchell,6021280,8
Gloria,6021280,8
Dunlop,6021280,10
Willis,6021280,17
Loa,6021280,4
Blacula,6021280,9
Fortier,6021280,13
Lisa,6021280,3
Danny,4340003,21
Miller,4340003,20
Corkle,4340003,6
Kitty,4340003,21
Pendleton,4340003,1
Jordan,4340003,6
Hayworth,4340003,11
Graham,4340003,19
Terpsichore,4340003,16
Fred,7585416,0
Slater,7585416,23
Nick,7585416,2
Hackman,7585416,17
Smith,7585416,8
Stephanie,7585416,17
Conaway,7585416,3
Roca,7585416,3
Rabbit,7585416,16
Mary,7585416,17
Jack,7585416,3
Joe,7585416,3
Steph,7585416,6
Tim,7585416,23
Pikowski,7585416,3
Gill,7585416,3
Benny,7585416,17
Alicja,31403303,6
Kirkland,28258355,24
Hawk,22281870,12
Prissy,22281870,2
Henery,22281870,23
Mustafa,12496033,23
Mukesh,12496033,0
Balram,12496033,20
Sahib,12496033,6
Salim,12496033,12
Bhaskaran,12496033,5
Supriya,12496033,9
Srini,12496033,1
Tharadas,12496033,6
Varma,12496033,18
Karl,16771910,23
Albert,16771910,23
Hans,16771910,23
Klaus,16771910,3
Siggi,16771910,7
Edward,25400157,13
III,25400157,18
Holland,25400157,8
Sharma,8153108,18
Singh,8153108,13
Prakash,8153108,5
Phande,8153108,18
Ehsan,9124584,2
Mamdouh,9124584,7
Online,3801308,12
Ellen,7735007,16
Cleves,7735007,21
Henderson,7735007,4
Dorothy,7735007,6
Sooyoung,18166884,3
Taylor,12877538,3
decide,12877538,0
Monica,12877538,3
Sedgewick,12877538,19
Ashley,12877538,3
Kate,12877538,3
Webber,12877538,19
George,12877538,3
Orsini,12877538,18
Lorenzo,12877538,24
Cheryl,12877538,17
Marty,12877538,19
Gibby,12877538,17
Lorraine,12877538,17
Caruthers,12877538,17
Morimoto,2913859,10
Clay,2913859,3
Cindy,2913859,6
Neela,2913859,21
Han,2913859,6
Toretto,2913859,3
Boswell,2913859,14
Kamata,2913859,6
Takashi,2913859,3
Silvia,2913859,9
Sean,2913859,20
Marvin,7856493,22
Carmen,7856493,23
Raghvan,29605174,0
Monica,29605174,22
Patel,29605174,5
Bomsi,29605174,12
Ralston,12573497,23
Bennett,12573497,6
Gwen,12573497,2
Mahender,20193934,1
Mahendar,20193934,1
Frida,20396303,11
White,455013,19
Donald,455013,18
Alan,455013,6
Michael,455013,3
Harold,455013,24
Stewart,455013,8
Hank,455013,21
Bernard,455013,22
Viswanathan,35082998,12
Ramamoorthy,35082998,1
Shenbagam,35082998,16
Meena,35082998,12
Vivek,35082998,24
McGuinness,5541680,4
Huber,5541680,11
Shepard,5541680,24
Billy,5541680,3
Celia,11438787,20
Phillips,18951054,18
Hall,18951054,22
Willard,18951054,17
Johnson,18951054,19
Corman,18951054,10
Lance,18951054,4
Kurtz,18951054,21
Kilgore,18951054,24
Clean,18951054,17
Jay,18951054,4
Lucas,18951054,16
Hicks,18951054,0
Colby,18951054,4
Cooper,32967253,15
Pike,32967253,20
Courtney,32967253,11
Margaret,32967253,22
Mathayus,7085931,6
Noah,7085931,17
Fung,7085931,17
Ashur,7085931,4
Sargon,7085931,3
Ari,7085931,17
Layla,7085931,4
Akkad,7085931,7
Bour,19457311,2
mah,19457311,12
Pepe,1132138,2
Bitterman,1132138,17
Piggy,1132138,8
Hopper,1132138,15
Snow,1132138,13
Honeydew,1132138,5
Daniel,1132138,6
Teeth,1132138,13
Rachel,1132138,23
Kermit,1132138,3
Shambhunath,6012592,6
Alabam,25686865,6
Pryor,25686865,10
Daly,25686865,6
Kendall,25686865,22
Opper,25686865,1
Patterson,25686865,16
Lee,25686865,10
Patsy,25686865,3
Mills,25686865,15
Tom,11589595,17
Jerry,11589595,7
Moon,11589595,1
Rika,23671700,9
Takashi,23671700,16
Maekawa,23671700,5
Chloe,31508751,10
Jesse,31508751,14
Kottarathil,13761516,11
Sam,742453,23
Stith,742453,17
Tucker,742453,17
Gune,742453,17
Cale,742453,3
Sesharrim,742453,9
Akima,742453,17
Korso,742453,3
take,742453,9
Gianna,7686269,9
Gianetti,7686269,10
Nobukado,1183043,6
Takeda,1183043,9
Nobunaga,1183043,12
Suwa,1183043,10
Wakash,1183043,8
Katsuyori,1183043,12
Donald,24205497,3
Meas,19786863,11
Proffen,4181202,0
Lena,4181202,1
Pelle,4181202,5
Margot,5315392,19
Lena,5315392,23
Gaspard,5315392,20
Jeremiah,22336327,4
John,22336327,23
Jane,4011202,2
Giermani,4011202,17
Maria,4011202,12
Neal,4011202,3
Gianni,4011202,3
Altieri,4011202,18
Berti,4011202,16
Anne,4011202,17
Bullmer,4011202,17
Khanna,5199340,7
Anjali,5199340,2
Govinda,5199340,22
Kyi,31855265,13
San,31855265,6
Aris,31855265,14
Grumio,1508176,6
Barnaby,1508176,3
Tom,1508176,3
Piper,1508176,17
Mary,1508176,21
Gonzorgo,1508176,13
Quick,5746032,23
Shaw,5746032,15
Richard,21566359,3
Kellet,21566359,1
Peter,21566359,1
Sylvia,21566359,23
Gary,21566359,19
Dorothy,21566359,23
Chris,21566359,11
Baek,6283620,16
Kang,6283620,6
Min,6283620,3
Ho,6283620,3
Jin,6283620,3
Soo,6283620,3
Woo,6283620,3
Park,6283620,8
Mi,6283620,6
Amos,10248470,12
Britton,10248470,7
Sutcliffe,10248470,24
Thatcher,10248470,9
Bushell,10248470,22
Frost,10248470,9
Quantick,10248470,9
Morris,10248470,20
Hagens,10248470,4
Jarman,10248470,21
Ramsay,10248470,18
Grundy,10248470,0
Powell,10248470,6
Ryder,10248470,13
Grade,10248470,14
Brown,10248470,7
Leslie,10248470,11
McGregor,10248470,11
Huntley,10248470,0
Merrimack,34480764,20
Jake,34480764,14
Bill,34480764,13
Rango,34480764,17
Daugherty,33492450,14
Rico,33492450,3
Jenkins,33492450,5
Varro,33492450,23
Bugspray,33492450,22
Alesia,33492450,13
Carmen,33492450,4
Warden,33492450,11
Ratsass,33492450,2
Ibanez,33492450,4
Casey,33492450,12
Deadeye,26506906,21
Victoria,26506906,5
Rose,26506906,6
Maybud,26506906,24
Poo,26506906,4
Nanki,26506906,16
Zara,26506906,1
Sandy,6667989,6
Tom,6667989,17
Vi,6667989,3
Stewart,6667989,3
Meg,6667989,21
Kelly,20765579,10
Martinsson,20225590,21
Paul,34117197,15
Anna,34117197,19
Jon,34117197,6
Maddie,34117197,19
John,34117197,23
Andy,34117197,19
Hutchens,28249206,7
Anna,28249206,16
Junior,4770345,2
Kyle,4770345,4
Rick,4770345,20
Wendell,4770345,3
George,4770345,21
Sr.,4770345,13
Jeremiah,4770345,3
Jr.,4770345,13
Xavier,4770345,4
Gary,4770345,17
Randall,4770345,21
Jamal,4770345,6
Sen,20208154,20
Mitra,20208154,3
Chandrakanta,20208154,7
Sadhukan,20208154,0
Majumadar,20208154,12
Sadhukhan,20208154,4
Manju,20208154,2
Murchison,19362000,17
Sam,19362000,6
Robbins,19362000,6
Irving,19362000,0
Pauline,19362000,13
Lescaboura,19362000,21
Bisbee,19362000,22
Ray,1394726,20
Paul,1394726,3
Karen,1394726,20
Becky,1394726,13
Marcus,6329365,3
Luke,6329365,3
Sarah,6329365,6
Kelly,6329365,6
Steven,6329365,6
Sean,6329365,13
Reilly,21157144,7
Anthon,21157144,19
L'Official,7672134,19
Trifunovski,7672134,4
Lazo,7672134,19
Marko,7672134,17
Levi,7672134,2
Jasmina,7672134,9
Satie,7672134,17
Blashko,7672134,4
Nietzsche,7672134,4
Bruno,3105893,3
Sonia,3105893,2
Alma,1064537,13
Fenix,1064537,3
Aladin,1064537,17
Concha,1064537,16
Orgo,1064537,8
Krishna,19286375,21
Vaanmathi,19286375,16
Sam,14202294,3
Wolf,14202294,10
Ralph,14202294,3
Sheepdog,14202294,22
Manny,24680056,5
Miriam,24680056,2
Junior,24680056,11
Marisol,24680056,17
Moreno,24680056,10
Oscar,24680056,22
Mandy,9167153,2
Garland,9167153,20
Ann,1662366,6
Charlene,1662366,1
Adams,1662366,4
Max,1662366,4
Murdock,6742643,7
Todd,6742643,9
Sparrowbush,6742643,22
Abigail,6742643,6
Fullstack,6742643,4
Vincent,6742643,1
Parker,6742643,12
Bessie,6742643,22
Grisha,10811095,3
Madam,10811095,24
Vanya,10811095,3
Minetti,9967714,15
Guito,9967714,13
Barney,21411349,3
Albert,4792606,21
Sione,4792606,15
Michael,4792606,2
Stanley,4792606,16
Eugene,4792606,5
Willie,1617607,12
Wintergreen,1617607,3
Billy,1617607,8
Poole,1617607,13
Paul,234827,10
Vilecourt,234827,3
Monsieur,234827,17
God,234827,23
Blayac,234827,3
Mathilde,234827,21
Milletail,234827,3
Ponceludon,234827,3
Bellegarde,234827,24
goire,234827,3
Malavoy,234827,3
Shruti,34269848,13
Davidson,6328860,0
Callistratus,4143552,13
Pierre,4143552,4
Duval,4143552,21
Oliver,17709042,12
Roy,17709042,6
Matthew,17709042,17
Will,17709042,6
Daniels,17709042,5
Sherman,17709042,5
Irene,17709042,13
Putnam,17709042,10
Tom,17709042,8
Nettie,17709042,23
Mathilda,17709042,14
Marge,17709042,2
Pakshi,29497481,20
Cling,1865556,7
Blush,1865556,16
Plank,1865556,23
Kar,1865556,15
Hale,1865556,22
Dasha,1865556,19
Cassie,1865556,17
Borealis,1865556,1
Sage,1865556,0
Selena,1865556,9
Zenon,1865556,6
McTeague,18892860,10
Claire,18892860,9
Kibby,18892860,9
Walker,18892860,9
Nan,11174624,6
Cooley,11174624,23
Blackie,11174624,18
Maskal,11174624,6
Conway,28306726,9
bush,28306726,3
Beal,19046062,15
Foster,19046062,9
Dorian,14617763,4
Dolittle,14617763,11
John,14617763,23
Sadie,172005,6
O'Hara,172005,6
Miss,172005,8
Thompson,172005,9
Davidson,172005,3
Otto,1093364,17
Villette,1093364,17
Logan,1093364,3
Ruth,1093364,23
Keller,1093364,17
Hitchcock,1093364,18
Bess,3842309,4
Powell,3842309,21
Porter,3842309,9
Tim,1988341,16
Danny,1988341,2
Weber,1988341,15
Wells,1988341,12
Reilly,1988341,20
Renee,1988341,24
Spencer,17004086,19
Williams,17004086,20
Nan,17004086,3
Bijay,19998760,6
Rana,19998760,19
Dipak,19998760,12
Mason,14498349,8
Baroque,14498349,16
Ward,14498349,18
Alix,14498349,12
McGuire,14498349,12
Lynn,14498349,14
Sherwood,14498349,6
Nash,14498349,14
Flynn,35658593,19
Il-sung,1377960,17
Newland,4856981,3
Mathilda,4856981,13
Nancy,4856981,6
McCann,4856981,16
Simon,4856981,0
White,5206156,22
Weiss,5206156,9
Maria,5206156,20
Sherman,5206156,16
Bacon,5206156,8
Fallow,5206156,13
McCoy,5206156,15
Ruskin,5206156,12
Hancock,5206156,11
Milo,367085,6
Leviathan,367085,2
Sweet,367085,20
Ulysses,367085,10
Whitmore,367085,1
Audrey,367085,1
Vinny,367085,0
Sinclair,367085,10
Kida,367085,24
Rourke,367085,3
Thatch,367085,13
Packard,367085,12
Ronnie,17437799,8
Anna,17437799,12
Joseph,17437799,17
Woody,20533117,16
Bendel,1006993,18
Bartlett,1006993,3
Tom,1006993,17
O'Reilly,1006993,8
Amanda,1006993,21
Shelton,1006993,13
Cavanaugh,3748765,5
Kelly,3748765,3
Brock,3748765,14
Logan,3748765,3
Deardon,3748765,20
Taft,3748765,18
Garrett,733910,8
Reimers,733910,23
Tony,733910,2
Maria,733910,2
Lecce,733910,20
Chris,733910,14
Avebury,5109578,12
Bethany,5109578,0
Angela,5109578,3
Olwen,28222214,3
Nehemiah,28222214,15
Trevelyan,28222214,18
Wood,3828751,0
deMasson,3828751,21
Kasumovic,3828751,3
McKenna,3828751,24
Barrios,4650872,11
Bartkowski,4650872,6
Salazar,4650872,16
Forgy,4650872,18
Green,4650872,0
Mario,447074,3
Jo,447074,8
Smerloff,447074,10
Linda,447074,5
Bimba,447074,17
Brien,447074,18
Luigi,447074,22
O,447074,7
Thomas,3504129,9
Sylvia,3504129,3
David,3504129,24
Chandni,13635649,21
Harry,13635649,17
Dadaji,13635649,2
Rahul,13635649,6
Hobson,5806720,17
Joanne,5806720,6
Danny,21356182,3
Laura,21356182,23
Lester,21356182,6
Rene,21356182,3
Zane,21356182,3
Julie,21356182,6
Claire,35193550,24
Thom,35193550,3
Barrow,35193550,9
Hewitt,30815040,7
Allen,30815040,9
Maggie,30815040,1
Rex,30815040,13
Shepard,30815040,11
Lane,6724491,24
Elliswirth,6724491,24
Vickie,6724491,6
Quarl,6724491,12
Matine,6724491,16
Marion,6724491,6
Charles,6724491,3
Wills,6724491,23
Helen,6724491,3
James,6724491,14
Brodie,4139688,23
Morrow,4139688,14
Otto,23015747,21
Kaspar,23015747,23
Lara,23015747,10
Laszlo,23015747,4
Martta,23015747,21
Eldomain,522735,4
Emeraldas,522735,5
Harlock,522735,4
Hiroshi,522735,6
Umino,522735,5
Pat,12913133,3
Marem,35013520,14
Sonia,35013520,8
Lockwood,17274959,16
Gordon,17274959,21
Flynn,17274959,18
Danny,28302512,16
Arbo,28302512,0
Karan,3811830,6
Oberoi,3811830,12
Sonia,3811830,8
Jenny,3811830,12
Shakespeare,3811830,20
Nawab,3811830,11
Simran,3811830,23
Birla,3811830,12
Jia,3811830,6
Taylor,4031328,10
Donner,4031328,23
Hurd,4031328,11
Gwen,4031328,0
Bassett,4031328,22
Molinar,4031328,4
Carter,4031328,13
McKay,4031328,13
Kiberd,4031328,5
Maggart,4031328,2
Norm,142430,5
Showalter,142430,17
Lundegaard,142430,7
Gunderson,142430,18
Jerry,142430,17
Carl,142430,17
Gustafson,142430,6
Marge,142430,3
Jean,142430,2
Grimsrud,142430,14
Proudfoot,142430,4
Holmes,5664795,6
Henry,5664795,21
Mortimer,5664795,17
Hall,5664795,16
Baskerville,5664795,9
Stapleton,5664795,12
Watson,5664795,13
Gale,28948643,15
Westbrook,28948643,10
Dorothy,28948643,16
Senada,15706691,11
Helena,8260808,7
Rebecca,4785986,3
David,4785986,17
Macklin,2475248,24
Jasmer,2475248,12
Chandler,2475248,17
Shepard,576341,19
Sandy,7601466,3
Dale,7601466,20
Tessie,7601466,3
Joya,7601466,3
Diana,7601466,24
Helen,7601466,22
Maffio,2952395,21
Veronica,2952395,3
Marco,2952395,13
Ozawa,33333482,7
Kouki,33333482,21
Rio,33333482,21
Cable,223902,23
Page,223902,11
Daniels,223902,13
Ligourin,223902,24
Bree,223902,13
Kull,223902,9
Klute,223902,3
Gruneman,223902,17
Lal,6061609,8
Asha,6061609,1
Kishore,6061609,22
Anantram,6061609,17
Giulia,27541690,24
Ann,27541690,16
Joffa,28409571,19
McGuire,28409571,17
Jong-wook,31381839,20
Destiny,31381839,7
Nina,1606173,21
Thomas,1606173,18
Rose,1606173,24
Charlie,1606173,12
Artie,1606173,7
Jules,1606173,20
Mike,1606173,21
Peagreen,12149364,4
Smelly,12149364,7
Spiller,12149364,16
Allabaster,12149364,24
Jeff,12149364,3
Arrietty,12149364,21
Lender,12149364,12
Potter,12149364,3
Michael,21441296,21
Philip,21441296,15
Sam,3544709,21
Livingston,3544709,11
Roger,28796355,6
A&R,28796355,7
Amy,36035782,21
Craig,36035782,22
Joe,36035782,21
Philip,36035782,10
Jimmy,31377787,17
Graham,31377787,22
Olmos,9431893,11
Piscotti,9431893,15
Richard,3060756,23
Ahmed,3060756,2
Yasujiro,3060756,6
Ibrahim,3060756,15
Susan,3060756,4
Jones,3060756,7
Amelia,3060756,6
Mamiya,3060756,21
Wataya,3060756,3
Anwar,3060756,15
Abdullah,3060756,21
Yussef,3060756,15
Rubia,35708430,19
Roy,35708430,21
Allen,142426,8
Fanny,142426,21
Margaret,142426,23
Eliza,142426,14
Steele,142426,1
Grey,142426,9
Marianne,142426,2
Jennings,142426,21
Middleton,142426,5
Brandon,142426,9
Elinor,142426,3
Park,142426,7
John,142426,0
Willoughby,142426,21
Lucy,142426,21
Palmer,142426,21
Beth,142426,13
Ferrars,142426,6
Dashwood,142426,7
Narendran,2833429,17
Kishan,2833429,13
Mohanlal,2833429,11
Falstaff,35889525,11
Seif,34992103,16
Cate,18571859,3
Ronnie,18571859,13
Michael,18571859,4
Carl,18571859,4
Hachiko,18571859,14
Parker,18571859,21
Jasjeet,18571859,15
Hachik,18571859,22
Wilson,18571859,3
Ueno,18571859,20
Ken,18571859,18
Hachi,18571859,3
Andy,18571859,17
Kennedy,2169886,7
Farrington,2169886,6
Bugliosi,2169886,15
Ferguson,2169886,6
Johnson,2169886,13
Musen,2169886,9
Oswald,2169886,5
Foster,2169886,2
Spencer,33382234,5
Harry,33382234,22
Smokey,33382234,21
Smitty,33382234,1
Peters,33382234,6
Rorty,33382234,0
McGinty,33382234,6
Brown,33382234,17
Emma,33382234,3
Hinkle,33382234,1
Hongo,5537826,21
Shinigami,5537826,13
Hopper,5537826,10
Ichimonji,5537826,2
Midorikawa,5537826,3
Yano,5537826,24
Collins,3546329,7
Farnsworth,3546329,4
James,3546329,8
Crabb,6691211,16
Johann,2239713,14
Strauss,2239713,3
Tom,2239713,3
Jerry,2239713,4
Mouse,2239713,22
Chi,7245752,23
Shojiro,7245752,2
Yip,7245752,21
Keung,7245752,22
Amberville,5182584,15
Nina,5182584,3
Alexander,5182584,24
Jonas,5182584,13
Candice,5182584,21
Zachary,5182584,6
Nanette,5182584,3
Maxi,5182584,0
Zach,5182584,8
Meyer,5182584,24
Chambers,5182584,2
Lily,5182584,6
Stern,5182584,19
Cipriani,5182584,13
Cutter,5182584,21
Adamsfield,5182584,8
Daphne,5182584,10
Murdock,1918678,3
Kincaid,1918678,7
Miller,1918678,22
Coral,1918678,6
Chandler,1918678,17
Prince,1918678,20
Ord,1918678,17
Drake,1918678,17
Martinelli,1918678,6
Krause,1918678,19
Anita,6667912,22
Eileen,6667912,12
Tom,6667912,20
Bill,6667912,7
David,6667912,10
Katz,4392928,18
Minnoch,5565346,14
L'Angelier,5565346,6
Madeleine,5565346,13
Smith,5565346,24
Noguk,23299075,5
Gongmin,23299075,17
Rosaleen,16751513,6
Boatwright,16751513,6
Zach,16751513,6
Mary,16751513,11
Lily,16751513,3
discuss,16751513,9
Deborah,16751513,14
Neil,16751513,10
Madonna,16751513,5
Marta,2947481,9
Steinschneider,2947481,10
Benjamin,2947481,23
Breitbart,2947481,21
Hanussen,2947481,3
Samson,2947481,23
Hyuk,20868226,24
Holmes,7230206,10
Wodcik,7230206,14
Hansen,7230206,19
Ashley,7230206,8
Kate,7230206,13
Lee,7230206,21
Connors,7230206,11
Black,7230206,18
Deth,10631093,23
Josephine,10631093,15
Maggie,22877662,10
Suarez,267848,20
Sosa,267848,14
Frank,267848,4
Bernstein,267848,4
Lopez,267848,0
Hancock,267848,9
Manny,267848,6
Tony,267848,6
Chi-Chi,267848,17
Gina,267848,5
Montana,267848,20
Elvira,267848,3
Georgina,267848,14
Angel,267848,1
Omar,267848,16
Ribera,267848,22
Alberto,267848,13
Farina,13275998,3
Finlayson,13275998,3
Maggie,22965595,6
McGregor,22965595,24
Michelle,661723,23
Irene,661723,23
Gallagher,661723,15
Carpenter,661723,3
Moore,661723,7
Woody,53085,3
Phillips,53085,16
Davis,53085,10
Andy,53085,23
Rajan,31692847,5
Sembung,28282337,8
Magi,28282337,22
lackey,23257072,12
Craven,23257072,16
Keoma,23257072,23
Mannaja,23257072,5
Voller,23257072,2
Chackochan,23715097,17
Nina,23715097,21
Bobby,23715097,6
Matthews,23715097,11
Tina,23715097,12
Theopolis,4251465,7
Bottoms,4251465,24
Zomcon,4251465,10
Robinson,4251465,15
Timmy,4251465,4
Helen,4251465,21
Bill,4251465,17
Harvnb,17267001,2
Bordwell,17267001,4
Maria,17267001,4
Sebastian,17267001,21
Alissa,35764883,8
Al-Bakri,35764883,6
Iskandar,35764883,3
Cheah,35764883,9
Amira,35764883,24
Ringgo,35764883,14
Fern,9883850,11
Peterson,9883850,0
Waite,9883850,15
Lily,9883850,2
Diane,1044875,18
Thomas,1044875,11
Melon,1044875,22
Turner,1044875,16
Lou,1044875,24
Martin,1044875,14
Barbay,1044875,13
Vonnegut,1044875,5
Osborn,1044875,3
Jason,1044875,6
Vanessa,1044875,22
Desmond,1044875,2
Thornton,1044875,6
Sawant,23278047,12
Shrikant,23278047,17
Varma,23278047,20
Thakur,23278047,7
Shruti,23278047,4
Namboothiri,25951555,21
Indra,25951555,15
Somayajippadu,25951555,9
Chitrabhanu,25951555,21
Gayathri,25951555,3
Somayaji,25951555,3
Chemmathiripadu,25951555,6
Dathan,25951555,21
Somyaji,25951555,7
Sarpadosha,25951555,3
Somadathan,25951555,6
Gloria,20816204,9
Vinnie,20816204,20
Baumann,15731192,19
Eskanazy,15731192,3
White,26244289,4
Charming,26244289,13
Oga,26244289,16
Prince,26244289,4
Arthur,29890953,23
Dunbar,29890953,15
Ron,24967184,3
Sarah,24967184,11
Allel,24967184,11
Jacob,24967184,10
Emma,24967184,3
John,24967184,3
Chau,19522572,24
Beethoven,19522572,21
Anna,19522572,18
Sha,19522572,9
Sophia,7927833,4
Kira,7927833,21
Michelle,7927833,10
Keane,7927833,3
Bedik,7927833,6
Carmichael,13169133,22
Corazon,19554764,15
Jocelyn,19554764,9
Eleanor,19554764,12
Frankie,19554764,21
Jimmy,19554764,1
Fergus,19554764,22
Docherty,19554764,1
Eddie,19554764,24
Bluett,32974222,8
Aarons,32974222,0
Webber,32974222,8
Parselles,32974222,15
Covin,20066135,23
Walz,20066135,20
Buckley,20066135,14
Thomas,20066135,14
Prince,20066135,20
Pete,20066135,3
Julia,20066135,6
Jacob,20066135,1
Peralta,20066135,23
Ludi,20066135,14
Alma,17752353,19
Lise,17752353,6
Starke,17752353,6
Cohen,17752353,2
Miochaels,19278375,21
Norma,19278375,21
Malika,4325320,2
Paul,4325320,3
Jeannette,24581122,9
Jim,24581122,9
Willie,24581122,0
Wargle,11922721,19
Shanning,11922721,11
Flyte,11922721,3
Jenny,11922721,0
Hammond,11922721,1
Lisa,11922721,6
Roberta,13329416,2
Oliver,13329416,2
Whynacht,13329416,1
Knickel,13329416,15
Jacob,11576690,3
Sarah,11576690,3
Fateh,35924273,3
Pooja,35924273,3
Jenny,35924273,6
Singh,35924273,0
Yuvraj,35924273,19
Athavale,22488519,4
Bhagawan,22488519,15
Ellison,5992871,22
Grey,5992871,6
Walker,5992871,16
Dancer,5992871,6
Bill,5992871,21
Indra,15078267,15
Malini,15078267,24
Vibhandakan,15078267,3
Vaishali,15078267,21
Angarajyam,15078267,20
Lomapadan,15078267,21
Rajaguru,15078267,13
Shanta,15078267,19
Rishyashrungan,15078267,21
King,15078267,21
Black,14609636,16
Uday,36131759,20
Saxena,36131759,18
Ayesha,36131759,3
Incredibilis,10131195,7
Coyote,10131195,23
E,10131195,23
Abbott,7078738,9
Ned,7078738,3
Merrill,7078738,3
Nandini,20370033,2
Saheb,20370033,24
Karam,9523372,6
Yash,9523372,12
Verma,9523372,11
Gayatri,9523372,16
Anjali,9523372,20
Jindal,9523372,7
Sandhya,9523372,4
Rohan,9523372,8
Rivette,1115624,8
Sebastien,1115624,0
Kong,26292267,15
Chow,26292267,6
Ming,26292267,4
Ann,26292267,6
Pot,26292267,10
Nam,26292267,18
Tung,26292267,24
Shing,26292267,20
Ling,26292267,6
Kan,26292267,10
Zeek,3091175,17
Tyler,3091175,3
Taarna,3091175,23
Germaine,3091175,6
Odin,3091175,3
Julie,3091175,3
Kerrie,3091175,4
Lambert,3091175,17
Jackson,9015881,8
Madge,9015881,6
Mockby,9015881,19
Mack,9015881,21
Kurtzman,9015881,4
Harriet,9015881,6
Hawkins,9015881,24
Dunn,9015881,0
Catherine,9015881,16
Thomson,9015881,16
Rountree,9015881,12
Chris,9015881,3
Phyllis,9015881,21
Carmichael,9015881,11
Markovski,1043108,23
Albert,1043108,3
Brad,1043108,6
Vauban,1043108,2
Jaffe,1043108,21
Corn,1043108,17
Tommy,1043108,6
Russell,1043108,12
Bernard,1043108,21
Blakely,16688658,9
Bata,21769565,22
Tony,21769565,10
Buxani,21769565,24
Bunso,21769565,13
Honkasalo,21769565,23
Diosel,21769565,10
Bill,21769565,18
Carolino,21769565,14
Framm,5012787,3
Sullivan,5012787,23
Popov,5012787,4
Natalya,5012787,4
Jackie,5012787,10
Fred,1072075,4
Jones,1072075,8
Shaggy,1072075,4
Doo,1072075,18
Maestro,1072075,19
Zarkos,1072075,10
Rogers,1072075,16
Jane,1072075,4
Mondavarious,1072075,18
Velma,1072075,4
Daphne,1072075,4
Gayathri,32494636,13
Saravanan,32494636,1
Bharathi,32494636,6
Dhana,32494636,21
Parker,1610321,17
Legendre,1610321,20
Madeleine,1610321,4
Charles,1610321,3
Bruner,1610321,3
Short,1610321,15
Beaumont,1610321,12
Neil,1610321,3
Miller,9524916,15
Lila,9524916,8
Tracy,9524916,14
Chandler,9524916,14
Korber,9524916,15
Charlie,9524916,4
Ken,9524916,17
Torno,3928484,15
Johnny,3928484,3
Bible,3928484,15
Nick,3928484,3
Cherney,3928484,21
Jess,3928484,21
North,3928484,4
Carla,3928484,21
Redmond,3928484,7
Vishwamitra,20149733,9
Taramati,20149733,11
Nakshatra,20149733,23
Kanya,20149733,3
Harishchandra,20149733,14
O'Neill,3030263,20
Traveres,3030263,11
Salma,23555063,4
Lamis,23555063,4
Raghda,23555063,8
Samer,23555063,9
Muna,23555063,13
Peter,23555063,19
Rana,23555063,4
Farah,23555063,11
Halaby,23555063,12
Matt,23555063,0
Novatski,23555063,6
Nabeel,23555063,21
Fadi,23555063,17
Hattem,5003508,15
Jeanne,5003508,3
Marwan,5003508,21
Mona,5003508,3
Pat,25194189,21
Eddie,25194189,13
Max,25194189,13
Chuck,20825583,7
Massey,20825583,22
Jarvis,20825583,3
Joyce,2103388,21
Barnacle,2103388,19
Mahesh,20580938,12
Hafiz,20580938,22
Yasmin,20580938,13
Adibah,20580938,8
Ganesh,20580938,16
Melur,20580938,3
Pushpangal,22868781,22
Pothen,22868781,14
Cassidy,22285976,0
Cody,22285976,6
Christine,18940531,4
Charteris,18940531,20
Dashwood,18940531,5
Price,18940531,23
Peep,7897523,14
Wolf,7897523,6
Fifer,7897523,16
Sangita,13843818,11
Kartik,13843818,3
Bok,6307083,5
Yushchinsky,6307083,10
Beilis,6307083,12
Georgie,31314997,21
Klein,31314997,23
Alexander,31314997,15
Hands,31314997,17
Anderson,31314997,21
Antonia,31314997,6
Lynch-Gibbon,31314997,18
Turner,35131222,2
Bruiser,2251266,23
Ocean,2251266,6
Tarr,2251266,13
Escalante,2251266,8
Catton,2251266,24
Bloom,2251266,12
Tishkoff,2251266,11
Ryan,2251266,6
Benedict,2251266,3
Tess,2251266,3
Caldwell,2251266,19
Malloy,2251266,22
Tony,8979709,6
Kitty,8979709,3
Benny,30480836,5
Tommy,30480836,11
Salim,8673987,7
Ragini,8673987,20
Chopra,8673987,13
Atul,8673987,5
Yeshwant,8673987,14
Lohar,8673987,18
Delver,2296633,20
Beaudoin,2296633,15
McKellar,2296633,24
Dada,11977088,17
Suzy,11977088,20
TSM,11977088,7
Chowk,11977088,12
Hojo,11977088,17
Sidhu,11977088,21
Chiang,11977088,18
Sampson,5787216,19
Aitkin,5787216,20
Thayer,5787216,3
Villa,5787216,3
Griffith,5787216,20
Wendell,7048192,21
Gaby,7048192,21
Tony,3850349,15
Joe,3850349,17
Pietro,3850349,6
Max,3850349,6
Gino,3850349,24
Monetti,3850349,3
Dereck,28204476,11
Gorog,28204476,8
Francine,28204476,20
Anton,28204476,15
Louie,28204476,16
Butch,28204476,16
Chuck,28204476,16
HORTENSE,3602691,3
Donald,3602691,3
Hu,3783270,2
Yik,3783270,23
Turbo,3783270,14
Hung,3783270,17
Juan,97734,21
Marthe,97734,6
Maria,97734,6
Luke,97734,15
Ashton,97734,5
Hairston,97734,10
Adams,97734,13
Smith,97734,21
Solomon,97734,0
Bolsius,97734,12
Alma,26200434,21
Elizabeth,26200434,20
Devi,30878636,4
Kali,30878636,9
Alavanda,30878636,6
Natraj,30878636,13
Balu,30878636,3
Renuka,30878636,11
Sivakami,30878636,21
Manorama,30878636,16
Dan,954883,3
Sara,954883,6
Danilo,19400060,16
Lucas,19400060,16
Marcos,19400060,10
Phil,3732855,8
Andrews,5191439,13
Taylor,5191439,12
Brian,5191439,12
Shelley,5191439,12
Beth,5191439,24
Leann,5191439,12
Layton,5191439,5
Marie,5191439,3
Raymond,5191439,0
Ellie,5191439,3
Pierre,1859592,21
Marie,1859592,6
Lucie,1859592,11
Isabelle,1859592,16
Fred,194664,17
Wilma,194664,17
Slate,194664,3
Flintstone,194664,6
Barney,194664,17
Vandercave,194664,6
Stone,194664,24
Jill,2302751,13
Rundgren,2302751,9
Flores,2302751,3
Wagner,2302751,22
Sondheim,2302751,23
Malloran,2302751,13
Simmons,2302751,19
Vlad,2302751,3
Baumann,2302751,20
Dee,2302751,13
Ellen,2302751,3
Fritzi,2302751,3
Julie,2302751,3
Hanley,2302751,3
Lucas,2302751,12
Mickey,19301056,10
Abraham,1707352,11
Balwant,1707352,3
Rajat,1707352,14
Avi,1707352,3
Balraj,1707352,6
Kapoor,1707352,13
Millie,1707352,6
Shobhna,1707352,2
Lalit,21626526,19
Devi,21626526,14
Puri,21626526,9
Ramji,21626526,12
Afsara,21626526,8
Kosh,843289,17
Lyta,843289,3
Kyle,843289,13
Naranek,843289,1
Alexander,843289,11
Sinclair,843289,17
Garibaldi,843289,17
Delenn,843289,6
Takashima,843289,16
Maria,11104355,12
Maironi,11104355,21
Maggiore,11104355,10
Luisa,11104355,14
rie,3903941,12
Francois,3903941,3
Hammer,3237184,22
Roche,3237184,2
Williams,3237184,19
Jean,3237184,6
Maria,3237184,13
Red,3237184,6
Velda,3237184,13
Pat,3237184,2
Holloway,3237184,6
Louis,3237184,3
Duncan,3237184,11
Nancy,3237184,6
Chambers,3237184,18
Mike,3237184,16
Kumar,23795261,9
Sudhi,23795261,6
Krishnakumar,23795261,13
Rakhavan,23795261,12
Kichu,23795261,3
Anjana,23795261,14
Daliha,1316128,9
Albert,1316128,4
Ed,709490,17
Mendez,709490,5
Vitchard,709490,24
Baxter,709490,3
Ling-Wong,709490,24
Burgundy,709490,15
Corningstone,709490,3
Mantooth,709490,17
Harken,709490,9
Ron,709490,6
Bush,709490,0
Garth,709490,3
Bradshaw,709490,10
Brick,709490,6
Fantana,709490,6
Eric,24862569,24
Tom,24862569,3
Freda,24862569,24
King,24862569,23
Angorra,24862569,2
Ellie,24862569,3
Krueger,18578336,6
Loeben,18578336,19
Jenny,18578336,21
Kruger,18578336,20
Hamor,5623405,21
Leah,5623405,8
Ephraim,5623405,8
Dinah,5623405,1
Pharoah,5623405,13
Simeon,5623405,18
Tamar,5623405,21
Reuben,5623405,2
Asenath,5623405,20
Rachel,5623405,3
Potiphar,5623405,6
Jacob,5623405,21
Judah,5623405,3
Benjamin,5623405,23
Ednan,5623405,4
Zilpah,5623405,6
Joseph,5623405,13
Rue,4408733,1
Bogard,4408733,21
Tony,4408733,6
Yamada,4408733,13
Geese,4408733,13
Shiranui,4408733,4
Kaphwan,4408733,20
McGuire,4408733,6
Krauser,4408733,21
Terry,4408733,3
Higashi,4408733,6
Hawk,4408733,5
Blood,4408733,18
Andy,4408733,6
Herman,18235376,1
Crazy,18235376,1
Nascimento,28385798,3
Rocha,28385798,17
Barbosa,28385798,17
Matias,28385798,17
Clara,28385798,23
Fraga,28385798,6
Beirada,28385798,17
Fabio,28385798,17
Rosane,28385798,17
Rafael,28385798,3
Salla,28648182,23
Kyle,30497358,6
Johnny,26387200,13
Stef,26387200,7
Peterson,5106854,3
Mason,5106854,10
Raazi,34691566,20
Preet,34691566,6
Simran,34691566,6
Harman,34691566,3
Quan,33603370,19
Cheng,33603370,2
Agata,7397742,3
Aoi,7397742,21
Hayes,4107637,18
Farr,166186,21
Laura,166186,6
Barrett,166186,3
Adrien,6030897,23
Sam,19250571,3
Mason,19250571,2
Samantha,19250571,21
Luke,19250571,23
Allison,19250571,19
James,19250571,21
Paul,31631454,1
Agatha,4744688,17
Elizabeth,4744688,6
Felix,4744688,13
Victor,4744688,3
Frankenstein,4744688,17
Clerval,4744688,4
Polidori,4744688,6
Sneha,6809403,3
Suriya,6809403,6
Laila,6809403,3
Khan,28069565,12
Raja,34468613,6
Prema,34468613,3
Tagore,34468613,14
Ali,34468613,14
Srinu,34468613,3
Nogerelli,289253,15
Stuart,289253,7
Sharon,289253,2
Johnny,289253,6
Michael,289253,3
Zinone,289253,6
DiMucci,289253,17
Carrington,289253,11
Newton-John,289253,8
Olsson,289253,21
Sagar,35203949,14
Kajal,35203949,24
Sonu,35203949,8
Hugo,22645043,20
Maldark,33759628,10
Kumar,5090323,23
Heera,5090323,19
Sohan,5090323,15
Rekha,5090323,1
Nick,24328926,8
Allie,24328926,2
Lowks,24328926,18
Manisha,28427287,14
Upendra,28427287,14
Surendra,28427287,21
Kumar,873469,2
Maria,873469,17
Bradley,873469,5
Randy,873469,8
Harris,873469,17
Patel,873469,6
Lee,873469,15
Harold,873469,3
Lucy,983731,6
Spencer,983731,3
Brennan,983731,21
Stella,983731,3
Becker,983731,3
Joe,983731,3
Webster,983731,3
Liam,983731,3
Rob,983731,3
Annie,983731,3
Juliano,1046769,6
Geiger,1046769,3
Martin,1046769,7
Dante,1046769,3
Drew,1046769,2
Shaw,1046769,23
Annie,1046769,3
Alex,1046769,3
Ambili,31939369,20
Devan,31939369,15
Kane,254274,3
Christopher,254274,7
God,254274,5
Shadgrind,3200178,7
Patel,3200178,23
Bullock,3200178,9
Tommy,3200178,14
Vinayaka,5690313,15
Murugan,5690313,15
Avvaiyar,5690313,21
Ganeshan,5690313,5
Heinrich,32848985,4
Omsk,17700252,3
Smith,17700252,13
Kumar,16355097,10
Malini,16355097,9
Rithika,16355097,13
Robertson,16355097,13
Finley,1039561,23
Gerald,1039561,24
Tony,1039561,4
Gerry,1039561,3
Josh,1039561,3
Pat,1039561,23
Perkis,1039561,13
Bushkin,1039561,2
Suzuki,3098399,7
Anete,3098399,16
Antonio,21984392,13
Trabbi,21984392,13
Deveraux,9375612,13
Nick,9375612,16
Hauer,9375612,11
Parker,9375612,21
Frank,9375612,6
MaCready,9375612,15
Billy,9375612,4
Walter,32811226,15
Ginzburg,32811226,4
Stalin,32811226,14
Lund,15732863,20
Burk,15732863,13
Sandy,15732863,22
Burke,15732863,13
Shore,15732863,13
Jones,15732863,12
Keller,15732863,1
Yellowlees,15732863,7
Hartounian,179044,7
Patty,179044,17
Fox,179044,10
Navin,179044,3
Johnson,179044,0
Bernstein,179044,10
Reiner,179044,21
R.,179044,0
Marie,179044,21
Hermie,5257171,6
Benjie,5257171,21
Julie,5257171,6
Oscy,5257171,16
Shiang-chyi,21776870,21
Dicko,35062495,16
Bubba,14194356,3
Aysha,14194356,3
Carman,14194356,2
Tom,14194356,3
Donna,3602432,3
Donald,3602432,3
Hodja,16918633,2
Yadav,14529906,21
Yashoda,14529906,11
Gujral,14529906,20
Singh,14529906,14
Renuka,14529906,4
Rohan,14529906,1
Ana,9448041,14
Toledo,9448041,6
Sunita,10619329,18
Badal,10619329,8
Chimpoo,10619329,15
Singh,10619329,14
Rukmini,10619329,24
Richard,16113015,8
Boles,16113015,11
Shirley,16113015,19
III,16113015,7
Martin,16113015,12
Stella,16113015,3
Stephen,16113015,3
Munn,16113015,9
Dallas,16113015,23
Helen,16113015,13
Rodrigo,9946508,13
Fraser,9946508,2
Sharpe,9946508,16
Lawford,9946508,16
Teresa,9946508,23
Harper,9946508,17
Hakeswill,9946508,24
Price,9946508,18
Paula,20060327,3
Dennis,20060327,12
Raymond,20060327,13
Tim,32109227,3
Lee,32109227,3
Ming,32109227,24
Mark,1840775,8
Ingrid,1840775,4
Barry,1840775,10
Magnussen,1840775,24
Trout,1840775,15
Rena,1840775,8
Astrid,1840775,21
Wright,1840775,1
Richards,1840775,9
Annie,1840775,23
Lorgan,24165826,21
Roach,24165826,24
Sylvia,24165826,23
Ruth,24165826,2
Hutchins,24165826,7
Lew,24165826,24
Howard,1419848,8
David,1419848,6
Linda,1419848,3
Kumar,5179684,15
Bansi,5179684,24
Seema,5179684,1
Verma,5179684,8
Ustad,5179684,10
Hari,5179684,1
Rajesh,5179684,1
Govind,5179684,8
Anwar,5179684,24
Rahim,5179684,17
Luna,11682101,16
Ham,11682101,3
Zartog,11682101,10
Kilowatt,11682101,17
Bianca,1835620,15
Arden,1835620,4
Ellen,1835620,4
Nick,1835620,8
Burkett,1835620,23
Fox,1835620,9
Tic,1835620,10
Hoz,1835620,5
gaj,27515609,22
Melgarejo,4494486,4
Bolton,4596922,6
Ross,4596922,18
Dalgleish,4596922,3
Sam,15172134,3
Fanshawe,15172134,15
Adekunle,15172134,3
Krishanan,18023592,23
Mukesh,18023592,10
Lakshmi,18023592,13
Premila,18023592,2
Teresa,18023592,2
Rehna,18023592,3
Gopakumar,18023592,6
Muralikrishnan,18023592,12
Kamala,18023592,8
Vijayaraghavan,18023592,22
Kingsley,5424460,18
Tyce,5424460,19
Grimes,5424460,6
Slocum,5424460,3
Bennett,5424460,24
Livingstone,5424460,13
Jr.,5424460,5
Stanley,5424460,6
Marshall,3055220,13
Angel,3055220,16
Meredith,6298192,2
Stepanova,6298192,19
Bandura,1609051,21
Serebryakov,1609051,13
Katya,1609051,20
Arsionov,1609051,20
Leonid,1609051,15
Steklov,1609051,10
Tarfu,30529193,15
Fubar,30529193,15
Bhojani,25903505,6
Hai,25903505,15
Ingalls,406704,18
Vivian,406704,23
Chang,406704,14
Jean,406704,21
John,406704,3
Michale,12674076,24
Mullins,31976274,12
Deere,31976274,12
Carruthers,31976274,1
Ann,3082124,13
Randi,3082124,6
Tis,3082124,14
Marianne,3082124,6
LeTour,3082124,6
Stanley,1333732,9
Katherine,23675899,16
Isobel,23675899,6
Patrick,23675899,6
Marion,23675899,24
Kaihoro,534751,19
Barry,534751,17
Frank,534751,3
Crumb,534751,17
Derek,534751,3
Giles,534751,4
Robert,534751,23
Romeo,11020749,3
Shakespeare,11020749,20
Crubish,11020749,23
Watts,30127126,11
Clemens,6487068,24
Lowther,6487068,13
Kneisler,6487068,21
Shui,8760404,12
Ye,8760404,2
Rutang,8760404,15
Giant,13895355,7
Weng,13895355,11
Kohler,13895355,13
Y.,187636,8
Linda,187636,2
Kelly,187636,14
Nordley,187636,2
Marswell,187636,3
Megan,1336108,6
Graves,1336108,13
Hill,1336108,16
Gloria,1336108,19
Chapham,1336108,3
Danelli,1336108,0
West,1336108,13
Halsey,1336108,15
Cain,1336108,24
Laura,1924820,20
Seinfeld,1924820,6
George,1924820,6
Kessler,1924820,6
Claire,1924820,6
Costanza,1924820,2
Yun,22578500,5
Mitti,25427344,20
Sarabjit,25427344,0
Brar,25427344,7
Tunda,25427344,20
Singh,25427344,18
Sidhu,25427344,20
Neeru,25427344,14
Heldon,36567002,14
Tredman,36567002,11
Lloyd,36567002,3
Bert,36567002,6
Smith,36567002,10
Walter,2799874,3
Peter,2799874,6
Jones,2799874,15
Parker,2799874,2
Goodfellow,2799874,15
Russell,2799874,23
Holly,2799874,21
Gloria,2799874,3
Clarence,2799874,23
Petey,2799874,13
Grace,2799874,4
Hammond,2799874,10
Brown,2799874,7
Lance,2799874,24
Khan,31199884,12
Saxon,2807368,20
Kazan,2807368,4
Pujardov,2807368,10
Wells,2807368,24
Mirov,2807368,18
Saxton,2807368,16
Dora,142463,6
Orefice,142463,2
Giosu,142463,4
Guido,142463,6
Suwa,25990620,4
Eero,3738820,4
Signe,3738820,24
Majaniemi,3738820,6
Salminen,3738820,6
Lahti,3738820,10
Sachiko,19024755,4
Kitano,19024755,11
Machisu,19024755,23
Charlie,31990140,3
Horsecollar,7070725,8
Minnie,7070725,2
Mickey,7070725,3
Mouse,7070725,19
Leahy,5566931,9
Beery,5566931,1
Keaton,5566931,11
Hitler,30464659,1
Bakjina,30464659,20
Ayyu,14700543,6
Bhootayya,14700543,5
Gulla,14700543,3
Kumar,10555625,2
Raja,10555625,3
Rana,10555625,6
Victoria,10555625,6
Durgadas,10555625,13
Rekha,10555625,13
Liz,34992166,23
Suzie,34992166,13
Morris,34992166,23
Laura,5216472,10
Claire,5216472,9
Daisy,8031432,21
Benjamin,8031432,21
Button,8031432,11
Abbott,8031432,2
Weathers,8031432,17
Queenie,8031432,21
Ben,8031432,16
Gateau,8031432,21
Mike,8031432,16
Caroline,8031432,6
Keno,2150615,17
Raphael,2150615,12
O'Neil,2150615,19
Rahzar,2150615,4
Tokka,2150615,4
Perry,2150615,1
Tatsu,2150615,10
Raph,2150615,4
Meleagre,21103667,16
Dima,21103667,3
Tannen,21103667,21
Damian,35114850,3
Milady,35114850,20
Patrica,35114850,21
Marirrosi,35114850,6
Patricia,35114850,6
Alfonso,35114850,21
Gregoria,35114850,20
Canterville,6251539,8
Cuffy,6251539,4
Young,6251539,9
Simon,6251539,8
Thumb,8355871,17
Pragathi,24720604,12
Saraswatamma,24720604,14
Chinna,24720604,12
Henri,5276632,3
Marion,5276632,3
Saint-Michel,5276632,5
Pierre,5276632,6
Pauline,5276632,21
Sylvain,5276632,3
Mookie,4046725,24
Dunston,4046725,7
Bree,4046725,24
Hale,4046725,2
Lonnie,4046725,1
Anderson,4046725,19
Poole,4046725,17
Gillen,4046725,21
Clydie,4046725,16
Zora,13899957,13
Mace,13899957,3
Ohkren,13899957,10
Ilius,13899957,17
Rockatansky,262465,18
Wez,262465,17
Max,262465,3
Humungus,262465,17
semi-truck,262465,16
Bhadra,6057960,9
Seetha,6057960,21
Tanisha,6057960,5
Sitamma,6057960,22
Kamala,6057960,9
Rama,6057960,13
Anjaneya,6057960,21
Lakshmana,6057960,22
Dammakka,6057960,3
Carter,5261530,21
Taylor,16439424,23
Hayley,17929573,3
Kyle,17929573,23
Alexia,17929573,21
O'Toole,6245744,6
Wakamatsu,15830828,15
Babuji,31485693,16
Viswanath,31485693,11
Sukanya,31485693,12
Marcott,1131961,6
Richard,1131961,3
Laura,1131961,3
Alan,1131961,24
Allen,1131961,9
Marion,1131961,3
Frank,1131961,3
Brad,1131961,23
Harrington,1131961,24
Tucker,26113397,20
Rolfe,26113397,11
Hillhurst,27914668,5
Peter,27914668,9
Falcone,27914668,9
Susie,32020596,3
Alby,32020596,3
Lynn,32020596,15
Tex,32020596,3
Kuntilanak,11126051,3
Ayu,11126051,16
Kuntilanaks,11126051,20
Yanti,11126051,3
Agung,11126051,3
Alfon,11126051,4
Iwank,11126051,6
Mawar,11126051,3
Sam,11126051,3
Dinda,11126051,3
Mangkoedjiwo,11126051,6
Cucaracha,13701844,9
Moe,13701844,6
Bixby,13701844,12
Larry,13701844,1
Doran,13701844,9
Alice,13701844,16
Doren,13701844,9
Tai,2746943,6
Bo,2746943,7
Bowden,423372,6
Suzie,423372,6
Davie,423372,17
Kelly,423372,3
Gloria,423372,15
Sandra,423372,9
Ryan,423372,9
Toller,423372,14
Duquette,423372,6
Lombardo,423372,3
Harriet,12230323,14
Kingsley,12230323,6
Kate,12230323,12
Roddy,12230323,23
Bentley,12230323,19
Poppy,12230323,3
Moore,12230323,12
Harry,9541497,17
Ray,9541497,3
Chlo,9541497,15
Waters,9541497,22
Jimmy,9541497,17
Eirik,9541497,17
Marie,9541497,21
Ken,9541497,17
Trishna,30750975,6
Singh,30750975,20
Hardy,30750975,18
Harry,1889426,3
Lockhart,1889426,22
van,1889426,7
Shrike,1889426,6
Jenna,1889426,13
Dexter,1889426,13
Veronica,1889426,10
Sanjana,26909372,6
Raj,26909372,6
Kishan,26909372,6
Shivani,26909372,6
Sweetie,26909372,18
King,26909372,17
Vikram,26909372,6
Yogi,26909372,19
French,15538307,1
Kay,15538307,6
Withers,15538307,3
Beegle,15538307,4
Tate,15538307,14
O'Rourke,15538307,8
Mack,15538307,1
Piper,15538307,17
Font,15538307,7
Kelsey,15538307,17
McArthur,15538307,4
Deving,15538307,17
Forrest,15538307,14
Britt,15538307,18
Ballard,18123554,17
Stefan,18123554,0
Janowski,18123554,2
Alexandra,18123554,21
Preston,18123554,1
Curtis,18123554,1
Seetha,22759895,3
Ethiraj,22759895,23
Krishnan,22759895,8
Sumathi,22759895,9
Raman,22759895,6
Bama,22759895,6
Salom,909577,6
Fiori,909577,8
Mussolini,909577,10
Moran,34521703,1
Jane,2831557,17
Sam,2831557,21
Tony,2831557,3
Analise,2831557,16
Goodman,2831557,11
Daniels,2831557,21
Mercier,2831557,14
Esteban,2831557,7
Rachel,2831557,6
Ben,2831557,17
Phillips,2831557,3
Varman,29472430,2
Nair,29472430,16
Jyothi,29472430,2
Caraffa,17980259,19
Isabelle,17980259,13
Perry,17980259,15
Bloggs,8863891,0
Bhargavan,7077690,7
Nambiar,7077690,13
Vinodini,7077690,19
Jayakanthan,7077690,14
Mickey,32671897,3
Mouse,32671897,14
Pete,32671897,3
Cooper,9980905,16
Teague,9980905,6
Carter,9980905,6
Kendall,9980905,2
Gina,9980905,2
Kevin,9980905,6
Morris,9980905,24
Hayden,168498,8
Fox,168498,6
Jenny,168498,3
Scott,168498,8
Shermin,168498,7
Merry,6196826,6
Hunter,6196826,13
Livesey,6196826,13
Trelawney,6196826,6
Trewlaney,6196826,21
Pew,6196826,2
George,6196826,21
Jack,6196826,9
Hawkins,6196826,3
Smollett,6196826,23
Flint,6196826,0
Arrow,6196826,21
Silver,6196826,6
Gunn,6196826,23
Jim,6196826,1
Tamara,13503601,23
Joe,13503601,13
Blackburn,13503601,1
Allwood,13503601,16
Rachel,11055577,1
Alejandra,25438380,12
Hidas,11463357,16
Reynolds,11463357,13
Julia,11463357,13
Jansci,11463357,12
Katherine,7169030,10
Kitty,7169030,21
Vico,7169030,1
Jean,7169030,21
Ted,7169030,21
Alvin,3222136,4
Theodore,3222136,3
Frankie,3222136,5
Frankenstein,3222136,22
Dave,3222136,3
Simon,3222136,3
Sandifer,2772657,6
Jana,2772657,14
Plum,2772657,12
Sonny,2772657,4
Chillas,2772657,17
Bruce,2772657,24
Phil,2772657,17
Simon,29004443,15
Vasarhelyi,29004443,10
Sylvia,3761238,2
Terry,3761238,14
Fenwick,11378430,9
Spender,11378430,21
Mountjoy,11378430,21
Kokintz,11378430,22
Vincent,11378430,3
Bledsoe,6935276,15
Sweet,6935276,6
Neal,6935276,21
Bedford,6935276,21
McCall,6935276,8
Raj,2150352,3
Raja,2150352,3
Bobby,2150352,3
Nath,2150352,3
Chopra,2150352,14
Braganza,2150352,23
Jack,2150352,9
Prem,2150352,3
Boop,6013531,17
Betty,6013531,3
Mark,27875557,14
Eva,27875557,4
Elizabeth,27875557,6
Khan,1326068,15
Aman,1326068,4
Kalma,1326068,13
Nishatbi,1326068,19
O'Mally,142456,10
McBride,142456,22
Nova,142456,11
Sullivan,142456,14
Lambeau,142456,6
Chuckie,142456,3
Maguire,142456,21
Skylar,142456,13
Ritter,1311098,12
Sandy,1311098,4
Banatoni,1311098,5
Fred,1311098,3
Johnny,1311098,16
Baldwin,1311098,12
Jahrvi,1311098,3
Ben,1311098,24
Stephanie,1311098,13
Oscar,1311098,4
Reade,1980268,16
Halyard,1980268,2
Thelma,1980268,8
Sam,26393161,23
Vinay,26393161,2
Shankaran,26393161,21
Sandra,26393161,10
Meera,26393161,13
Hathaway,3326078,6
Alice,3326078,23
Kaznyk,3326078,23
Rao,25451763,15
Harshavardhan,25451763,12
Samrat,25451763,2
Lavanya,25451763,19
Kishore,25451763,21
Radha,25451763,2
Dhani,32966863,3
Lola,32966863,3
Ari,32966863,19
Cynthia,24837554,3
Maude,24837554,3
Belva,24837554,15
Glenn,24837554,18
Knudsen,24837554,8
Tommy,24837554,3
Bob,24837554,6
Nona,24837554,3
Milvaine,24837554,1
Delbar,24837554,17
Hassanein,9424571,15
Hassan,9424571,2
Nefisah,9424571,23
Kumar,32269433,6
Kishan,32269433,4
Gopal,32269433,17
Srivastav,32269433,18
Danny,2414288,3
Paul,2414288,17
Sinclair,2414288,20
DiMilio,2414288,22
Brandon,2414288,22
Allyson,2414288,3
Herman,3569822,12
Hansen,3569822,18
Charles,3569822,7
Marcee,3569822,20
Larde,3569822,13
Smith,3569822,9
Nash,3569822,3
Rosen,3569822,13
Alicia,3569822,17
Parcher,3569822,20
Sol,3569822,14
Bender,3569822,14
Barbara,30984089,3
Johnny,30984089,23
Thomas,30984089,15
Marchais,30984089,17
Howard,30984089,6
Cutter,30984089,1
Halstead,30984089,17
Ben,30984089,16
Devlin,30984089,0
Rob,30984089,17
Watson,30984089,17
Jordan,2797638,4
Scott,2797638,8
Griffen,2797638,5
Stewart,2797638,23
Madison,2797638,23
Wallace,2797638,11
Omi,35595535,3
Bhagat,35595535,9
Govind,35595535,3
Che,35595535,24
Langtry,1364187,19
Mathews,1364187,7
Bean,1364187,17
Caliphet,1364187,8
Harden,1364187,17
Lily,1364187,15
Mario,5965539,6
Haru,5965539,14
Bowser,5965539,3
Luigi,5965539,6
Kibidango,5965539,1
Thudnik,2806249,6
Mookoo,2806249,3
Binadrak,2806249,21
Ishbo,2806249,3
Fardart,2806249,11
Abhyankar,2566991,23
Jinnah,2566991,14
Mythili,2566991,8
Khan,2566991,0
Ram,2566991,14
Godse,2566991,2
Amjad,2566991,8
Wheeler,2566991,7
Aparna,2566991,22
Mahatma,2566991,17
Gandhi,2566991,21
Attenborough,2566991,7
Bijlani,29850091,5
Aadmi,29850091,20
Chakraborty,29850091,5
Webster,407293,14
Dale,28347040,24
Barth,11473235,4
Crane,11473235,6
Schuhmacher,11473235,4
Taylor,2588741,1
Zedong,2588741,0
Dietrich,2588741,19
Lee,2588741,9
Liza,2588741,6
Crawford,2588741,7
Channing,2588741,19
Turner,2588741,6
Martin,2588741,6
Perry,2588741,6
Bob,2588741,20
Jane,2588741,4
Midler,2588741,10
Zara,2588741,23
Bankhead,2588741,15
Anne,2588741,6
Garland,2588741,7
Davis,2588741,10
Robin,2588741,6
Pierce,2588741,10
Black,2588741,10
Sanders,5520359,0
Cher,5520359,22
Sonny,5520359,24
Friedkin,5520359,16
Mordicus,5520359,7
Navaz,2223585,2
Shanta,2223585,19
Lenny,2223585,16
Nuria,36356804,6
Miguel,36356804,6
Elisa,36356804,3
Tony,36356804,15
Taraneh,35365357,16
Amir,35365357,7
Jack,25529619,10
Bridgett,25529619,10
Trudy,25529619,6
Ryan,25529619,23
Juan,5819565,24
Garrick,5819565,6
Germaine,5819565,6
Dupont,5819565,19
Tubby,5819565,11
Picard,5819565,21
Cabot,5819565,13
Beaumarchais,5819565,8
Marian,469932,3
Stevens,469932,17
Dale,469932,3
Robbo,469932,6
Glick,469932,17
Potts,469932,7
John,469932,3
Loriwood,31234125,4
King,31234125,8
Brandt,31234125,2
Laila,16258940,4
Dia,16258940,21
Majnu,16258940,21
Mohan,16258940,5
Anokhi,16258940,6
Imram,16258940,23
Singh,16258940,18
Chaudhary,16258940,16
Radha,16258940,2
Najma,16258940,13
Chojar,16258940,20
Arthur,29503032,0
Brassfield,29503032,2
Sharleen,29503032,17
Harry,29503032,2
Mathews,29503032,6
Quatro,29503032,18
Matthews,29503032,17
Travers,29503032,22
Power,22146286,11
Byrne,22146286,24
Catherine,22146286,23
Fermoy,22146286,9
Strang,22146286,24
Anne,22146286,23
Ron,68108,13
Scott,68108,13
Kirby,68108,15
Blake,24740489,19
Tyler,24740489,19
Davenport,24740489,23
Connors,24740489,7
Gwen,24740489,20
Lisa,24740489,16
Cathy,313885,21
Fred,313885,6
Bohannon,313885,22
Ethel,313885,19
Bingham,313885,7
Doug,313885,21
Howie,313885,9
Bowers,313885,19
Prokosch,313885,13
Leo,18788912,19
Randy,18788912,21
Yelnikoff,18788912,24
Melodie,18788912,3
Howard,18788912,10
Boris,18788912,6
Helena,18788912,13
Perry,18788912,21
James,18788912,6
John,18788912,21
Mokichi,30872068,14
Satake,30872068,18
Taeko,30872068,3
Noboru,30872068,6
Setsuko,30872068,2
Quantrill,24531271,17
Sarah,24531271,21
Raja,9667585,6
Cheenu,9667585,13
Shanmugam,9667585,6
Sally,19758454,12
Darla,19758454,1
Renard,5502313,4
Rajini,10640380,16
Vijaykumar,10640380,19
Dink,1439597,7
Guy,1439597,3
Graham,1439597,12
Doug,1439597,3
Swirly,1439597,13
Roger,1439597,17
Skeeter,1439597,3
Bluff,1439597,23
Melville,1439597,23
Beebe,1439597,17
Porkchop,1439597,21
Dick,1439597,24
Patti,1439597,3
Kendon,25757227,4
Eli,25757227,1
Ling-chi,8569317,17
Wong,8569317,17
Jing-wai,8569317,0
Ting-kwong,8569317,17
Si,8569317,17
Ha,8569317,6
Bazin,244752,23
Paul,689969,6
Klein,689969,20
Tracy,689969,6
Linda,689969,21
Lisa,689969,4
Tammy,689969,6
Jim,689969,21
Dave,689969,8
McAllister,689969,3
En,17181831,19
Sung,17181831,24
Chung,17181831,10
Godowni,2332890,7
Everage,2332890,18
Patterson,2332890,17
Humphries,2332890,5
Chevalier,26704454,22
Shirley,26704454,1
Bauer,22456352,20
Alexa,22456352,18
Brockner,22456352,6
Ljubica,22456352,11
Mihailovi,22456352,17
Aleksa,22456352,4
Lubitca,22456352,3
Nada,22456352,21
Mirko,22456352,21
Cheriyachan,22116336,5
Breslin,35313233,21
Rottmayer,35313233,1
Hobbs,35313233,5
Langbroek,32865605,11
Williams,32865605,10
Hughes,32865605,10
Martin,32865605,20
Ryan,32865605,9
Perrott-Clarke,32865605,20
Hulme,32865605,8
Shelton,32865605,22
Nixon,32865605,9
Clark,32865605,22
Kavalee,32865605,9
Truslove,32865605,7
Hruschka,32865605,13
Robbins,32865605,18
Tolj,32865605,12
McGregor,32865605,18
Helliar,32865605,19
Elizabeth,29019202,23
Chopra,11057357,21
Anjali,11057357,6
Kashinath,11057357,2
Ajit,11057357,8
Massillon,19837950,13
Fortunat,19837950,24
Juliette,19837950,24
Saleh,10591973,4
Bayram,10591973,21
Bijan,10591973,21
Narges,10591973,14
Mostafa,10591973,21
Amir,10591973,21
Morteza,10591973,10
Unni,34453923,3
Meera,34453923,6
Aswathy,34453923,6
Salih,30374545,12
Hakan,30374545,14
Jean,16794046,0
Rolonda,2058214,14
Virgil,2058214,16
Dominic,2058214,6
Nia,2058214,9
Gresham,1633134,15
Warnie,1633134,15
Lewis,1633134,0
Lee,10095763,21
Jesus,10095763,21
Doe,10095763,11
Swaggart,10095763,6
Myra,10095763,21
Brown,10095763,13
Spears,23399489,2
Roberts,23399489,8
Zarkon,33419084,17
Rainier,33419084,3
Mima,19958848,5
Ferat,19958848,11
Kunkan,11026652,4
Varma,11026652,14
Dora,11026652,2
Ambu,11026652,1
Baber,11026652,4
Chandhu,11026652,24
Raja,11026652,3
Chandu,11026652,16
Mootha,11026652,5
Veeravarma,11026652,14
Hambone,28238282,16
Mickey,28238282,21
McGuire,28238282,13
Davis,28238282,22
Handler,20117565,19
Tamakwa,20117565,19
Blackie,18600186,14
Sally,18600186,10
John,18600186,11
Sheetal,1353671,13
Salim,1353671,1
Anna,1353671,12
Mathur,1353671,0
Farah,1353671,3
Chopra,1353671,8
Deepak,1353671,17
Priya,1353671,3
Sonja,10644435,23
Aina,10644435,20
Ivar,10644435,6
Sixten,10644435,21
Andersson,10644435,19
Gunnar,10644435,6
lund,10644435,11
Waller,10644435,8
Larson,3703666,6
Egan,3703666,21
Diane,3703666,4
Marcus,3703666,6
Nick,3703666,3
Pete,3703666,3
Newton,3703666,15
Powell,3703666,15
Annie,3703666,3
Rush,2122948,23
Kosinski,2122948,0
Sellers,2122948,19
Smith,2122948,6
Williams,2571348,16
Kragen,2571348,18
Didier,2571348,5
Lagasse,2571348,8
Gunther,2571348,13
Gupta,2571348,13
Burns,2571348,19
Nikolai,695700,6
Monty,695700,3
Naturelle,695700,21
Elinsky,695700,0
Kostya,695700,17
Slaughtery,695700,7
Frank,695700,3
Brogan,695700,16
Mary,695700,21
Jacob,695700,3
James,695700,24
Brecon,28324750,9
Faye,28324750,8
Warlingham,28324750,9
Chacon,33685378,13
Malko,33685378,6
Alexandra,33685378,19
Jeb,4947802,19
Harding,4947802,17
Midford,4947802,19
Christine,4947802,6
Forrest,4947802,16
Kerndon,4947802,6
O'Malley,4947802,17
Nina,26190611,3
Marcus,26190611,17
Liz,26190611,3
Greg,26190611,3
Satish,9687588,17
Madhu,9687588,2
Kulkarni,9687588,3
Kanta,9687588,17
Jabbar,9687588,6
Karanjia,9687588,6
Mitsuko,1618008,4
Kawai,1618008,10
Yoshimi,1618008,7
Matsubara,1618008,3
Ikuko,1618008,3
Road,17610036,14
Jane,5468241,15
Ellison,5468241,21
Cody,5468241,0
Lattimer,5468241,11
Hickok,5468241,6
Custer,5468241,17
Harvey,5468241,15
McCall,5468241,23
Arthur,5290892,17
Barker,5290892,11
Herman,5290892,24
Fred,5290892,17
Gibson,5290892,10
Lloyd,5290892,4
George,5290892,23
Moses,5290892,18
Pendlebury,5290892,17
Kevin,5290892,10
Mona,5290892,2
Chen,3539355,1
Naolia,4333681,22
Raby,4333681,17
Walter,4333681,6
Leonard,4333681,16
Brock,4333681,3
Paisley,4333681,15
Frankie,4333681,6
Carla,4333681,6
Alice,4333681,10
Surchart,4333681,9
Kennedy,6878478,1
Yates,6878478,20
Jonathan,6878478,9
Forrester,6878478,15
Valenski,4791383,13
Daisy,4791383,23
Agensky,8229935,8
Harry,8229935,3
Bacall,8229935,12
Michael,8229935,0
Lance,8229935,21
Freleng,18264961,19
Gonzales,18264961,3
Diane,4133151,19
Anthony,4133151,6
Brooke,4133151,15
Demi,4133151,23
Judd,4133151,6
Lea,4133151,17
Emilio,4133151,23
Molly,4133151,3
Sean,4133151,3
Phoebe,4133151,2
John,4133151,16
Krueger,4133151,2
Baker,4133151,15
Angela,4133151,3
Voorhees,4133151,9
Charlie,4133151,23
Jodi,4133151,15
Rob,4133151,17
Arthur,236497,13
Sam,236497,23
Knight,236497,20
Ames,16812698,3
Minnie,16812698,20
Joe,16812698,22
Cedric,16812698,5
Colleen,16812698,20
Alicia,16812698,20
Ram,15007742,21
Nandini,15007742,2
Shekhawat,15007742,8
Vijay,15007742,21
Silviu,26109198,6
Ana,26109198,12
Renu,3605117,14
Vandana,3605117,21
Shyam,3605117,17
Suraj,3605117,3
Madan,3605117,16
Varma,3605117,18
Arun,3605117,22
Tripathi,3605117,0
Tan,11154212,2
Krit,11154212,23
Oom,11154212,6
Elvira,5865997,16
L,5865997,8
pez,5865997,17
Legendre,5865997,6
Bill,10774002,6
Barbaree,29586711,4
Fraser,29586711,9
Vail,29586711,16
Alec,29586711,21
Mitchell,29586711,11
Brooke,29586711,10
Nancy,29586711,4
Moore,29586711,22
Sasha,13636201,21
Ilanit,13636201,10
Swordsman,221858,2
Ouyang,221858,6
Cheung,221858,11
Feng,221858,9
Jitu,17996335,6
Sanjana,17996335,3
Vishakha,17996335,21
Devu,17996335,3
Khandala,17996335,20
Kanta,17996335,2
Yogesh,17996335,3
Anila,17996335,13
Inga,18472209,3
Victor,18472209,3
Raj,32038442,0
Mahalakshimi,32038442,16
Parthiban,32038442,11
Meena,32038442,2
Rambha,32038442,19
Kudo,1646358,22
Godzilla,1646358,17
Yoshizawa,1646358,22
Megaguirus,1646358,16
Pei,17014422,21
Lee,17014422,12
Young,17014422,20
Ranjith,5113496,6
Pradhan,5113496,14
Rita,5113496,21
Belu,5113496,3
al-Hilali,8591538,6
Zahlanis,8591538,10
Hilalis,8591538,4
Taylor,25367628,10
Williams,25367628,19
Franklin,25367628,9
Mitchell,25367628,13
john,25367628,12
Claiborne,25367628,0
Bobbie,25367628,4
Lisa,25367628,14
Lokhande,3332816,6
Shekhar,3332816,6
Bhargav,3332816,21
Simran,3332816,6
Betty,20204625,5
Grampy,20204625,24
Jimmy,20204625,12
Kodi,1341089,3
Bhargava,1341089,10
Gita,1341089,6
Amma,1341089,5
Mohan,1341089,21
Joshi,1341089,7
Haridas,1341089,5
Spike,11141613,3
Tom,11141613,3
Jerry,11141613,23
Murphy,6954778,24
Vikramarka,6954778,17
Dweepam,6954778,14
Rao,6954778,1
Hyde,8763366,20
Stevenson,8763366,17
Jekyll,8763366,16
Stevens,1918683,7
Tara,1918683,3
Gangreen,1918683,3
Pedro,1918683,24
Finletter,1918683,1
Chad,1918683,11
Clooney,1918683,0
Irina,17922555,8
Natasha,17922555,19
Andrei,17922555,21
Masha,17922555,21
Vershinin,17922555,0
Sophia,12355679,4
Paul,12355679,0
Sabrina,12355679,3
Gwen,12355679,11
Palmer,33842844,1
Ben,33842844,1
Angie,16198418,9
Fool,4110734,16
Grim,4110734,19
Swanson,33935867,12
Mantoo,26067636,23
Gellar,26067636,3
Bono,26067636,13
Geller,26067636,13
Anna,26067636,4
Ravi,26067636,6
Hook,26067636,6
Suresh,26067636,4
Singh,26067636,14
Sanjay,26067636,3
Krisha,26067636,24
Kavon,25081004,15
Tracey,25081004,6
Alexander,25081004,4
Solo,25081004,11
Kuhster,265891,20
Meen,265891,4
DuBois,265891,7
Sturdy,265891,19
Olay,265891,5
Hapnick,265891,13
Leslie,265891,3
Stuppe,265891,12
Russo,6577108,23
Scheider,6577108,10
Manucci,6577108,3
Kalish,6577108,18
Rosen,28798236,1
Carl,28798236,10
Jenny,28798236,4
Peachey,28798236,8
Harvey,28798236,7
Amutha,10197031,19
Selvam,10197031,17
Amudha,10197031,6
Ashok,10197031,2
Murugan,10197031,3
Roscoe,5736981,15
Black,5736981,15
Perry,6465014,18
Duggan,6465014,11
Lucas,6465014,4
Meg,6465014,2
Hooper,617066,6
Tony,617066,6
Berns,617066,18
Doyle,617066,9
Deal,617066,10
Cully,617066,6
Shidski,617066,19
Sonny,617066,17
Roger,617066,6
Gwen,617066,23
Bradshaw,617066,10
West,617066,9
Jocko,617066,5
Geetha,10640685,23
Aarumugam,10640685,21
Srividya,10640685,2
Rajarajeswari,10640685,16
Mynaa,29449838,21
Suruli,29449838,6
Ramaiah,29449838,13
Deepavali,29449838,23
Bhaskar,29449838,13
Stoller,1792785,15
Guthrie,1792785,19
Preston,1792785,24
Little,1792785,21
Kenichi,6198415,5
Voorhees,1260100,9
Toby,1260100,3
Stoney,4711636,10
Bobby,4711636,18
Bernadette,4711636,16
Lafleur,4711636,15
Dugan,4711636,8
Bragin,29676959,14
Silkova,29676959,0
Krippendorf,4857566,4
Williams,4857566,11
Jennifer,4857566,6
Micelli,4857566,17
Spivey,4857566,9
Allen,4857566,21
Mickey,4857566,15
Smith,4857566,15
James,4857566,23
Shelly,4857566,13
Misraki,143952,15
Natacha,143952,13
Nosferatu,143952,22
Kumar,9538292,0
Tahira,9538292,3
kasam,9538292,5
Tankard,31683286,13
Rollo,31683286,10
Pierpan,31683286,9
Nancy,31683286,3
Worricker,31683286,16
Abbas,26069013,23
Cavidan,26069013,9
Ensar,26069013,17
Celal,26069013,10
Takigawa,13636848,2
Ursula,7246171,23
Saint,7246171,15
Joel,7246171,13
Eulalia,7246171,3
Christy,7246171,14
Julia,7246171,22
Mary,7246171,10
Miguel,7246171,10
Buckley,19911954,0
Normane,19911954,17
Flores,850497,1
Jane,850497,4
Kimba,850497,6
Lazar,850497,6
Joyce,850497,2
Molieri,850497,22
Lea,850497,14
Lingyu,23812920,21
Steve,74904,12
Jones,74904,4
Marky,74904,4
Shobaraj,22100782,22
Chan,28616678,18
Tommy,28616678,15
Brian,10995365,17
Reggie,10995365,6
Pete,10995365,6
Paterson,31992932,13
Stefan,31992932,8
Cytro,24859823,13
Max,24859823,20
Mendel,24859823,24
Torro,10165473,22
Bengoa,10165473,9
Miguel,6772207,2
Michelle,6772207,21
Robin,8164669,17
Moe,8164669,23
Hegai,27181651,6
Vashti,27181651,5
chamberlain,27181651,15
Williams,27181651,19
Mordecai,27181651,6
Ahasuerus,27181651,18
Hamon,27181651,6
Memucan,27181651,6
King,27181651,17
Haman,27181651,6
Esther,27181651,6
Miamuna,27181651,3
Hathach,27181651,13
Akmenrah,4167411,15
Nick,4167411,15
Octavius,4167411,6
McPhee,4167411,3
Cecil,4167411,3
Gus,4167411,4
Roosevelt,4167411,6
Hutman,4167411,13
Daley,4167411,20
Dexter,4167411,10
Jedediah,4167411,15
Sacagawea,4167411,13
Reginald,4167411,4
Don,4167411,24
Larry,4167411,17
Isak,672737,3
Nilsson,672737,14
Bj,672737,5
Rockefeller,24017181,3
Kay,3259855,15
Fleming,3259855,8
Young,3259855,8
Celia,3259855,3
Ezekiel,3259855,8
Dunsworth,3259855,11
Claire,3259855,4
Coolen,3259855,0
McKay,3259855,9
Bell,3259855,19
Samson,22641776,3
Delilah,22641776,3
Valookaran,27326736,9
Tony,27326736,5
Tonychan,27326736,14
Ali,27326736,14
Sandra,27326736,3
Nancy,27326736,19
Ittichan,27326736,22
Kuruvilla,27326736,14
Alamelu,19691404,15
Raja,19691404,2
Annamalai,19691404,6
Chandra,19691404,12
Radha,19691404,15
Judge,14739838,13
Shemp,14739838,3
Henderson,14739838,1
Sandro,25500563,11
Vladakov,5973389,6
Virgil,5973389,17
Gruber,5973389,16
Christy,5973389,18
Carpenter,5973389,10
Parker,5973389,12
Roberto,5973389,24
Valdakov,5973389,23
Willie,5973389,9
Vladikov,5973389,17
Valadakov,5973389,5
Binghampton,5973389,4
McHale,5973389,6
O'Keefe,3244123,12
Donovan,3244123,22
Anita,3244123,18
Kingsley,9467628,19
Khumalo,9467628,18
Chun,1519082,17
Fletcher,1519082,9
Peter,1519082,4
Wolfe,1519082,6
Zoe,1519082,3
Scott,1519082,15
Plummer,1519082,17
Seth,1519082,3
Fawcett,1519082,17
Claire,1519082,17
Murney,1519082,23
Julie,1519082,17
Gary,1519082,23
Lulu,1519082,6
Helga,1519082,6
Potter,1519082,18
Allison,1225570,1
Robert,1225570,21
Annabel,1225570,3
Lannie,1225570,3
Juanita,33010817,2
Joyce,33010817,22
Grummit,33010817,15
Dell,33010817,4
Blackstone,3181607,10
Villechaize,3181607,24
Beswick,3181607,0
Jane,1231856,3
Wheeler,1231856,8
Sinski,1231856,13
Aubrey,1231856,9
Cox,1231856,24
Billy,1231856,23
Collins,18780551,16
Marble,18780551,6
Winnie,18780551,3
Medland,18780551,21
Annie,18780551,17
Jackson,1002717,17
Delia,1002717,10
Stella,1002717,16
Stiltskin,1002717,9
Carlson,1002717,20
Scotty,1002717,4
Scott,1002717,10
Tony,1002717,17
Ferguson,1002717,18
Farnum,1002717,3
Fergie,1002717,16
Whitey,1002717,5
XIII,1002717,15
Gloria,1002717,3
Bob,1002717,8
Darrow,1002717,22
Hennessy,1002717,17
Stanley,1002717,8
Mundy,1002717,15
Roberts,1002717,18
Charlie,1002717,22
Tibbets,1002717,9
Rupert,1002717,17
Peter,15205682,21
Davis,15205682,4
Nora,15205682,2
Deth,24520560,23
Sokurov,16194388,5
Malyanov,16194388,8
Katie,23437577,0
Ryan,23437577,4
Andy,23437577,18
Sara,23437577,15
Marley,216072,3
Harry,216072,6
Merchants,216072,2
Marv,216072,6
Peter,216072,3
Kate,216072,11
Kevin,216072,3
Mills,990663,17
Patch,990663,24
Tony,168929,23
Cooper,168929,9
Bourne,168929,10
Billy,168929,21
Nan,168929,16
Wilkinson,168929,13
Michael,168929,15
Lewis,168929,8
Elliot,168929,22
Jackie,168929,6
Claudia,4362550,9
Morrison,4362550,15
Draper,4362550,13
Levinsky,4362550,16
Green,4362550,14
Sam,3198799,3
Cooper,3198799,8
Sammy,3198799,3
Pew,3198799,13
Oe,3198799,16
Gandhi,3198799,21
Durai,22997248,21
Dorai,22997248,16
Vasantha,22997248,18
Durairaj,22997248,13
Mallika,22997248,2
Mickey,19787652,16
Wong,19787652,12
Sivalingam,20750885,1
Deepa,20750885,5
Ranjith,20750885,11
Bhavani,20750885,18
Natale,11783981,6
Luisa,11783981,1
Vega,4211962,19
Chapman,4211962,11
Mace,31977939,8
Dee,31977939,24
Evans,31977939,22
Duryea,31977939,1
Rosalind,31977939,23
Denniston,6942306,16
Russell,6942306,21
Webb,6942306,12
Shirley,2293008,6
Jana,2293008,24
Dusl,2293008,22
Pichler,2293008,6
Dana,2293008,15
Chiari,2293008,2
Springer,2293008,11
Meredith,23291125,9
Burtshaw,23291125,19
Maud,23291125,19
Fudd,2475974,6
Jolson,2475974,22
Elmer,2475974,6
Deepak,26524122,2
Dharmadhikari,26524122,21
Rao,26524122,6
Tim,787273,6
Peter,787273,6
Garrity,787273,15
Diana,787273,1
Palmieri,787273,4
Burton,787273,19
Stiles,787273,16
Martin,12141318,16
Arthur,6722354,6
Lukenberg,6722354,12
Tate,6722354,1
Lawson,6722354,12
Esteda,6722354,0
Baroness,6722354,8
Shedu,12424379,8
Aftab,12424379,23
Kharo,12424379,24
Tina,12424379,21
Jack,32546903,3
Bauer,5822642,21
Hooten,5822642,19
Allen,5822642,6
Needler,5822642,12
Benus,5822642,7
Freddie,5822642,23
Madison,5822642,13
Minnie,5964231,11
Horsecollar,5964231,11
Eliza,5964231,21
Tom,5964231,16
Mickey,5964231,11
Eva,5964231,21
Mouse,5964231,19
Legree,5964231,19
Stuart,1709435,9
Mitchell,1709435,3
Ben,1709435,1
Casey,1709435,3
Sreekutti,24582601,23
Harikrishnan,24582601,2
Hari,24582601,21
Ganga,24582601,11
Sett,24582601,15
Karunan,24582601,21
O.D.,2275930,17
Dad,2275930,20
Medusa,2275930,9
Suzy,2275930,3
Putterman,2275930,13
Marsh,1866289,18
Bilk,1866289,1
Biddulph,1866289,17
Blake,1866289,13
Nicolle,1866289,17
McCallum,1866289,17
Rogers,1866289,8
Bidduplh,1866289,12
Bailey,1866289,7
Keane,1866289,24
Carroll,1866289,4
Schreck,1866289,7
Landor,1866289,14
Bauer,18917513,22
Hoefler,18917513,6
Tillig,18917513,24
Globke,18917513,17
Eric,18917513,6
Wirtz,18917513,5
Koertner,18917513,15
Loeffler,18917513,20
Karl,18917513,17
Sulke,18917513,21
Gray,17851597,12
Samuels,17851597,11
Chandelier,17851597,9
Nelson,17851597,18
Pharaoh,17851597,23
Marko,17851597,7
Akenaten,17851597,15
Marks,17851597,5
Clapworthy,17851597,14
Hubergritz,17851597,17
Burt,17851597,1
Ha-Ri-Son,17851597,9
Rupert,17851597,9
Cavanaugh,2184393,9
Ainsley,2184393,12
Williams,2184393,20
Ann,2184393,13
Barrett,2184393,3
Baxter,2184393,22
Hoffman,2184393,13
Buddha,14992861,0
Molly,14992861,3
Adam,14992861,4
Budderball,14992861,6
Shasta,14992861,21
George,14992861,16
Rosebud,14992861,3
Bernie,14992861,17
Bonhomme,5898351,0
Chabrol,5898351,6
Gilles,5898351,9
Catherine,5898351,1
Melinda,5898351,21
Jeanne,5898351,6
Georges,5898351,0
Sophie,5898351,6
Merrick,18766380,15
Sam,18766380,23
Thompson,18766380,3
Jeff,18766380,3
Winkel,18766380,9
Margot,18766380,21
Flandrin,18766380,7
Leo,10651171,4
Verica,10651171,10
II,1870643,21
Parmenio,1870643,20
Gordius,1870643,17
Roxane,1870643,8
Alexander,1870643,21
Demosthenes,1870643,14
Memon,1870643,18
Memnon,1870643,16
Pausanias,1870643,15
Aeschines,1870643,7
III,1870643,9
Philip,1870643,14
Polo,28909398,24
Abel,28909398,1
Martin,28909398,14
Dionisia,28909398,12
Margarita,28909398,20
Palos,28909398,9
Bernam,10117636,13
Moran,10695156,8
Pete,10695156,12
Mary,10695156,13
Phil,10695156,13
Wyndham-Lewis,6945281,13
Disraeli,6945281,23
Franz,33401569,21
Peter,33401569,21
Naryshkina,33401569,1
Moiseyevich,33401569,3
Anna,33401569,3
Sophia,33401569,2
Galitzine,33401569,5
Streltsy,33401569,6
Brovkin,33401569,6
Lopukhina,33401569,8
Montz,33401569,6
Great,33401569,13
Rita,1549991,23
Abromowitz,1549991,21
Mickey,1549991,16
Ben,1549991,15
Murray,1549991,6
Liu,26037408,7
Nick,5429460,1
Frank,5429460,14
Cora,5429460,11
Smith,5429460,6
Chambers,5429460,3
Gus,9122163,16
Martha,9122163,4
Beebe,9122163,6
Ringmar,9122163,22
Mike,9122163,13
Randall,9122163,19
David,9122163,24
Weiner,22486844,6
Trish,22486844,6
Mellencamp,22486844,9
Allen,22486844,16
Billy,22486844,3
Jacqueline,22486844,23
Mark,22486844,6
Chloe,22486844,8
Timmy,22486844,3
Helen,22486844,5
Joy,22486844,3
Andy,22486844,6
Lerner,22486844,14
Blake,678080,12
Tony,678080,17
Marcy,678080,10
Trudy,678080,21
Thornton,678080,3
Fuad,678080,3
Freemont,678080,6
Suzette,678080,17
Alexander,5224,2
Bernstein,5224,7
Stewart,5224,15
Thatcher,5224,1
Susan,5224,2
Thompson,5224,3
Rosebud,5224,16
Kane,5224,21
Norton,5224,7
Leland,5224,1
William,27993395,5
Morrison,27993395,18
Beech,27993395,7
Judy,27993395,15
Monroe,27993395,7
Wallace,27993395,1
Khorshid,31665157,16
Hildegard,14414565,21
Kirow,14414565,8
Michialow,14414565,17
Kowalska,14414565,1
Leonide,14414565,21
Hidegard,14414565,6
Koslov,14414565,3
Lisa,14414565,23
Michailow,14414565,11
Guryanov,23835705,0
Juan,15310776,24
Avila,15310776,21
Dr.,15310776,7
Gomez,15310776,10
Nagel,15310776,7
Nerangalil,16036739,8
Jacobi,16036739,5
Jo,16036739,3
Garc,16036739,0
madhavan,16036739,13
Branagh,16036739,16
Krishnan,16036739,9
Anjali,16036739,2
Thompson,16036739,5
Kamau,34983677,20
Bigelow,5569839,17
Randolph,5569839,2
Martin,5569839,16
Costello,5569839,13
Dexter,5569839,3
Maxwell,5569839,21
Weepy,5569839,17
Davis,5569839,21
Leibowitz,2750980,9
Hutton,2750980,0
Palacios,19788399,19
Hyland,7994800,10
Moon,7994800,14
Lane,24464878,3
Baxter,24464878,12
Kei,27904525,3
Wah,27904525,5
Lee,27904525,15
Chi,27904525,6
Cho,27904525,3
Tung,27904525,23
McTavish,11840982,22
Vince,11840982,21
Toue,11840982,20
Anderson,11840982,15
Kutz,11840982,10
Bender,11840982,22
Preston,19664197,4
Reardon,19664197,4
Drummond,19664197,12
Bansi,7584180,11
Azmi,7584180,24
Irani,7584180,12
Mansi,7584180,20
Toronto,13512759,13
John,13512759,16
Lucy,10735637,22
Sunitha,14823527,21
Lakshmi,14823527,6
Seshamamba,14823527,13
Ravi,14823527,17
Lavanya,14823527,13
Letterman,31217842,9
Raquel,31217842,13
Weebo,1344253,13
Croft,1344253,7
Bennett,1344253,15
Flubber,1344253,16
Reynolds,1344253,12
Brainard,1344253,16
Wilson,1344253,24
Weebette,1344253,23
Hoenicker,1344253,16
Smith,1344253,4
Philip,1344253,3
Sara,1344253,16
Sanjana,5840102,6
Khan,5840102,13
Nisha,5840102,3
Shekhar,5840102,6
Harry,2037975,3
LaFleur,2037975,6
Henderson,2037975,3
Wrightwood,2037975,6
Bonham,17593898,23
Jane,32298508,14
Jason,32298508,3
Julie,32298508,21
Joe,32298508,4
Ben,32298508,16
Kurt,32298508,2
Alex,32298508,14
Riley,16054694,21
Fitzroy,6631386,14
Roy,6631386,8
Peter,6631386,21
Kingsmill,6631386,19
Timberlake,6631386,21
Fleming,6631386,21
Stanley,6631386,21
Lavinia,6631386,3
Hitler,13298228,16
Mari,13298228,17
Leung,1699911,11
Franco,12606007,20
Roger,24397723,14
Rogan,338849,6
Gordon,338849,7
Maggie,338849,23
Back,338849,4
Xur,338849,4
Kril,338849,15
Galan,338849,23
Blake,338849,23
Grig,338849,17
Gunstars,338849,16
Alex.,338849,17
Alex,338849,3
Louis,338849,4
Matthew,1094719,2
Jennifer,1094719,17
Toshio,1094719,4
Saeki,1094719,15
Nakagawa,1094719,17
Susan,1094719,11
Doug,1094719,17
Yoko,1094719,17
Kirk,1094719,4
Alex,1094719,17
Kayako,1094719,20
Karen,1094719,3
Igarashi,1094719,9
Davis,1094719,10
Emma,1094719,3
Takeo,1094719,10
Christophe,30473945,21
Sheila,34346480,8
Shankar,34346480,18
Singh,34346480,20
Mario,26241300,9
Rosaura,26241300,8
Salinas,26241300,18
lez,26241300,11
Tejero,26241300,20
Junco,26241300,2
Rojo,26241300,15
Saenz,26241300,15
Palma,26241300,0
Tejera,26241300,11
Jean-Claude,16777096,4
Steve,16777096,17
Aoki,31120905,10
Asuka,31120905,21
Taki,31120905,18
Becker,1122412,20
Aldridge,19259663,23
Katherine,5283093,3
Bubba,5283093,13
McMichaels,5283093,16
Edward,5283093,3
Crawford,5283093,9
Tillinghast,5283093,13
Pretorius,5283093,6
Bloch,5283093,13
Brownlee,5283093,3
Mr.,6986799,23
Max,6986799,18
Grinch,6986799,3
Evelyn,17776062,14
Sheldon,17776062,2
Chavez,23862669,2
Koko,7210856,1
Betty,7210856,4
Lewis,924857,19
Khaila,924857,3
Hunter,924857,0
Lewin,924857,9
Margaret,924857,3
Isaiah,924857,21
McHenry,8195278,3
Hank,8195278,6
Marino,8195278,17
Nerva,243204,23
Drusilla,243204,14
Tiberius,243204,22
Caligula,243204,17
Chaerea,243204,23
Caesonia,243204,6
Taylor,7804238,6
Heymann,7804238,10
Yuko,10103122,12
Kitura,10103122,12
Nao,10103122,3
Komori,10103122,21
Mitsuya,10103122,3
Kagami,10103122,6
Ryouko,10103122,3
Niigaki,10103122,3
Tejima,10103122,6
Soleil,24122710,20
Laura,2748709,6
Brendan,2748709,3
Bramish,2748709,20
Dode,2748709,22
Emily,2748709,6
Frye,2748709,0
Trueman,2748709,0
Kostich,2748709,7
Frisco,2748709,18
Farr,2748709,24
Aaron,33726624,6
Jack,33726624,13
Caroline,33726624,13
Raymond,33726624,23
Sinja,33726624,13
McCall,33726624,23
Dakang,1713779,21
Armstrong,1713779,9
Englehorn,1713779,16
Hilda,1713779,3
Helstrom,1713779,10
Denham,1713779,3
Woody,20872882,23
Gabby,20872882,7
Gator,20872882,17
Mark,32583135,22
Anna,32583135,23
Gabe,26551541,16
Louie,26551541,17
Whitey,26551541,13
Henry,5388717,13
Hedin,5388717,17
Havens,5388717,0
Robbie,5388717,3
Pennebaker,5388717,0
Jones,5388717,13
Ben,5388717,9
Cross,5388717,9
Billy,5388717,6
Rimbaud,5388717,15
Camacho,5388717,10
Quinn,5388717,3
Rivington,5388717,24
Fabian,5388717,10
Blanchett,5388717,11
Reader,5388717,0
Norman,5388717,13
Dylan,5388717,21
Arvin,5388717,12
Heylin,5388717,5
Tho,5388717,6
Garrett,5388717,17
Rollins,5388717,0
James,5388717,19
Bale,5388717,22
Claire,5388717,21
Ginsberg,5388717,15
Woody,5388717,23
Lester,5388717,1
Gere,5388717,7
Gates,5388717,9
Greenwood,5388717,12
Guthrie,5388717,3
Kissinger,5388717,9
Edelstein,5388717,4
Didi,2724049,3
Teddy,2724049,6
Pierce,2724049,8
Milner,2724049,19
escape,6273971,21
Grogham,6273971,22
Brad,6273971,8
Traian,6273971,21
Dolittle,6273971,24
Walthrope,6273971,20
Groghan,6273971,7
John,6273971,3
Luke,5807181,7
Arbuckle,5807181,12
Mabel,5807181,17
Normand,5807181,2
John,5807181,22
Fak,7738646,5
Somsong,7738646,21
Rattigan,10972714,4
Mitchell,10972714,19
Boulting,10972714,11
Greene,10972714,0
Gilner,27686452,20
Aaron,27686452,6
White,27686452,18
Mahmoud,27686452,13
Bobby,27686452,6
Noelle,27686452,3
Craig,27686452,6
Nia,27686452,3
Luca,21256010,13
Zoerner,21256010,17
Collins,21256010,23
Caleek,21256010,20
Ancy,23751392,6
Jimmy,23751392,10
Philipose,23751392,8
Sisupalan,23751392,18
Jane,4334307,13
Oliver,4334307,3
Bonney,4334307,3
Martingale,4334307,12
Kidd,4334307,17
Beatrice,28224334,1
Dee,28224334,9
Elizabeth,28224334,17
Katherine,28224334,1
Will,28224334,16
Ann,28224334,17
Peter,28224334,24
Ward,28224334,3
Chloe,28224334,19
Boyce,28224334,17
Jack,28224334,17
Libby,28224334,16
Donahue,9457226,20
Blake,9457226,3
Indir,669691,12
Ray,669691,7
Apu,669691,0
Sarbajaya,669691,3
Thakrun,669691,23
Panchali,669691,4
Durga,669691,6
Negrete,26541865,2
Torres,26541865,18
Villarreal,26541865,2
pez,26541865,11
Lamarque,26541865,13
Infante,26541865,9
Flores,26541865,15
Roberto,26541865,16
Ald,26541865,22
Silvestre,26541865,9
Gonz,26541865,24
Dom,26541865,21
Llano,26541865,9
Barba,26541865,8
Soler,26541865,1
Alonso,26541865,7
Marqu,26541865,0
Weisser,24407265,11
Wong,19521134,14
Lee,19521134,12
Chan,19521134,12
Pasha,19521134,23
Pacino,6199357,22
Niro,6199357,9
Warren,6199357,20
Frankie,6199357,21
Joey,6199357,12
Gibbons,36500436,17
Galkin,36500436,5
Lenin,36500436,12
Sydow,36500436,18
Abby,36500436,3
Misha,36500436,3
Bob,36500436,14
Pascal,36500436,10
Reznor,433062,14
Hiroko,34661304,19
Jim,34661304,3
Lai,34661304,18
Roy,34661304,14
Castelli,26697590,4
Wolzow,30170738,18
Holt,30170738,13
Zsigmond,25180809,16
Goldman,25180809,14
Corman,25180809,10
Fonda,25180809,19
Bogdanovich,25180809,0
Mark,25084392,7
Sandra,25084392,0
Baxendale,25084392,12
Brian,25084392,7
Graham,25084392,19
Emerson,1529108,24
Ralph,1529108,10
Redford,1529108,22
Thompson,1529108,9
Harvey,1529108,10
Hussein,1529108,6
Marcus,1051659,15
Alexi,1051659,1
Petrovich,1051659,0
Ridley,1051659,21
Cross,1051659,15
DeLeon,16951571,17
Louis,16951571,12
Barbato,16951571,23
Denise,16951571,20
Akai,10996357,3
Murasaki,10996357,17
Arai,10996357,6
Juzo,10996357,3
Hajime,10996357,9
Dana,28506139,6
Sean,28506139,8
Mike,13995078,9
Freddie,13995078,6
Nicholaus,13995078,3
Megan,563861,22
Sam,563861,3
Cooper,563861,17
Terry,563861,5
Wells,563861,17
Joe,563861,17
Ryan,563861,4
Bruce,563861,4
Marchione,1238341,19
Langlois,1238341,22
Maria,1238341,3
Loggia,1238341,22
Mezzofanti,1238341,4
Peacock,1238341,12
Lytton,1238341,9
Sellers,1238341,19
Jouvet,1238341,21
Manny,30231661,7
Ortiz,30231661,13
Dolenz,30231661,18
Justin,30231661,22
Terry,30231661,23
Hara,30231661,8
Nikki,30231661,3
Riley,30231661,3
Ben,30231661,5
Angie,30231661,3
Harry,7296021,24
Sinclair,7296021,5
Sennet,7296021,21
Mario,5577180,6
Tony,5577180,6
Manetta,5577180,13
Jerry,5577180,14
Eloise,5577180,20
Shirl,5577180,15
Marks,5577180,12
Rogers,5577180,19
Ally,5577180,3
Sophie,5577180,2
Plunkett,22110321,23
Tom,22110321,3
Farrell,22110321,15
Gilda,22110321,21
Max,22110321,19
Chambers,22110321,19
Curtis,22110321,23
Gaekwad,4186543,9
Mia,4186543,17
First,2546890,15
Molly,2546890,14
Mano,19708435,3
Neal,19708435,3
Sagai,19708435,9
Saiga,19708435,3
Momotake,19708435,13
Kizumi,19708435,4
Sugisaka,19708435,3
Tokiyasu,19708435,13
Noriko,19708435,3
Asakura,19708435,3
Dorsey,1679183,22
Doug,1679183,21
Kate,1679183,2
Jack,1679183,8
Pamchenko,1679183,6
Moseley,1679183,11
Florence,13368316,19
Broadhurst,13368316,1
Beck,586740,16
Luna,586740,6
Miles,586740,6
Monroe,586740,9
Schlosser,586740,13
Habsburg,1369204,11
Maxmilian,1369204,21
Maximillian,1369204,5
Uradi,1369204,1
Napoleon,1369204,17
rez,1369204,0
Ju,1369204,9
Marathwada,28376197,10
Gurav,28376197,24
Daniel,905964,3
Watkins,905964,1
Kintner,905964,3
Seth,905964,21
Krista,21835208,15
Murray,21835208,17
Sam,30864775,21
Lincoln,30864775,2
Revere,30864775,15
Porky,30864775,21
Yuen,11039415,22
Yu,11039415,21
Shan,11039415,24
John,30431590,21
Harmon,5016294,3
Betty,5016294,13
Breezerman,5016294,3
Bob,5016294,6
Mick,29214531,18
Lena,29214531,13
Morne,29214531,17
Cardby,29214531,6
Elektronic,13428631,4
Syroezhkin,13428631,13
Urrie,13428631,22
Gromov,13428631,12
Hammer,68099,4
Meeker,68099,10
Soberin,68099,18
Gabrielle,68099,6
Carver,68099,9
Velda,68099,23
Mike,68099,17
Christina,68099,23
Lily,68099,13
Melinda,25412052,14
Vincent,25412052,17
Barbara,25412052,14
Marc,25412052,17
Dennis,12289802,3
Cooper,12289802,8
Mitchell,12289802,6
Johnson,12289802,7
George,12289802,3
Wilson,12289802,20
Sara,496839,3
Rory,496839,16
Heidi,496839,6
Jack,496839,6
Simon,496839,3
Malcolm,496839,13
Desiree,496839,6
Tom,11374992,17
Jerry,11374992,17
Dinah,3497579,23
Miller,3497579,19
Barredout,3497579,3
Bernhardt,3497579,1
Barkley,3497579,1
Josh,3497579,16
Mason,14778926,15
Garth,14778926,24
Zeller,14778926,12
Marx,14778926,12
Wynn,11014002,1
Plummer,11014002,11
Fitz,11014002,6
Terranova,11014002,18
Lily,11014002,6
Lou,20684980,3
Wolf,20684980,23
Mahonoey,16306760,15
Mahoney,16306760,15
Sam,11885257,7
Hall,11885257,16
Emily,11885257,17
Finch,11885257,21
Mike,11885257,9
Yogi,11885257,10
Krishna,6954825,8
Sivanand,6954825,21
Vijay,6954825,21
Bamford,34521922,16
No-sik,20467212,1
Dave,6420269,10
Beelzebub,6420269,19
Griffelkin,6420269,4
Anita,3915448,13
Nagre,3915448,6
Rajan,3915448,9
Kay,19841894,19
Amico,19841894,14
Auta,20161868,20
Biharang,20161868,21
Silla,20161868,8
Jaunbi,20161868,4
Jinseong,20161868,5
Hyeokgeose,20161868,8
Murphy,18627782,12
Agatha,18627782,16
Marvo,18627782,3
Herman,18627782,12
Courtney,18627782,1
Payne,18627782,19
Anne,18627782,16
Riley,18627782,19
Tommy,18627782,15
Wilfred,7370905,9
God,7370905,5
Mark,7370905,4
Sarah,7370905,3
Jekyll,7370905,22
Guzman,28034213,21
sankar,24542316,17
Umapathi,24542316,6
velu,24542316,6
Tilak,15082106,1
Dixit,15082106,19
Shapiro,33418772,11
Borlak,33418772,6
Jenny,33418772,17
Kau,33418772,24
Billy,33418772,14
Lisa,33418772,18
Dipankar,21406077,6
Kathantara,21406077,4
Akshaya,21406077,16
Shirley,1237394,1
Matthew,1237394,3
Sullivan,1237394,20
Blythe,1237394,6
Barry,1237394,24
Lynde,1237394,18
Cuthbert,1237394,12
Diana,1237394,19
Marilla,1237394,13
Anne,1237394,21
Hammond,1237394,7
Andrew,10299365,24
Pennell,10299365,12
Bordoni,10299365,5
Cora,10299365,3
Buchanan,10299365,23
Rolland,10299365,2
Yuki,33322430,10
Rommel,19425193,0
Kalansuriya,15070373,9
Victor,15070373,9
Abeywickrema,15070373,14
Helen,15070373,9
Weerasena,15070373,24
Kumaratunga,15070373,12
Cyril,15070373,9
Mahattaya,15070373,4
Aiya,15070373,13
Spencer,874208,12
Hart,874208,16
Colqhoun,874208,6
Ives,874208,17
George,874208,15
Boyd,874208,4
Martha,874208,23
Slauson,874208,20
Jackson,452017,19
Swope,452017,3
Reed,452017,23
Todd,452017,17
Rahad,452017,11
Rollergirl,452017,5
Diggler,452017,6
Horner,452017,10
Rodriguez,452017,14
Vincent,452017,22
Adams,452017,6
Rothchild,452017,11
Buck,452017,23
Gondolli,452017,13
McGee,5291587,12
Sforza,5291587,16
Charlie,5291587,6
Rainbird,5291587,4
Vicky,5291587,1
Richardson,5291587,21
Andy,5291587,17
Ako,11103867,3
Aoki,11103867,5
Nimura,11103867,6
Nobuo,11103867,17
Takahashi,11103867,8
Iwada,11103867,6
Kikuchi,11103867,3
Teru,11103867,3
Yamazaki,11103867,23
Amy,19940419,17
Lane,19940419,6
Tammi,19940419,3
Courtney,19940419,17
Alexander,19940419,3
Royce,19940419,20
Dickenson,19940419,17
Rome,19940419,9
Nikko,19940419,21
Stavros,19940419,6
Romano,19940419,3
Dickinson,19940419,6
Nirmala,18975648,0
saheb,18975648,17
Bindu,32010959,13
Mohan,32010959,2
Susan,32010959,3
Jose,32010959,3
Moose,11222156,6
Blake,11222156,1
Tyler,11222156,3
Missy,11222156,6
Collins,11222156,3
Sarah,11222156,6
Sophie,11222156,4
Serrano,11222156,12
Andie,11222156,21
Hoffman,11222156,9
Ollie,74375,21
Dale,74375,21
Chitwood,74375,13
Fleener,74375,13
Hickory,74375,12
Sinha,21001959,3
Slaoui,11001009,23
Aisha,11001009,6
Weller,11001009,6
Jacqueline,11001009,16
Gilieth,11001009,6
Mulot,11001009,2
Renoir,11001009,6
Lucas,11001009,3
Aimos,11001009,13
Vigan,11001009,9
Trotta,30873996,22
Gould,30873996,4
Parker,30873996,14
Tepper,30873996,9
Joey,30873996,4
Billy,30873996,4
Luis,30873996,17
Thorpe,30873996,10
Cali,30873996,2
Chanda,7656319,8
Panna,7656319,5
Akash,7656319,8
Singh,7656319,12
Himmat,7656319,2
Prithvi,7656319,6
Tom,11944174,3
Jerry,11944174,3
Bellows,11944174,13
Michael,26283042,3
Breck,26283042,21
Burns,26283042,10
Saddam,24709063,12
Azad,24709063,17
Rashid,24709063,16
Bishop,8220284,13
Stacey,8220284,14
Barrie,8220284,15
Bigilu,5880191,19
Chandru,5880191,14
Apoorva,33239589,2
Malhar,33239589,2
Nihal,33239589,3
Kathy,32115539,10
Bailey,32115539,7
McCarthy,32115539,8
Fitzpatrick,32115539,17
Gray,1587667,3
Dennis,1587667,21
Sam,1587667,3
Maureen,1587667,3
Grady,1587667,13
Fritz,1587667,3
Tomar,21860588,14
Singh,21860588,18
Marko,3556179,17
Goretti,9211365,12
Reshma,9211365,7
Raghu,9211365,23
Goyal,9211365,14
Neeta,9211365,19
Chaplin,1789118,3
Arthur,26007945,24
Linda,26007945,3
Celeste,26007945,4
Gault,26007945,8
Ronnie,26007945,13
Fair,26007945,0
Sanderson,26007945,9
Geoffrey,26007945,3
Geoffry,26007945,21
Rusty,3182015,3
Koontz,3182015,3
Ishioka,5700611,23
Kano,5700611,20
Haruka,5700611,23
Fukuhara,5700611,3
Sone,5700611,3
Badiaga,34746865,3
Ichijyo,423371,24
Kaifun,423371,15
Minmay,423371,4
Kridanik,423371,1
Misa,423371,16
Zer,423371,11
Focker,423371,4
Jenius,423371,9
Hayase,423371,10
LaSalle,423371,13
Global,423371,22
Hikaru,423371,17
Donnie,4302862,0
Jason,4302862,10
Stevens,4302862,4
Louis,4302862,23
Miles,4302862,20
McDermot,4302862,9
Twitty,4302862,3
Miller,2255118,24
Porto-Pak,2255118,11
Tony,2255118,13
Pamela,2255118,3
Stephen,2255118,23
Reno,2255118,6
Dalton,2255118,3
Carol,2255118,3
Harry,28710080,3
Jed,28710080,17
Mitsy,28710080,6
Higashimatsuyama,28710080,18
nene,28710080,13
Chan,28710080,6
Jack,28710080,13
Yoshinaga,28710080,2
Shiro,28710080,3
Shobraj,10523484,9
Baba,10523484,17
Chaudhary,10523484,15
Jagawar,10523484,24
Singh,10523484,21
Mizya,10523484,9
Possum,27563361,8
Enoch,27563361,17
Ives,27563361,9
Plummer,27563361,17
Waterman,27563361,9
Malvin,27563361,21
Rani,11303780,23
Mahalakshmi,11303780,6
Rao,11303780,14
Dhorababu,11303780,10
Kishore,11303780,14
Gheorghiu,11496314,0
Schumann,11496314,9
Vitus,11496314,14
Darren,26292933,22
Victor,26292933,22
Bennett,26292933,9
Chuck,26292933,4
Mike,26292933,24
Wheeler,26292933,4
Mi-hee,2813020,12
Ellen,14355980,6
Erik,14355980,6
Doria,14355980,0
George,11703733,2
Hugo,11703733,21
Raveendra,29215207,22
Jagdeesh,29215207,0
Khan,29215207,4
Ravi,29215207,13
Jagadeesh,29215207,16
Shaquinna,1598996,15
Lewis,1598996,12
Hunt,1598996,7
Turner,2987324,10
Gulch,2987324,2
Quale,2987324,8
Panello,2987324,5
Carroll,2987324,11
Wilson,2987324,10
Boop,7518689,13
Williams,9338127,8
Maxwell,9338127,24
Billy,9338127,6
Anna,9338127,3
Noel,9338127,23
Julia,9338127,3
Molly,9338127,3
Gerry,9338127,3
Esther,9338127,19
Eddie,9338127,14
Jamie,9338127,23
Sophie,9338127,3
Camus,9338127,22
Louis,9338127,6
Ludo,9338127,1
Brian,9338127,6
Iris,9338127,21
Renai,27645834,13
Byrne,27645834,24
Elise,27645834,3
Reiner,27645834,19
Josh,27645834,3
Dalton,27645834,3
Lorraine,27645834,3
Lambert,27645834,21
Omar,5154545,5
Zaoua,5154545,18
Caulfield,4981484,1
Hardin,4981484,6
Salvatore,13061224,18
Ugo,13061224,22
Giovanna,13061224,13
Romolo,13061224,18
Jonathan,1439062,6
Cooper,1439062,18
Madeline,1439062,16
Prescott,1841530,9
Rick,1841530,9
Brad,1841530,9
Gassko,1841530,16
Thompson,1841530,9
Debbie,1841530,8
Suchet,3435387,9
Raymond,3435387,2
Kerry,31063840,9
Morelli,31063840,18
Julia,31063840,0
Mahadevan,32336472,21
Tughluq,32336472,7
Moorthy,32336472,11
Rangachari,32336472,3
Gandhimadhi,32336472,6
Thugluq,32336472,21
Raghavan,32336472,22
Thughluq,32336472,24
Batuta,32336472,17
Procane,25080146,15
Ives,25080146,22
Friskett,20467374,1
Barbara,20467374,4
Harding,20467374,6
Evelyn,20467374,21
Delia,20467374,21
Mark,20467374,6
Shiner,20467374,2
Andy,20467374,10
Bates,20467374,7
Anne,20467374,23
Leslie,20467374,21
Mano,6730730,6
Divya,6730730,4
Satyaraj,6730730,23
Manickam,6730730,21
Franklin,26492850,18
Kimberly,26492850,10
Clare,26492850,8
Churchill,26492850,0
Horst,26492850,15
Wilson,26492850,4
Nellie,20586022,3
Cosgrove,20586022,0
God,1700544,6
Zack,1700544,17
Wylder,1700544,12
Melon,1700544,1
Debbie,1700544,1
Abbaas,8727155,3
Shivdasani,8727155,9
Taneja,8727155,6
Shetty,8727155,19
Koirala,8727155,11
Azam,8727155,18
Ali,8727155,15
Sherwani,8727155,7
Raghu,8727155,22
Mehta,8727155,18
Isha,8727155,18
Ajay,8727155,15
Kale,8727155,0
Abbas,8727155,16
Julie,8727155,9
Ari,11498750,21
Wan,11498750,5
Tina,11498750,4
Rimau,11498750,5
Amy,11450884,6
Joan,11450884,3
Stuart,11450884,6
Gilman,11450884,24
Christopher,11450884,22
Quinn,11450884,11
Eric,11450884,6
Christine,11450884,6
Winslow,11450884,11
Shaw,11450884,15
Zalem,9676098,21
Ido,9676098,6
Chiren,9676098,6
Grewcica,9676098,17
Rasha,9676098,13
Angel,9676098,5
Gally,9676098,3
Tanji,9676098,17
Zahriki,9676098,18
Zapan,9676098,16
Joo-Hee,30301833,22
Shankara,6005212,0
Prasad,6005212,14
Malliswari,6005212,4
Daniel,23463285,8
Akatora,23463285,10
Larsen,2632667,4
Cosby,12555629,11
Culp,12555629,11
McVey,5990251,17
Fitzgerald,5990251,5
Crosby,5990251,22
Korwin,5990251,22
Puccinelli,5990251,17
Rispoli,2820985,2
Perry,2820985,10
Laurie,2820985,11
Carp,1972947,22
Haydn,1972947,7
Johnson,1972947,8
Smith,1972947,3
Cannafraz,1972947,22
Kapoor,33541530,9
Dooley,5010137,21
Doyle,5010137,3
Natalie,5010137,3
Standish,5010137,9
Reed,5010137,3
Kaja,33269400,3
Sigve,33269400,6
Eirik,33269400,4
Namboothiri,7870782,15
Namboothiris,7870782,24
Kunjunni,7870782,17
Sabha,7870782,12
Nair,7870782,21
Mana,7870782,11
Madhavan,7870782,16
Mohini,7870782,1
Unnimaya,7870782,16
Chopra,30177211,19
Robin,30177211,24
Sin,24577679,13
Karen,24577679,10
Poon,24577679,18
Zatoi,24577679,0
Roy,5555266,16
Karuna,5555266,3
Gupta,5555266,5
don,2268987,15
Sasi,2268987,0
Pavanayi,2268987,23
Vijayan,2268987,3
Nambiar,2268987,20
Dasan,2268987,0
Gafoorkka,2268987,6
Leonor,15963629,3
Carlomagno,15963629,14
Roque,15963629,24
Reyes,15963629,19
Celina,15963629,17
Rossi,15963629,3
Bachhu,30695447,12
Khokon,30695447,8
Raj,30695447,14
Khan,30695447,20
Biswas,30695447,18
Benson,3694303,24
Passworthy,3694303,15
Mills,3694303,18
Wilkins,3694303,17
Constable,3694303,3
Hope,9442754,17
Judson,9442754,10
Polly,9442754,24
Johnny,9442754,6
Daniel,9442754,12
Crosby,9442754,22
Ageha,3507235,18
Miguelito,24070825,14
D,24070825,10
Paco,24070825,12
Garrido,24070825,16
Luli,24070825,14
Cardona,24070825,13
Wheelock,143834,23
Hitler,143834,4
Bobby,143834,13
Bruckner,143834,12
Maloney,143834,19
Bennett,143834,9
Lieberman,143834,3
Mengele,143834,17
Seibert,143834,19
Kohler,143834,23
Willi,2709566,10
Collini,2709566,13
Groppo,2709566,4
Joe,2709566,17
Bill,2709566,0
Culverdale,24573767,11
Levy,24573767,22
Sullivan,31063484,4
Conor,31063484,23
Claire,31063484,13
Wayne,31063484,19
Paul,1280968,3
Andrew,1280968,3
Jonathan,1280968,6
Celia,1280968,21
Jeff,1280968,23
Iris,1280968,10
Gareth,1280968,2
Jackie,1280968,13
Ben,1799456,16
Jackson,408849,24
Harry,408849,23
Whittaker,408849,8
Wolf,408849,6
Shepherd,408849,9
Funny-Bones,408849,13
Callaway,408849,23
Vince,408849,20
Jason,408849,17
Kirkham,408849,8
Carol,408849,23
Barker,408849,6
Ott,408849,20
Caldwell,408849,13
Duncan,408849,10
Kaylee,408849,17
Cleopas,1869084,14
Judas,1869084,3
Barabbas,1869084,22
Peter,1869084,4
Thomas,1869084,3
Magdalene,1869084,3
Matthew,1869084,10
Azra,1869084,14
Jesus,1869084,21
Mary,1869084,13
James,1869084,9
Tamar,1869084,3
Jairus,1869084,6
Andrew,1869084,1
Rachel,1869084,14
John,1869084,13
Herod,1869084,17
Lazarus,1869084,22
Simon,1869084,14
Gillian,5085028,4
Bromley,5085028,5
Willis,5085028,18
Rhodes,5085028,16
Walrus,18445978,23
Woody,18445978,16
Woody,17808534,3
Kringle,17808534,22
Walrus,17808534,6
Tipnis,33425667,10
Ritesh,17035291,21
Alok,17035291,23
Romi,17035291,21
Pooja,17035291,21
Janardhan,5848042,24
Nandini,5848042,14
Lakshmi,5848042,16
Narayana,5848042,15
Manimekhala,31612089,13
Muthu,31612089,1
Barrett,1075228,16
Bonwit,1075228,19
Sheela,33555077,23
Mahesh,33555077,4
Trivedi,33555077,13
Chaturvedi,33555077,23
Jeevan,33555077,14
Agha,33555077,3
Jamunaprasad,33555077,19
Marla,1009041,6
Tyler,1009041,3
Singer,1009041,19
Durden,1009041,10
Joan,4463866,6
Shirley,4463866,3
Marion,4463866,18
Mitchell,4463866,8
Nikki,4463866,3
Gregg,4463866,6
Hamilton,4463866,10
Sarah,11464636,9
David,11464636,2
Chowdhary,29550893,18
Vishal,29550893,5
Mariya,29550893,2
Prakash,29550893,14
Vijay,29550893,3
Falgunan,29887498,13
Thampy,29887498,16
Jayaram,29887498,22
Krishna,29887498,6
Madhavan,29887498,18
Musafir,29887498,11
Satyabhama,29887498,9
Sathyabhama,29887498,2
Sullivan,1801472,22
Rokon,1801472,5
Smith,1801472,17
Gallifrey,1801472,6
Adventures,1801472,11
Sladen,1801472,7
Jane,1801472,3
Eldrad,1801472,4
Driscoll,1801472,23
Kastria,1801472,23
Watson,1801472,12
Carter,1801472,2
Sadie,1801472,13
Sarah,1801472,11
III,1801472,10
Nicole,652534,21
Evans,652534,21
Snakehead,652534,4
Jai,652534,4
Eddie,652534,17
Yang,652534,8
James,652534,10
Watson,652534,21
Ghatak,29064689,8
Chakraborty,29064689,5
Nandi,29064689,20
Sen,29064689,19
Mitch,3084955,6
Matt,3084955,5
Robbins,3084955,14
Bud,3084955,5
Washburn,3084955,23
Berquist,3084955,18
Henry,12990278,23
Joan,12990278,3
Neilson,12990278,8
Geiger,12990278,1
Wells,12990278,3
Bernard,12990278,6
Wilkinson,2163703,2
Allie,2163703,6
Jake,2163703,3
Taffet,2163703,6
Marjorie,2163703,2
Max,2163703,21
Nolan,2163703,9
Mathieu,32976625,19
Rai,6560739,20
Bunnu,6560739,15
Shankar,6560739,15
Munnu,6560739,12
Chekhov,18874821,14
Lili,18874821,6
Lindon,31508497,11
Nina,3653398,13
Ray,3653398,21
Anton,3653398,9
Maria,3653398,21
Hunter,3653398,8
Alzani,3653398,16
Martelli,3653398,12
Vittorio,3653398,16
Mike,3653398,14
Merdith,4628762,12
Keane,4628762,1
Meredith,4628762,1
Mills,4628762,13
Randall,4628762,5
Lindy,4628762,16
Nell,8067478,3
Breanna,8067478,8
Deane,8067478,11
Woody,8067478,3
Nicky,8067478,17
Bedworth,8067478,11
Michel,20906127,2
Villanova,20906127,13
Yost,1571564,15
Forbes,1571564,12
Sinclair,1571564,24
Densel,1571564,10
Jennings,1571564,17
Kemp,1571564,3
Brown,1571564,3
Meggs,1571564,10
Neall,1571564,19
Crite,2509885,17
Rick,2509885,17
Angela,2509885,23
Charlie,2509885,4
Bert,2509885,24
Tetra,2509885,19
Ethan,2509885,17
McFadden,2509885,18
Bernie,2509885,17
Lasko,25872272,2
Gaviria,30784331,23
Escobar,30784331,6
Gal,30784331,0
Pablo,30784331,24
Bonilla,30784331,11
George,13671006,7
Emily,13671006,3
Leonard,19411127,10
Alfalfa,19411127,24
Junior,19411127,10
Darla,19411127,16
Juliet,883437,9
Hugo,883437,22
Allen,883437,23
David,883437,16
Alex,883437,9
Elmer,1971322,13
Hunter,13632712,2
Emily,13632712,1
Bear,13632712,21
Sethu,4853633,3
Abitha,4853633,17
Kungfu,6703617,21
Yan,6703617,14
Lu,6703617,6
Ni-Chang,6703617,4
Dao,6703617,5
Tripitikas,6703617,23
Bang,6703617,5
Li,6703617,15
Ho,20161466,17
Gillian,20161466,3
Farren,20161466,14
Bob,20161466,21
James,20161466,21
Qi,27339480,7
Zhi,27339480,18
Shao,27339480,17
Liang,27339480,0
Xiu,27339480,23
Bei,27339480,9
Cao,27339480,6
Tan,27339480,18
Qilan,27339480,13
Quan,27339480,12
Greenbaum,8595532,10
Skvoznik,8595532,20
Ross,8595532,4
Mitsubi,8595532,20
Jingwei,8595532,21
Vincent,8595532,13
Bayforth,8595532,10
Clinton,8595532,13
Godzilla,570221,17
Anguirus,570221,12
Caesar,570221,17
Mecha-Godzilla,570221,22
Gummer,3306716,14
Sterngood,3306716,16
Plug,3306716,16
Sawyer,3306716,17
Burt,3306716,3
Jodi,3306716,17
Chang,3306716,15
Miguel,3306716,17
Blanco,3306716,23
Florabell,28402972,24
Priggle,28402972,20
Rudolph,28402972,15
Clive,33500618,21
Oliver,33500618,3
Elizabeth,33500618,3
Christine,9994307,16
Perrache,9994307,8
Perrin,9994307,3
Milan,9994307,3
Knowles,18908698,4
Bill,18908698,19
Lovecraft,10642464,0
Hitler,23913058,17
Dietrich,23913058,17
Sixkiller,23913058,4
Clair,23913058,8
Schmidt,23913058,10
Otto,23913058,2
Valentine,23913058,6
Rosen,23913058,8
Posey,23913058,22
Bowren,23913058,17
Anderson,23913058,20
Dregors,23913058,4
Wells,23913058,17
Reisman,23913058,6
Worden,23913058,6
Deutsch,23913058,11
Jefferson,23913058,9
Perkins,23913058,18
Wright,23913058,17
Sam,8437284,7
Pooja,8437284,3
Karan,8437284,7
Aditi,8437284,6
Angad,8437284,17
Saheli,19872306,2
Aghore,19872306,21
Roy,19872306,1
Sereng,19872306,4
Gomes,19872306,15
Somesh,19872306,9
Damayanti,19872306,18
Danny,3253210,3
Richard,3253210,8
Nina,3253210,6
Eric,3253210,6
Anna,3253210,3
Jesus,3253210,20
Karen,3253210,23
Adams,3253210,17
Grace,3253210,6
Billy,3253210,22
Ahanas,254152,1
Sam,19663841,23
Christine,19663841,6
Sibyl,19663841,13
Logan,19663841,14
Murray,19663841,21
Bonner,19663841,24
Sherry,6011641,3
Dean,6011641,14
Alexis,6011641,3
Bobby,6011641,6
Lynnette,6011641,13
Martin,27610095,13
Ward,27610095,9
Tommy,27610095,24
Zarkorr,27610095,17
Turner,2517905,6
Crocker,2517905,3
Mr.,2517905,5
Wanda,2517905,16
Timmy,2517905,3
Vicky,2517905,6
Dileep,27425045,1
Ramudu,27425045,22
Sivadas,27425045,13
Ramankutty,27425045,17
Gauri,27425045,21
Thukral,27425045,5
Thekkedathu,27425045,14
Thampi,27425045,13
Unni,27425045,12
Thirumeni,27425045,16
Radhika,27425045,14
Nokama,2022788,3
Keetongu,2022788,3
Rahi,2022788,9
Teridax,2022788,3
Nui,2022788,5
Toa,2022788,13
Metru,2022788,24
Sidorak,2022788,17
Jaller,2022788,24
Keelarak,2022788,2
Visorak,2022788,17
Roodaka,2022788,17
Norik,2022788,6
Rahaga,2022788,24
Matau,2022788,6
Hahli,2022788,24
Vakama,2022788,3
Takanuva,2022788,24
Zartan,32910742,4
Team,32910742,14
Colton,32910742,14
Zipper,4391376,1
Lili,4391376,6
Yolanda,4391376,24
Chuck,4391376,6
Ripper,4391376,24
Stokley,4391376,7
Cecily,4391376,16
Haber,23688847,19
Bourguiba,23688847,17
Hemse,23688847,9
Beck,23688847,18
Oberg,23688847,14
Oredsson,23688847,18
Carlsson,23688847,7
Lettermark,23688847,8
Bergman,23688847,13
Persbrandt,23688847,11
Hirdwall,23688847,10
Rautelin,23688847,10
Larsson,23688847,22
Prabhu,32253591,15
Padosan,32253591,1
Karl-Heinz,31322893,4
Allee,31322893,17
Berg,31322893,6
Angela,31322893,6
Dieter,31322893,3
Anughatak,35478068,13
Khadi,18223823,23
Singer,18223823,1
Dev,23907596,6
Sayani,23907596,4
Nanda,23907596,13
Pinto,23907596,7
Simi,23907596,6
Johar,23907596,3
Anand,23907596,6
Donald,213164,23
Pete,213164,5
Mouse,213164,14
Gordi,24480937,16
Swetha,5879984,21
Nagalakshmi,5879984,20
Arasu,5879984,19
Jeong,2806974,11
Hee-jin,2806974,3
Jacqueline,3737477,14
Ffing,3737477,7
Pue,3737477,15
Camembert,3737477,14
Desiree,3737477,19
Gohan,1955275,3
Bulma,1955275,14
II,1955275,12
Saiyan,1955275,13
Minosha,1955275,15
Gotenks,1955275,19
Videl,1955275,17
Hoy,1955275,17
Goku,1955275,4
Hirudegarn,1955275,17
Tapion,1955275,4
Goten,1955275,7
Samir,4151247,5
Mandy,4151247,16
Shabbo,4151247,14
Bibbo,4151247,8
Bala,5811284,12
Arthi,5811284,1
Paranthaman,5811284,15
Pasupathi,5811284,14
don,5811284,12
Haven,255194,2
Imbrie,255194,13
Willy,255194,16
Connor,255194,4
Kittredge,255194,0
Lord,255194,9
Vaishnavi,6839657,2
Jack,6839657,6
Bharath,6839657,21
Rajendra,6839657,24
Sindu,6839657,13
Jackie,6839657,12
Subbalaxmi,18901219,16
Sangeeta,18901219,23
Kunal,18901219,19
Chandra,18901219,21
Vavachan,32724391,1
Vishnubuddhan,32724391,17
Hari,32724391,14
Kurudi,32724391,17
Lalu,32724391,17
Pathak,34902566,17
Supriya,34902566,2
Inamdar,34902566,17
Subodh,34902566,13
Tiwari,34902566,6
Katz,7079205,18
Jon,7079205,3
Stanley,7079205,21
Devon,7079205,10
Emma,7079205,13
Fant,9764956,12
Fandor,9764956,7
Marchand,9764956,12
Arthur,24043885,17
Selenia,24043885,23
Max,24043885,6
Maltazard,24043885,6
Fraser,1873637,21
Yeo-Thomas,1873637,11
Caine,1873637,11
Bloch,1873637,20
Cross,1873637,15
Tania,1873637,3
Szabo,1873637,21
Rolfe,1873637,7
Marthandan,16354971,4
Mahendran,16354971,3
Vijayakanth,16354971,4
Shastri,11964824,15
Abhi,11964824,21
Singh,11964824,19
Sudhakar,11964824,21
Raghuraman,11964824,6
Anu,11964824,18
Local,26063404,15
Prabhat,26063404,6
Naina,26063404,14
Chopra,26063404,9
Loki,26063404,17
Shruti,26063404,21
Gwen,32560165,3
Azmuth,32560165,4
Ben,32560165,3
Waybig,32560165,17
Max,32560165,21
Shard,32560165,17
Matter,32560165,22
Nina,3610422,11
Hayes,3610422,24
Morrell,3610422,24
Moore,3610422,19
Black,3610422,12
Jung,5109880,5
Pia,5109880,19
Sam,18104083,3
Aarav,18104083,6
Gulshan,18104083,23
Sagar,18104083,13
Nicki,18104083,4
Malhotra,18104083,9
Mona,18104083,5
Simms,226562,6
Romeo,226562,6
Griswold,226562,2
McCord,226562,8
Molly,226562,6
Jacobsen,226562,23
Chirkinian,226562,24
Venturi,226562,19
Posar,226562,0
Ken,226562,19
Mayfair,226562,22
Roy,226562,6
Odom,10945117,9
Jenny,10945117,21
Smith,10945117,8
Brown,10945117,10
Vishnevetskiy,10843269,16
Isabel,11451733,5
Echevarria,11451733,19
Jaime,11451733,2
Churruca,11451733,6
Jose,11451733,16
Isaac,27138248,9
Frum,27138248,4
Mourret,34717305,23
Travis,34717305,2
Conroy,34717305,19
Peter,4616225,9
Dao,4616225,21
Leum,4616225,24
Suwat,4616225,3
Sadao,4616225,6
Christ,24204216,12
Maria,25808203,3
Arturo,25808203,1
Angelita,25808203,13
Jose,25808203,17
Bruno,25808203,24
Miguel,25808203,17
Aman,21604407,20
Gibbons,8175804,17
Sharpe,8175804,4
Lennox,8175804,13
Ashton,8175804,9
Wellesley,8175804,1
Josefina,8175804,0
Leroy,8175804,4
Jenny,6678894,16
Lino,6678894,13
Grace,6678894,13
Krueger,2317900,10
Mucci,2317900,10
Utinsky,2317900,4
Connelly,29267198,3
Zubova,29267198,18
Manet,29267198,22
Jacqueline,29267198,17
Garnett,29267198,3
Pururavas,30897463,20
Bhai,30897463,6
Varma,30897463,14
Urvashi,30897463,16
Luke,14284023,14
Claus,14284023,12
Mary,14284023,0
Vanessa,451817,18
Gordon,451817,12
Robbins,451817,7
Belle,451817,14
Jesse,451817,1
Washburn,451817,6
Bizet,9208103,14
Kristan,9208103,6
Satan,28318658,9
Stone,28318658,19
Zak,28318658,12
Holbrook,12696049,11
Stefani,12696049,7
Carl,12696049,21
Ostrowiski,12696049,19
Kate,12696049,6
Rob,12696049,24
Angie,12696049,6
Grey,26640372,19
Jane,1595142,3
Danny,1595142,20
Peter,1595142,3
Darling,1595142,7
Pan,1595142,4
Wendy,1595142,24
Roger,1595142,23
Edward,1595142,18
Rose,14892910,2
Charles,14892910,14
Charlie,14892910,23
Roger,14892910,3
George,14892910,3
Beaton,34183631,1
Stanley,19908609,0
Kanin,2267722,14
Pfeiffer,2267722,7
Adams,2267722,6
III,2267722,6
Lemmon,2267722,6
Glover,2267722,12
Sheppard,2267722,23
Gladys,2267722,6
Hridoy,28336238,3
Sawdagar,28336238,5
Spanky,19399059,3
Brian,5488755,3
Frank,5488755,6
Matt,5488755,6
Jessie,5488755,6
Corey,5488755,6
Mitthu,4409932,21
Chinki,4409932,5
Nimki,4409932,3
Kishanlal,4409932,21
Mithu,4409932,8
Gerulal,4409932,3
Ra,3504034,14
Bey,3504034,17
Coroner,3504034,16
Andoheb,3504034,16
Blake,3504034,5
Mansori,3504034,19
Walgreen,3504034,18
Norman,3504034,12
Kharis,3504034,3
Ayad,3504034,22
Tom,3504034,3
Amina,3504034,3
Hervey,3504034,17
Ananka,3504034,11
Sheriff,3504034,16
Elwood,3504034,17
Conway,31457076,0
Jr.,31457076,19
Soniya,31398398,1
Sethu,31398398,16
Rearden,7917619,17
Mackintosh,7917619,14
Smith,7917619,16
Slade,7917619,3
Wheeler,7917619,17
York,28645418,3
Gloria,28645418,15
Dominici,28645418,22
Datti,28645418,18
Peter,33052515,2
Peggy,33052515,4
Matha,33052515,12
Leighton,33052515,24
Helen,33052515,3
Wallace,33052515,19
Raymond,33052515,2
Kumar,16942427,7
Swapna,16942427,17
Govinda,16942427,22
Sapru,16942427,22
Dixit,16942427,0
Yan,22050847,1
Lanquan,22050847,10
Xuehu,22050847,7
Huba,22050847,21
Barlow,23721339,8
Reinhardt,23721339,14
Gita,25625963,18
Kavitha,25625963,23
Guna,25625963,6
Garcia,4890837,8
Trudy,4890837,6
Junior,4890837,3
Jones,4890837,3
Johnson,4890837,4
Terry,4890837,6
Jim,4890837,10
Jeff,4890837,3
Dangle,4890837,6
Spoder,4890837,15
Reshma,28999821,10
Roy,28999821,15
Annie,28999821,17
Ammu,18002503,13
Venu,18002503,23
Menon,18002503,13
Unni,18002503,4
Hari,18002503,21
Sarojam,18002503,13
Langman,12508219,21
Gummy,12508219,23
Nappus,12508219,8
Dad,33103629,8
Forrest,33103629,11
Bond,33103629,8
Jean,33103629,21
Gulliver,5649709,3
Bombo,5649709,17
Snoop,5649709,4
Blefuscu,5649709,24
Gabby,5649709,17
Twinkletoes,5649709,24
King,5649709,12
Little,5649709,21
David,5649709,17
Katie,32095743,19
Tony,32095743,0
Danny,6901519,10
Charlotte,6901519,4
Sam,6901519,3
Jennifer,6901519,10
Oliver,6901519,15
Cameron,6901519,1
Beale,6901519,19
Allison,6901519,24
Stephens,6901519,17
Dr.,6901519,16
Callingham,6901519,21
Yulia,35968313,6
Rizal,35968313,24
Petris,35968313,21
Ernie,5760664,13
Snuffy,5760664,3
Bert,5760664,13
Grover,5760664,20
Sahu,5760664,23
Bob,5760664,3
Stevens,3643455,8
Tanny,3643455,16
Jones,3643455,4
Johnson,3643455,5
Ting-sang,8205806,13
Ho,8205806,21
Sa,8205806,11
DeFore,1365502,9
Erica,1365502,3
Gallagher,1365502,19
Gannon,1365502,3
Mitchell,11585359,10
Cooper,28009800,23
Bhai,28900693,7
Ravishankar,28900693,22
Pillai,28900693,0
Kamala,28900693,9
Sha,28900693,14
Logan,6490523,2
Hayseed,32819057,14
Townleigh,32819057,21
Regan,32819057,7
Manners,32819057,21
Sam,26188329,14
Ann,26188329,13
Marshall,26188329,8
Firth,26188329,7
Murray,26188329,16
Oswald,35250270,3
Grey,29728734,17
Walker,29728734,4
Sloan,13084474,13
Shinaru,13084474,22
Doyle,13084474,16
Setton,13084474,11
Pincher,33041462,5
McDougall,33041462,24
Ana,6602875,7
Andrea,6602875,0
Gump,7769076,0
Bettina,7769076,23
Millie,7769076,2
Cochran,7769076,19
Warren,7769076,20
Lola,7769076,2
Panama,7769076,1
Bill,7769076,15
Michaels,7769076,14
Jenny,7769076,2
Barrie,7769076,19
DeParis,2894499,6
Avery,2894499,12
Chiranjeev,24678269,21
Chanchal,24678269,8
Sharada,24678269,8
Mohan,24678269,2
Clancy,28472340,6
Pande,26207410,12
Joan,22663463,21
Cameron,22663463,10
Martin,22663463,18
Jim,22663463,6
Wilson,22663463,5
Kenwood,22663463,0
Waring,22663463,7
Jennifer,14608863,9
Darling,14608863,7
Lasky,14608863,23
Jack,14608863,21
Jackson,4213154,9
Belinskya,4213154,6
Katya,4213154,13
Vera,4213154,1
Peter,4213154,13
Countess,4213154,5
Sofia,4213154,14
Spack,27477193,5
Max,27477193,2
Jackson,1692374,7
Richard,1692374,3
Mason,1692374,7
Dorothy,1692374,12
Leroy,1692374,3
Pooter,1692374,3
Martha,1692374,6
Brenda,1692374,2
Brown,1692374,9
Robert,1692374,17
Morris,1692374,12
Tyrone,1692374,12
Damon,1692374,21
Wildhorn,35760160,15
Sullivan,6027277,8
Diana,6027277,10
Ruth,6027277,9
Wallman,5373279,22
Grossman,5373279,8
Evie,5373279,11
Vicki,5373279,5
Kavell,5373279,5
Bergman,5373279,3
Jacob,5980263,3
Wilhelm,5980263,6
Taylor,29266711,9
Bobby,29266711,16
McKenna,29266711,6
Amy,29266711,3
Pam,29266711,6
Claudine,29266711,6
James,29266711,7
Sabrina,29266711,3
Jason,29266711,3
Shonda,29266711,14
Earl,29266711,19
Blythe,29266711,14
Sebastian,29266711,19
Malcolm,29266711,7
Watson,29266711,8
Amanda,29266711,10
Sanjay,24098337,2
Dutt,24098337,15
Rajeev,24098337,4
Anjini,24098337,1
Sarada,6858770,16
Dileep,6858770,6
Lawson,30013158,0
Ann,30013158,6
Flower,30013158,17
Frankie,30013158,3
Heifetz,30013158,6
McCarthy,30013158,6
Sandrich,4340789,0
Tishop,4340789,6
Elaine,4340789,24
Robert,4340789,6
George,3198813,8
Ronald,3198813,20
Crusher,3198813,3
John,11488471,3
Rabe,11488471,11
Jean,11488471,12
Vautrin,11488471,19
Anton,18734761,17
Vera,18734761,6
Rita,18734761,6
Anna,18734761,6
Stepan,18734761,6
Nikita,18734761,6
Carlos,26459734,0
Yurdum,26459734,18
Raja,20579738,21
Shankarnath,20579738,5
Ravi,20579738,6
Padma,20579738,2
Sadhuram,20579738,17
Maheshwari,10550235,21
Nair,10550235,16
Murat,20006535,11
Hoskins,10099627,17
Burke,10099627,20
Twithampton,10099627,15
Hari,10099627,5
Gutz,10099627,7
Rafeeq,27264955,6
Ashok,27264955,6
Vijayakumar,27264955,6
Baby,27264955,6
Meera,27264955,6
Mokong,12114243,20
Robert,12114243,6
Bubuli,12114243,20
Naz,30496257,24
Jacobs,27289546,11
Smedley,27289546,11
Baldwin,27289546,12
Rutherford,27289546,5
Boyne,27289546,19
Harker,27289546,12
Hawkins,27289546,23
Cameron,28091468,4
Chubby,25702392,22
Terry,25702392,23
Jay,25702392,24
Matty,25702392,24
Norman,25702392,24
Alex,25702392,23
Michelle,2609817,3
Benny,2609817,3
Gina,2609817,8
Ryan,2609817,17
Alfredo,2609817,17
Butler,2609817,20
Tex,2609817,17
Sara,2609817,3
Gates,935892,6
Lila,179064,3
Bronfman,179064,13
Williams,724258,4
Golitsyn,724258,17
Davies,724258,11
Kittridge,724258,17
Harmon,724258,23
Max,724258,6
Phelps,724258,19
Stickell,724258,9
Claire,724258,17
Krieger,724258,3
Sarah,724258,17
Jim,724258,17
Hunt,724258,11
Judith,14472966,5
Cynthia,14472966,20
George,14472966,17
Jenny,14472966,17
Pat,14472966,22
Eddie,14472966,4
Zalamea,877013,7
Emir,877013,16
Hall,877013,8
Haddock,877013,3
Tintin,877013,3
Esposito,877013,3
Castafiore,877013,19
Fernando,877013,24
Thompson,877013,17
Amy,9990262,6
Jenny,9990262,6
Lenin,21209475,17
Evans,21209475,11
Medill,21209475,6
LeFarge,21209475,17
Moura,21209475,11
Del,21209475,8
Locke,21209475,3
Steven,21209475,14
Trotsky,21209475,20
Elena,21209475,3
Sathyaraj,26426637,6
Bhanupriya,26426637,19
Antonia,2035320,22
Michele,2035320,10
Nambyar,28496275,13
Pillai,28496275,7
Star,33890115,18
Matt,33890115,16
Eva,33890115,13
Moana,33890115,3
Earl,17735988,16
Peadman,17735988,21
Mancini,17735988,10
Lukka,11704927,4
Benwa,11704927,21
Anna,11704927,13
Wheeler,3951250,10
Walker,3951250,7
Doinel,914479,2
Colette,914479,23
Jamuna,1206401,6
Jagan,1206401,24
Pooja,1206401,20
Buarque,1563389,17
Silva,1563389,23
Brizola,1563389,9
Luiz,1563389,11
Olo,20518653,16
Ala,20518653,23
Kingsajz,20518653,1
Drawerland,20518653,23
Happs,20518653,12
Jedlina,20518653,7
Ada,20518653,6
Miriam,27872916,6
Susan,27872916,3
Lomas,27872916,13
Harold,27872916,17
John,27872916,6
Jennings,27872916,12
Wilcox,27872916,24
Jones,5248234,24
Palladino,5248234,17
Tepper,5248234,0
Valerie,1765701,21
Frank,1765701,16
Wells,1765701,23
Deena,1765701,19
Vicky,28341562,19
Navdeep,28341562,19
Singh,28341562,23
Boy,12005731,16
Riddell,12005731,0
Scanlon,12005731,8
Gabe,890407,3
Sam,890407,3
Michael,890407,6
Sally,890407,6
Judy,890407,6
Jack,890407,6
Ramsfjell,18541737,22
Barker,18541737,7
Andreas,18541737,3
Hugo,18541737,19
Mahadev,26693031,4
Nambiar,26693031,20
Grind,22030425,20
Bliss,22030425,19
Jody,22030425,3
Fox,22030425,5
Jeff,22030425,3
Sindi,22030425,19
Director,22030425,19
Gray,24999752,18
Gallo,24999752,18
Sereny,24999752,20
Dina,24999752,8
Perot,484876,15
Stephanopoulos,484876,24
Carville,484876,24
Dora,15290813,19
Torg,15290813,20
Danton,15290813,2
Mary,15290813,3
Trish,34004383,3
Ray,34004383,3
Spector,34004383,17
Dave,34004383,3
Nash,34004383,8
Emma,34004383,3
David,34004383,3
Harry,1421256,12
Georgie,1421256,3
Harris,1421256,11
Ruthie,1421256,14
Soloway,1421256,3
Gloria,1421256,10
Kellerman,1421256,22
Alison,1421256,4
Eleni,21661747,20
Dafoe,21661747,16
Mayumi,28884066,2
Lance,28884066,6
Carey,4159282,6
Ball,4159282,6
Jerry,4159282,24
Durmack,4159282,11
Cheryl,4159282,13
Kim,4159282,20
Wallace,4159282,13
Johnson-Cochran,31046582,15
Alexander,31046582,9
Lois,31046582,14
Newton,31046582,8
Gilio,31046582,14
Eddie,31046582,8
Mara,1844221,7
Bear,10090126,1
Humphrey,10090126,16
Molly,16902655,16
Maria,18537547,8
Jefri,18537547,13
Robert,18537547,22
Hare,2828905,12
Alice,2828905,3
Mouse,2828905,7
Dupuis,6900622,0
Boulanger,6900622,21
Yonville,6900622,7
Rodolphe,6900622,21
Bovary,6900622,16
Charles,6900622,3
Berthe,6900622,4
Lheureux,6900622,21
Emma,6900622,3
Flaubert,6900622,24
Leon,6900622,6
Sobel,2513894,17
Ben,2513894,16
Rigazzis,2513894,6
Vitti,2513894,3
Beaumonde,18607185,22
Sandy,18607185,20
Spot,18607185,22
Carson,18607185,18
Joan,5153086,6
Toler,5153086,3
Knowlton,5153086,3
Standish,5153086,15
Walters,5153086,2
Mickey,28236253,23
Davis,28236253,23
Buster,28236253,11
Baartman,28194808,19
Cuvier,28194808,11
Aryong,11674085,3
Ki-Chul,11674085,17
Yeon-Hee,11674085,23
Sloane,27097,21
Borg,27097,23
Ahab,27097,4
Picard,27097,3
Worf,27097,18
Cochrane,27097,4
Dick,27097,20
Pye,25020314,7
Fitzpatrick,25020314,11
Undershaft,2018425,21
Rasulov,13314552,15
Gordon,2622711,7
Sarah,2622711,6
Kate,2622711,13
Victoria,2622711,17
Cavendish,2622711,10
Hinton,2622711,12
Smith,2622711,17
Omi,14952490,16
Shalini,14952490,14
Bobby,14952490,16
Rani,14952490,21
Musa,14952490,17
Bhai,14952490,13
Tanya,14952490,13
Sultan,14952490,21
Jai,14952490,21
Longo,22528630,2
Gloria,22528630,10
Dumpston,22528630,20
Grade,22528630,10
Feebleman,22528630,10
Shockley,22528630,0
Srikanth,7237206,6
Sriram,7237206,12
Bhoomika,7237206,23
Adhiraj,7237206,1
Rekha,7237206,9
Gonzales,12193119,12
Sepulveda,26798950,24
Vicu,26798950,3
Antunez,26798950,10
Quica,26798950,21
Silampa,26798950,6
Estupinan,26798950,23
Tifilis,26798950,6
Susan,26798950,24
Abuchija,26798950,10
Estupi,26798950,3
Esquilache,26798950,6
Guzman,26798950,23
Moya,26798950,3
Barragan,26798950,3
Caviedes,26798950,10
Osler,26798950,3
Bengala,26798950,2
Tiflis,26798950,3
Nancy,26798950,12
Buskirk,36092050,9
Kinnison,36092050,10
MacDougall,36092050,19
Ken,36092050,21
Helmuth,36092050,10
Archer,12622802,24
Hammer,12622802,21
Rusty,12622802,6
Stockwell,12622802,21
Miles,12622802,6
Philip,12622802,13
Mars,12622802,24
Reed,32048853,1
Revere,32048853,3
Craig,32048853,21
Evans,32048853,2
Iris,32048853,6
Curley,32048853,6
McLaughlin,32048853,8
Maisie,32048853,9
Setsuko,182164,21
Jang,15293843,11
Yeo-min,15293843,6
Alan,1172681,6
Jessica,1172681,16
Parker,1172681,3
Staub,1172681,0
Jean,1172681,12
Morales,1333447,21
Hector,1333447,14
Angela,1333447,13
Ronaldo,35014236,23
Velvet,5923051,11
Sarah,5923051,6
Scott,5923051,2
Johnson,5923051,4
Brown,5923051,11
John,5923051,16
Kalidas,15569792,4
Raja,15569792,16
Kali,15569792,2
Ravi,15569792,15
Rao,15569792,2
Chiru,15569792,3
Radha,15569792,19
Davis,5649004,8
Jones,5649004,0
Sam,4578695,17
Lila,4578695,23
Arbogast,4578695,3
Loomis,4578695,6
Marion,4578695,6
Crane,4578695,4
Richmond,4578695,16
Bates,4578695,21
Chambers,4578695,22
Norman,4578695,3
Hussain,16335434,0
Yazid,16335434,18
Danny,23895365,20
Mewes,23895365,9
Manning,23895365,11
Michalchuk,23895365,24
Santos,23895365,22
Nash,23895365,15
Jackson,164502,12
Gustavus,164502,20
nchhausen,164502,12
Salt,164502,13
Albrecht,164502,0
Venus,164502,9
Baron,164502,21
Adolphus,164502,20
Alfred,12918018,10
Ellen,8559494,10
Bobby,8559494,5
Michael,8559494,21
Carmine,8559494,12
Cogan,1031157,1
Anselmo,1031157,17
Santos,1031157,10
Schwartz,1031157,20
Zapatti,1031157,13
Calhoun,1031157,6
Stern,1031157,4
Pappas,1031157,13
Bone,1031157,10
Petchpantakarn,2903798,11
Kom,2903798,6
Chinese-Indonesian,12392195,23
Grice,29305837,3
Scholes,29305837,23
Albert,29305837,5
Mortimer,29305837,2
McCallum,29305837,14
Joe,29305837,8
Farnish,29305837,13
Longo,10947631,5
Reich,10947631,14
Elsa,10947631,14
Maria,26287729,21
Scarlett,26287729,4
Travis,8743877,3
Tate,8743877,23
Knight,8743877,10
Cohen,8743877,6
Vicario,15187505,15
Flora,15187505,6
Bedoya,15187505,24
Bayardo,15187505,3
Nasar,15187505,20
Angela,15187505,3
Santiago,15187505,3
Rom,15187505,8
Little,15187505,1
Armenta,15187505,6
Edit,14386636,3
Mustafov,14386636,12
Stefanovi,14386636,12
Lucia,2679044,13
Donnelly,2679044,16
Brooks,2679044,23
Harper,2679044,4
Nagel,2679044,10
Banko,2595680,3
McKenna,2595680,17
Duncan,2595680,2
Mac,2595680,3
Malcolm,2595680,11
Ngau,26048721,14
Keung,26048721,23
Sally,26048721,6
Li,26048721,15
Rea,21245534,20
Petros,21245534,14
Kostas,21245534,20
Hlima,34758809,11
Anju,26013008,19
Prince,26013008,20
Menon,26013008,7
Nambiar,26013008,4
Manju,26013008,4
Sadashivan,26013008,3
Cohn,6644383,13
Duncan,6644383,9
Bush,6644383,0
Ingraham,6644383,22
Maines,6644383,15
Tomanovsky,1971532,18
Tin-bak,1971532,3
Hongzhang,1971532,7
Foon,1971532,23
Fei-hung,1971532,17
Ford,7261145,9
Bannister,7261145,1
Dick,7261145,3
Amy,26138411,3
Jessica,26138411,3
Tom,26138411,6
Newman,26138411,17
Crawford,26138411,3
Brian,26138411,23
David,26138411,3
Sergei,16724406,17
Matsuzaki,16724406,4
Kawamata,16724406,4
Iba,16724406,13
Jeeter,8671750,24
Linda,8671750,24
Dorn,8671750,10
Rod,8671750,6
Tillman,8671750,12
Gennarino,2149218,21
Drew,18222110,12
Shaw,8530244,17
Goundamani,23033300,14
Jeevitha,23033300,11
Shekhar,23033300,0
Reich,27852285,8
Duff,2400405,24
Jane,15372410,5
Shirley,15372410,3
Ellison,15372410,24
Carson,15372410,22
Anna,15372410,6
Kay,15372410,3
Welch,15372410,6
Eddie,15372410,17
Scott,15372410,20
Carl,8458652,3
Marion,8458652,3
Terry,8458652,3
Gloria,8458652,3
Nancy,8458652,3
Norman,8458652,4
Penrose,8458652,6
Kernan,5192888,9
Romano,5192888,15
Morton,5192888,19
Bijesh,11375668,10
Tara,11375668,21
Gupta,11375668,18
Sen,11375668,21
Cody,2811955,3
Evans,2811955,0
Joe,2811955,16
Glenn,2811955,21
Maverick,2811955,16
Zeke,2811955,22
Lani,2811955,4
Mikey,2811955,10
Brenshaw,4578720,14
Sidney,4578720,16
McKinney,4578720,20
Lancaster,4578720,5
Furlong,4578720,11
Ram,7156984,3
Ramon,7156984,12
Laura,7156984,16
Jamale,10466696,13
Rose,10466696,24
Nisrine,10466696,11
Rima,10466696,14
O'Hara,73441,21
Michael,73441,4
Elliott,73441,3
Mary,73441,16
Gertie,73441,6
Rogers,73441,16
Bullock,6868140,9
Alfred,6868140,3
Bruce,6868140,3
Wayne,6868140,23
Tyler,1168522,1
Gates,1168522,17
Leonard,1168522,22
Susan,1168522,3
Mann,1168522,3
Stane,5676692,17
Everhart,5676692,17
Raza,5676692,18
Coulson,5676692,11
Stark,5676692,6
Yinsen,5676692,22
Potts,5676692,6
Rhodes,5676692,15
Savitri,10791868,6
Ramesh,10791868,3
Anna,10791868,21
Ravi,10791868,3
Ranga,10791868,2
Radha,10791868,13
Bukowski,2436901,22
Manny,2436901,22
Laura,2436901,11
Jan,2436901,3
Pierre,2436901,10
Chinaski,2436901,3
Costello,8378772,24
Leonard,8378772,2
E.,8378772,23
Abbott,8378772,3
Anse,23295876,13
Ellison,23295876,16
Hatfield,23295876,3
Levisa,23295876,3
Roseanna,23295876,6
McCoy,23295876,19
Wilkins,23295876,0
Randall,23295876,16
Thad,23295876,2
Johnse,23295876,5
Tolbert,23295876,4
Tim,1469695,3
Jessica,1469695,3
Kate,1469695,3
Mike,1469695,17
Jensen,1469695,23
Franny,1469695,6
Shetty,33789163,5
Chakraborty,33789163,5
Fleegman,13149,12
Jason,13149,4
Laliari,13149,16
Gwen,13149,10
Nesmith,13149,17
Sarris,13149,17
Brandon,13149,13
Mathesar,13149,18
Nebulizer,13149,1
Kwan,13149,5
Kobayashi,24236292,4
Rachel,28146653,5
Steve,28146653,16
Howard,28146653,5
Arul,5349196,3
Kanmani,5349196,2
Sethupathy,5349196,15
Gajapathy,5349196,20
Vikram,5349196,0
Mason,25470407,6
Liz,25470407,3
Jack,25470407,7
McCann,25470407,6
Roxie,25470407,7
Didier,5383633,16
Greensmith,5383633,8
Goodwin,5383633,12
Afflick,5383633,7
Jones,5383633,6
Horace,5383633,2
Angela,5383633,21
Amanda,5383633,6
Burke-Cavendish,5383633,8
Cedric,14316363,8
Prince,14316363,5
Elaine,14316363,3
Henry,1722535,3
Wanda,1722535,3
Sorenson,1722535,13
Eddie,1722535,20
Chinaski,1722535,3
Sloane,381543,14
Gates,381543,3
Deegan,381543,17
Flicka,5226874,4
Nell,5226874,13
Katherine,5226874,6
McLaughlin,5226874,14
Howard,5226874,3
Katy,5226874,3
Rob,5226874,6
Wayne,20546667,1
Jeremy,20546667,19
Kathleen,20546667,21
Clare,20546667,6
Howard,20546667,9
Carteret,20546667,6
Owens,20546667,6
Kenneth,20546667,6
Porky,9067740,24
Noksu,3917891,11
Jangsaeng,3917891,3
Hanover,8701507,9
Johnson,8701507,10
Greenway,8701507,2
Chammy,18497485,23
Morina,18497485,11
Doraemon,18497485,3
Pareekutty,3697918,24
Panchami,3697918,2
Karuthamma,3697918,5
Chakki,3697918,4
Chembankunju,3697918,1
Karuthama,3697918,18
Pappikunju,3697918,8
Olivera,31841233,11
Jill,31841233,5
Kennedy,31841233,2
Redfield,31841233,9
Todd,31841233,0
Ocampo,31841233,20
Wong,31841233,2
Valentine,31841233,13
Chris,31841233,20
Becky,31841233,4
Alice,31841233,17
Ada,31841233,17
Wesker,31841233,7
Leon,31841233,17
Pandey,10141649,13
Chotu,10141649,9
Jyoti,10141649,0
Roopini,5210535,24
Rosy,5210535,7
Jeevan,5210535,21
Manickam,5210535,6
Nagar,33333101,7
Dennis,2094965,12
Chelsea,2094965,12
Mickey,2094965,13
Jack,2094965,10
Rob,2094965,2
Macha,10746524,2
Madi,10746524,3
Wazi,10746524,18
Ieka,10746524,10
Newman,29501024,17
Clint,9851394,3
Tom,9851394,3
Jerry,9851394,3
Bai,5313,24
fight,5313,0
Tsai,5313,18
Lien,5313,8
Fox,5313,17
Yu,5313,8
Jen,5313,3
Bo,5313,11
Li,5313,18
Quim,20426846,3
Bea,20426846,19
Beauvoir,20582277,7
Catherine,20582277,24
Daniela,9642489,18
Grenade,24193081,3
Kumar,33435933,5
Malini,33435933,20
Badshah,33435933,2
Chakraborty,33435933,5
Patil,33435933,12
Singh,33435933,11
Veluchamy,19985850,18
Thamizharasu,19985850,14
Murugan,19985850,23
Elmer,2020181,23
Tracy,13976657,16
Dick,4239155,20
Lear,4239155,17
Mellark,36012788,4
Everdeen,36012788,11
Ana,4608760,3
Hern,4608760,8
Marcos,4608760,3
Berta,4608760,6
Yueyang,906380,13
Jianli,906380,7
Zheng,906380,16
Secondo,453907,3
Primo,453907,16
Phyllis,453907,23
Prima,453907,23
Cristiano,453907,20
Gabriella,453907,24
Pascal,453907,6
Roberts,24064711,21
Williams,24064711,4
Holt,24064711,23
Goodwin,24064711,15
Lobo,24064711,20
Rowell,24064711,1
Murray,24064711,15
Elinor,24064711,14
Wrather,2773890,1
Granville,2773890,21
Rossiter,13210849,17
Kelly,13210849,14
O'Neal,13210849,11
Pickering,13210849,24
Stedman,13210849,18
French,19412716,1
Delia,19412716,16
Marchant,19412716,1
Spratt,19412716,2
Iris,19412716,8
Simon,19412716,21
Sparrow,19412716,19
Adam,2991187,23
Caroline,2991187,16
Wilson,15890569,17
Gladwin,15890569,3
Rukmani,5534117,9
Chishti,5534117,16
Singh,5534117,17
Thakur,5534117,18
Dang,5534117,4
Nasca,21768047,17
Mois,21768047,3
Momoka,21768047,17
Fuyuki,21768047,21
Hinata,21768047,2
Keroro,21768047,3
Mutsumi,21768047,23
Giroro,21768047,3
Kiruru,21768047,10
Kululu,21768047,23
Koyuki,21768047,24
Tamama,21768047,17
Kuyuki,21768047,16
Natsumi,21768047,3
Doruru,21768047,3
Robo,21768047,12
Pichu,21768047,10
Miruru,21768047,23
Sentai,21768047,11
Shivava,21768047,13
Dororo,21768047,6
Neza,32751781,11
Bill,32751781,16
Mike,14338296,3
Josh,14338296,20
Nina,29012443,10
Hugo,29012443,21
Loder,29012443,11
Madeline,29012443,20
Harbrough,29012443,9
Boycott,29012443,2
Maddie,29012443,16
Madeleine,29012443,6
David,29012443,15
Wythe,27226283,21
Kilmartin,27226283,3
Elizabeth,27226283,23
Kent,27226283,1
Swift,27226283,14
Mimi,27226283,6
Meg,27226283,13
Wilhelm,28372778,6
Cody,32161053,21
Autry,32161053,4
Reynolds,32161053,11
Cummings,32161053,17
Reiker,1306686,24
Miller,1306686,20
Tamango,1306686,24
Renker,1306686,17
Aich,1306686,1
Marsh,5867940,4
Machiavelli,5867940,12
Tommy,5867940,3
Price,5867940,22
Glenda,32646371,17
Eddie,32646371,19
Luli,32646371,3
Bert,19834902,6
Bell,35667246,1
Jemima,3917873,23
Jeremy,3917873,21
Cyril,3917873,10
Caractacus,3917873,3
Bomburst,3917873,15
Potts,3917873,21
Sangui,15903940,7
Junjie,15903940,17
Qin,15903940,14
Yuanyuan,15903940,17
Nichang,15903940,17
Yihang,15903940,8
Mladen,9604242,1
Gayathri,16167585,3
Azhagu,16167585,12
Gopikrishna,16167585,21
Basanthi,16167585,10
Cameo,1170663,1
Mitchell,1170663,14
Sympathy,1170663,11
Fatale,1170663,4
Martin,1170663,5
Karen,1170663,4
Badenov,1170663,8
J.,1170663,14
Thompson,1170663,14
Moose,1170663,22
Lewis,1170663,5
Boris,1170663,4
Mogul,1170663,19
Vinci,26183040,9
Sultan,26183040,15
Hezarfen,26183040,23
Murat,26183040,6
Toolen,11691107,4
Brandon,11691107,19
Rivera,11691107,8
David,11691107,6
McCarthy,11691107,12
Davis,28214227,22
Haasan,232301,21
Lalitha,232301,21
Sivayya,232301,14
Vinamra,30244786,6
Vaishali,30244786,4
Bhai,30244786,24
Shankar,30244786,15
Murthy,30244786,6
Bonnie,5449985,0
Jones,5449985,20
Parker,19069841,1
Sago,19069841,0
Sammy,9989811,6
Wolfe,9989811,21
Auden,9989811,8
Wanker,9989811,9
Jagger,9989811,22
Neil,9989811,6
Sherman,9989811,20
Mark,9989811,20
Loman,9989811,12
Dylan,9989811,17
Beverly,9989811,0
Willy,9989811,14
Stern,9989811,12
Densmore,9989811,11
Marv,9989811,20
Henderson,9989811,0
Page,17294536,8
White,17294536,23
Grange,17294536,9
Harry,31480409,15
Rosalie,31480409,16
Reisel,31480409,11
Max,31480409,21
Kohn,31480409,18
Alden,737797,23
Quixote,737797,24
Karr,737797,7
Denny,737797,21
Beth,737797,6
Ralph,737797,6
Scott,737797,6
Cliff,737797,6
Williams,842974,16
Cramden,842974,24
Schneider,842974,0
Anna,842974,8
Gruber,842974,17
Gina,842974,19
Flint,842974,21
Rodney,842974,7
Malcom,842974,17
Wu,842974,0
Dean,2743891,8
Rudy,2743891,15
Anderson,2743891,20
Les,2743891,3
Sainte-Christine,8545243,23
Suzanne,8545243,6
Moni,8545243,24
Chelle,8545243,16
Superior,8545243,3
Ranga,7182247,14
Srinivasachari,7182247,9
Saleh,2649791,21
Dolan,2649791,6
Lyon,36241040,18
Walker,1356647,5
Johnny,1356647,24
Wesley,1356647,13
Pendergrass,1356647,19
Rourke,1356647,14
Bergstrom,143890,19
Kathryn,143890,3
Tish,143890,23
Max,143890,4
Andie,143890,6
Claudia,31912450,13
Suryalekha,11796273,21
Sonia,11796273,3
Singh,11796273,14
Kishore,11796273,21
Vicky,11796273,3
Rawal,35478444,11
Sukhani,35478444,19
Johnny,35478444,6
Patekar,35478444,4
Puri,35478444,9
Belinda,35478444,15
Sarah,13166707,24
Sammy,13166707,24
Greaves,1525408,19
Jones,1525408,11
Hagen,1525408,11
Bagger,1525408,3
Vance,1525408,24
Cagney,1525408,21
Junuh,1525408,2
Hardy,1525408,16
Molly,1664079,23
Shankar,26494139,8
Karunan,26494139,10
Haroon,12568590,19
Sherry,12568590,6
Azim,12568590,13
Khan,12568590,23
Sheeza,12568590,19
Babar,12568590,16
Zoheb,12568590,3
Brannen,1880039,12
Moreno,1880039,10
Benko,1880039,0
Willis,1880039,21
Eddie,1880039,4
Toro,1880039,21
Agrandi,1880039,9
Bob,16470823,12
Kathleen,16470823,6
Griffioen,16470823,3
Kristina,20913363,10
Michel,20913363,6
Rosalina,20913363,6
Hasanin,30603831,14
Letter,30603831,14
Ali,30603831,5
Samantha,11142038,3
Leeds,11142038,13
Carlo,11142038,8
Craig,11142038,16
Sidney,11142038,24
alias,29702115,5
Rajand,29702115,16
Sathish,29702115,13
Rakhi,29702115,3
Paadam,29702115,18
Satheesh,29702115,3
Anand,29702115,17
Ananthu,29702115,23
Menon,29702115,14
Joe,29702115,17
Sudeep,29702115,17
Anu,29702115,3
Rohit,29702115,4
Anathu,29702115,4
Joseph,29702115,6
Ananthakrishnan,29702115,21
Zi,33882599,9
Fuzi,33882599,2
Niu,33882599,5
Bishop,2043990,9
Steele,2043990,21
Cheevus,2043990,4
McLuckey,2043990,15
Ukrinsky,2043990,12
Coleman,2043990,9
Dahl,2043990,4
Umeko,11561029,10
Marley,13522370,4
Fred,13522370,5
Morse,13522370,9
Cratchit,13522370,24
Dickens,13522370,12
Humbug,13522370,14
Day,13522370,12
Scrooge,13522370,16
Lyranna,24416479,10
Trent,24416479,10
Dar,24416479,3
Najera,18304705,13
Paco,18304705,17
Matute,18304705,9
Chapatin,18304705,13
Chanfle,18304705,3
Reyes,18304705,24
Moncho,18304705,24
Tere,18304705,6
Diana,18304705,12
jera,18304705,13
Valentino,18304705,16
Mithun,30108283,17
Petey,19388949,3
Pete,19388949,22
Andrea,10724184,6
Rossi-Colombotti,10724184,11
Andreas,10724184,3
Gigliola,10724184,14
Liang,28218992,19
Long,28218992,8
Nan,28218992,9
Dong,28218992,23
Wang,28218992,13
Wu,28218992,17
Yi,28218992,17
Qun,28218992,4
Fa,28218992,11
Zhen,28218992,4
Ji,28218992,9
Arthur,18168131,11
Jeckyll,18168131,8
Gregory,18168131,14
Bobby,18168131,20
Ramon,18168131,15
Perry,18168131,14
Hauser,18168131,1
James,18168131,21
Kranz,34230483,20
Witzleben,34230483,12
Katie,15236532,24
Mallory,15236532,19
Moran,15236532,19
Regan,15236532,6
Roost,15236532,7
Hunt,15236532,19
Gaila,21912163,4
Gailo,21912163,3
Galia,21912163,14
Miau,21912163,24
Loy,1710716,16
Marlon,1710716,1
Ellen,1710716,13
Lawson,1710716,6
Borunki,1710716,19
Jessie,1710716,2
Tariq,32366425,3
Vazhi,32366425,11
Charlie,2509859,21
Zanti,2509859,6
Lee,2509859,17
Brown,2509859,21
Bradly,2509859,21
McFadden,2509859,18
Caldwell,2680994,19
Bloom,2680994,16
Statson,2680994,11
Ricky,2680994,17
Mary,2680994,23
Superior,2680994,19
Billy,2680994,15
Nelson,5569766,0
Willow,5569766,23
Feld,5569766,10
Wildman,5569766,24
Flanagan,5569766,6
Rachel,5569766,13
Hazard,5569766,20
Davis,5569766,12
Jackie,5569766,21
Thornton,25808230,23
Elmo,25808230,5
Hammond,25808230,10
Edna,25808230,1
Grant,1881878,8
Brooks,1881878,5
Krista,1881878,17
Jones,1881878,3
Huey,1881878,10
Smith,1881878,3
Lynn,1881878,23
Watson,1881878,3
Crowe,25168812,11
Sower,25168812,4
Stillwell,25168812,16
Bertil,11379985,3
Viola,11379985,19
Raoul,11379985,1
Sharon,6402018,2
Shadow,6402018,21
Woody,20532745,14
Woodpecker,20532745,12
Cunningham,34834592,22
Hooper,34834592,9
McGroo,34834592,17
Hiltzik,34834592,15
Danny,34834592,22
Kitty,34834592,4
Honeydew,34834592,9
Tommy,34834592,3
Fudd,4715195,10
Doc,4715195,4
Thomas,7514063,3
Angela,7514063,3
Harper,7514063,19
Jim,7514063,18
Bridges,7514063,18
Presley,7514063,9
Mundy,31707381,6
Clifford,31707381,15
Henrietta,31707381,3
Noah,13785006,8
Stevie,13785006,16
Vincent,27922055,13
Wooderson,27922055,18
Dooly,27922055,6
Dia,3938164,1
Innes,3938164,7
Huat,9031535,3
Royston,9031535,22
Peniston,28106326,3
Mediera,28106326,17
Elizabeth,28106326,3
Bishop,28106326,13
Tauna,28106326,24
Gibson,28106326,18
Robin,28106326,4
Chase,28106326,3
Max,28106326,0
Puckett,28106326,17
Macy,28106326,3
Richland,28106326,6
Natasha,21954197,2
Skreslet,21954197,4
Morrow,21954197,6
Bauer,5993535,22
Krenshka,5993535,6
Crane,5993535,15
Grange,5993535,5
West,5993535,18
Bassett,5993535,18
Lily,5993535,10
Sutherland,5993535,14
Purdy,587807,12
Dean,587807,18
Love,587807,19
Kelp,587807,13
Donnelly,17546919,1
McKeon,17546919,5
Jeff,17546919,4
Jack,17546919,4
Mike,17546919,4
David,17546919,4
Cathy,22343600,8
O'Riordan,22343600,16
Barney,22343600,22
Jack,22343600,16
Shane,22343600,2
McAllister,22343600,11
Akash,10774494,11
Wendel,236691,2
Sally,236691,3
Heune,236691,9
Landauer,236691,7
York,236691,15
Mabuse,236691,13
Max,236691,24
Klub,236691,8
Nebenzahl,236691,24
Nazis,236691,23
Nebenzal,236691,1
Brian,236691,6
Bowles,236691,15
Nina,3303351,23
Talbot,3303351,3
Niemann,3303351,4
Edelmann,3303351,3
Dracula,3303351,17
Adams,3303351,12
Holtz,3303351,17
Milizia,3303351,4
Daniel,5938554,16
Danarama,5938554,1
Gras,27366970,23
Landon,22852522,14
John,22852522,3
Curtis,22852522,19
Geoff,26526609,19
Maureen,26526609,13
Juan,751100,8
Trucco,751100,9
Lebr,751100,24
guez,751100,16
Zaiter,751100,0
Warrington,751100,13
Ruppert,24739648,6
Smith,24739648,3
Jaiswal,7806783,6
Shivani,7806783,3
Smith,7806783,18
Dutt,7806783,24
Charlie,11464717,23
Maher,3569608,0
O'Donnell,3569608,13
Indra,30207145,6
Arvasu,30207145,17
Nittilai,30207145,3
Raibhya,30207145,5
Vishakha,30207145,6
Rakshas,30207145,24
Paravasu,30207145,6
Parvasu,30207145,14
Yavarki,30207145,3
Aravasu,30207145,6
Raibhyu,30207145,14
Yavakri,30207145,17
Yavakree,30207145,3
Nathans,33550875,6
I,33550875,20
Napoleon,33550875,16
Rothschild,33550875,14
Harry,24551035,6
Lawrence,24551035,12
Tom,24551035,6
Mayton,24551035,21
Toodie,24551035,23
Burton,24551035,22
Helen,24551035,3
Alice,24551035,6
Jaffrey,33447468,11
Puri,33447468,0
Dhillon,33447468,9
Chakraborty,33447468,5
Babbar,33447468,0
Shah,33447468,8
Jones,27074087,0
Christian,27074087,20
Selvi,36057872,23
Vijay,36057872,3
Taylor,21751211,8
Maggie,21751211,6
Al,21751211,9
Dandridge,21751211,2
Reynolds,21751211,0
Colby,21751211,7
Jackson,2717905,24
Carlos,2717905,11
Marcus,2717905,6
Clark,2717905,21
Liz,2717905,24
Jerry,2717905,12
Brad,2717905,18
Gus,2717905,3
Richie,2717905,4
Howie,2717905,21
Elwood,2717905,1
Nelson,2717905,3
Kent,75261,13
Dorfman,75261,22
Donald,75261,12
Marion,75261,24
Pinto,75261,6
Wormer,75261,14
Stratton,75261,6
Neidermeyer,75261,10
Marmalard,75261,3
Liebowitz,75261,2
Jansen,75261,11
Otter,75261,23
Diller,75261,8
Katy,75261,9
Schoenstein,75261,3
Pepperidge,75261,6
Larry,75261,13
Richard,1345168,21
Melvin,1345168,3
Van,1345168,3
Hitler,1345168,1
Dubbie,1345168,16
Nate,1345168,3
black,1345168,21
Trey,1345168,23
Sylvia,1345168,3
Ben,1345168,21
Brown,1345168,21
Jay,19022589,21
Derrick,19022589,16
Reashon,19022589,9
Pandit,33418077,10
Shantaram,33418077,0
Eknath,33418077,16
Manapamaan,33418077,8
Nataks,33418077,8
Rajhans,33418077,13
Mandali,33418077,8
Maharaj,33418077,14
Laxmi,33418077,8
Bai,33418077,19
Narayan,33418077,3
Franklin,3926180,3
Granny,3926180,6
Warbler,3926180,12
Beaver,3926180,3
Knight,3926180,6
Harriet,3926180,21
Turtle,3926180,3
Snail,3926180,3
Goose,3926180,3
Sam,3926180,23
Bear,3926180,3
Owl,3926180,13
Arun,19271338,3
Joydeb,19271338,4
Chatali,19271338,24
Chaitali,19271338,2
Joydev,19271338,17
Ajoy,19271338,17
Tithi,19271338,18
Choudhury,19271338,15
Ranjan,19271338,13
Shekhar,19271338,17
Page,1891886,10
Creedy,1891886,17
Bailey,1891886,12
Valerie,1891886,6
Sutler,1891886,7
Norsefire,1891886,21
Finch,1891886,13
Mapplethorpe,1891886,9
Ben,1891886,12
Deitrich,1891886,24
Evey,1891886,13
Hammond,1891886,21
Mohn,28209320,21
Andrea,28209320,0
Charles,28209320,21
Carson,21427980,3
Rausch,21427980,10
Curtis,21427980,10
Tilkin,36462620,11
Snezhkin,36462620,13
Akane,1252259,13
Godzilla,1252259,17
Kiryu,1252259,3
Hayama,1252259,10
Andre,1252259,23
Yashiro,1252259,12
Kellogg,6089212,15
Fippa,6089212,22
Jones,6089212,5
Gross,6089212,13
Abigail,6089212,2
Swanson,6089212,10
Pickles,6089212,15
Debbie,6089212,22
Harry,1629120,14
Edison,1629120,24
Mel,1629120,2
Gray,10299117,6
Lucille,10299117,17
Nanette,10299117,18
Smith,10299117,6
Billy,10299117,6
Mong-Gut,2634852,11
Foon,2634852,1
Harry,1819931,21
Bill,1819931,17
Rogers,1819931,13
Dawson,1819931,17
Yarno,2089001,6
Price,2089001,23
Luper,417004,22
Fallax,417004,7
Colpitts,417004,6
Corrado,24381557,22
Altieri,24381557,11
Luisa,24381557,12
Michela,28194449,22
Mattia,28194449,16
Alice,28194449,23
Michal,2642113,2
Meltzer,2642113,11
Pini,2642113,12
Baker,28199182,0
Johnny,28199182,17
Dave,28199182,17
Mansell,28199182,15
Jones,33353596,14
Coleman,33353596,4
Riley,33353596,9
Hammond,33353596,22
Green,33353596,14
Yahwa,23275083,13
Chung-won,23275083,16
Pil-u,23275083,12
Currie,17235390,2
Katrina,17235390,14
Kumar,10700014,19
Kamini,10700014,22
Anil,10700014,6
Singh,10700014,1
Gipson,1354975,6
Banek,1354975,6
Fox,30873812,17
Andrews,7533357,7
Ellen,7533357,3
Andrew,7533357,19
Harris,7533357,11
Annabel,7533357,21
Ben,7533357,8
Bill,7533357,8
Barbara,9122363,2
Barney,9122363,16
Shirrel,9122363,9
Mondrake,9122363,3
Danvers,9122363,5
Kevin,8484720,12
Tarika,8484720,3
Tricia,8484720,13
Ritter,20829476,10
Sterling,20829476,21
Benny,20829476,17
Seth,20829476,21
Spooky,20829476,17
Whitney,20829476,12
Nadira,34995217,1
Mallika,34995217,21
Ross,33045817,13
Thomas,33045817,24
Arnold,33045817,13
Crespi,33045817,13
Sarah,5269245,6
Ralph,5269245,3
Crandall,5269245,24
Thacker,5269245,5
Ben,5269245,3
Burton,5269245,20
Park,5269245,3
Isaiah,5269245,3
Aparna,25952352,13
Palazhi,25952352,1
Sreehari,25952352,23
Dennis,5549932,10
Kathleen,5549932,3
Fletcher,5549932,17
Avila,5549932,17
Van,5549932,4
Dorian,5549932,24
Penny,5549932,19
Arrocas,5549932,17
Peck,5549932,17
Raymond,5549932,3
Wallace,5549932,17
Stretch,5549932,6
Majid,2005119,6
Sabah,2005119,2
Stephen,2005119,21
Markovi,7638932,10
Hyde,7725710,7
Jekyll,7725710,3
Vlachopoulou,21141526,8
Ben-Hur,1343352,1
Jesus,1343352,21
Magdalene,1343352,13
Esther,1343352,21
Ouratieff,5911735,23
Petrovna,5911735,9
Dupont,5911735,12
Gorotchenko,5911735,5
Kittu,25914703,13
Kiran,25914703,4
Neelam,25914703,13
Palanisamy,34155456,20
Alf,11522949,14
Samoosa,11522949,2
Shucks,11522949,6
Ali,11522949,2
Bush,11522949,0
Woestyn,11522949,23
Hussein,11522949,12
Oz,3447166,18
II,3447166,17
Seymour,3447166,3
Martin,3447166,11
Audrey,3447166,23
Krelborn,3447166,24
Mushnik,3447166,6
Chan,15055389,18
Kadir,2853229,3
Chandralekha,2853229,3
Azhagu,2853229,3
Laxminarayan,2853229,18
Chellaiya,2853229,6
Vikram,2853229,24
Anand,2853229,24
Rahiman,31794894,7
Sammy,31805558,8
Darvesh,31805558,14
Melissa,31805558,15
Winters,31805558,11
Rajveer,31805558,23
Singh,31805558,18
Manu,26444528,23
Nitika,26444528,12
Devi,34404625,9
Nambiar,34404625,9
Rajamma,34404625,9
Saraswathi,34404625,9
Ganesan,34404625,9
Balaiah,34404625,0
Kai,27329757,11
Susie,27329757,8
Eugen,11502520,21
Fox,11502520,3
Hedwig,11502520,16
Max,11502520,19
Klaus,11502520,21
Philip,11502520,20
Luke,2550894,18
Clea,2550894,19
Brier,2550894,21
Carrie,2550894,18
Henry,23477628,6
Patty,23477628,23
MacMorrow,23477628,10
Toni,23477628,14
Pemberton,23477628,10
Rogers,23477628,6
Deepa,26615635,6
Bihari,26615635,4
Das,26615635,6
Gopal,26615635,3
Vijay,26615635,7
keep,26615635,5
Kragen,8244890,6
Biddle,8244890,18
Burns,8244890,0
Lucy,8668124,4
Helsing,8668124,6
Mina,8668124,3
Seward,8668124,13
Westenra,8668124,21
Dracula,8668124,4
Holmwood,8668124,1
Swales,8668124,16
Renfield,8668124,24
Harker,8668124,17
Quincey,8668124,3
Tokuhei,18684054,6
Shinnojo,18684054,21
Kayo,18684054,13
Shimada,18684054,4
Crane,5326183,10
Belle,5326183,6
Potts,5326183,3
Webster,5326183,4
Lumiere,5326183,6
Amy,10444367,2
Ella,10444367,21
Richard,10444367,8
Corcoran,10444367,12
Bishop,10444367,9
Stevens,10444367,11
Peters,10444367,15
Thompson,10444367,20
John,10444367,17
Gretchen,10444367,10
Sullivan,18071506,6
Valli,18071506,11
Wakasugi,1334877,16
Inoue,1334877,11
Suzuki,1334877,0
Corbett,30811665,14
Heyerdahl,30811665,9
Bibiane,5962955,24
Fabert,5962955,23
Karson,5962955,11
Philippe,5962955,3
Travis,12877496,12
Samantha,12877496,20
Kelly,12877496,9
Jesse,12877496,9
Birdy,241052,17
Riedenschneider,241052,5
Ann,241052,6
Abundas,241052,8
Crane,241052,9
Frank,241052,1
Brewster,241052,4
Ed,241052,9
Doris,241052,8
Dave,241052,3
Tolliver,241052,3
McCormack,877743,21
Willard,877743,10
Ariel,877743,3
Moore,877743,6
Daa,8602643,20
Christine,8602643,13
Chagny,8602643,6
Raoul,8602643,13
Ferguson,18793770,13
Adragon,18793770,16
Farrago,18793770,11
Helen,18793770,5
Gonzales,18793770,12
Geeta,11729093,4
Jamuna,11729093,22
Nita,11729093,19
Naam,11729093,24
Dutt,11729093,4
Irenka,19592108,23
Simone,19592108,23
Walter,19592108,10
Michael,19592108,3
Nick,19592108,13
Granny,19592108,6
Gabi,19592108,6
Gabriella,19592108,6
Pascal,19592108,15
Montalvo,1961652,0
Gabbo,5396202,14
Charley,26132673,6
Flo,26132673,13
Maria,26132673,13
Eileen,26132673,6
Mae,26132673,14
Frankie,26132673,3
Johnnie,26132673,6
Billy,26132673,21
Struthers,33194261,21
Bryce,33194261,7
Bertha,33194261,13
Dee,33194261,3
Franklin,33194261,0
Stix,33194261,6
Tammy,33194261,15
Levi,33194261,3
Waters,33194261,3
Anderson,33194261,2
Satin,33194261,3
Larry,33194261,23
Emma,33194261,3
Williams,17651907,19
Yoshimitsu,17651907,22
Fox,17651907,24
Mishima,17651907,12
Anna,17651907,23
Jin,17651907,21
Dragunov,17651907,8
Kazama,17651907,8
Jack,17651907,6
Christie,17651907,3
Monteiro,17651907,19
Rojo,17651907,8
Jacks,17651907,15
Kazuya,17651907,17
Heihachi,17651907,4
Gordo,17651907,24
Penelope,5103474,1
Tatla,5103474,10
Sanders,5103474,16
Pynchon,5103474,18
Tamala,5103474,3
Michelangelo,5103474,3
Nominos,5103474,6
Amala,4746656,3
Raja,4746656,6
Thevar,4746656,3
Sarita,4746656,14
Ravi,4746656,13
Sastri,4746656,24
Saritha,4746656,21
Sathyaraj,4746656,3
Sankara,4746656,15
Hannibal,13871052,16
Davenport,13871052,22
Mary,13871052,6
Uncle,13871052,8
Smith,13871052,13
Hawkins,13871052,12
Willoughby,13871052,5
Stretch,13871052,6
Jeremy,17079759,22
Kaufman,17079759,1
Yise,25390657,24
Qing,25390657,24
Bei,25390657,9
Bao,25390657,9
Yun,25390657,22
Shan,25390657,9
Cao,25390657,14
Bodhi,25390657,4
Shi-mak,15453009,3
Park,15453009,10
Dilovan,28236324,6
Zannou,34953728,18
Alphonse,34953728,13
Fred,8829625,6
Lovell,8829625,19
Ulysses,8829625,3
Wick,8829625,23
Armstrong,8829625,17
Peacock,8829625,12
Hackman,8829625,9
Sadler,8829625,20
Johnson,8829625,0
Nesbitt,8829625,6
Overbeck,8829625,19
Julie,8829625,0
Randall,8829625,13
Honggen,12776314,6
Lu,12776314,16
Jun,12776314,5
Qinghong,12776314,12
Zemin,12776314,21
Zhen,12776314,19
Sherrington,32655333,23
Zena,32655333,4
Ironbark,32655333,17
Fletcher,32655333,4
Clive,32655333,15
Zim,32655333,2
Enderby,32655333,24
Jimmy,32655333,15
Ridgeway,32655333,19
Ryo,23194543,21
Kieri,23194543,4
Kristina,6859404,13
Egan,6859404,7
Jones,6859404,9
Corona,6859404,4
Saville,6859404,2
Imil,6859404,10
Abbott,6859404,13
Pell,6859404,16
Dunn,1149663,9
Wishart,1149663,5
Comeau,1149663,12
Paul,9917330,17
Charles,9917330,3
Decourt,9917330,22
Phillipe,9917330,17
Knowles,28872129,11
Madeline,22156971,3
Patricia,22156971,3
Michael,22156971,6
Vivian,22156971,3
Sohn,22156971,3
Sam,14206642,3
Wolf,14206642,10
Ralph,14206642,23
Sheepdog,14206642,22
Arliss,24161254,0
Paul,24161254,5
Veaux,24161254,24
Muller,24161254,13
Matin,24161254,0
Mimi,24161254,22
Marie,24161254,4
Georges,24161254,5
Laura,9231540,1
Wagner,9231540,24
Austin,9231540,19
Willis,9231540,2
Keller,9231540,16
McBain,9231540,21
Christ,10943915,12
Holly,10943915,3
Ammon,10943915,1
Carl,10943915,6
Farrell,10943915,3
Elder,10943915,17
Jesus,10943915,4
Lozano,10943915,3
Louis,10943915,6
Rob,10943915,6
Daffy,9619859,3
Victor,19845179,6
Denise,19845179,3
Neil,19845179,6
Rowan,19845179,21
Cranston,19845179,7
Ayanna,19845179,1
LaGuardia,19845179,15
Kevin,19845179,6
Malik,19845179,3
Joy,19845179,6
Kraft,19845179,12
Dowd,19845179,13
Marco,19845179,3
Matthews,19845179,6
Jenny,19845179,3
Rosie,19845179,23
Alice,19845179,9
Kane,9656385,23
Haddock,9656385,23
Michael,9656385,14
Sebastian,9656385,3
Owen,9656385,6
Benedict,9656385,0
Lamb,9656385,14
Marina,4832313,7
White,4832313,3
Moonbeam,4832313,16
Nature,4832313,6
Horton,4832313,14
Dwarfelles,4832313,3
Critterina,4832313,8
Thunderella,4832313,6
Batso,4832313,6
Maliss,4832313,6
Baker,2400444,3
Waltrip,2400444,15
Bordereau,9170457,10
Ashton,9170457,4
Venable,9170457,21
Russell,9170457,18
Tina,9170457,7
Mandy,31684531,15
Wade,31684531,12
Roy,1282851,14
Hall,1282851,11
Monte,1282851,21
Helen,1282851,14
James,1282851,11
Karl,1282851,5
J,35485635,9
Gopi,35485635,14
Baba,35485635,16
J.,35485635,22
Janaki,35485635,22
Arun,35485635,0
Prakash,35485635,13
Hood,28799135,12
Andreas,28799135,23
Trenton,28799135,5
Calvert,28799135,9
Helen,145608,6
Szaby,145608,14
Monpti,35056026,6
Anne-Claire,35056026,3
Marlowe,103088,18
Reardon,103088,3
Rigby,103088,6
Gardner,103088,8
Anderson,103088,1
Leona,103088,23
Collins,103088,1
Kitty,103088,3
Milland,103088,24
Essen,103088,3
Bogart,103088,15
Juliet,103088,23
Rodriguez,103088,6
Forrest,103088,16
Hastings,103088,9
Anna,29417675,2
Dear,286828,21
Sarah,286828,21
Jock,286828,10
Santi,23937475,15
Judith,23937475,4
Monica,23937475,14
Silvia,23937475,2
Alex,23937475,16
Megan,27499456,4
Thomas,33968137,19
Felix,33968137,1
Katayama,9015660,23
Katamaya,9015660,16
Kamala,21038272,21
Thyagarajan,21038272,21
Mohan,21038272,12
Combs,29484972,15
Joe,28733517,21
Strachan,28733517,1
Harman,28733517,6
Whitlock,1086550,13
Blake,1086550,16
Franklin,1086550,16
Carter,1086550,3
McAlester,1086550,3
Dudley,1086550,17
Janice,1086550,17
Jim,1086550,4
Brenda,1086550,13
Higgins,1086550,14
Wesley,5841329,12
Vernon,5841329,15
board,3071743,15
Sarek,3071743,8
Narada,3071743,17
Scott,3071743,19
Nero,3071743,4
McCoy,3071743,7
Kelvin,3071743,5
Sulu,3071743,11
Olson,3071743,7
Grayson,3071743,9
Spock,3071743,21
Robau,3071743,13
Ayel,3071743,18
Pike,3071743,4
Kirk,3071743,21
Romulus,3071743,7
Isolde,27876042,6
Antoine,27876042,3
Isabelle,27876042,23
Kent,10929128,12
Talbot,10929128,7
Granger,10929128,24
Carson,10929128,0
Neville,16913663,22
Barsanti,16913663,20
Carroll,16913663,15
Constantine,16913663,16
Pollak,16070978,21
Ospeo,16070978,17
Angela,36363854,13
Matarga,36363854,11
Whisper,36363854,24
Danny,14744818,2
Dennis,14744818,2
Stevens,14744818,6
Brown,14744818,17
Hayes,14744818,2
Matsui,14744818,7
Matusui,14744818,22
Phil,14744818,6
Nora,14744818,4
Mr.,18992327,19
Wynne-Walton,18992327,9
Hunter,18992327,0
Ruth,18992327,11
Dobbie,18992327,11
Massey,18992327,7
John,18992327,6
Baxter,34466844,11
Andrews,225615,9
Kate,225615,4
Brewster,225615,10
Connor,225615,11
John,225615,4
Kathleen,6880278,23
Desmond,6880278,21
Terry,6880278,0
McKay,6880278,11
George,11419179,6
Joan,11419179,23
Tom,11419179,23
Jerry,11419179,3
Murrow,1133816,0
Fogg,1133816,17
Aouda,1133816,4
Verne,1133816,23
Monica,10366448,14
Mohan,10366448,19
Rajan,10366448,10
Sunita,10366448,9
Nisha,10366448,3
Renate,9974407,11
Heinrich,9974407,11
Kleinert,9974407,12
Lohse,9974407,1
Dieter,9974407,6
Tobias,5122432,13
Jairo,5122432,8
Maria,5122432,23
Dimas,5122432,1
Garza,5122432,17
Cimino,7724880,1
Fellman,7724880,9
George,7724880,16
Karen,7724880,12
Hirobumi,22610220,5
Tempest,8673346,23
Menjou,8673346,1
Claire,8673346,2
Olga,8673346,8
Rimanez,8673346,24
Marion,2247831,17
Wayne,2247831,4
Rene,2247831,23
Taylor,61480,9
Gordon,61480,1
Irene,61480,3
Foster,61480,5
Kiyoko,605939,6
Shima,605939,16
Akira,605939,16
Kei,605939,17
Kaori,605939,17
Kaneda,605939,17
Tetsuo,605939,17
Takashi,605939,16
Masaru,605939,10
Whittaker,98506,5
Walt,98506,4
Jonas,98506,17
Elspeth,98506,2
Rozanov,98506,6
Mattocks,98506,18
Hawkins,98506,6
Alison,98506,3
Annie,98506,12
Palmer,98506,19
Kolchin,98506,6
Erickson,98506,8
Foss,98506,10
Everett,98506,20
Huron,1586802,4
Daniel,1586802,23
Champlain,1586802,24
Chomina,1586802,3
Annuka,1586802,2
LaForgue,1586802,13
Aema,23437747,21
Miho,6394251,2
Walter,6394251,3
Bill,6394251,21
Dwight,6394251,20
Guan,23720172,16
Gou,23720172,8
Xiao,23720172,16
Brady,12897281,5
Alden,12897281,2
Dash,12897281,22
Jones,12897281,0
Hal,12897281,8
Gracie,12897281,24
Nardi,13180961,3
Stucchi,13180961,24
Sordi,13180961,10
Alberto,13180961,21
Risi,13180961,24
Almiraghi,13180961,16
Kabali,27956755,17
Geetha,27956755,22
Marudhu,27956755,17
boss,27956755,23
Lingam,27956755,14
Pandiya,27956755,4
Madge,29047988,22
Leroi,29047988,14
Mavis,29047988,19
Paul,29679260,21
Mindy,29679260,19
Kominsky,29679260,23
Kim,29679260,14
Stan,29679260,10
Elise,29679260,21
Ava,29679260,5
Ingrid,29679260,4
James,29679260,20
Seth,29679260,6
Jensen,29679260,21
Laura,29679260,22
Claire,29679260,3
Grace,29679260,20
Tess,29679260,21
Sam,29679260,21
Randy,29679260,24
Harris,29679260,10
Hailey,29679260,6
Griffin,29679260,21
Dennis,442333,19
Rocky,442333,21
Dozer,442333,9
Rusty,442333,16
Diana,442333,23
Adams,442333,24
Gar,442333,9
Gillie,5794124,23
Hinchley,5794124,6
Trumbull,5794124,23
Black,5794124,7
Graber,26898678,2
Mario,14944773,17
Maria,14944773,12
Isabelle,14944773,6
Lucien,14944773,6
Colonna,14944773,2
Paoli,14944773,13
Dupre,14944773,12
Tomasso,14944773,17
Lorenzo,14944773,5
Franchi,14944773,6
Cordoba,14944773,9
Gravini,14944773,16
Chandni,10598747,19
Sonia,10598747,3
Kapoor,10598747,9
Sunil,10598747,14
Kohli,10598747,4
Vimal,26003499,11
Anjali,26003499,14
Debra,27702708,23
Finn,27702708,11
Tallet,27702708,24
Charlie,27702708,14
Ricky,27702708,4
Max,27702708,2
Mashido,27702708,13
Lemkova,27702708,0
Kenton,27702708,6
Wendi,27462826,13
Sam,27462826,3
Adrien,27462826,3
Bobby,27462826,17
Marilyn,27462826,3
Josh,27462826,3
Mickey,27462826,17
Eva,27462826,3
Ray,612656,17
Johnny,612656,3
Spoglia,612656,19
Jeanette,612656,5
Clara,612656,8
Danny,4177747,6
Harry,4177747,3
Bahadur,4177747,11
Raja,4177747,6
Goga,4177747,10
Zybisko,4177747,12
Helena,4177747,8
Raju,4177747,21
Singh,4177747,23
Dyer,4177747,11
Durga,4177747,24
Simon,4177747,18
Ruby,4177747,6
Polly,26473841,2
Lenin,26473841,22
Engels,26473841,22
Mels,26473841,14
Stalin,26473841,22
Di,27235031,17
Lumina,27235031,2
Ogoranu,27235031,20
Erickson,23831635,9
Marcus,23831635,11
Sarasan,20631788,22
Raj,20631788,21
Balan,20631788,6
Sridevi,20631788,2
Yaji,7675076,8
Kita,7675076,9
Mallory,35755021,14
Hale,35755021,4
White,20736730,1
Brackett,20736730,17
Michael,20736730,3
Myers,20736730,16
Loomis,20736730,13
Harley,20736730,17
Laurie,20736730,3
Deborah,20736730,6
Strode,20736730,5
Annie,20736730,22
Newton,23417724,22
Thomas,317703,14
Rose,317703,13
Dawson,317703,11
Dent,1646113,9
Crone,1646113,16
Poplin,1646113,12
Gharonda,11056005,9
Chaya,11056005,8
Modi,11056005,6
Sudip,11056005,3
Anderson,4754477,24
Miltiades,8466260,14
Tancred,8466260,23
Lucifer,8466260,20
Adam,8466260,16
Burke,1166096,9
Stanton,1166096,6
Burden,1166096,9
Irwin,1166096,14
Stark,1166096,6
Jack,1166096,21
Thomas,34113448,23
Joe,34113448,3
Klemm,34113448,14
Mary,34113448,6
Dada,25214913,17
Bobby,25214913,16
Steve,25214913,16
Costel,25214913,2
Dimitri,25214913,6
Samuels,25214913,3
Dmitri,25214913,15
Manuela,2853895,3
Macoco,2853895,3
Serafin,2853895,3
Mack,2853895,9
Pedro,2853895,3
Alva,2853895,14
Limehouse,28336440,23
Mavis,28336440,6
Hogan,28336440,5
Dean,7128657,15
Janine,7128657,9
John,7128657,15
Linderman,3753182,11
Moody,3753182,23
Dubrow,3753182,19
Ricky,3753182,17
Peache,3753182,3
Mike,3753182,3
Clifford,3753182,24
Acord,6804255,13
Pride,6804255,2
Horton,31245238,22
Dilwig,31245238,18
Hobbs,31245238,20
Betty,7503399,4
Quilliam,29381597,21
Jarvis,29381597,2
Monica,29381597,3
Stella,29381597,21
Marsden,29381597,24
David,29381597,21
Ryerson,19822985,22
Billy,19822985,4
Katie,19822985,22
Tobolowsky,19822985,12
Pete,19822985,18
Bob,19822985,17
Silverman,19822985,7
Eddie,19822985,4
DeMarco,19822985,9
Wolfgang,19822985,7
Beethoven,19822985,21
Lisa,19822985,17
Walker,6048196,7
Trudy,6048196,6
Tru,6048196,6
Deedee,6048196,6
Eddie,6048196,14
Melvin,1673514,21
Daisy,1673514,6
Ray,1673514,6
Pike,1673514,17
Steve,1673514,21
Hancock,1673514,1
Wilkins,1673514,17
Willie,1673514,6
Claude,1673514,6
Gordone,35826458,14
Prabhavalkar,14612768,7
Saraf,14612768,0
Betty,5707225,19
Adith,13892034,13
Tita,13892034,6
Anuradha,16167538,5
Karthikeyan,16167538,3
Goldine,23720284,4
Serafin,23720284,10
Lee,23720284,8
Dryden,23720284,14
Andrzej,1249014,3
Krystyna,1249014,6
Tom,1597753,13
White,1597753,16
Charlie,11453926,3
Ambrose,11453926,8
Cameron,5985349,4
Roger,5985349,17
Ed,5985349,17
Robert,5985349,17
Norman,5985349,17
Claus,5985349,13
Rollins,29651684,1
Madson,29651684,18
Wright,29651684,0
Susie,11558194,8
Verona,5930667,3
Statham,5930667,5
Michael,5930667,14
Smart,5930667,5
Kim,5930667,20
Miles,5930667,15
Chelios,5930667,3
Maddalena,14123618,5
Ted,3365981,17
Hubert,24028744,22
Keith,24028744,23
Buckley,24028744,13
Linda,24028744,8
Jesus,24028744,10
Diana,24028744,22
Cleo,24028744,14
Mel,24028744,15
Flower,28305026,21
Keiichir,28305026,3
Richard,19199909,12
Vreeland,2103217,24
Dylan,2103217,17
Edie,2103217,6
Quinn,2103217,22
Sedgwick,2103217,9
Warhol,2103217,6
Sid,2103217,6
Pemenna,18005302,7
Kali,18005302,12
Srank,18005302,12
Vasumathi,23675245,11
Sindhu,23675245,19
Thampy,23675245,17
Aravindan,23675245,18
Thampi,23675245,1
Ganga,23675245,19
Brahmachari,23675245,7
Angela,7218457,19
Sandell,7218457,3
Lamb,7218457,12
Bobby,3618333,14
Tyne,3618333,5
Greenlaw,3618333,4
Vonny,34202918,23
Klingen,34202918,17
Kuntilanak,34202918,17
Marcell,34202918,8
Agnes,34202918,19
Soekotjo,34202918,18
Jerome,5939591,22
McHattie,5939591,3
Rhonda,5939591,22
Stample,5939591,12
Randall,5939591,19
Cervenka,5939591,11
Swapna,6818981,23
Prasad,6818981,15
Raju,6818981,6
Sandhya,6818981,6
Venkman,618929,19
Janine,618929,21
Peter,618929,23
Dana,618929,3
Vigo,618929,10
Ray,618929,4
Stantz,618929,3
Guardia,618929,9
Jack,618929,4
Poha,618929,13
Winston,618929,3
Barrett,618929,2
Zeddemore,618929,0
Spengler,618929,24
Oscar,618929,4
Tully,618929,17
Egon,618929,3
Janosz,618929,10
Jacek,7109494,1
Placek,7109494,1
Mona,897713,6
Palmer,16672614,19
Scotty,16672614,21
Kristi,16672614,16
Walter,9505256,6
Elsa,9505256,14
Ellis,9098193,19
Hart,9098193,4
Jim,9098193,21
Willie,9098193,9
Elston,9098193,10
Phillips,9098193,4
Henry,22643012,13
Hooft,22643012,14
Tromp,22643012,19
Hasselaer,22643012,0
Margaret,22643012,8
II,22643012,8
Ruyer,22643012,24
V,22643012,20
G,22643012,7
I,22643012,20
Hals,22643012,11
IV,22643012,20
Maurice,22643012,22
Grotius,22643012,2
Friso,22643012,11
Berlaymont,22643012,24
Steen,22643012,22
III,22643012,20
Bonaparte,22643012,17
Marthe,225535,6
Karine,225535,3
Nelsa,225535,20
Ludovic,225535,6
Pascal,225535,3
William,20015755,21
Alex,20015755,20
Fudd,24816600,16
Salesman,24816600,4
Elmer,24816600,3
Amritavalli,25792093,12
Mano,25792093,5
Mahalakshmi,25792093,14
Gounder,25792093,3
Gumbidiswamy,25792093,6
Maha,25792093,21
Murugan,25792093,15
Dhanush,25792093,11
Leeson,29988427,15
Tucker,29988427,5
Schneemann,29988427,5
Sherman,29988427,5
Rich,29988427,5
Brownstein,29988427,18
Rainer,29988427,5
Schapiro,29988427,5
Sischy,29988427,5
Ono,29988427,5
Chicago,29988427,5
Kruger,29988427,5
Abramovic,29988427,5
Morgan,6301742,15
Dekker,6301742,10
Eldrige,2208258,11
Hubbs,2208258,16
Bass,2208258,4
Lesko,2208258,3
Lee,21972505,12
Petty,21972505,24
Dodge,21972505,3
Trojan,21972505,18
Bishop,76402,3
Stovall,76402,0
Gately,76402,2
Pritchard,76402,2
Savage,76402,21
Henry,1888983,6
Slate,1888983,6
Fred,1888983,6
Astro,1888983,24
Iggy,1888983,2
Betty,1888983,2
Judy,1888983,21
George,1888983,6
Cogswell,1888983,6
Jane,1888983,15
Jetson,1888983,6
Centro,1888983,23
Barney,1888983,6
Spacely,1888983,6
Sandstone,1888983,10
Wilma,1888983,4
Tarpit,1888983,5
Rosie,1888983,13
Dino,1888983,23
McFarland,22915104,11
Joel,22915104,15
Mccrea,22915104,15
Buchanan,22915104,0
Robert,22915104,1
Shapiro,17349370,6
Boardman,17349370,6
Langmore,17349370,6
Emily,17349370,3
Lizzie,17349370,6
Deanna,17349370,3
Francio,17349370,13
Francia,17349370,14
Edgar,2611302,4
Michelle,2611302,3
Willy,2611302,19
Furlings,2611302,21
Cornelius,2611302,6
Dapplewood,2611302,23
Russell,2611302,12
Gideon,9465102,6
McGwyer,26740203,8
Heath,26740203,12
Oliver,348979,3
Tito,348979,20
Sykes,348979,4
Georgette,348979,0
Fagin,348979,3
Saluki,348979,24
Jenny,348979,16
Roscoe,348979,22
Foxworth,348979,8
Morthond,17842609,3
Tara,17842609,10
Monkeyman,17842609,17
Chang-Sha,17842609,17
Zetan,17842609,3
Hal,3872275,3
Randa,3872275,23
see,3872275,8
Badnagar,9803762,22
Geet,9803762,3
Manjeet,9803762,13
Anshuman,9803762,13
Kashyap,9803762,14
Dhillon,9803762,19
Aditya,9803762,3
Gordon,4727,5
Penguin,4727,1
Denny,4727,24
Robin,4727,3
Batman,4727,3
Wayne,4727,12
Shaks,30715135,16
Kayla,30715135,23
Trey,30715135,17
Tanya,30715135,21
Strehlow,28088242,24
Lea,28088242,11
Shirley,4538926,4
Johnny,4538926,24
Rick,4538926,1
Melissa,4538926,3
Angela,4538926,17
Gloria,4538926,17
Bibi,4538926,4
Bob,4538926,15
Perry,4538926,17
Kurt,4538926,2
Terri,4538926,16
Franz,9038322,3
Hyde,9038322,7
Mark,9038322,14
Paterson,9038322,13
Reynolds,9038322,15
Sally,9038322,6
Jekyll,9038322,15
Westley,9038322,21
Bob,9038322,24
William,5545800,4
Spretzle,5545800,4
Jessie,5545800,16
Amy,15399672,2
Tate,15399672,8
Hollister,15399672,15
Jay,15399672,18
Grace,15399672,6
Bannon,15399672,17
Miri,18006800,4
Dvir,18006800,23
Stephan,18006800,18
Bougafer,35002972,9
Atta,35002972,11
Tan,2895474,17
Ching,2895474,17
Yi,2895474,7
Kung,2895474,4
Ho,2895474,5
Yu,2895474,5
Ying,2895474,3
Ti,2895474,16
Hau,2895474,21
Li,2895474,19
Blaise,1031185,11
Nobile,2642594,21
Lucia,2642594,2
Eduardo,2642594,3
Letitia,2642594,3
Alvaro,2642594,18
Leonora,2642594,4
Russell,2642594,12
Francis,2642594,17
Conde,2642594,13
Kinsdale,13429328,4
Toula,21114978,11
Rena,21114978,2
Travis,3943033,6
Catherine,3943033,4
Bloome,2863319,10
Montgomery,2863319,15
Benson,2863319,5
Vanessa,2863319,16
Flayman,2863319,16
Barry,2863319,3
King,2863319,20
Mooseblood,2863319,6
Sheth,12932711,9
Sia,12932711,6
Singh,12932711,9
Rewa,12932711,3
Malhotra,12932711,6
Jessie,24407838,3
Roo,24407838,4
Evan,24407838,17
Dorothea,6816052,16
Nudelman,6816052,9
Sarah,6816052,18
Morton,6816052,14
Wayne,6816052,11
Lee,3527498,8
Warren,3527498,17
Annabel,3527498,3
Charlie,2544021,14
Edna,2544021,1
Krug,461335,17
Phyllis,461335,3
Podowski,461335,1
Sadie,461335,3
tom,461335,21
Mari,461335,4
Weasley,461335,16
Estelle,461335,17
Stone,461335,0
John,461335,1
Collingwood,461335,17
Cooder,267633,15
Rona,997955,13
Stuart,997955,23
Julie,997955,3
Mollie,997955,3
Man,997955,7
Eddie,997955,20
James,997955,23
Mikey,997955,3
Judas,24636995,6
Jesus,24636995,6
Joe,1843039,14
Lyedecker,1843039,0
Sarita,1843039,20
Amy,31008706,6
David,31008706,3
Corbett,13409492,5
Morgan,13409492,21
Free,11575861,19
Sampson,1051820,13
Jackson,1051820,13
Hudson,1051820,20
Dean,1051820,16
Laney,1051820,6
Zack,1051820,6
Vaughan,1051820,13
Boggs,1051820,14
Siler,1051820,1
Simon,1051820,15
Jackson,24336742,17
Williams,24336742,7
Eleanor,24336742,3
Bradshaw,24336742,2
Lindsay,24336742,14
N'Gina,24336742,3
Bob,24336742,17
Helen,24336742,1
Nelson,24336742,21
Zeno,24336742,3
Bellamy,27763376,19
Tuxan,27763376,10
Welles,27763376,21
Nicole,27763376,13
Devon,27763376,13
Pig,9104359,6
Tom,5021403,23
Jerry,5021403,23
Amudha,6768753,6
Raja,6768753,14
Raniammal,6768753,23
Rajalakshmi,6768753,21
Paul,1228941,6
Lilian,1228941,23
Lipton,1228941,21
Marcia,1228941,6
Dalton,1228941,24
Moss,1228941,12
Larry,1228941,3
Ted,1228941,13
Helen,1228941,6
Carol,1228941,3
Melinda,418154,24
Jill,5547674,3
College,5547674,11
Lawrence,5547674,11
Rosen,5547674,2
Sinatra,5547674,24
Sheik,5547674,6
Klaus,27808552,4
Griselda,27808552,23
Angelo,27808552,17
Rena,27808552,6
Corcovado,31332187,22
Chouinard,31332187,16
Johnson,31332187,17
Tompkins,31332187,1
Jo,25597304,10
Jerome,25597304,3
Gordon,2155481,19
Fryed,2155481,14
Hill,2155481,21
Trout,2155481,10
Bishop,289591,17
Hadley,289591,12
Muir,289591,6
Wiley,289591,15
Duncan,289591,19
Harker,289591,19
Vidya,33934589,3
Mehak,33934589,20
Malavde,33934589,21
Pathak,33934589,20
Acharya,33934589,6
Lakso,19400604,18
II,284752,1
Anastasia,284752,3
Bartok,284752,9
Dimitri,284752,3
Vladimir,284752,8
III,284752,22
Feodorovna,284752,12
Marie,284752,6
Rasputin,284752,24
Sophie,284752,22
Helsing,2046815,20
Ferguson,2046815,3
Cindy,2046815,13
Sondheim,2046815,22
Dracula,2046815,24
Rosenberg,2046815,3
Renfield,2046815,7
Ahmed,30035318,13
Hamed,30035318,7
Imam,30035318,8
Cindy,5429326,6
Shang,5429326,15
Kitty,5429326,23
Kara,27602542,21
Luthor,27602542,4
Superman,27602542,17
Kent,27602542,17
Apokolips,27602542,2
Zor-El,27602542,9
Granny,27602542,24
Lyla,27602542,12
Box,27602542,4
Darkseid,27602542,22
Barda,27602542,12
Honma,7855965,11
Shimokawa,7855965,6
Ebihara,7855965,18
Senzaki,7855965,6
Yoshioka,7855965,23
Izawa,7855965,3
Bala,26511794,13
Laura,26511794,24
Doraiswamy,26511794,19
Usman,26511794,17
Kochi,26511794,2
Singh,26511794,22
Black,26511794,23
John,26511794,11
Sollai,26511794,23
Joan,1130769,6
Bishop,1130769,6
Charles,1130769,7
Glasdale,1130769,20
VI,1130769,9
Cauchon,1130769,14
Rais,1130769,24
Catherine,1130769,17
Tourelles,1130769,1
d'Aulon,1130769,19
VII,1130769,17
God,1130769,21
Yolande,1130769,6
Marie,5469422,19
Eddie,5469422,19
Fowler,7896385,20
Skye,2421463,10
Archie,2421463,20
Harry,2421463,16
Doyle,2421463,22
Long,2421463,14
Evans,2421463,6
Belle,2421463,10
Little,2421463,0
Kasner,20617600,4
Suiter,2164722,18
Valdez,2164722,2
Olmos,2164722,24
Reyna,2164722,7
Katie,4327278,3
Evelyn,4327278,17
Lewis,4327278,6
McGovern,4327278,21
Julie,4327278,4
Rose,4327278,19
Julia,4327278,12
Sweeney,4327278,23
Murray,4327278,3
Roland,4327278,17
Rob,4327278,17
Shannon,8949714,11
Newt,8949714,13
Valentine,8949714,17
Al,8949714,17
Thomas,8949714,8
Peggy,8949714,6
Robin,8949714,9
Benji,8949714,5
Mandy,23674766,6
Anderson,23674766,15
Grace,23674766,20
MacArthur,35763852,14
Mary,35763852,3
John,35763852,3
William,434542,17
Anna,434542,2
Stephen,434542,16
Pinter,434542,12
Gray,29287983,11
Leroy,29287983,12
Deng,27962796,3
Dian,27962796,10
Baozhu,19247706,15
Hua,19247706,7
Harwood,189695,2
Langsdorff,189695,17
Woodhouse,189695,4
Parry,189695,4
Spee,189695,22
Hyo-Jung,4009572,2
Young-Eon,4009572,1
Paul,2608958,12
Nick,2608958,24
rob,2608958,16
Barlow,2608958,8
Beam,2608958,3
bastien,496640,16
Ruisheng,26737520,5
Daffy,602644,6
Hood,602644,12
Porky,602644,13
Luthor,24353804,23
Rose,24353804,13
Owlman,24353804,6
Quick,24353804,17
Wilson,24353804,11
Batman,24353804,17
Diggin,14469507,6
Jones,14469507,1
Toby,3083330,23
Brydon,3083330,9
Coogan,3083330,11
Yorick,3083330,13
Wadnam,3083330,19
Shandy,3083330,9
Whistler,1129583,8
Hannibal,1129583,6
Grimwood,1129583,2
Abigail,1129583,17
Drake,1129583,6
Asher,1129583,17
Zoe,1129583,6
Goyer,1129583,1
King,1129583,4
Talos,1129583,6
Ashton,25898800,13
Tom,25898800,21
Anna,25898800,22
Billy,25898800,0
Patricia,17752771,3
Carlo,17752771,3
Niccolo,17752771,3
Carmen,17752771,3
Silvano,17752771,3
Ferrara,17752771,24
Somasekhar,33952269,6
Raju,33952269,3
Mohanraj,33952269,13
Ajith,33952269,4
Radhika,33952269,16
Chatterjee,33952269,2
Bansal,9420496,21
Inderjit,9420496,1
Sinh,9420496,19
Robey,14440290,0
Rita,14440290,8
Juan,2125458,6
Gallardo,2125458,24
Carmen,2125458,9
Baker,24066535,20
Helen,24066535,17
Lippencott,24066535,6
Eileen,24066535,6
Clark,24066535,6
Chick,24066535,13
Loomis,24066535,9
Ruth,24066535,6
Bob,24066535,13
Sherwood,24066535,9
Annie,17117633,15
Albert,17117633,24
Dylan,15164556,20
Tuttle,15164556,16
Harriet,15164556,5
Robert,15164556,3
Blossom,15164556,7
Blake,31852403,13
Douglas,2303104,19
Paco,2303104,24
Herbie,2303104,23
Melissa,2303104,22
Carlo,2303104,15
Blythe,2303104,4
Pete,2303104,23
Louise,2303104,12
Stancheck,2303104,7
Gianni,24043964,19
Karen,4343437,21
Roth,4343437,0
Lisa,4343437,10
David,4343437,9
Dabney,11862595,23
Shadrach,11862595,17
Laurel,1980829,14
Ollie,1980829,21
Hardy,1980829,14
Tim,7495301,6
Guinan,7495301,8
Cadden,7495301,14
Bill,7495301,24
Louise,7495301,5
Kilgallen,7495301,0
Callahan,7495301,15
Jeffrey,6573412,3
Holbrook,6573412,22
Eric,6573412,13
Anderson,6573412,16
Wilder,6573412,13
McCorder,6573412,11
Bachchan,2242508,11
Verma,2242508,17
Khan,2242508,15
Anjaam,2242508,11
Asha,2242508,16
Rajesh,2242508,12
Sen,2242508,21
Amitabh,2242508,11
Caldwell,1637618,3
Henry,3644151,6
Jackson,3644151,4
Mulligan,3644151,23
Gallagher,3644151,3
Garvey,3644151,12
Lambert,3644151,2
Rollo,3644151,4
Emily,3644151,6
Marines,3644151,0
Mary,3644151,20
Walker,3644151,13
Zeb,3644151,20
Marie,3644151,5
Wallace,3644151,24
Bennett,3644151,7
Rue,3644151,9
Glidden,3644151,6
Montgomery,4091441,21
Murchison,4091441,5
Marjory,4091441,23
Howard,4091441,23
Ben,4091441,17
Dowling,4091441,13
Presley,4091441,13
Alden,7816124,11
Priscilla,7816124,15
Button,7816124,20
Jones,7816124,9
Mullins,7816124,18
Standish,7816124,23
Ivo,7816124,21
Bradford,7816124,2
Porky,32379313,3
Bluebeard,32379313,23
Hager,8476705,15
Emily,8476705,3
Thackeray,8476705,19
Leyland,8476705,12
Branwell,8476705,6
Nicholls,8476705,7
Smith,8476705,7
Anne,8476705,16
Robinson,8476705,20
Edmund,8476705,20
Sayyep,33222661,17
Brandon,33222661,23
Estolas,33222661,22
Santos,33222661,3
Benjie,33222661,23
Jesamine,33222661,10
Lethany,34595991,13
Foley,34595991,18
Keate,34595991,8
Warren,34595991,7
O'Leary,34595991,22
Herman,27847491,13
O'Hara,27847491,20
Miller,31777709,2
Fallon,9104429,12
Carson,9104429,2
Hornsby,9104429,17
Billie,871318,19
Axel,871318,6
Naomi,871318,19
Paul,958539,6
Miller,958539,11
Roberston,958539,5
Hansen,958539,4
J.K.,958539,6
Nick,958539,6
Robertson,958539,5
Lisa,958539,15
Spencer,2110246,3
Yamaguchi,2110246,15
Pamela,2110246,3
Natasha,2110246,16
Katelin,2110246,11
Kingsford,2110246,3
Hollywood,2110246,3
Henderson,2110246,1
Goberman,2110246,19
Richard,33041833,8
Vane,33041833,6
Isobel,33041833,2
Levison,33041833,5
Bauchard,4453379,14
Coudray,4453379,18
Philippe,4453379,21
Tus,5866831,17
Tamina,5866831,3
Ghazab,5866831,7
Nizam,5866831,23
Hassansin,5866831,7
Dastan,5866831,3
Sharaman,5866831,17
Amar,5866831,18
Alamut,5866831,20
Garsiv,5866831,17
Tretchikoff,22607491,13
Lenka,22607491,1
Gray,6446044,9
Columbo,6446044,13
Kriegler,6446044,15
Tanner,6446044,0
Melina,6446044,3
Gogol,6446044,20
Havelock,6446044,0
Ferrara,6446044,2
Bill,6446044,12
Gonzales,6446044,12
Timothy,6446044,9
Apostis,6446044,13
Schlaf,6446044,19
Locque,6446044,20
Bond,6446044,17
Dahl,6446044,6
Lisl,6446044,17
Amy,5125242,11
Jenifer,5125242,24
Weber,5125242,9
Frank,5125242,6
Spivey,5125242,6
Ruby,5125242,2
Cunningham,57820,12
Thurman,57820,13
Monnitoff,57820,15
Frank,57820,4
Darko,57820,6
Sparrow,57820,15
Elizabeth,57820,17
Pomeroy,57820,11
Gretchen,57820,17
Kitty,57820,12
Ross,57820,7
Eddie,57820,8
Oberoi,22086983,21
Diana,22086983,19
Sia,22086983,14
Ria,22086983,1
Malhotra,22086983,8
Jeremy,6012106,24
Scarett,6012106,7
Joe,6012106,6
Harper,6012106,22
Natalie,6012106,13
McKinney,6012106,21
Meg,6012106,6
Scheffer,6012106,21
Keong,8573584,6
Hui,8573584,13
Hexxus,2108776,21
Koda,2108776,10
Magi,2108776,5
Zak,2108776,24
Lou,2108776,10
Crysta,2108776,10
Lune,2108776,10
Shelby,8678373,2
Eli,8678373,23
Rodger,8678373,21
Jake,4640513,11
Jenkins,4640513,1
Sanders,4640513,11
Yuen,7319564,19
Dicky,7319564,6
Ti,7319564,20
Chow,7319564,3
Sagdiyev,224487,22
Hedges,224487,5
Massiv,224487,10
G,224487,14
Ali,224487,16
Carlton,224487,5
Staines,224487,24
Cohen,224487,12
Faso,224487,0
Paul,14237082,15
Taylor,14237082,18
Jackson,14237082,3
Frenchfry,5885538,13
McDodey,5885538,10
Bodey,5885538,7
Aquino,5885538,5
Sissy,5885538,0
Vasa,3405310,23
Mikko,3405310,6
Speer,9126115,22
Reeder,30622343,15
Curzon,30622343,0
Fyffe,30622343,21
Wallace,30622343,8
Hitchcock,30622343,18
Anna,27363110,20
Ortega,27363110,7
Elvira,32790121,10
Quintanilla,32790121,3
Jos,32790121,15
Melinda,32790121,0
Robin,32790121,5
Aditi,18430452,9
Ganga,18430452,10
Swathi,18430452,13
Magenta,2288762,10
Walsh,2288762,19
Paul,696925,24
Strasberg,696925,1
Groves,696925,3
Glenn,696925,13
Archie,921891,3
Vanessa,921891,4
Fait,921891,3
Sona,921891,6
Christophe,921891,10
Daria,921891,24
Miles,921891,4
Tommy,921891,24
Ling,921891,17
Martin,2409484,9
Jefferson,2409484,0
Audrey,2409484,3
Lola,2409484,17
Frank,2409484,3
Gianni,2409484,17
Dimitri,2409484,17
Tarconi,2409484,17
Jack,2409484,4
Tipov,2409484,6
Noyes,1088677,7
Talmann,1088677,7
Neville,1088677,3
Herbert,1088677,7
Higgins,1088677,1
Bard,17188323,12
Malby,17188323,2
Shehu,25839955,6
Vincke,25839955,18
Tahiri,25839955,3
Chui-fa,8446486,24
Ka-lok,8446486,24
Lui,8446486,14
Tak,8446486,4
Madhavankutty,36287881,4
Sreenivasan,36287881,11
Imamura,3702221,21
Mariama,26071795,16
Twillinger,9595500,11
Hurley,673469,2
Joe,673469,6
Rachel,673469,3
Anne,673469,2
Mahoney,673469,17
Wright,673469,2
Nelson,673469,6
Hicks,673469,7
David,673469,6
Fiona,29002631,21
Ben,29002631,21
Lakshmi,29002631,13
Peter,3054601,2
Margaret,3054601,17
Carey,3054601,9
Osh,3054601,6
Julia,3054601,3
Nancy,3054601,6
Joy,3054601,3
Gilly,3054601,2
Hamilton,3054601,3
Bryant,3054601,19
Popham,3054601,6
Quentin,1688153,3
Ruby,1688153,17
Vogel,1688153,18
Finlayson,1915443,6
Paula,13819727,19
Antonio,13819727,6
Jorge,13819727,21
Natalia,13819727,6
Bala,20018854,12
Vidya,20018854,14
Sangeeta,20018854,2
Andrew,10364521,4
Luster,10364521,18
Kalmen,25533110,23
Karsch,25533110,9
Maureen,25533110,12
Jordan,25533110,6
Susan,25533110,13
Daniel,25533110,10
Ben,25533110,3
Allyson,25533110,6
Nancy,25533110,5
Marino,25533110,12
Carter,26216172,22
Armand,26216172,23
Louie,26216172,16
Alice,26216172,17
Cruella,1730084,16
Baduns,1730084,4
Lars,1730084,10
Perdita,1730084,1
Pongo,1730084,1
Badun,1730084,20
Murphy,28027063,0
Kozlow,28027063,17
Martin,28027063,17
Karen,28027063,3
Kevin,28027063,17
Price,28027063,21
Harper,28027063,3
Burton,28027063,6
Mara,28027063,17
Rasmus,28027063,10
Nathan,28027063,6
Bennett,28027063,6
Leonnec,17839776,21
Maxim,34124221,21
Voyevodin,34124221,0
Baumann,965432,0
Angelo,965432,17
Hansen,965432,11
Brock,965432,12
ger,965432,13
Schmidt,965432,4
Barnes,965432,4
Hartman,965432,6
Major,965432,14
Bronson,27361432,4
Kyle,27361432,24
Summers,15053838,13
Eric,15053838,23
Claire,15053838,3
Emma,15053838,16
Blade,2477108,0
Estevez,2477108,20
Quick,2477108,9
Allmedia,2477108,17
Danger,2477108,14
Harry,42137,23
Phyllis,42137,23
Gregory,42137,11
Holly,42137,21
Sebastian,42137,21
Angel,42137,21
Brad,42137,14
Henderson,42137,10
Braden,42137,6
Klaus,42137,14
Lili,4993297,23
Dong,4993297,15
Tianfang,4993297,20
Evelyn,6572584,14
Johnson,6572584,11
Ellington,6572584,13
Ranvir,35773659,9
Salim,35773659,9
Karan,35773659,9
Samrat,35773659,17
Anand,35773659,3
Croy,6449665,17
Wolf,6449665,15
Jim,6449665,23
Karen,6449665,23
Conrad,6449665,6
Hugo,12767159,23
d'Alcy,12767159,19
Tabard,12767159,3
Cabret,12767159,2
Isabelle,12767159,6
li,12767159,0
Georges,12767159,13
Claude,12767159,4
Joe,19162273,6
Missie,19162273,6
Slemmons,19162273,5
O'Brien,61904,0
Jane,10887253,20
Gibbons,10887253,20
Sharpe,10887253,6
Simmerson,10887253,9
Harper,10887253,17
Camoynes,10887253,3
Fenner,10887253,17
Lambert,10887253,10
Juancho,25450027,10
Lupe,25450027,21
Rama,12302621,2
Naurangia,12302621,23
Soderstrom,13926072,3
Abernathy,13926072,23
Frazier,33690412,10
Kemper,33690412,20
Harris,33690412,6
McCormack,33690412,17
Brandi,33690412,10
Ed,33690412,4
Charlie,9379703,3
Jordan,9379703,21
Roark,9379703,4
Bellow,9379703,0
Jinnah,3546038,6
Parsi,3546038,9
Fatima,3546038,23
Gandhi,3546038,12
Mountbatten,3546038,15
Nehru,3546038,6
Otto,3644025,7
Monica,3644025,21
Nicholas,3644025,3
Katrin,3644025,17
Erik,3644025,21
Frankenstein,3644025,12
Katie,22747963,6
Toby,22747963,21
Bishop,22747963,6
Amaya,22747963,14
Acuna,22747963,24
Jack,22747963,3
Roberto,22747963,17
Cushinberry,18570812,6
porter,18570812,9
Carrie,18570812,13
Naomi,18570812,3
Saunders,18570812,6
Eva,18570812,6
Jimmie,18570812,6
Wade,18570812,1
Cowper,18570812,18
Blackrat,36447098,23
Krazy,36447098,3
Kat,36447098,15
Ducky,36447098,0
Simpson,3368406,6
Linda,2666318,12
Carter,2666318,6
Jessica,2666318,12
Dixon,2666318,6
Steven,2666318,0
Kevin,2666318,22
Vic,22498439,3
Blair,22498439,17
Jish,22498439,13
Martin,22498439,11
hear,22498439,0
Stressy,22498439,3
Copperfield,22498439,9
bush,22498439,17
Pauli,14881706,24
Carl,14881706,20
Maggi,11270479,6
Pooja,11270479,14
Bacon,11270479,5
Oberoi,11270479,6
Aniston,11270479,5
Mohr,11270479,5
Kabir,11270479,13
Bowie,4539015,21
Keechie,4539015,22
Chicamaw,4539015,4
Lewis,24143349,8
Annie,24143349,3
MacDonald,14643875,18
Kluger,14643875,21
Carol,14643875,19
Meeker,1203778,24
Smith,1203778,4
Julia,1203778,6
Healey,1203778,23
Rogers,1203778,21
Norman,1203778,21
Earl,1203778,0
Brown,1203778,2
Richard,1203778,6
Annette,1203778,21
Sturges,1203778,20
Mo-rae,24282217,6
Simon,2673320,19
Davis,2673320,14
Claire,2673320,23
Mac,2673320,14
Gorman,24917225,23
Jessica,28788758,6
Antonio,28788758,8
Raumo,28788758,13
Wiseman,1376388,13
Ramirez,1376388,19
Jocelyn,1376388,6
Hill,1376388,23
Cynthia,1376388,4
Bible,1376388,6
Sheldon,1376388,2
Alibek,1376388,9
Smits,1376388,17
Walter,7693284,15
Helen,7693284,12
Elaine,7693284,12
Frank,7693284,15
Penelope,9945689,23
Golnaar,4688237,20
Hashemi,4688237,8
Shah,4688237,2
Margot,11963262,7
Claude,11963262,2
Paul,4611346,21
Socrates,4611346,9
Ofoeti,4611346,10
Williams,13670373,18
Kyle,13670373,17
Marcus,13670373,17
Reese,13670373,10
Ashdown,13670373,21
Kate,13670373,2
Kogan,13670373,12
Barnes,13670373,17
Connor,13670373,11
Wright,13670373,10
Donald,24479155,9
Carlos,24479155,13
Gwendolyn,24479155,8
Niles,21752454,2
Adams,21752454,23
Rosemary,21752454,23
Wapinger,21752454,23
Dolores,21752454,10
Rita,16638626,13
Rai,16638626,0
Chowdhry,16638626,10
Mike,16638626,6
Helen,16638626,2
Shekhar,16638626,20
Panjara,13362932,8
Sadashiv,13362932,1
Saawni,13362932,15
Ganga,13362932,6
Govinda,13362932,21
Avinash,13362932,1
Radha,13362932,1
Tina,13362932,12
Topper,1048388,3
Gregory,1048388,14
Farnum,1048388,23
Harley,1048388,3
Buzz,1048388,3
Wilson,1048388,7
Thompson,1048388,10
O'Leary,1048388,20
Devi,16166305,6
Vardhana,16166305,13
Singha,16166305,6
Lolotta,3213280,13
Steve,5242749,24
Miller,27872044,3
Kyle,27872044,17
Jonah,27872044,3
Sarah,27872044,6
Jake,27872044,24
Avery,27872044,3
Elias,27872044,17
Rath,22750197,21
Daniel,24645176,9
Gabby,24645176,17
Richie,24645176,20
Stan,24645176,10
McCloud,28075586,16
Peter,28075586,4
Gloria,28075586,13
Weaver,28075586,24
Wallach,28075586,9
Leslie,28075586,13
Janice,32549690,21
Dou,19875036,13
Draper,16045861,10
Paper,16045861,21
Jackie,16045861,3
Ortiz,28085067,9
fight,28085067,9
Fuentes,28085067,22
Parker,28085067,22
Hobbs,28085067,17
Santos,28085067,22
Zizi,28085067,17
Yashar,28085067,22
Dom,28085067,4
O'Conner,28085067,12
Elena,28085067,24
Leo,28085067,22
Vince,28085067,17
Neves,28085067,18
Pearce,28085067,16
Toretto,28085067,4
Reyes,28085067,17
Mia,28085067,3
Brian,28085067,3
Joan,23319831,23
Macaulay,23319831,18
Gert,23319831,6
Lynch,23319831,4
Lois,23319831,6
Jim,23319831,13
Zaza,23319831,21
Chuck,23319831,5
Verma,11335429,3
Vikram,11335429,9
Geeta,11335429,3
Thakral,11335429,3
Komal,11335429,3
Arun,11335429,13
Hum,11335429,7
Takral,11335429,0
Hai,11335429,21
Kadam,11335429,0
Mathur,11335429,13
Lewis,4148842,1
Salazar,4148842,14
Gilstrap,4148842,16
Lane,12776957,22
Gresham,12776957,5
Catterina,12776957,13
Arnold,12776957,18
Hopper,9866571,19
Gaines,9866571,3
Lapitch,5352532,6
Scowler,5352532,20
Melvin,5352532,3
Blanka,5352532,1
Mistress,5352532,1
Master,5352532,9
Yana,5352532,10
Marco,5352532,10
Susanna,5352532,21
Lisa,5352532,2
Adam,15738569,15
Clayton,15738569,12
Malden,15738569,19
Walker,15738569,9
Rumata,10225164,24
Reba,10225164,24
Brothers,20004625,21
Russell,7093500,17
Saroka,7093500,3
Hussain,27086394,9
Boby,27086394,4
Laborde,34290283,14
Antoinette,34290283,5
Johnny,5887808,21
Geeta,5887808,10
Vidya,4658214,21
Mule,4658214,1
Shukla,4658214,2
Kallu,4658214,4
Mhatre,4658214,16
Khandilkar,4658214,17
Jagga,4658214,18
don,4658214,15
Satya,4658214,6
Narayan,4658214,8
Jhawle,4658214,6
Gabor,1681589,15
Kumar,22513789,15
Asokamala,22513789,21
Dimbulana,22513789,3
Perera,22513789,0
Jack,7696753,21
Simon,7696753,3
Ralph,7696753,3
Kinski,11523957,11
Toresen,12719322,3
Paul,5744162,4
Fred,5744162,11
Georgie,5744162,3
Ann,5744162,23
Peter,5744162,17
George,5744162,17
Farber,5744162,0
Nick,8847411,3
Ben,8847411,21
Oscar,8847411,17
Holly,8847411,6
Connelly,142447,19
Verdell,142447,7
Bishop,142447,10
Sachs,142447,24
Udall,142447,6
Simon,142447,3
James,142447,9
Carol,142447,3
Angela,10508900,8
Emma,10508900,15
Nicki,10508900,4
Sims,7903848,21
McKenzie,7903848,22
Haylei,7903848,4
Kristin,7903848,12
Jenkins,13926329,11
Peter,13926329,2
Jones,13926329,12
Kirk,13926329,21
Hunt,13926329,6
Vandemer,13926329,1
Helen,13926329,14
Xiaofen,10998215,23
Srikanth,12050041,24
Madhav,12050041,14
Venu,12050041,4
Bhagavan,12050041,8
Ali,12050041,4
Swathi,12050041,4
Prakash,12050041,15
Bakshi,18623322,13
Yoda,53964,4
Kenobi,53964,18
Luke,53964,3
Calrissian,53964,12
Lando,53964,3
Han,53964,24
Vader,53964,24
Hutt,53964,15
Dagobah,53964,9
Bespin,53964,17
Skywalker,53964,18
Leia,53964,6
Tan,3595288,4
Dimensi,9377317,1
Agata,9377317,23
Ponce,9377317,4
Thomson,28785785,12
Hobbs,28785785,12
Terminus,26008898,20
Akashi,26008898,17
Subramanium,26008898,18
Sonia,26008898,4
Barron,26008898,6
Jenny,26008898,9
Prateek,26008898,3
Lucifer,26008898,22
Shekhar,26008898,17
Glasse,26451721,3
Pitard,26451721,10
Redja,26451721,7
Getzel,26451721,8
Pauline,26451721,19
Ostrovsky,26451721,20
Sam,680337,3
Sandy,680337,3
Barbara,680337,3
Earl,680337,20
Kessler,680337,9
Benton,680337,18
Stone,680337,8
Ken,680337,17
Carol,680337,13
Hardy,3208494,23
City,2682902,18
Braddock,2682902,21
Kellegher,5882959,7
Burgess,5882959,24
Curley,5882959,0
Jane,1385323,23
Blair,1385323,11
Doug,1385323,23
Siegert,1385323,3
Cox,1385323,24
Ferrin,1385323,24
Durwin,1385323,1
Zuri,19747745,7
Joxean,19747745,19
Yoyes,19747745,21
Argi,19747745,22
Tom,9899953,3
Jerry,9899953,3
Mammy,9899953,3
Radcliffe,22428085,22
Pietri,22428085,15
O'Connor,22428085,3
Caille,22428085,2
Njenga,22428085,2
Bradley,22428085,21
Meyers,22428085,7
Kastor,22428085,6
Colleen,22428085,18
Fram,12240280,3
Bertha,25578209,10
Judy,25578209,21
Kevin,25578209,23
Figglehorn,25578209,21
Saeki,12674435,3
Emiko,12674435,7
Bellini,4940876,23
Carmela,4940876,4
Cosimo,4940876,6
Babitch,4940876,20
Michelle,4940876,6
Jerzy,4940876,9
Riley,4940876,6
Pero,4940876,6
Leon,4940876,6
Rosalind,4940876,3
Jack,21308895,5
Hoskins,21308895,5
Tasia,35738632,23
Prince,35738632,13
Duke,35738632,2
Satish,9022669,3
Sardar,9022669,6
Pooja,9022669,6
Karan,9022669,21
Balraj,9022669,6
Khan,9022669,0
Khanna,9022669,20
Iqbal,9022669,3
Patel,9022669,17
Marko,9022669,20
Ranjit,9022669,6
Singh,9022669,0
Rohan,9022669,3
Jackson,5925044,23
Earl,5925044,21
Chandler,5925044,0
Harley,5925044,13
Tucker,5925044,20
Ernest,5925044,22
Lula,5925044,6
Douglas,32687451,3
Brennan,32687451,12
Barbara,32687451,17
Elmore,32687451,14
Carl,32687451,1
Julie,32687451,23
Halloway,32687451,10
Willis,32687451,10
Karna,32687451,6
Thompson,32687451,4
Newez,27800821,14
Yunus,27800821,22
Carney,16431349,0
Anna,16431349,12
Woods,16431349,13
Selwyn,16431349,8
Mathers,16431349,5
Juan,20019382,6
Davis,20019382,6
Hardieker,24065428,20
Fisher,24065428,10
Anne,24065428,21
Hans,24065428,9
Geeta,16348691,21
Sonu,16348691,6
Johnny,8971641,14
Johny,8971641,4
Ballu,8971641,7
Jimmy,8971641,4
Queen,4213193,23
Ella,4213193,12
Otah,4213193,3
Lou,4213193,12
Crowe,4213193,10
Hilley,4213193,3
Ransome,4213193,13
Davis,4213193,19
John,4213193,17
Kabeer,4213193,22
Marcus,33775463,3
Mary,33775463,2
Samuel,33775463,19
Chris,33775463,3
Alex,33775463,4
Nirosha,2853175,13
Jayachitra,2853175,18
Chidambaram,2853175,5
Gautam,2853175,3
Anjali,2853175,19
Ashok,2853175,3
Ramaswamy,2853175,0
Vishwanath,2853175,6
Anjo,311179,10
Kakihara,311179,3
Takeshi,311179,15
Ichi,311179,3
Long,311179,4
Jijii,311179,3
Karen,311179,10
Sabur,311179,17
Suzuki,311179,4
Myu-Myu,311179,4
Kaneko,311179,18
Murdock,7447003,7
English,7447003,22
Smith,7447003,13
Lynn,7447003,11
Marvin,22365460,23
Morella,22365460,24
Fifi,15359592,16
Boog,15359592,6
Rufus,15359592,10
Charlene,15359592,9
Serge,15359592,16
Stanley,15359592,10
Giselle,15359592,23
Roger,15359592,10
Weenie,15359592,3
Deni,15359592,16
Arthur,21492428,11
Julie,21492428,2
Chedworth,21492428,5
Gwen,21492428,19
Susie,21492428,19
Couch,7223973,15
Evelyn,7223973,16
Threadgoode,7223973,16
Bennett,7223973,24
George,7223973,15
Ruth,7223973,6
Jamison,7223973,9
Jr.,7223973,12
Cynthia,2352505,3
Pearl,2352505,3
Patrick,2352505,23
Jimmy,2352505,3
Maurice,2352505,4
Jeremiah,2352505,3
Lupovich,2352505,10
Bill,2352505,3
Bones,2352505,13
Sandy,26834440,3
Hannah,26834440,13
Lex,26834440,17
Layla,26834440,3
Mitchell,26834440,17
Angela,26834440,2
Eli,26834440,3
Jake,26834440,21
Cecilia,26834440,8
T.J.,26834440,3
Chad,26834440,17
Smith,26834440,15
Channing,26834440,21
Baker,22557257,12
Jackson,22557257,4
Fredericks,22557257,18
Riley,22557257,9
Krause,22557257,22
Rogers,23690953,17
Marcela,1794686,19
Pi,1794686,10
Pineyro,1794686,13
Townsend,7278946,2
George,7278946,15
Mansfield,7278946,12
Dracula,7278946,4
Johnny,1925273,16
Grimm,1925273,12
Doom,1925273,23
Ben,1925273,3
Richards,1925273,4
Alicia,1925273,0
Reed,1925273,21
Stuart,580960,24
Wild,580960,19
Mandy,580960,9
Slade,580960,24
Danny,18410798,9
Rob,18410798,3
Shelby,18410798,3
Dan,18410798,6
Max,18410798,9
Leds,18410798,19
Owen,18410798,2
Tabitha,18410798,3
Wright,18410798,10
Lisa,18410798,3
Revathy,35495683,13
Kannan,35495683,6
Heinrich,3119484,11
Leila,3119484,6
Keller,3119484,23
Emma,474571,8
Alex,474571,16
Bridget,31295271,6
Molly,31295271,6
Greg,31295271,21
Chloe,31295271,23
Indira,7601499,14
Kesavan,7601499,12
Blake,31856500,16
Norcone,31856500,11
Maruffi,31856500,13
Lucrezia,31856500,15
Cardi,31856500,22
Margherita,31856500,15
Martinello,31856500,22
Marzipan,4673196,10
Elizabeth,4673196,3
Eric,4673196,13
Drosselmeyer,4673196,3
Prince,4673196,23
Kelly,4673196,21
Clara,4673196,3
Barbie,4673196,6
Ivan,1576940,23
Martin,1576940,15
Bradshaw,1576940,21
Jose,1576940,6
Stu,12233591,3
Saint,12233591,23
Razkoff,12233591,22
Bob,12233591,16
Donna,12233591,3
Oscar,12233591,7
Meg,12233591,3
Conrad,12233591,3
Ivanov,33326258,18
Moryani,8202158,10
Temple,8202158,15
Druten,8202158,9
Barrett,8202158,8
Sandra,8202158,6
Barnard,8202158,10
Fleming,8202158,6
Wilde,8202158,6
Punam,15004264,21
Sharad,15004264,21
Ganga,15004264,18
Baerle,22900708,9
Maggie,14509075,6
Travis,14509075,7
Cutler,14509075,6
Jefferson,14509075,20
Sheldon,14509075,19
Mitchell,14509075,17
Lorraine,14509075,24
Stanley,14509075,20
Whiteside,14509075,19
Kiran,17608971,18
Ravi,17608971,15
Vasundhara,17608971,8
Sal,30094590,10
Cindy,30094590,12
Brad,30094590,21
Jolene,30094590,3
Karlstaad,2091355,12
Frankenstein,2091355,4
Hans,2091355,3
Baron,2091355,13
Zoltan,2091355,21
Sujata,8658217,21
Upen,8658217,21
Ambedkar,8658217,9
Charu,8658217,2
Ford,2372198,18
Jesse,2372198,9
James,2372198,24
Mercado,16705375,24
Lee,16705375,24
Andrews,8118414,22
Lobo,8118414,15
Marsden,8118414,18
Joyce,8118414,22
Vega,8118414,24
Schpitendavel,4110259,16
Fifi,4110259,8
Paine,4110259,18
Rachel,4110259,9
Minsky,4110259,23
Fowler,4110259,0
Spencer,2539442,1
Hyde,2539442,22
Burke,2539442,9
Hare,2539442,4
Susan,2539442,17
Jekyll,2539442,13
Robertson,2539442,12
Allan,27500833,11
Roll,27500833,20
Wyrick,27500833,12
Heidi,27500833,3
Gordy,27500833,3
Andy,27500833,21
Rohini,29617007,24
Elizabeth,29617007,21
Mini,29617007,6
Vakkachan,29617007,15
Emil,29617007,14
Shalini,21062039,14
Sharma,21062039,21
Khurana,21062039,11
Hattangadi,21062039,11
Jeliza-Rose,5791363,21
Noah,5791363,4
Dickens,5791363,1
Bieber,29587657,23
Cilla,24002990,4
Sawyer,24002990,12
McGowan,24002990,13
Kouya,34953464,2
Tarek,34953464,15
Nabila,34953464,0
Koussim,34953464,6
Yamina,34953464,0
Salmah,9186209,8
Dol,9186209,19
Nisfu,9186209,10
Estrella,15296215,13
Drury,9460139,17
Gaunt,9460139,15
Simms,9460139,17
Ruth,9460139,4
Thomas,22392461,2
Claire,22392461,13
Marina,15348996,3
Athena,15348996,14
Rey,15348996,11
Sebastian,15348996,21
Ariel,15348996,21
Julio,21815189,16
Blas,21815189,16
Ramesh,30336596,24
Chander,30336596,13
Prasad,30336596,1
Asha,30336596,14
Deepak,30336596,6
Mauji,30336596,24
Jyoti,30336596,21
Teagarden,26764519,16
Cara,26764519,16
Zach,26764519,16
Ultra,26764519,7
Bob,26764519,17
Raymond,26764519,6
Katie,18515623,6
Lanet,18515623,24
Tom,18515623,22
Weebe,18515623,9
Higgins,18515623,13
Masuo,30456198,10
Shimizu,30456198,2
Yoshino,30456198,1
Magome,30456198,21
Yuichi,30456198,21
Sheung-Sang,13813241,18
Ahmad,6237571,13
Jaff,6237571,20
Ruby,6237571,9
Eilhauer,34025292,16
Winton,34025292,3
Tom,34025292,3
Suzie,34025292,2
Audrey,34025292,6
Violet,34025292,6
Childs,34025292,18
Solomon,34025292,21
McQueen,21080013,14
Rourke,21080013,17
Claudia,1848081,2
Munson,1848081,6
Roy,1848081,6
Boorg,1848081,3
Pedersen,1848081,8
McCracken,1848081,17
Stanley,1848081,6
Roth,1848081,10
Ishmael,1848081,21
Chiara,3936740,17
Nassaiev,3936740,6
Akerman,3936740,10
Manzoni,3936740,19
Taillandier,3936740,9
Driss,3936740,3
Zimmer,3936740,6
Ackerman,3936740,6
Hans,3329045,17
Neuf,3329045,3
Alex,3329045,16
Tawada,1086261,7
Watanabe,1086261,18
Nii,1086261,24
Quill,1086261,21
Oliver,30275589,3
Barbara,30275589,3
d'Amato,30275589,0
Rose,30275589,24
Gavin,30275589,6
Arthur,28098541,16
Avril,28098541,0
Obus,28098541,4
Spaak,28098541,18
Manickavasagar,35790650,8
Durai,35790650,2
Ramesh,35790650,6
Abbas,35790650,23
Kalyan,35790650,6
Kavitha,35790650,17
Ajmal,35790650,6
Kamini,4970576,17
Ramesh,4970576,21
Silva,4970576,5
Don,4970576,21
Jasjit,4970576,6
Narang,4970576,13
Vardan,4970576,20
Vijay,4970576,6
Ewell,1236122,1
Trimble,1236122,17
Lee,1236122,6
Longstreet,1236122,17
Hancock,1236122,20
Hill,1236122,0
Harrison,1236122,9
Lincoln,1236122,2
Fremantle,1236122,1
Hood,1236122,17
Kemper,1236122,4
Chamberlain,1236122,3
Pickett,1236122,20
Tom,1236122,17
Reynolds,1236122,10
Armistead,1236122,4
Heth,1236122,24
Davis,1236122,0
Stuart,1236122,14
Buford,1236122,16
Gens,1236122,15
Garnett,1236122,4
Blackie,34425194,0
Manleder,34425194,1
Charlie,19963092,12
Cook,6810529,6
Blair,6810529,20
Frost,6810529,9
Powell,6810529,15
Rimmer,6810529,3
Wilson,6810529,12
Sweet,21546650,5
Lawrence,21546650,15
Virgil,21546650,7
Bodeen,21546650,3
Bobbie,21546650,12
Taylor,4006786,21
Sharpay,4006786,6
Cyrus,4006786,14
Bolton,4006786,20
Fulton,4006786,1
Montez,4006786,11
Evans,4006786,21
Kelsi,4006786,3
Ryan,4006786,5
Gabriella,4006786,6
Troy,4006786,3
Sadler,3145085,17
Renchler,3145085,5
Cecile,2055559,2
Dr.,6484887,20
Spirit,6484887,20
Hamilton,6484887,21
Arteche,9190793,21
Arias,9190793,17
Laureano,9190793,11
Sixto,9190793,22
Anniyan,1847082,13
Nandini,1847082,23
Nandhini,1847082,21
Prabhakar,1847082,17
Ramanujam,1847082,0
Vivek,1847082,21
Vikram,1847082,0
Donald,666378,3
Louie,666378,11
Dewey,666378,23
Kanza,35014469,16
Sanjana,23398644,14
Akshay,23398644,14
Kane,1492011,22
Welles,1492011,6
Hory,1492011,24
Hughes,1492011,18
Kodar,1492011,3
Picasso,1492011,15
Irving,1492011,2
Reichenbach,1492011,9
Joan,31136421,14
Milford,31136421,21
Howell,31136421,8
Ursula,301574,17
Eric,301574,21
Sebastian,301574,17
Ariel,301574,3
Triton,301574,17
Jane,740744,16
Peter,740744,3
Darling,740744,7
Michael,740744,4
Roger,740744,12
John,740744,4
Rita,5008724,15
Ganga,5008724,23
Preeti,5008724,14
Harnam,5008724,4
Bharat,5008724,2
Leona,183828,3
Stevenson,183828,15
Henry,183828,8
Stanwyck,183828,21
Bianca,3417500,3
Mombell,3417500,13
Braun,3417500,13
Carlo,3417500,3
Giordani,3417500,5
Terzi,3417500,6
Lori,3417500,3
Anna,3417500,3
Calabresi,3417500,13
Casoni,3417500,3
Manuel,3417500,22
Arno,3417500,13
Franco,3417500,3
Esson,3417500,24
Merusi,3417500,6
Crawley,8457548,24
Favell,8457548,14
Winter,8457548,7
Hopper,8457548,9
Mr,8457548,21
Ben,8457548,6
Max,8457548,3
Giles,8457548,1
Danvers,8457548,16
Rebecca,8457548,6
Jane,4714316,17
Harry,4714316,23
Roy,4714316,1
Bobby,4714316,16
Cass,4714316,3
Rachel,4714316,17
Jupiter,4714316,16
Brenda,4714316,17
Jennifer,213270,3
Linda,213270,23
Lorraine,213270,19
McFly,213270,6
DeLorean,213270,21
Parker,213270,9
Biff,213270,6
Jr.,213270,8
George,213270,1
Marty,213270,3
Tannen,213270,7
Dave,213270,23
Brown,213270,6
Doc,213270,6
Kluay,5210039,2
Sua,5210039,15
Nguangdaeng,5210039,2
Qiao,10103815,6
Bin,10103815,6
Tarantino,10103815,1
Yao,10103815,10
San,10103815,12
Wu,10103815,4
Ji,10103815,3
Elway,2675554,4
Peyo,2675554,0
Patrick,2675554,21
Brainy,2675554,15
Smurf,2675554,5
Grace,2675554,20
Odile,2675554,2
Azrael,2675554,16
Gutsy,2675554,15
Gargamel,2675554,17
Stevens,2154180,0
MacKenzie,2154180,20
Powell,2154180,15
Dell,2154180,20
Aadhi,5208575,19
Govindan,5208575,2
Mathi,5208575,17
Lakshmi,5208575,6
Vel,5208575,6
Madhi,5208575,19
Kalingarayar,5208575,21
Chidambaram,5208575,7
Vikram,5208575,20
Mori,31760148,1
Shemp,14615533,2
Larry,14615533,6
Claude,14615533,12
Moe,14615533,6
Kittu,21792217,13
Jayanthi,21792217,5
Puttaswamy,21792217,1
Srinivasan,9311494,3
Bruto,19310709,6
Delilah,19310709,20
Jessica,19310709,13
Mitch,19310709,16
Randy,19310709,3
Beauchamp,133574,17
Bob,133574,8
Mike,133574,17
James,133574,1
Bill,133574,17
Bunting,133574,17
Munny,133574,6
Daggett,133574,12
Fitzgerald,133574,18
Logan,133574,4
Alice,133574,23
Dennis,4520121,12
Bonestripper,4520121,7
Fausto,4520121,14
Eldona,4520121,8
Lightson,4520121,16
Valkenheiser,4520121,18
Chris,4520121,13
Thorne,4520121,23
Ammu,21593765,23
Pandey,21593765,20
Singh,21593765,3
Gabriel,854045,5
Cole,854045,16
Linda,854045,16
Porter,854045,16
Kapoor,10417862,6
Phoolchand,10417862,0
Vicky,10417862,6
Meena,10417862,15
Arokyaraj,5907816,6
Chandana,5907816,2
Kayalvizhi,5907816,20
Raj,5907816,7
Rani,5907816,14
Aradhana,5907816,6
Amudhan,5907816,17
Anderson,5907816,11
Raghavan,5907816,3
Parker,5409260,17
Angela,5409260,13
Katie,20149505,2
Paul,20149505,2
Chernen,20149505,3
Collins,20149505,14
Runkel,20149505,17
Raja,2038244,1
Sharma,2038244,7
Ratanlal,2038244,15
Malhotra,2038244,16
Harry,14238656,22
Linda,14238656,18
Gruber,14238656,13
Partee,14238656,11
Sandy,14238656,21
Jesus,14238656,23
Dan,14238656,24
Oldman,14238656,9
John,14238656,3
Columbus,14238656,9
Edith,14238656,3
Paley,14238656,3
Baldwin,17697603,20
Bradford,17697603,14
Laurent,34415528,22
Rose,34415528,9
Parent,34415528,5
Carole,34415528,12
Antoine,34415528,12
Ho,14015304,10
Hattangadi,14015304,5
Joshi,14015304,16
Cindy,2513047,4
Bear,2513047,3
Smith,2513047,16
Cornbone,2513047,10
Yogi,2513047,6
Keach,18596409,2
Moon,18596409,14
Nonconformist,18596409,23
Birkin,18596409,20
Ellerbeck,18596409,7
Harrigan,2120282,24
Greenaway,2120282,1
Weisser,26901808,5
Aquamarine,2342941,10
Bonnie,2342941,10
Maggie,2342941,16
Leonard,2342941,22
Hailey,2342941,6
Claire,2342941,3
Cecilia,2342941,10
Bob,2342941,6
Brown,2342941,9
Rogers,2342941,21
Raymond,2342941,21
Brooks,7142769,15
Edwards,7142769,22
Crandell,7142769,22
Strickland,7142769,5
Swami,7142769,4
Phillips,7142769,7
Grimsby,7142769,12
Wellman,7142769,6
Melton,7142769,19
Millford,7142769,6
Freddie,7142769,3
Relia,7142769,12
Angela,7142769,23
Swetha,7671705,2
Sekhar,7671705,15
Gowri,7671705,2
Sarkar,7671705,18
Haasan,3863333,22
Suhasini,3863333,10
Krasny,1367452,20
Styles,1367452,10
Ransom,1367452,23
Barnes,1367452,6
Forrester,1367452,21
Jensen,1367452,24
Stuart,18755806,24
Warden,18755806,9
Claire,18755806,3
Gershon,18755806,8
Rourke,18755806,11
Eddie,18755806,24
Moe,14526878,16
Tyrrell,14526878,11
Larry,14526878,16
Gunner,8418064,16
Merrick,8418064,5
Henry,19468127,5
Coles,19468127,22
Theresa,19468127,9
Young,19468127,21
Bob,19468127,6
Krishna,4625048,2
Saradha,4625048,6
Malaichamy,4625048,9
Umar,4625048,23
Raam,4625048,6
Rahman,4625048,9
Karthika,4625048,4
Marigo,30646291,21
Kusumi,6948099,15
Hata,6948099,11
Shannon,34967879,9
Lorimer,34967879,6
Medy,33539126,21
Cherry,33539126,10
Queenie,33539126,13
Gurfinkel,33539126,21
Helen,33539126,6
Salvatore,2917795,18
Macelli,2917795,0
Gennaro,2917795,11
Marie,2917795,22
Electra,3300211,17
Rath,3300211,7
Bain,3300211,4
Kennedy,3161156,0
Harvard,3161156,4
Mary,3161156,6
Robert,3161156,14
Cole,3161156,9
Queen,14206542,20
Pie,14206542,17
Greg,14206542,23
Bozo,14206542,9
Lila,18902161,15
Wagner,18902161,10
Poole,18902161,6
Clack,11535946,13
Kostas,24864009,15
Loukis,24864009,2
Cynthia,612866,3
Roxanne,612866,6
Hortense,612866,21
Monica,612866,2
Rose,612866,12
Purley,612866,6
Cumberbatch,612866,15
Maurice,612866,6
Lee,3814352,23
Dev,1922686,6
Rishi,1922686,8
Talwar,1922686,2
Sam,1922686,21
Saran,1922686,15
Arjun,1922686,10
Jay,1922686,9
Rhea,1922686,3
Kamaljeet,1922686,6
Reese,3749701,10
Zack,3749701,15
Phoebe,3749701,18
Ashley,3749701,3
Johnson,23229918,22
Devereaux,4501185,9
Maggie,4501185,17
Hillary,4501185,23
Romeo,4501185,22
Radford,4501185,20
Young,4501185,15
Aema,23413848,14
Davis,670386,4
LaLoosh,670386,24
Annie,670386,21
Frank,34726339,8
Raphael,1734816,17
Yi,13350171,21
Xiaoju,13350171,14
Youjun,13350171,8
Cabrera,19769765,11
Hannah,19769765,4
Ollie,5605738,6
Stan,5605738,3
Hall,5605738,18
Isabelle,8174574,21
Morton,8174574,24
Judkins,8174574,17
Lucy,3195539,3
Patty,3195539,3
Snoopy,3195539,6
Marcie,3195539,3
Linus,3195539,6
Brown,3195539,3
Chuck,3195539,15
Corrina,10986642,11
Ray,10986642,3
Ronnie,10986642,19
Rosie,10986642,13
Betty,10986642,6
Puzzlemint,32710519,15
Cheerilee,32710519,6
Storybelle,32710519,3
Lily,32710519,20
Powhatan,16263752,6
Smith,16263752,11
Markham,7853339,24
Bayliss,7853339,24
Mullen,7853339,11
Beckman,7853339,16
Patrick,34569548,3
Clint,34569548,3
Shane,34569548,3
Lily,34569548,23
Lisa,34569548,16
Grant,10454813,3
Hynes,10454813,10
Janette,10454813,6
Thompson,10454813,23
Rigg,10454813,6
Crawford,10454813,1
Doc,10454813,6
Rosalie,4738713,2
Bowers,4738713,16
Ridgeway,4738713,12
Ferguson,4738713,21
Louise,4738713,4
Linnet,4738713,17
Pennington,4738713,21
Bessner,4738713,13
Doyle,4738713,14
van,4738713,12
Bellefort,4738713,24
Poirot,4738713,13
Schuyler,4738713,12
Simon,4738713,17
Jackie,4738713,6
Sung,9691132,12
Kyung-Won,9691132,6
Han-Sung,9691132,20
Eun-Sung,9691132,3
Wiggins,4958412,3
Walker,4958412,16
Sihan,25281590,24
Xiaoping,25281590,11
Sivan,6767900,18
Aparna,6767900,7
Sitara,6767900,10
Shivan,6767900,18
Shyam,6767900,18
kumar,6767900,15
Snehalatha,6767900,0
Kamal,6767900,13
Siddharth,6767900,5
Suhasini,6767900,6
Selkow,15971276,1
Sam,15971276,24
Madhavi,11143191,3
Srinivasan,11143191,19
Kamal,11143191,3
Radha,11143191,14
Mayte,5220823,13
Gopalakrishnan,5517504,6
Unni,5517504,6
Sridevi,5517504,14
Shannon,705925,3
Donnelly,705925,16
Christie,705925,12
Kelly,705925,9
Stephen,705925,13
Chase,705925,23
Joseph,705925,3
McGuire,705925,7
Porky,30457816,18
Rocco,2773473,6
Earl,2773473,13
Bottolota,2773473,7
Carlito,2773473,3
Reggie,2773473,3
Sigfredo,2773473,21
Nacho,2773473,24
Reyes,2773473,9
Leticia,2773473,10
Jr.,2773473,23
Harry,1688639,6
Kelly,1688639,15
Nino,1688639,6
Culotta,1688639,2
Taylor,25477324,24
Madison,25477324,4
Matthews,10387789,20
Rossiger,10387789,16
Lee,10387789,6
Reynolds,10387789,5
Adams,10387789,15
Larry,10387789,21
Chris,10387789,1
Burns,10387789,12
Lambert,2473161,20
Mogie,11827606,6
Herbie,11827606,3
Washington,11827606,0
Helen,11827606,12
Iktomi,11827606,6
Poushkoff,7999587,2
Ouranoff,7999587,4
Lomas,7999587,23
Alexandra,7999587,4
Axelstein,7999587,4
Forrester,7999587,16
Fothergill,7999587,2
Haven,9991132,16
Barbara,9991132,11
Pizer,9991132,11
Warren,9991132,21
Thrumm,9991132,16
Megan,21450270,23
Tony,21450270,2
Daniels,21450270,23
Anita,21450270,9
Hart,21450270,17
Don,21450270,14
Wilson,21450270,24
Ryan,21450270,3
Bob,21450270,17
Decuerdas,26022679,20
Abanico,26022679,9
Canete,26022679,13
Michelle,25620902,4
Bishop,25620902,13
Bobby,25620902,4
Eric,25620902,3
Sarah,25620902,17
Allie,25620902,17
Jake,25620902,17
Charlie,25620902,23
Jack,25620902,17
Veronica,25620902,9
Micah,21025548,3
Romeo,21025548,20
Jay,21025548,20
Natalie,21025548,13
Salisbury,21025548,24
Enrique,1238514,21
Vic,1238514,7
Blair,1238514,6
Krank,1238514,24
Frohmeyer,1238514,0
Luther,1238514,6
Walt,1238514,19
Spike,1238514,15
Bev,1238514,21
Trogdon,1238514,11
Aubie,1238514,13
Scheel,1238514,1
Nora,1238514,13
Picasso,10574197,15
Lucy,12186543,3
Tom,12186543,17
Claire,12186543,3
Smith,12186543,2
Anne,12186543,6
Marie,12186543,6
Taylor,503562,8
Linklater,503562,1
Otomo,26968526,17
Ikemoto,26968526,9
Kato,26968526,10
Dallas,11517297,4
Lockhart,11517297,8
Paul,7535508,3
Taylor,7535508,15
Spencer,7535508,19
Schultz,7535508,12
David,7535508,3
Shultz,7535508,21
Thomas,7535508,8
Jenny,7535508,6
Rigg,7535508,3
Keisha,7535508,3
Schrader,7535508,9
Porter,7535508,20
Donald,32872222,21
Humphrey,32872222,23
Vernon,2491582,12
nessier,2491582,10
Christiane,2491582,3
Louise,2491582,17
Parot,2491582,13
rodon,2491582,4
Edna,2491582,4
Elle,4979081,17
Genn,29612989,18
Ollie,7971480,16
Stan,7971480,6
Dora,1661137,12
Ellen,1661137,23
Mitch,1661137,4
Claire,1661137,3
Drew,1661137,3
Chuck,1661137,23
Hollie,1661137,3
Vare,5391207,21
Cooper,5391207,20
Jr.,5391207,3
Gaffigan,8513914,19
Paul,25737602,15
Vincent,25737602,5
Boyer,14053126,17
Collins,14053126,15
Lila,14812001,16
Littlewolf,14812001,23
Ray,14812001,6
Eddy,14812001,18
Ricky,14812001,15
T.J.,14812001,14
Hart,9720148,21
Beckel,9720148,1
Jr.,9720148,0
Fields,9720148,13
Lucy,27939556,3
Sarah,27939556,15
Thomas,27939556,6
Birdmann,27939556,6
Clara,27939556,3
Bachmann,27939556,3
Lonnie,26631176,6
Greene,26631176,6
Hank,26631176,13
Noreen,26631176,3
John,26631176,3
Timsit,19206451,11
Frollo,19206451,8
Onoto,27237642,10
Kent,27237642,15
Betty,7487961,3
Rae,19715507,7
Zamora,19715507,16
Jones,19715507,12
Lipper,19715507,9
Combs,19715507,5
Graham,19715507,9
Wallace,19715507,9
Dufour,7134551,21
Henri,7134551,13
Anatole,7134551,3
Henriette,7134551,6
Rodolphe,7134551,22
Kampani,14250331,6
Jatin,14250331,18
Sameer,14250331,6
Samir,14250331,6
Vasuki,6099156,23
Madhav,6099156,23
Balu,6099156,3
Anu,6099156,3
Georg,10300664,15
Karaitas,10300664,19
Deepa,1448266,6
Navin,1448266,8
Sanjay,1448266,6
Paul,5251346,6
Buddles,5251346,1
Doogie,5251346,3
Gustav,5251346,23
Hamilton,5251346,15
Harris,5251346,5
Cindy,5251346,6
Stoddard,5251346,22
Nate,5251346,16
Pam,5251346,21
Natalie,5251346,6
Elliot,5251346,6
Gayzah,5251346,23
Vandergelder,12872401,13
Minnie,12872401,6
Irene,12872401,6
Levi,12872401,12
Horace,12872401,6
Molloy,12872401,5
Hackl,12872401,14
Tucker,12872401,8
Dolly,12872401,6
Henry,10069804,9
Dean,10069804,6
Tobe,10069804,3
Jason,10069804,13
Patrick,10069804,17
Doug,10069804,1
Julie,10069804,3
Brad,10069804,17
Moorehouse,10069804,11
Anderson,10069804,9
Drew,10069804,17
Hammond,10069804,17
Whitney,10069804,20
Jako,24911114,24
Puhar,24911114,20
Sanja,24911114,18
Janet,24077310,19
Donald,24077310,3
Gale,24077310,10
Jerome,24077310,12
Kate,24077310,21
Dave,24077310,15
Griffin,24077310,6
Keyes,24077310,2
Shane,24077310,2
Stephanie,24077310,6
James,24077310,21
Bernie,24077310,3
Ellen,19821180,19
Jordan,19821180,6
Mitchell,19821180,10
Gopal,1859733,12
Dhanraj,1859733,15
Duvalle,1751270,3
Micheline,1751270,9
Lacon,31330546,15
Prideaux,31330546,6
Tarr,31330546,3
Haydon,31330546,17
Westerby,31330546,13
Karla,31330546,7
Polyakov,31330546,19
Smiley,31330546,6
Esterhase,31330546,2
Alleline,31330546,18
Boris,31330546,16
Bland,31330546,10
Irina,31330546,4
Ann,31330546,13
Guillam,31330546,19
Apollinaire,35004830,6
Tracey,2963622,4
Gabor,2963622,12
Pisk,27161804,20
Diego,27161804,24
Nathalie,29375144,0
Henry,29375144,9
Isabelle,29375144,3
Karanova,22228418,22
Ranov,22228418,3
Gouzenko,22228418,3
Grubb,22228418,11
Anna,22228418,2
Norman,22228418,12
Magali,5315533,14
Doyle,74577,3
Stella,74577,2
Jeffries,74577,23
Jeff,74577,13
Fremont,74577,9
Lisa,74577,3
Fraser,28792297,7
Archie,4292181,4
Pinkwise,4292181,17
Harry,4292181,6
Varga,4292181,17
Abie,4292181,17
Kate,4292181,6
Madden,4292181,23
Iris,4292181,6
Einstein,8608593,22
Nicola,11996246,21
Raffaele,11996246,3
Rocco,11996246,21
Arthur,27595410,16
Wagner,27595410,20
Pennington,27595410,20
Jen,27595410,6
Marco,27595410,3
Allie,27595410,3
Miles,27595410,23
Moore,27595410,3
Lance,27595410,3
Landers,5137533,24
Venarius,5137533,12
George,5137533,13
Hasegawa,5137533,15
Cole,5137533,22
Wynn,183769,19
Louise,183769,3
Sutton,183769,13
Carol,183769,6
Howell,183769,24
Graham,183769,14
David,183769,6
Amanda,15667389,19
Shimura,867952,5
Matsunaga,867952,23
Okada,867952,9
Lobo,11822123,3
Duchin,3329130,21
Peter,3329130,6
Reisman,3329130,8
Oelrichs,3329130,13
Eddie,3329130,16
Walter,13839964,8
Elizabeth,13839964,6
Paul,19699054,21
Nelly,19699054,21
Jill,18041032,23
Randy,18041032,14
Jefferson,18041032,0
McDuff,18041032,24
Louis,18041032,0
Jack,18041032,6
Kamini,14030783,8
Ramesh,14030783,10
Kishen,14030783,21
Bholaram,14030783,21
Ghendamal,14030783,11
Sunderdas,14030783,3
Kanhaiya,14030783,4
Radha,14030783,11
Francis,5540886,3
Zoey,20568913,6
Boone,20568913,6
Stormella,20568913,13
Leonard,20568913,3
Papito,16890064,23
Arturo,16890064,24
Sutherland,10301454,11
Fonda,10301454,11
Bostock,303847,5
Ronnie,303847,21
Audrey,303847,6
Abigail,303847,22
Giles,303847,6
Lenny,303039,15
Blake,303039,23
Lockwood,26140666,12
Hollander,26140666,9
Croft,26140666,23
Eastman,26140666,21
Leslie,26140666,2
Sameera,31977275,11
Azmi,31977275,5
Sahni,31977275,11
Albert,33427265,23
Maynott,33427265,5
Catherine,33427265,11
Lucille,33427265,3
Charles,33427265,10
Pat,33427265,10
Maud,33427265,2
Raoul,33427265,6
Emile,33427265,2
Fakir,4541243,1
Khan,4541243,3
Bibi,4541243,14
Pur,4541243,12
Kori,4541243,3
Islam,4541243,21
Eric,663968,3
Zed,663968,3
Zoe,663968,4
Shalini,26525407,23
Ellen,1337210,1
Mede,1337210,11
George,1337210,2
Maxwell,1337210,20
Hammond,1337210,7
Weiss,21113228,19
Abdul,21113228,17
Carl,21113228,18
Jones,21113228,4
Mary,21113228,3
McFadden,21113228,11
Hope,4871302,3
Grandma,4871302,3
Ebenezer,4871302,3
Gilbert,4871302,7
Nezzer,4871302,3
Edmond,4871302,6
Cavis,4871302,24
Mamoni,26427667,13
Antu,26427667,21
Biloo,26427667,12
Pierre,27884321,3
Dunne,5348143,23
Cindy,5348143,17
Frank,5348143,6
Rachel,5348143,24
Jeff,5348143,3
Drey,5348143,3
Zarnoff,8265606,18
Tracy,8265606,1
Falconio,10002779,13
Kombi,10002779,6
Murdoch,10002779,11
Lees,10002779,24
Highway,10002779,11
Lore,18849127,19
Jennifer,18849127,13
Bevans,18849127,6
Parker,18849127,1
Shakespeare,18849127,12
Watkins,18849127,9
Maddens,18849127,2
Jesus,18849127,4
Poppy,18849127,6
Dragon-Eye,23094610,10
Schulman,19473036,12
Goodleaf,19473036,19
Bernhard,19473036,18
Karen,19473036,17
Bear,19473036,0
Sadorov,19473036,24
Lukas,19473036,17
Shion,27863441,17
Akaza,27863441,17
Dragons,27863441,23
Brush,27863441,0
Kouga,27863441,17
Saezima,27863441,3
Zaruba,27863441,6
Shiguto,27863441,17
Garo,27863441,17
Rekka,27863441,17
Knight,27863441,23
Karma,27863441,10
Kengi,27863441,10
Kurusu,27863441,17
Dragon,27863441,23
Mickey,15464704,23
Wonderly,24607515,15
Toni,24607515,5
Cain,24607515,24
Barbara,1022698,6
Lydia,1022698,5
Wellesley,1022698,8
Natividad,1022698,22
Sutherland,1022698,22
Bush,1022698,13
Leighton,1022698,17
Hornblower,1022698,21
Doodle,7450016,0
Morrison,7450016,16
Virgie,7450016,4
Dudley,7450016,20
Cary,7450016,17
Lincoln,7450016,0
Billy,7450016,16
Clemens,2101253,1
Ruach,2101253,19
Lucius,2101253,7
Ahenobarbus,2101253,10
Monat,2101253,11
Nero,2101253,17
Johnson,2101253,21
Sam,2101253,13
Hale,2101253,3
Gewnafra,2101253,24
Hargreaves,2101253,10
Bunke,2881459,5
Howard,2881459,4
Guevara,2881459,23
Yeso,2881459,23
Castro,2881459,19
Turner,887025,6
Samantha,887025,3
Brett,887025,21
Bumpers,887025,17
Setu,22172813,15
Kapoor,22172813,8
Traci,9207788,21
Angeli,24815671,20
Henry,1365530,8
William,1365530,22
Joan,1365530,14
Williams,1365530,11
Allen,1365530,1
Douglas,1365530,9
Stearnes,1365530,6
Morton,1365530,14
Wharton,1365530,14
Tony,1365530,6
Flanagan,1365530,12
Archibald,1365530,0
Gwynn,1365530,16
Conroy,1365530,18
Kate,1365530,21
Carol,1365530,6
Dickinson,1365530,8
Chet,1365530,18
Lawrence,1365530,3
Donetti,1365530,6
III,1365530,8
Gunn,2310527,21
Smart,2310527,7
Strobe,2310527,6
Toys,2310527,3
Indestructible,2310527,6
Weevil,2310527,16
Galoup,415881,4
Forestier,415881,22
Sentain,415881,24
Perlina,34772363,4
Pooper,34772363,3
Hornio,34772363,6
Ornio,34772363,17
Squeegie,34772363,17
Valli,26708093,13
Sandhya,26708093,2
Ganesan,26708093,2
Goi,5795788,23
Yanagawa,5795788,6
Lone,5795788,17
Crawford,5795788,6
Chang,5795788,17
Twain,9289841,18
Owens,3951914,14
Dougie,4279572,3
Satan,4279572,3
Jenna,4279572,3
Alex.,4279572,3
Alex,4279572,3
Damon,5054128,9
Brouillette,21249876,7
Groulx,21249876,9
Asawari,7889520,13
Parshya,7889520,19
Vichare,7889520,6
Sane,7889520,13
Shwaas,7889520,3
Tarusov,35697174,14
Kutuzov,35697174,20
Karswell,2099943,6
Julian,2099943,15
Harrington,2099943,9
Holden,2099943,3
Joanna,2099943,6
Caulfield,22060589,3
Johnson,22060589,0
Moyra,23205990,3
Graziella,23205990,3
Diamond,23205990,15
Teresa,23205990,1
Roberto,23205990,3
Rosa,23205990,16
Fredrico,23205990,2
Michael,23205990,17
Constantino,23205990,21
Alfredo,23205990,21
Sophia,23205990,3
Muzetti,23205990,24
Carolla,23205990,17
Plante,23205990,9
Domino,23205990,10
Scorpio,23205990,13
Luciano,23205990,20
Pietro,23205990,8
Giancamo,23205990,1
Simcha,4127710,13
Chaya,4127710,21
Suzette,22850185,12
Sardar,33983743,13
Ganguly,33983743,7
Ray,33983743,10
Nandini,18648379,3
Basheer,18648379,12
Vijay,18648379,6
Hockenberry,22982386,15
Schlosser,22982386,8
Navbahar,2197752,14
Ara,2197752,2
Adil,2197752,4
Dilbahar,2197752,22
David,2197752,14
Samuel,209301,13
Billy,209301,22
Mary,209301,21
David,209301,23
Martha,209301,19
John,209301,13
Porter,209301,12
Benziger,209301,11
MacHardie,209301,21
Natalie,209301,6
Alfred,209301,21
Eaton,209301,3
Roper,209301,13
Henry,9035550,17
Cromwell,9035550,14
Cranmer,9035550,18
Howard,9035550,20
VI,9035550,22
Percy,9035550,9
Elizabeth,9035550,1
Seymour,9035550,12
Aske,9035550,9
Mary,9035550,4
Wolsey,9035550,3
I,9035550,13
Tudor,9035550,1
Earl,9035550,14
VIII,9035550,9
Anne,9035550,21
Boleyn,9035550,2
VII,9035550,23
Parr,9035550,16
Barclay,19273389,21
Stone,19273389,8
Fontaine,19273389,11
Maggie,19273389,4
Irene,19273389,2
Chase,19273389,5
Scott,19273389,7
Alexandre,5276908,9
amie,5276908,11
L'ami,5276908,13
Lea,5276908,14
Charles,32156051,18
Ted,32156051,10
Greco,32156051,20
Pinson,32156051,22
Bressling,32156051,3
Baba,32156051,14
Daley,32156051,20
Wallace,32156051,22
Alex,32156051,21
Arab,32156051,10
Terry,32156051,22
Figaro,32156051,3
Adams,32156051,18
Yu,1850269,18
Dong,1850269,10
Ritai,1850269,21
Liang,1850269,9
Ga,1850269,0
Marilyn,35509205,2
Mejenes,35509205,4
Felix,20372296,10
Pemento,20372296,7
Thomas,20372296,21
Varma,20372296,15
Prasad,20372296,18
Mahendran,20372296,18
Baston,20372296,15
Balachandran,20372296,10
Menon,20372296,4
Bharathchandran,20372296,4
Bharatchandran,20372296,18
Ikbal,20372296,1
Varghese,31156961,0
Sreekumar,31156961,16
Boop,27970670,4
Walters,25193383,4
Ann,31806250,4
Pelas,3565365,7
Harris,3565365,7
McParlan,3565365,21
McParland,3565365,11
Kehoe,3565365,23
Raines,3565365,13
Oreste,11035177,24
Nello,11035177,3
Ambleto,11035177,17
Forbes,1829448,13
Sylvia,1829448,14
Hamilton,1829448,21
Thompson,1829448,13
James,1829448,9
Joanna,1382226,14
Leiningen,1382226,6
Munro,8167343,10
Gordon,8167343,5
Alija,22947649,7
Strahinja,22947649,16
Simon,770098,19
Ray,770098,21
Jason,770098,17
O'Hara,770098,21
Thomas,770098,15
Lloyd,770098,0
Stephenson,770098,23
Steam,770098,22
Edward,770098,8
Alfred,770098,16
Scarlett,770098,13
Eddie,770098,17
Emma,770098,12
Dolenz,3546099,4
Haim,3546099,12
Haskell,1575869,23
Kazan,1575869,15
Eric,1575869,3
Anna,1575869,10
Dodd,1575869,6
Owen,1575869,13
Cassandra,1575869,24
Ryjkin,1575869,3
Lonette,1091346,21
Marlon,1091346,21
Alfie,1091346,3
Liz,1091346,16
Julie,1091346,2
Nikki,1091346,10
Joe,1091346,17
Dorie,1091346,17
Ciccio,73875,24
Kay,73875,16
Ola,73875,17
Fredo,73875,6
Tommasino,73875,24
Batista,73875,18
Roth,73875,6
Rizzi,73875,5
Michael,73875,6
Vito,73875,3
Andolini,73875,13
Neri,73875,22
Hagen,73875,17
Greene,73875,10
Carmela,73875,2
Fanucci,73875,21
Pentangeli,73875,6
Corleone,73875,14
Don,73875,21
Clemenza,73875,21
Sonny,73875,15
Geary,73875,6
Roley,19767434,13
Eva,19767434,8
Haig,19767434,16
Cathy,35033607,3
Twan,35033607,3
Rufus,35033607,6
Bridget,35033607,3
Man,35033607,3
Rosie,35033607,20
Sylvester,35033607,13
Mary,35033607,9
Chuck,35033607,6
James,35033607,3
Gwendolyn,35033607,3
Lucy,29798521,5
Grandma,29798521,7
Linus,29798521,6
Brown,29798521,18
Saverio,22662100,6
Mario,22662100,6
Alonso,22662100,24
Vitellozzo,22662100,6
Capecchio,22662100,24
Pia,22662100,19
Leonardo,22662100,3
Astriaha,22662100,10
Vinci,22662100,9
Columbus,22662100,2
Olivetti,5794648,20
Collider,5794648,22
Bentivoglio,5794648,7
Strauss,5794648,5
McKenna,5794648,16
Peter,5794648,7
Langdon,5794648,6
pope,5794648,22
Lamass,5794648,5
Valenti,5794648,10
Vittoria,5794648,12
Ebner,5794648,5
Richter,5794648,15
Guidera,5794648,5
Baggia,5794648,10
Vetra,5794648,16
Luke,5794648,15
Pope,5794648,20
Caffey,3332886,18
Kyle,3332886,21
Barbara,3332886,4
Wagner,3332886,13
Michael,3332886,13
Hunter,3332886,16
Tommy,3332886,3
Shelly,3332886,3
Quinlan,3332886,16
Saxena,10190604,1
Shabnam,10190604,18
Nath,10190604,23
Jai,10190604,21
don,10190604,16
Vijay,10190604,23
Jasper,30047048,20
Hall,5016546,23
Charley,24207129,11
Carlos,24207129,23
Kenny,24207129,13
Jim,24207129,19
Potter,24207129,24
Falconer,24207129,21
Akira,9104548,6
Siti,9104548,19
Tipper,13393041,3
Mason,13393041,6
Dave,13393041,13
McNally,13393041,15
Jack,13393041,6
Fuller,13393041,5
Joy,13393041,6
Ken,27423486,10
Jarnagan,27423486,10
Tim,3025805,1
Deel,3025805,21
Munn,3025805,3
Chris,3025805,17
John,3025805,1
Luzer,19960374,18
Grisha,19960374,15
Goldman,19960374,6
Akshan,19960374,8
Luger,19960374,22
Lucy,27885347,3
Paul,27885347,17
Lucien,27885347,17
Roubl,27885347,20
Lucas,27885347,10
Buz-e-Chini,35537183,21
Chini,35537183,13
Harry,17100455,3
Michael,17100455,10
Madison,17100455,3
Margaret,17100455,4
Helen,17100455,3
Higgins,17100455,7
Wray,17100455,11
Doc,17100455,3
Alice,19856104,0
Neil,19856104,18
Mary,19856104,6
Gillem,6435205,7
Young,6435205,5
Gladys,6435205,17
Bardot,8804073,11
Vadim,8804073,10
Barbara,8804073,23
Alain,8804073,1
Philippe,8804073,16
Sophie,8804073,24
Subor,8804073,14
Indra,32412377,24
Kartaveerya,32412377,2
Brahma,32412377,23
Anasuya,32412377,6
Vishnu,32412377,4
Atri,32412377,6
Vishnudatta,32412377,6
Jamadagni,32412377,9
Yogi,32412377,7
William,7128768,6
Gayle,7128768,16
Mason,7128768,7
Ashley,7128768,6
Becky,7128768,6
Judi,7128768,6
Hartmann,7128768,2
Taylor,5097628,9
Lucy,5097628,11
Spaatz,5097628,18
Uanna,5097628,18
Charles,5097628,13
Tibbets,5097628,8
Brent,5097628,0
Ladouceur,2671380,18
Munro,2671380,17
Decker,6846153,20
Turner,4481841,13
Dean,4481841,3
Wasach,4481841,11
Amelia,4481841,23
Abbot,4481841,0
Hastings,4481841,13
Sara,4481841,3
Cindy,657764,2
Tia,657764,3
Miles,657764,21
Russell,657764,17
Buck,657764,3
Sam,1210579,24
Tom,1210579,24
Billy,15797817,24
Andy,15797817,1
Larsen,15797817,2
Gabriela,22210654,5
Nacib,22210654,14
Orwell,5586167,0
Pappas,5586167,9
Taylor,14812466,21
Mackay,14812466,10
Keegan,14812466,4
Graham,14812466,20
Longson,14812466,1
Ramsey,14812466,15
Revie,14812466,3
Shankly,14812466,0
Clough,14812466,13
Radeki,18067893,20
Zi,17747518,13
Firdaus,19270295,21
Tapas-Satabdi,19270295,16
Satabdi,19270295,24
Albina,16909489,16
Mattei,16909489,6
Henderson,16909489,5
Emanuelle,16909489,4
Al,8215662,12
Granny,8215662,17
Wilbert,8215662,3
Stewart,8215662,9
McCoy,8215662,15
Huddy,8215662,16
Knox,8215662,12
Winfield,8215662,2
Dorothy,8215662,2
LeGoff,2378574,1
Pitman,2378574,17
Lopeman,2378574,0
Joakim,3267654,17
Helen,3267654,9
Tony,3267654,22
Wahl,3267654,4
Jenny,12493840,10
Josh,12493840,10
Adams,12493840,11
Kingsley,396470,11
Plummer,396470,22
Vinnie,396470,12
Hannah,396470,2
Raymond,396470,21
Lavinia,396470,4
Suzette,396470,3
Malik,13725556,19
White,297111,6
Blonde,297111,3
Pink,297111,12
Joe,297111,17
Blue,297111,7
Orange,297111,17
Brown,297111,7
Cabot,297111,14
Nash,297111,3
Eddie,297111,17
Marvin,297111,4
Violetta,33444713,3
Lacey,4403780,23
Demara,4403780,14
Blake,24987301,3
Sweet,24987301,17
Craddock,24987301,2
Jean,24987301,3
Dean,654742,0
Goobot,654742,6
Ooblar,654742,21
Nick,654742,3
Carl,654742,3
Vortex,654742,22
Goddard,654742,11
Neutron,654742,3
Sheen,654742,17
Fowl,654742,15
Poultra,654742,5
Estevez,654742,12
Judy,654742,3
Marie,26173892,22
Liszt,26017078,10
Tom,1620174,3
Jerry,1620174,23
Mouse,1620174,12
Arthur,23084130,3
go,23084130,1
Rabin,23084130,17
Victor,23084130,17
Tammy,23084130,6
Ben,23084130,17
Stan,23084130,1
Scott,23084130,6
Yzma,3492883,23
Pepikrankenitz,3492883,18
Birdwell,3492883,19
Kronk,3492883,23
Kira,22380440,13
Max,22380440,22
Sara,22380440,9
Hill,16893762,9
Thomas,16893762,9
Leo,8687830,9
Brion,8687830,11
Tom,8687830,3
Jerry,8687830,23
Spike,8687830,1
Gita,8570876,7
Ramesh,8570876,22
Lakshmi,8570876,2
Gayathri,8570876,21
Josephine,8570876,6
Radhika,8570876,21
Lake,5396159,17
Bonham,690105,16
Durrell,690105,9
Hallam,690105,5
Diggs,32427039,4
Williams,32427039,15
Raimi,32427039,9
Theodora,32427039,6
Staupitz,12668580,23
Tetzel,12668580,4
Vio,12668580,24
Katie,12668580,2
Domine,12668580,9
Martin,12668580,1
Luther,12668580,3
Mary,12668580,11
Eck,12668580,4
Christ,12668580,9
Cajetan,12668580,8
Weinand,12668580,6
Lucy,2093628,3
Block,2093628,22
Harry,2093628,6
Joan,2093628,13
Richard,2093628,4
Doris,2093628,19
Hilliard,2093628,12
Fay,2093628,13
Larry,2093628,4
Helen,2093628,8
Ken,2093628,8
Harvey,2093628,10
Leslie,2093628,22
Ericson,3133515,14
Amy,33548249,23
Miller,33548249,17
Hewitt,33548249,4
Stoner,163454,6
Sahoo,163454,15
Kennedy,34296392,7
Parsons,34296392,9
Coney,34296392,9
Hunkins,34296392,6
Mabby,34296392,13
Becker,34296392,20
Hymie,34296392,21
Atlas,34296392,24
Lambert,34296392,6
Morgan,8486272,23
Kristin,8486272,3
Bill,8486272,17
Claus,8486272,1
Tom,12438238,23
Jerry,12438238,23
Macon,20973286,24
Buck,20973286,2
Hayseed,32883524,16
Norah,32883524,4
Tom,32883524,1
Dad,32883524,16
Harold,32883524,10
Squeers,12938853,24
Smike,12938853,21
Madeline,12938853,8
Nicholas,12938853,24
Bray,12938853,7
Ralph,12938853,10
Kate,12938853,23
Crummles,12938853,7
Franklin,8365306,9
Beau,8365306,12
Feld,8365306,4
Fox,8365306,11
Manners,8365306,12
Bridges,8365306,9
Glover,8365306,16
Middleton,8365306,5
Tom,28530363,14
Sarah,28530363,19
Frank,28530363,10
Avery,28530363,9
Joost,28530363,13
Jack,28530363,21
Sakina,5267049,3
Lilian,5267049,21
Lillian,5267049,23
Raj,5267049,3
Gulabji,5267049,6
Imaan,5267049,23
Echeverr,14358421,7
Rosas,14358421,24
Gannon,14358421,3
Ladislao,14358421,23
O'Gorman,14358421,10
Guti,14358421,19
Ignacio,14358421,22
Camila,14358421,4
Nina,24341999,19
Gordon,24341999,3
Brad,24341999,17
Ryan,24341999,17
Kramer,24341999,16
Suzanne,24341999,19
Dina,24341999,23
Dagen,24341999,17
Cale,24341999,6
Hoffman,24341999,16
John,24341999,23
Gibson,24341999,17
Joyce,24341999,2
Tuck,24341999,17
Frankenstein,21371379,13
Michelle,5271413,3
Nadine,5271413,2
Lena,5271413,12
Thomas,5271413,13
Steve,5271413,3
Greg,5271413,6
Angel,5271413,6
Lucille,5271413,6
Gus,5271413,17
Sant,5271413,6
Sid,5271413,3
Simon,5271413,3
Antoine,5271413,4
Kathy,18586931,2
Gordon,18586931,5
Willie,18586931,21
Shane,18586931,9
Joplin,18586931,6
Kathner,6698816,9
Brooks,6698816,8
Blake,14232431,24
Madge,14232431,22
Norwood,14232431,16
Wright,14232431,2
Paula,3736614,6
Widmark,3736614,7
Washington,3736614,0
Sylvester,3736614,6
Valdez,3736614,17
Max,3736614,6
Hallson,3736614,14
Lacomber,3736614,10
Santos,3736614,20
Wayne,3736614,11
Mazarin,24491618,6
Saint-Mars,24491618,6
Grampy,7515924,23
Shraeger,20220761,12
Delahoy,20220761,15
Alvarez,20220761,24
Banks,20220761,8
Walsh,20220761,19
Beaumont,20220761,12
Brown,20220761,9
Cole,20220761,22
Ho,16939907,1
Kincaid,2729561,24
Crocker,2729561,12
Sharon,2729561,20
City,2729561,10
Davis,2729561,0
Friedrich,1137529,6
Tate,1137529,17
Quinn,1137529,17
Fairweather,1137529,10
Chevasse,1137529,0
Shakespeare,1137529,3
Bradford,1137529,6
McNess,1137529,3
Jennings,1137529,17
Starinski,1137529,17
Hawkstone,1137529,23
Faber,17424270,19
Lucas,17424270,22
Arlen,17424270,16
Albert,872497,13
Jacopo,872497,23
Morrell,872497,6
Danglars,872497,6
Dant,872497,15
s.,872497,19
Spada,872497,19
Mondego,872497,3
Vampa,872497,2
Villefort,872497,6
Cristo,872497,15
Faria,872497,16
Bonaparte,872497,20
Yuko,9828183,13
Homma,9828183,19
Soichi,9828183,6
Carter,1113278,13
Flynn,1113278,24
Moses,1113278,23
Keats,1113278,19
Caan,1113278,21
Jack,1113278,16
Colton,1113278,17
Juan,16194652,24
Carlos,16194652,6
Camila,16194652,21
Prudencio,16194652,13
Nora,16194652,3
Awadein,17832555,4
Shoukry,17832555,17
Peter,17832555,1
Jackson,5683155,14
Woodward,5683155,6
Taylor,5683155,6
Burke,5683155,6
Armstrong,5683155,17
McDonald,5683155,18
Toto,5683155,22
Bill,5683155,17
Alicia,5683155,17
Joe,5683155,17
Singh,5683155,2
Sanborn,5683155,12
Ken,5683155,9
Sandy,6035965,17
Bishop,6035965,17
Emily,6035965,4
Paul,817996,6
Johann,817996,3
Brady,817996,17
Katherine,817996,5
Adrian,817996,3
Vincent,817996,21
Jimmy,817996,21
Owen,817996,12
Sylvia,817996,16
Margaret,817996,3
Hoffman,817996,4
Molla,31573907,0
Toots,17404922,5
Tom,17404922,3
Dilkes,17404922,2
Keats,17404922,21
Abigail,17404922,4
Fanny,17404922,21
Samuel,17404922,5
Brown,17404922,13
Jane,5369062,22
Tony,5369062,6
Vadinho,5369062,17
Farms,5369062,20
Dobson,5369062,17
Pumaman,5369062,18
Kobras,5369062,13
Pandian,16168362,23
Aishwarya,16168362,0
Krishnamurthy,16168362,9
Ramamurthy,16168362,15
James,16168362,21
Jud,777032,17
Benson,777032,4
Carney,777032,24
Baron,777032,17
Shaw,777032,17
Pidge,777032,23
Mysang,22947127,12
McCool,22947127,12
Linda,22947127,2
Larsen,22947127,24
Alipang,22947127,4
Mike,22947127,24
Datu,22947127,3
Hatch,22947127,9
Hartley,22947127,6
Miguel,22947127,16
Canavan,22947127,24
Jackson,18436536,20
Sasha,18436536,17
Kennedy,18436536,11
Helmsley,18436536,13
Frost,18436536,21
Tenzin,18436536,14
Wilson,18436536,13
Anheuser,18436536,17
Tsurutani,18436536,1
Adrian,18436536,21
Kate,18436536,11
Curtis,18436536,14
Silberman,18436536,13
Hapgood,18436536,12
Noah,18436536,20
Caldera,18436536,20
Karpov,18436536,12
Tamara,18436536,17
Yuri,18436536,4
Cesar,13484069,21
Lloyd,13484069,23
Boone,5806110,5
Lou,5806110,6
Donny,5806110,1
Conners,5806110,17
Martin,23244306,9
Porter,23244306,9
Lucia,12821593,0
Jos,12821593,14
Chaplin,425930,3
Donald,425930,23
Tojo,425930,18
Owens,2619545,21
Hickman,2619545,21
Jackson,8929212,4
Carter,8929212,17
Landry,8929212,21
Mitchell,8929212,17
Ori,8929212,17
Marrick,8929212,17
Jackson,16788011,19
Polly,16788011,2
Carl,16788011,4
Chauncey,16788011,14
Yeongheui,3596187,2
Hyeon,3596187,23
Kiho,3596187,4
Valdez,18941018,9
Shanichari,8053331,3
Bhinkni,8053331,5
Hauraki,32883699,6
Manners,32883699,21
Barris,32883699,21
McBride,6729759,17
Stevens,6729759,2
Laurel,6729759,3
Martin,6729759,9
Dandy,6729759,21
Parker,6729759,9
Mike,6729759,4
Drake,31519851,24
Zack,31519851,21
Rebecca,31519851,12
Watt,3737258,23
Mann,3737258,8
Hyde,3737258,7
Albert,3737258,3
Bung,3737258,17
Emily,3737258,4
Sockett,3737258,17
Orlando,3737258,6
Oddbod,3737258,17
Valeria,3737258,21
Slobotham,3737258,6
Hawtrey,3737258,10
Doris,3737258,6
Potter,3737258,13
Rubatitti,3737258,13
Lloyd,6419176,15
O'Mara,6419176,7
Brown,6419176,2
Anaconda,28658542,18
Harry,28658542,0
Shinchan,28658542,3
Mitsy,28658542,21
Sunchan,28658542,13
mitsy,28658542,24
Shiro,28658542,0
Hub,28658542,7
Shunchan,28658542,3
Kingdom,28658542,5
Buri,28658542,5
Ruru,28658542,3
ruru,28658542,24
Ted,1448684,22
Wrightman,1448684,6
Meeks,1448684,3
Carl,1448684,16
Myers,1448684,9
Ben,1448684,3
Lindsay,1448684,2
Yastrzemski,1448684,16
Tejada,1448684,7
King,1448684,23
Gallagher,10217534,5
Gorcey,10217534,8
Willis,10217534,1
Savage,10217534,13
Zagman,10463602,22
Damelin,10463602,19
Yusef,10463602,1
Awwad,10463602,4
Shlomo,10463602,18
George,10463602,14
David,10463602,9
Paul,3879903,16
Mestema,3879903,2
Bradford,3879903,15
Gwen,3879903,3
Hannes,31323877,1
Laue,31323877,16
Kurt,31323877,1
Jens,31323877,9
Anke,31323877,10
Elena,12058668,19
Kubitz,240907,17
Ryerson,240907,6
Kelli,240907,15
Jenny,240907,6
Charlie,240907,6
Hinton,240907,17
Ben,240907,1
Phil,240907,13
Marvin,240907,3
Rohit,9034263,14
Saxena,9034263,6
Seema,9034263,19
Govinda,9034263,22
Jagmohan,9034263,18
Perio,4142456,11
Milfa,4142456,3
Kenji,4142456,17
Mitsuko,4142456,3
Pyulla,4142456,1
Nobuyuki,4174679,8
Ryoko,4174679,3
Washu,4174679,16
Kiyone,4174679,12
Yosho,4174679,14
Katsuhito,4174679,6
Sasami,4174679,3
Haruna,4174679,3
Tenchi,4174679,3
Muyo,4174679,23
Mihoshi,4174679,12
Eileen,10262142,23
Noah,10262142,3
Amelia,10262142,8
Becca,10262142,8
Belinda,10262142,19
Lota,10262142,10
Damian,10262142,12
Bato,10262142,20
Sebring,10262142,8
Blair,17215446,8
Walters,17215446,22
Anne,17215446,13
Helen,17215446,2
Everett,24505995,1
Hitler,974374,21
Bubbles,974374,18
Churchill,974374,22
Naidu,5767879,2
Prakash,5767879,17
Bhanwarlal,2748244,13
Verma,2748244,3
Sakshi,2748244,3
Sagar,2748244,12
Neha,2748244,21
Vicky,2748244,3
Bodine,12673724,10
MacDonald,12673724,9
Eli,12673724,14
Wakefield,12673724,14
Susie,12673724,5
Hannah,12673724,21
Miguli,27398309,3
Ivanovi,27398309,17
Pudgy,17877496,6
Betty,17877496,6
Worthington,23464956,9
Jones,23464956,10
Blackie,23464956,10
Amanda,23464956,14
Sorrowful,23464956,5
Galahad,23464956,5
Grant,16426208,3
Maggie,16426208,3
Liz,16426208,23
Merrill,16426208,13
Johnson,16426208,7
Joe,16426208,3
Sherman,6855079,12
LeGros,6855079,21
Miwako,34888791,24
Jeana,9873472,13
Milton,9873472,21
David,9873472,21
Hitler,3838108,1
Evans,31811736,12
Wendon,31811736,7
Jagan,35950812,5
Choudhry,35950812,11
Beckett,5813769,6
Joab,5813769,22
Fraser,5813769,3
Lomax,5813769,10
Nemo,5813769,3
Templemir,5813769,22
Paul,2422489,9
PhD,2422489,3
Ringo,2422489,3
George,2422489,0
Cinna,27613497,6
Pompey,27613497,22
Marcus,27613497,6
Crassus,27613497,13
Prandus,27613497,17
Sulla,27613497,17
Brutus,27613497,16
Caesar,27613497,3
Cabera,27613497,12
Renius,27613497,7
Marius,27613497,17
Okada,19128723,20
Stella,8383780,12
Getz,8383780,3
Mosca,8383780,13
Massimo,8383780,1
Barborossa,8383780,23
Ida,8383780,4
Bo,8383780,23
Barbarossa,8383780,17
Boniface,8383780,14
Scipio,8383780,3
Esther,8383780,12
Spavento,8383780,2
Riccio,8383780,6
Carter,8383780,19
Conte,8383780,21
Hartlieb,8383780,18
Renzo,8383780,15
Catarina,8383780,15
Arlo,3592111,3
Pear,3592111,21
Williams,3592111,20
Roy,3592111,7
Monica,3592111,20
Randy,3592111,2
Edwards,3592111,24
Marshall,3592111,2
Cornell,3592111,13
Gorgo,3592111,21
Brad,3592111,20
Perry,3592111,24
Crawford,3592111,7
Hendersen,3592111,5
Casey,3592111,3
Amy,737840,10
Claude,737840,17
Brad,737840,4
Chris,737840,17
Kessler,737840,9
Serafine,737840,17
Pigot,737840,4
Price,737840,16
McDermott,737840,0
Andy,737840,3
Amala,10640935,19
Vijaya,10640935,22
Nasser,10640935,15
Rajkumar,10640935,17
Gajapathy,10640935,2
McCord,9140961,11
Farrell,9140961,17
Jones,9140961,15
Manor,24152307,9
Drummond,24152307,3
Sapt,16231566,3
Mauban,16231566,10
Rupert,16231566,23
Rasssendyll,16231566,19
Antionette,16231566,23
Rudolf,16231566,24
Antoinette,16231566,17
Michael,16231566,17
Flavia,16231566,1
Tarlenheim,16231566,4
Rassendyll,16231566,3
Autry,165359,8
Jasper,165359,12
Courtney,165359,18
Sheldon,165359,3
Gene,165359,23
Cooper,3520792,21
Pat,3520792,4
Barnes,3520792,1
Angie,3520792,23
Sara,3520792,3
Judge,10891106,20
Kumar,10891106,20
Asha,10891106,3
Shukla,10891106,14
Shastri,10891106,19
Arvind,10891106,21
gives-in,10891106,1
Chintamani,10891106,13
Bellanga,2889423,21
Moshe,2889423,21
Nachman,2889423,9
Lemalian,6441628,6
Carola,6441628,6
Amy,11532350,19
Gregory,11532350,16
Tom,11532350,21
Peter,11532350,17
Mark,11532350,16
Eva,11532350,23
Azro,11532350,24
Jack,11532350,17
Band,461657,2
Sachs,17062936,21
Kasser,17062936,19
Hanson,3017705,2
Greyson,3017705,9
Nath,28378323,20
Rajiv,28378323,21
Singh,28378323,22
Rajni,28378323,8
Moon,34400393,4
Biggles,5047454,1
Ferguson,5047454,10
Bigglesworth,5047454,11
Moncho,5104358,21
Gregorio,5104358,13
Shanaz,12392289,21
Kembang,12392289,9
Ningsih,12392289,19
Mas-Mas,12392289,9
Mika,12392289,1
Parno,12392289,19
Paul,27070440,15
Pender,27070440,15
Inez,27070440,6
Gil,27070440,3
Picasso,27070440,15
Toklas,27070440,11
Ray,27070440,9
Zelda,27070440,8
Toulouse-Lautrec,27070440,15
Adriana,27070440,15
Cocteau,27070440,21
Gabrielle,27070440,21
uel,27070440,14
Hemingway,27070440,21
Stein,27070440,19
Chandrakala,5578215,24
Cheenu,16179650,16
Brady,6491972,15
Tony,6491972,16
Aislin,6491972,13
O'Boyce,6491972,23
Page,12522844,23
Carson,12522844,15
Charles,12522844,6
Muir,12522844,6
McQueen,12522844,8
Hope,12522844,17
Hagen,12522844,19
Disney,12522844,10
Reynolds,12522844,21
Neill,12522844,15
Reilly,12522844,6
Dolly,12522844,19
Tom,10932758,3
Jerry,10932758,3
Larry,8763119,23
Muan,18551187,23
Duang,18551187,21
Mang,18551187,14
Freddy,518018,2
Julie,518018,19
Jim,518018,19
Betty,518018,10
Brody,518018,12
Gord,518018,6
Davidson,518018,7
Shaq,518018,11
Elin,11585,6
Johan,11585,23
Viktoria,11585,6
Jessica,11585,3
Agnes,11585,6
Joan,1599509,3
Harwood,1599509,16
Carlyle,1599509,14
Ann,1599509,12
Nikki,1599509,4
Gennifer,1599509,4
Tina,1599509,16
Casey,1599509,3
Frankenstein,25913793,13
Ibrahim,22174418,9
Mohamad,22174418,14
Monet,377287,3
Kelso,377287,3
Levinson,377287,17
Clutterbuck,377287,23
Bakshi,377287,3
Shapiro,7528620,14
Verma,29549556,0
Rana,29549556,0
Bageera,29549556,4
Chakraborty,29549556,5
Stockwood,33472190,16
Palin,33472190,14
Muggeridge,33472190,13
Barry,33472190,20
Python,33472190,15
Cleese,33472190,14
Gilliam,33472190,10
Kennedy,676054,11
Leary,676054,23
Horrigan,676054,13
Booth,676054,11
Andrea,676054,5
Oswald,676054,8
Mendoza,676054,6
Raines,676054,6
Mauer,15115743,21
Olgierd,15115743,18
Angela,15115743,14
Stirling,12361350,4
Maureen,12361350,20
Stevens,12361350,20
Francis,12361350,4
Gelder,12361350,9
Chaplin,2974264,18
Natasha,2974264,3
Mears,2974264,6
Harvey,2974264,6
Kavya,26067456,22
Bujji,26067456,19
Narain,26067456,5
Corbett,29602277,11
Tammy,29602277,21
Jordan,1374351,21
Evans,1374351,11
Easley,1374351,15
Manual,1374351,3
Mellinger,1374351,24
Folco,14507834,9
Tanaka,23058311,3
Brunswik,19588807,5
Giulietta,19588807,19
Amenda,19588807,3
Guicciardi,19588807,9
Beethoven,19588807,13
Bonaparte,19588807,20
Hope,2293553,20
Cody,2293553,13
Fletcher,2293553,8
Chappell,2293553,13
Adams,2293553,20
Lehder,2293553,13
Miller,21863848,3
Mason,21863848,1
Ivan,21863848,21
Pete,21863848,12
Dave,21863848,20
Veronica,21863848,13
Marc,21863848,17
Hollander,6873331,4
Forbes,6873331,2
Tom,6873331,3
Miranda,6873331,6
McGuire,6873331,22
Azura,6873331,16
Daffy,33315469,17
Fudd,33315469,17
Elmer,33315469,17
Hiraman,5522723,13
Hirabai,5522723,13
Alden,32967402,21
Mehra,29850238,10
Chakraborty,29850238,5
Shah,29850238,5
Faiziyev,29850238,8
Blair,6060331,14
Harris,6060331,3
Monique,6060331,3
Loggins,6060331,3
Lindsay,6060331,6
Loggis,6060331,23
Paramu,16167685,24
Abbas,16167685,14
Madhavan,16167685,18
Livingstone,16167685,22
Manju,16167685,2
Lou,17933239,0
Olsen,17933239,9
Avery,17933239,6
Powers,29472960,20
Sam,29472960,9
Eileen,29524136,10
Sharp,35672322,8
Jane,1367451,21
Kala,1367451,8
Kerchak,1367451,17
Earl,1367451,24
Greystoke,1367451,8
D'Arnot,1367451,23
Jean,1367451,23
Philippe,1367451,14
Alice,1367451,2
John,1367451,3
Ajay,8020341,3
Pooja,8020341,2
Narang,8020341,22
Reshma,8020341,2
Roop,8020341,2
Patel,8020341,0
Rathore,8020341,3
Kennedy,2210682,11
Webber,2210682,7
Khrushchev,2210682,12
Adam,2210682,21
Helen,2210682,2
Sophie,2210682,15
Troy,2210682,20
Kadir,29168368,14
Hasan,29168368,19
Fatma,29168368,9
Morgan,18793244,17
Sloan,18793244,9
Gu,31703370,10
Marie-Claire,31703370,4
Hugo,31703370,24
Michel,31703370,16
Christophe,31703370,21
Milesi,31703370,12
Danel,31703370,20
Jaures,31703370,12
Raoul,31703370,6
Denise,31703370,21
Lin,11957889,6
Xiaoyue,11957889,23
Tonooka,2303957,16
Funazu,2303957,14
Itoko,2303957,16
Saki,2303957,4
Ames,26206020,23
Delilah,26206020,3
Carstairs,26206020,23
Lee,26206020,0
Jane,23733675,21
Sabina,23733675,6
Quarles,23733675,18
Sandy,23733675,3
Taylor,23733675,8
Gaby,23733675,1
Wexler,23733675,3
Warwick,23733675,6
Adams,23733675,0
Dan,23733675,8
Smith,23733675,19
Alexa,23733675,3
Billy,4039693,10
Gibbons,9560806,8
Fraser,9560806,2
Sharpe,9560806,21
Ducos,9560806,6
Ross,9560806,14
Harper,9560806,17
Calvet,9560806,17
Soult,9560806,12
Bampfylde,9560806,16
Robinson,9560806,3
Jeffrey,1882500,6
Ed,1882500,16
Willis,1882500,18
Brody,1882500,21
Sid,1882500,20
Nicolas,7096573,23
Simon,7096573,20
Potter,7096573,12
Odile,7096573,23
Camille,7096573,2
Claude,7096573,6
Marc,7096573,11
Lucy,10870570,6
McTeague,10870570,6
Roy,10870570,14
Datchett,30785672,23
Clair,30785672,21
Dodds,30785672,9
Marly,30785672,6
Earl,32987308,24
Budgerie,32987308,18
Miller,1204699,18
Benson,1204699,15
Ingrid,1204699,16
Kelso,1204699,11
Jones,1204699,14
Newton,1204699,15
Dan,1204699,14
MacDougall,1204699,11
Margaret,1204699,4
Randall,1204699,8
Harry,294998,4
Peter,294998,20
Marv,294998,4
Merchants,294998,2
Kate,294998,3
Cedric,294998,1
Duncan,294998,23
Kevin,294998,3
Hector,294998,21
Rob,294998,3
Aibelli,464724,1
Davies,464724,19
Raymond,464724,13
Brennan,76314,15
David,3116779,4
Drabble,3116779,6
Julyan,3116779,6
Harper,3116779,3
Burrows,3116779,18
Daffy,18953977,24
Tosh,18953977,6
Reese,13718952,3
Zinovitz,13718952,3
Becker,13718952,4
Granier,13718952,21
Reeves,13718952,23
Hollis,13718952,20
Jammad,13718952,18
Bowen,3189585,16
Geoff,3189585,3
Peter,3189585,8
Mansel,3189585,10
Gilbert,3189585,15
Griffin,3189585,17
Drake,3189585,6
Draco,3189585,12
Lian,3189585,16
Kwan,3189585,4
Singer,2994806,16
Kitty,14737134,7
Kay,8067044,2
Miles,8067044,22
Jr.,8067044,19
King,8067044,0
Kuo,25033867,13
A-ming,25033867,3
Lamarre,32678270,11
Radhika,10621215,8
Pandian,10621215,16
Srinivasan,10621215,19
Janardhan,10621215,11
Smitha,10621215,10
Arun,10621215,6
John,10621215,17
Schlocker,1118765,10
Emily,1118765,17
Peter,1118765,19
Ralph,1118765,10
Bruno,1118765,14
Merrye,1118765,23
Warner,7901159,23
Rani,5185573,5
Badal,5185573,4
Rana,5185573,18
Singh,5185573,5
Iyer,30748966,3
Dargah,30748966,23
Margaret,30748966,19
Khwaja,30748966,24
Meera,30748966,4
Rehan,30748966,3
Riordan,22327149,6
Brendan,22327149,6
Campana,22327149,12
Grimes,22327149,7
Conlon,22327149,0
Tommy,22327149,13
Tess,22327149,2
Paddy,22327149,2
Fei,18912773,17
Lo,18912773,22
Berlioz,20954169,14
Smithson,20954169,13
Habeneck,20954169,23
Cellini,20954169,19
Roy,5159254,21
Bobby,5159254,17
Rollins,5159254,3
Jess,5159254,3
Ben,5159254,3
Mary,5159254,3
Sinclair,2329964,6
Barrow,2329964,17
Rattray,2329964,4
Laura,12282438,0
Sandy,12282438,7
Gregson,12282438,7
Harding,12282438,22
Don,12282438,21
Mary,12282438,23
Steven,12282438,14
Eden,12282438,11
David,12282438,3
Shondra,3768444,2
Seeger,3768444,24
Dresham,3768444,16
Butler,3768444,4
Eddie,3768444,4
Sacco,11268947,23
Vanzetti,11268947,24
Coyotito,2990096,4
Juana,2990096,23
Valdar,13981639,13
Strendler,13981639,10
Lorbeer,13981639,15
Bennett,13981639,17
Hautry,13981639,6
Kurz,13981639,10
Yeats,13981639,16
Manab,25902299,23
Khalid,26742680,8
Vishwanathan,26742680,6
Shiekh,26742680,17
Unni,26742680,4
Nandu,26742680,24
Gaarder,20182947,5
Georg,20182947,5
Thanh,22399999,11
Nina,22399999,6
Christopher,22399999,10
Samantha,22399999,23
Michael,22399999,23
Harold,22399999,6
Dwayne,22399999,3
Mai,22399999,3
Dolores,22399999,6
Trenner,9573223,19
Johannes,9573223,19
Knepler,28370997,7
Isaacs,28370997,17
Zadek,28370997,19
Wiegler,28370997,3
Sebastian,28370997,19
Erik,28370997,17
Hanna,28370997,3
Rachel,28370997,3
Sophie,28370997,19
Johanna,28370997,17
Screenplay,28370997,18
Lochhead,28370997,17
Farr,28370997,9
Paul,3374673,3
Yorga,3374673,3
Brudah,3374673,24
Heyes,3374673,14
Erica,3374673,3
Michael,3374673,17
Hayes,3374673,6
Macready,3374673,0
Bruddah,3374673,21
Michel,3374673,3
Donna,3374673,3
Buscemi,23752614,24
Nicky,23752614,24
Eddie,23752614,10
Sarokin,171568,8
Carter,171568,6
Bradley,171568,1
Martin,171568,6
Artis,171568,11
Bello,171568,1
Henry,3216798,6
Tovar,3216798,6
Johnny,3216798,16
Tom,3216798,17
Hellie,3216798,17
Karen,3216798,8
Ben,3216798,17
Judy,3216798,17
Barb,3216798,16
Johnstone,969971,17
Yamaguchi,969971,1
Lawson,969971,17
Currie,969971,10
Scott,969971,3
Griffiths,969971,3
Rogers,969971,3
Thompson,969971,18
Hornsby,969971,17
Connolly,969971,5
Campbell,969971,13
Fraser,969971,1
Jock,969971,4
Grewal,5420499,0
Ranjeet,5420499,17
Mohan,5420499,14
Bhandari,5420499,9
Mukherjee,5420499,8
Kumar,5420499,18
Vinod,5420499,6
Seema,5420499,21
Dango,5420499,17
Neetu,5420499,2
Sheetal,5420499,6
Ali,5420499,10
Ashok,5420499,3
Singh,5420499,4
Lal,5420499,15
Paintal,5420499,24
Ravi,5420499,2
Raju,5420499,15
Rakesh,5420499,3
Randhir,5420499,6
Holmes,15559187,6
Spence,15559187,20
Stack,15559187,7
Hogan,15559187,3
Bobby,6613755,17
Jones,6613755,12
Mariella,6613755,17
Mickey,6613755,17
Ernest,6613755,22
Dieter,6613755,17
Rose,6613755,20
Sheehan,6613755,14
Su,6613755,10
Petrello,6613755,23
Raye,6613755,17
Beck,31010782,14
Delilah,26726333,20
Frobisher,26726333,20
Mel,26726333,9
Hickok,22539062,0
Bill,22539062,14
Blake,5864450,24
Pennington,5864450,3
Jerry,5864450,6
Steve,5864450,2
Lee,5864450,6
Mabel,5864450,6
Wally,5864450,5
Lucas,5864450,15
Willy,11558238,3
Lacey,11558238,3
Hill,34975699,8
Kate,34975699,1
Ch,16113730,20
Edm,16113730,8
ri,16113730,3
Fred,16113730,19
Sternwood,32784153,22
Lewinsky,32784153,6
Frazier,145621,17
Crabface,145621,16
Sullivan,145621,12
Jerry,145621,6
Patsy,145621,16
Connolly,145621,12
Hunky,145621,16
Bancroft,145621,0
Bradley,16563970,16
Black,16563970,9
Roddy,16563970,6
Evelyne,16563970,21
Murray,16563970,12
Kirby,16563970,20
Adam,16563970,6
Moira,16563970,6
Bradley,9694615,12
Clark,9694615,6
Elsner,9694615,6
Redman,9694615,9
Pearson,9694615,12
Sarah,18435298,3
Hopson,18435298,11
Sam,18435298,8
Utbah,3135187,9
Muhammad,3135187,3
Sufyan,3135187,0
Carter,7556986,15
Randolph,7556986,21
Caprezzi,7556986,12
Malik,25389799,20
Bertrum,2068890,23
Rodriguez,2068890,3
Smalls,2068890,3
Hercules,2068890,4
ball,2068890,10
Benny,2068890,23
Mertle,2068890,12
Peffercorn,2068890,4
Ruth,2068890,17
Tommy,2068890,7
Timmy,2068890,7
Radhey,2020037,2
Nirjara,2020037,1
Mohan,2020037,3
Swamiji,2020037,13
Martini,28486405,21
Bounine,190405,20
Paul,190405,13
Anastasia,190405,20
Anna,190405,6
Hayes,190405,23
Romanov,190405,21
Anderson,190405,19
Bergman,190405,23
Gray,6801340,17
Cowboy,22837134,10
Dargin,32883766,19
Bat,32883766,1
Kitty,32883766,19
Aronson,32883766,19
Lavender,32883766,7
Bharucha,11176488,2
Sikander,11176488,21
Khan,11176488,18
Chopra,11176488,9
Gonsalves,11176488,2
Riya,11176488,8
Caesar,11176488,19
Oliver,18065848,5
Bliss,18065848,6
Stern,18065848,12
Brooke,18065848,5
Haba,7742919,10
Ang,7742919,7
Robinson,7742919,0
Berlini,171160,12
Porco,171160,3
Rosso,171160,19
Gina,171160,23
Piccolo,171160,17
Dahl,171160,12
Fio,171160,21
Curtis,171160,17
Amar,15022200,23
Chhaya,15022200,2
Hardayal,15022200,23
Telfer,417891,1
Balkan,417891,17
Kessler,417891,11
Liana,417891,24
Corso,417891,3
Rodero,417891,9
Fargas,417891,24
Gates,417891,21
Baroness,417891,13
Torchia,417891,9
Lucifer,417891,21
Bernie,417891,1
White,1802944,17
Ho,1802944,3
Tang,1802944,3
Cao,1802944,17
Salno,570263,1
Godzilla,570263,17
Aso,570263,15
Shobijin,570263,15
Shindo,570263,18
Ghidorah,570263,17
Rodan,570263,6
Tsukamoto,570263,2
Mothra,570263,17
Murai,570263,12
Selina,570263,4
Vinicius,154790,23
Taylor,154790,0
Marcus,154790,4
Nero,154790,6
Poppaea,154790,15
Peter,154790,1
Hannen,154790,1
Claudius,154790,18
Galba,154790,20
Lucan,154790,7
Lygia,154790,24
Sophia,31574831,4
Hiro,3142516,23
Cerveris,3142516,14
Sebastian,3142516,11
Reed,3142516,10
Baker,14174191,20
Barker,14174191,18
Blair,14174191,8
Mortis,14174191,24
Golem,14174191,0
Macera,14174191,17
Morose,14174191,0
Boop,28208037,4
Betty,28208037,5
Harry,5188636,16
Finster,5188636,6
Galerian,6643828,15
Lilia,6643828,10
Cain,6643828,17
Pascalle,6643828,13
Rion,6643828,6
Dorothy,6643828,3
Steiner,6643828,18
Das,3052538,15
Ramankutty,3052538,17
Varadanunni,3052538,21
Ashan,3052538,12
Nambeesan,3052538,23
Miller,4575756,14
Pinkerton,4575756,8
Ford,4575756,12
Clements,4575756,9
Younger,4575756,17
Hoff,23428014,4
Bose,17175786,5
Sameera,17175786,2
Mithun,17175786,3
Rahul,17175786,13
Abdul,17175786,21
Reddy,17175786,21
Sumanata,17175786,3
Chakraborty,17175786,1
Laboni,17175786,2
Davis,28358401,4
Nader,27359766,18
Armstrong,27359766,23
Manderville,27359766,0
Bronwen,11705958,6
Jo,11705958,16
Jones,11705958,18
Dai,11705958,6
Bruce,1246956,19
Cooper,1246956,18
Egilichi,1246956,16
Harpo,1246956,3
Burr,1246956,13
Jo,2925678,23
Ranson,2925678,8
Mary-Jo,2925678,9
Ava,2925678,6
Arthur,33025020,3
Bina,33025020,21
Laura,33025020,2
Audrey,33025020,3
Travis,1343165,6
Anna,1343165,17
Wilson,1343165,11
Neill,1343165,21
Houston,1343165,21
Dickinson,1343165,20
Bowie,1343165,6
Ana,1343165,20
Crockett,1343165,3
Kumar,5090209,11
Pran,5090209,1
Kamini,5090209,1
Parekh,5090209,11
Charandas,5090209,15
Puri,5090209,11
Kaushal,5090209,9
Bharat,5090209,21
Buddy,6599431,4
Trudy,6599431,16
Ting,2739891,4
Betty,2739891,4
Bruce,2739891,19
Comstock,28149238,16
Rosemary,28149238,23
Thornton,19268144,24
Buck,19268144,4
Cindy,1738939,21
Prince,1738939,19
Jan,12081183,9
Bailey,12081183,0
Molly,443917,3
Tom,443917,3
Maddy,443917,6
Gus,443917,3
Francois,443917,10
Hartmann,443917,7
Phillips,443917,24
Brand,32883936,2
Barbara,32883936,20
Black,32883936,15
Wilson,32883936,14
Barbara,1472852,24
Whiteman,1472852,24
Midler,1472852,10
Pe,1472852,1
Clyde,4011733,16
Walsh,4011733,0
Tomibo,24001036,6
Ryosuke,24001036,13
Shinshu,24001036,20
Sugiko,24001036,12
Nonomiya,24001036,10
Ookubo,24001036,21
Royer-Collard,171621,3
Justine,171621,24
Simone,171621,6
Marquis,171621,23
Bouchon,171621,3
Napoleon,171621,3
Renard,171621,14
Madeleine,171621,6
Prioux,171621,24
LeClerc,171621,15
Sade,171621,24
Daniel,11973790,17
Alice,11973790,3
Sam,11973790,17
Weiss,11973790,17
Zoa,719062,12
Andrew,719062,20
Wyndham,719062,7
Kar,719062,2
Lutz,719062,6
Judy,719062,13
Zenon,719062,3
Caillou,19723946,5
Slocombe,19723946,14
Mattotti,19723946,22
McGuire,19723946,7
Sciullo,19723946,22
Burns,19723946,12
Woody,20533051,6
Woodpecker,20533051,12
Savitri,36057879,5
Rajasekhar,36057879,18
Subash,36057879,14
Thangamani,36057879,18
Love,32160153,13
Richard,6663412,20
Gordon,6663412,20
Jill,6663412,3
Maggie,6663412,3
Harris,6663412,17
Steve,6663412,3
George,6663412,6
Billy,6663412,22
Terrell,23771224,6
Williams,23771224,14
Braxton,23771224,17
Stillman,23771224,6
Kirk,23771224,6
Wilson,23771224,18
Purab,5696805,16
Abhilasha,5696805,6
Karan,5696805,3
Anil,5696805,3
Hai,5696805,11
Anjali,5696805,3
Amar,5696805,3
Shruti,5696805,3
John,5696805,6
Hitchcock,5696805,18
Linda,3949692,6
Poe,3949692,8
Dickens,3949692,12
Clarisse,3949692,13
Copperfield,3949692,9
Montag,3949692,3
Huntington,30784671,12
Attla,30784671,16
Walley,30784671,0
Hustler,30784671,10
Salisbury,30784671,12
Wright,30784671,24
Roland,30784671,16
Hu,13424283,22
Chuan,13424283,14
Jianbin,13424283,21
Yao,13424283,21
Xiaohui,13424283,3
Yang,13424283,7
Pooja,13888061,8
Sadak,13888061,9
Ravi,13888061,21
Maharani,13888061,18
Gotya,13888061,21
Eric,25400635,9
Vincent,25400635,12
Max,25400635,13
Ludo,25400635,1
Antoine,25400635,9
Queen,4986369,18
Edward,4986369,20
Bill,4986369,12
Rupert,4986369,3
Cynthia,3933930,8
Steve,3933930,14
Jones,3933930,8
Mickey,3933930,9
Roscoe,3933930,19
Moore,3933930,14
Maria,33947543,7
Michael,33947543,4
Charro,33947543,17
Ptolemy,11535706,18
Hubble,11535706,0
McGee,18059969,10
Eiden,18059969,21
Jennie,18059969,14
Larry,18059969,20
Joyce,18059969,22
Ford,2478900,9
Margaret,2478900,6
Joey,2478900,6
Billy,2478900,20
Dom,24461292,6
Tel,24461292,6
Nelson,24461292,15
Jay,24461292,19
Ames,10342783,23
Aubert,10342783,2
Chakravarthy,33226976,24
Lakshmi,33226976,2
Ed,18118679,6
David,18118679,20
Alan,18118679,21
Oswald,32017079,3
Jennie,30141773,2
Mombi,938564,3
III,938564,7
Dorothy,938564,3
Glinda,938564,6
Jackson,21419791,15
Torres,21419791,6
Pich,21419791,20
Gloria,21419791,14
Fernando,21419791,24
Camilo,21419791,22
Totina,21419791,14
Asesino,21419791,15
Laura,21419791,15
Califa,21419791,10
Tonino,21419791,13
Jane,7274197,3
Ainsley,7274197,17
Fleet,7274197,5
Tesla,7274197,17
Frederick,7274197,3
Bruckner,7274197,4
question,7274197,12
Andr,7274197,3
Nikki,7274197,3
Saunders,7274197,3
Lugosi,7274197,15
John,7274197,3
Daniel,2709646,12
Cassandra,2709646,8
Sangeetha,9678000,18
Selva,9678000,23
Davey,18586624,11
Otis,18586624,17
Thomas,18586624,8
Ned,18586624,24
Lonnie,18586624,21
Melinda,18586624,3
Wheaton,18586624,17
Wilson,18586624,10
Zuba,18586624,6
Marquand,18586624,16
Hitler,30873849,21
Kahr,30873849,21
Geli,30873849,4
Papen,30873849,10
Gerlich,30873849,16
Hogg,30873849,16
Helene,30873849,23
Hanfstaengl,30873849,19
Goebbels,30873849,14
Hess,30873849,5
Raubal,30873849,16
Schelicher,30873849,12
Schleicher,30873849,12
Drexler,30873849,6
Goering,30873849,13
Ludendorrff,30873849,15
Braun,30873849,6
Hindenburg,30873849,15
Ernst,30873849,2
Nixon,856716,7
Lester,856716,21
Jill,856716,13
Felicia,856716,8
George,856716,13
Roundy,856716,15
Jackie,856716,14
Krueger,3038054,16
Freddy,3038054,3
Mark,3038054,21
Jacob,3038054,4
Greta,3038054,17
Dan,3038054,3
Amanda,3038054,3
Alice,3038054,3
Vera,142588,23
Rita,142588,17
Stewart,142588,4
Cosgrove,142588,13
gore,142588,9
Les,142588,17
Lionel,142588,17
Murphy,31525891,6
Busby,31525891,20
Hardaker,31525891,8
Charlton,31525891,20
Alfalfa,19410823,6
Darla,19410823,6
Adkins,14644512,7
Vito,14644512,22
Akins,14644512,6
George,14644512,3
Bert,14644512,12
Judy,14644512,3
Morrissey,14644512,6
Bullard,14644512,8
Asante,17604789,0
Angelou,17604789,11
Fenwick-Symes,957179,14
Monomark,957179,15
Nina,957179,0
Littlejohn,957179,18
Runcible,957179,1
Blount,957179,19
Chatterbox,957179,7
Balcairn,957179,19
Sneath,957179,1
Esme,5331654,2
Nu,5331654,18
Trina,5331654,5
Goodwin,5331654,17
Vita,5331654,12
Sarah,5331654,3
Finn,5331654,4
Corrine,5331654,3
Hunter,5331654,13
Lindsay,5331654,3
Richard,29197597,13
Logan,29197597,7
Julie,29197597,14
Fudd,1310543,6
Elmer,1310543,6
Myicin,1310543,10
Viswanath,34023246,18
Natwarlal,34023246,6
Ladda,34023246,6
Gemini,34023246,14
William,248760,17
Newland,248760,7
Caselotti,248760,9
Bambi,248760,22
Boop,7144866,4
James,31721239,6
Martha,31721239,3
Johnny,34414967,15
Pete,34414967,13
Gus,34414967,12
Mickey,34414967,14
Lobel,34414967,10
Harry,7068258,8
Lester,7068258,9
Orville,7068258,17
Allura,7068258,5
Venus,7068258,18
Gras,7068258,23
Ford,7208117,21
Hamper,7208117,15
Len,7208117,12
Davis,7208117,16
Williams,6684682,16
Bowman,6684682,14
Falworth,6684682,14
Earl,6684682,12
Farrar,6684682,9
Anne,6684682,8
Robert,6684682,9
Meg,6684682,23
Bugler,6102307,17
Claire,6102307,13
Angels,6102307,4
Bob,6102307,6
Eddie,6102307,9
Everett,6102307,6
Rodriguez,8360654,13
Wong,8360654,17
Randy,8360654,6
Maggie,8360654,17
Daytona,8360654,3
Wilson,8360654,2
Wolfschtagg,8360654,7
Katkar,18803418,17
Darren,18803418,17
Bhai,18803418,14
Dhariwal,18803418,6
Pathan,18803418,16
Celina,18803418,16
Sandali,18803418,4
Ditmar,14412141,23
Larand,32997239,3
Doiya,32997239,19
Robin,396398,3
Zaizen,396398,14
Amon,396398,14
Sena,396398,18
Solomon,396398,1
Gordon,1598832,6
Linda,1598832,12
Maria,1598832,2
Thomas,1598832,4
Snuffleupagus,1598832,7
Ruthie,1598832,10
Grover,1598832,20
Floyd,1598832,10
Ernie,1598832,3
Flaherty,1598832,14
Finch,1598832,3
Snuffy,1598832,23
Sleaze,1598832,18
Bert,1598832,23
Sid,1598832,16
Kermit,1598832,6
Devi,19286442,5
Neela,19286442,6
Nambiar,19286442,6
Gopal,19286442,14
Anand,19286442,8
Bheem,36055663,21
Cleopatra,4954774,3
Pompey,4954774,10
Spain,4954774,7
XIII,4954774,19
Octavian,4954774,3
Ptolemy,4954774,4
Caesar,4954774,6
Antony,4954774,6
Gaul,4954774,22
Rufio,4954774,17
Charmian,4954774,11
Wheeler,22776261,1
Kukunoor,5020303,5
Chaplin,583273,24
Terry,583273,21
Calvero,583273,1
Neville,583273,19
Ambrose,583273,12
Taylor,6877206,10
Willie,6877206,3
Donovan,6877206,8
Fudd,15287294,10
Buttonhook,15287294,13
Costello,15287294,8
Rabbit,15287294,10
Robinson,15287294,18
Jo,8538374,4
Noah,8538374,17
O'Neil,8538374,8
Mimzy,8538374,6
Broadman,8538374,11
Emma,8538374,3
David,8538374,4
Gordon,2034460,0
Williams,2034460,9
Fleming,2034460,10
Hollander,2034460,7
Davenport,2034460,10
Anderson,2034460,10
Wells,2034460,13
Lizzy,2034460,23
Gorder,2034460,9
van,2034460,23
Sutton,2034460,11
Hobart,2771954,8
Vance,2771954,19
Hargis,2771954,10
Parson,24790646,17
Raj,1326091,3
Sanjeev,1326091,21
Khan,1326091,15
Namrata,1326091,6
Geeta,34672064,21
Vidya,34672064,8
Chowdhury,34672064,18
Sylla,35012925,8
Ngom,35012925,13
Krishna,21073588,15
Spears,21073588,9
Mehru,21073588,17
Bush,21073588,0
Anwar,21073588,17
Don,20097181,4
Ann,20097181,4
Stendahl,20097181,16
Harrigan,20097181,17
Fletcher,20097181,12
Forester,20097181,13
Walters,20097181,13
Young,20097181,24
Moloch,20097181,17
Heather,13281115,6
Simon,13281115,19
Donald,13281115,7
Harris,13281115,15
Vanston,13281115,2
Kate,13281115,6
Hazel,13281115,6
Evans,13281115,7
Alice,13281115,10
Ellie,13281115,3
Sylvester,25884608,3
Hector,25884608,3
Granny,25884608,6
Nina,1380618,13
Dita,1380618,19
Kitty,1380618,10
Chompers,1380618,7
Nicky,1380618,15
Jerry,1380618,0
Stahl,1380618,6
Sandra,1380618,6
Gus,1380618,10
Vola,1380618,9
Verlaine,1380618,11
Brownlow,17824168,14
Blotchi,17824168,8
King,17824168,11
Guerni,17824168,15
Nair,31197982,18
Velayudhan,31197982,16
Ranvir,4584458,14
Cassidy,3139643,11
George,3139643,14
Dragonlady,3139643,18
Bart,3139643,3
Tailfeathers,3139643,0
Steven,3139643,6
Gafooley,3139643,15
McRugger,3139643,21
Louis,34954266,7
Joe,1463335,23
Todd,3092323,3
Barbara,3092323,24
Linda,3092323,1
Gamble,3092323,11
Nita,3092323,15
Hughes,3092323,8
Craig,3092323,17
Armstrong,3092323,9
Pevney,3092323,7
Norris,3092323,11
Nora,3092323,22
Cathy,1969580,6
Richard,1969580,7
Clayton,1969580,18
Wilson,1969580,21
Robert,1969580,21
Elena,1969580,13
Pooja,10404153,6
Sarah,10404153,6
Menon,10404153,12
Sooraj,10404153,5
Sreedevi,10404153,2
Sridevi,10404153,1
Scott,11760645,23
Danny,3945952,4
Osie,3945952,2
Braddock,3945952,21
Dixon,3945952,17
Pumpkinhead,3945952,22
Jenny,3945952,13
Tommy,3945952,23
Maria,642744,6
Antonio,642744,21
Bruno,642744,3
Ricci,642744,16
Talavera,31519189,24
Rimsky-Korsakov,31519189,21
Bobby,444245,15
Hoffa,444245,3
D'Allesandro,444245,19
Kennedy,444245,11
Nixon,444245,9
Flynn,444245,22
Connelly,444245,19
Fitzsimmons,444245,24
Ray,6169082,21
McKenna,6169082,15
Butler,6169082,19
Dorothea,14334939,15
Konigsmark,14334939,8
Louis,14334939,13
Chaplin,5724053,4
Durfee,5724053,20
Arbuckle,5724053,1
McCabe,32455629,6
Peter,32455629,6
Tadgh,32455629,3
Seamie,32455629,15
Nayyar,3167956,24
Batalik,3167956,4
Yadav,3167956,9
Rai,3167956,19
Hill,3167956,13
Ravindranath,3167956,10
Rif,3167956,0
Thakur,3167956,11
Batra,3167956,24
Vishwanathan,3167956,24
Pandey,3167956,10
Thapar,3167956,13
Khushal,3167956,10
Adhikari,3167956,1
Joshi,3167956,10
CO,3167956,0
Ji-Seok,32377792,1
Fletch,5652838,24
Fletcher,5652838,0
Farnsworth,5652838,8
Suzuki,18368887,1
Khan,2705839,15
Buldeo,2705839,3
Mowgli,2705839,6
Fallon,28374580,9
Whitaker,28374580,9
Cameron,29010224,15
Foster,29010224,21
Prentice,15239088,18
Jess,11924028,3
Ryan,11924028,6
Casey,11924028,21
Roman,11924028,6
Miller,32638698,19
Baranski,32638698,20
Sarah,32638698,12
Meredith,32638698,2
Kevin,32638698,16
Simon,32638698,3
Mitchell,4829230,12
Fritz,4829230,20
Jack,4829230,5
Ralston,20343515,24
Thomas,20343515,12
Helen,20343515,5
Dobbs,31192332,15
Cummins,31192332,18
McGuinness,31192332,11
Martin,31192332,12
Bridget,31192332,21
Hutchinson,31192332,9
Overview,20798851,13
Jenkins,13569155,15
Page,13569155,13
McQuade,13569155,9
Wentworth,13569155,21
Kirk,13569155,4
Mace,1339563,3
Mason,1339563,12
Nero,1339563,8
Gant,1339563,16
Jeriko,1339563,23
Peltier,1339563,22
Philo,1339563,17
Lenny,1339563,6
Steckler,1339563,22
Engelman,1339563,17
Strickland,1339563,19
Iris,1339563,17
Morgan,12186683,17
Cobham,12186683,9
Billy,12186683,22
Mackey,10811554,6
Vera,10811554,17
Claiborne,10811554,11
George,10811554,14
Joe,10811554,4
Jack,10811554,8
Selena,10811554,6
Donovan,10811554,10
Dolores,10811554,3
Min,10775525,8
Sue,10775525,22
Pao,10775525,16
Sam,3565940,5
Venizelos,3565940,6
Irene,3565940,4
Nick,3565940,21
Hickory,3565940,16
Short,3565940,10
Jack,3565940,17
Black,3565940,9
Marie,3565940,5
Sheetal,8590427,6
Jaikishan,8590427,11
Mania,8590427,22
Shankar,8590427,14
Ravi,8590427,16
Khanna,8590427,22
Kapoor,8590427,11
Lenin,10835849,8
Kabilana,10835849,19
Marx,10835849,8
Jackson,10304105,17
Torrez,10304105,17
McLaughlin,10304105,17
Luz,10304105,17
Cortez,10304105,24
Rivera,10304105,11
Machete,10304105,17
Sartana,10304105,3
Booth,10304105,6
Benny,18733013,23
Yamada,32694962,16
Yamamoto,32694962,0
Takamura,32694962,16
Saito,32694962,6
Doi,32694962,21
Takamaru,32694962,15
Dent,25382860,14
Drake,25382860,24
Susan,25382860,24
Ellis,21044888,20
Morris,21044888,15
Kane,534408,13
Chase,534408,24
Ryan,534408,12
Billy,534408,22
Lorre,15553721,19
Parks,15553721,20
Bill,15553721,9
Lorentz,15553721,14
Cathy,8969561,1
Sabina,8969561,19
Joshua,8969561,3
Jerry,8969561,10
Miranda,8969561,17
Agronsky,2398332,12
Fletch,2398332,3
Thomas,2398332,11
Tiki,2398332,7
Jabalani,2398332,17
Prince,2398332,18
Otwani,2398332,20
Casey,2398332,3
Wass,2398332,22
Janet,2398332,7
Ames,2398332,10
Marika,2398332,7
Jorgensen,2398332,16
Philip,2398332,18
King,2398332,23
Gallimard,452211,21
Quentin,1688060,3
Bonnet,1688060,13
Joseph,1688060,6
Jean,1688060,16
Julien,1688060,5
Cooper,25549165,8
Amaouche,25549165,9
Maria,25549165,11
Samir,25549165,15
Francis,25549165,4
Bacri,25549165,20
Christiane,4107291,10
Dustin,4107291,16
Latimer,5637772,20
Rick,5637772,3
Victor,5637772,17
Zac,5637772,5
Orozco,5637772,15
Duncan,5637772,12
Vishal,29752895,17
Poojari,29752895,17
Vikram,29752895,17
Choudhry,29752895,15
Mulholland,32427108,12
Hutt,32427108,15
Lucas,32427108,15
Snootles,32427108,17
Rumsfeld,15352210,9
Hussein,15352210,16
Welch,15352210,2
Powell,15352210,10
Rove,15352210,6
Bush,15352210,0
Hance,15352210,22
Cheney,15352210,0
Christian,15352210,8
Jeb,15352210,24
Clinton,15352210,0
Wright,15352210,0
Garrick,14613035,19
Jan,14613035,17
Sally,14613035,21
Jim,14613035,4
Mary,14613035,5
Orlock,14613035,22
Tom,12155366,3
Jerry,12155366,3
Margo,23160762,6
Sandy,23160762,13
Randolph,23160762,6
THRUSH,23160762,5
True,23160762,13
Imogen,23160762,24
Waverly,23160762,7
Solo,23160762,20
Yvonne,23160762,21
Douglas,6982498,9
Creighton,6982498,16
O'Hara,6982498,15
Chunder,6982498,4
Ali,6982498,10
Kim,6982498,4
Winton,17850156,5
Sadie,17850156,7
Matthews,17850156,21
Lansing,17850156,6
Belldon,17850156,6
Marge,17850156,6
Graham,18250205,24
Jack,15397951,16
Pixxi,25947669,13
Rogers,25947669,6
Lola,25947669,16
Vinayaka,26810077,13
Surya,26810077,6
Naickar,26810077,3
Neethu,26810077,21
Vinayakan,26810077,13
Manu,26810077,6
Bhasi,26810077,5
Thamara,26810077,23
Diya,26810077,14
Mammootty,26810077,16
Richard,19870531,3
Helsing,19870531,24
Hellsing,19870531,17
Nico,19870531,23
Vincent,19870531,17
Ulrike,19870531,3
Rachel,19870531,2
Hans,19870531,17
Harry,17341391,6
Beck,17341391,24
Kufard,20049234,14
Dante,20049234,10
Yuzna,20049234,24
Veeck,14264650,0
Speaker,14264650,21
Greenberg,14264650,5
Schoendoerffer,2527032,2
Anderson,2527032,13
Rangayya,25277019,18
Naaganna,25277019,4
Satyanarayana,25277019,17
Radha,25277019,23
Chengayya,25277019,7
Chinnayya,25277019,10
Prasad,25277019,4
Subbayya,25277019,15
Lingayya,25277019,22
Komarayya,25277019,20
Biliji,25277019,3
Dharmayya,25277019,24
Ashboro,10090252,12
Diane,10090252,18
Martie,10090252,16
Werts,10090252,16
Margaret,10090252,18
Josie,23062319,10
Biko,707823,20
Kruger,707823,12
Woods,707823,14
Hargreaves,707823,11
Holmes,3828251,23
Sarah,3828251,11
Lili,4960924,5
Carson,4960924,24
Toni,4960924,5
Alfredo,4960924,11
Herman,3047329,13
Halslag,3047329,20
Mary,3047329,13
Christine,3047329,8
Gerard,3047329,14
Reve,3047329,3
Molly,3528982,1
Crasswell,3528982,0
Jack,8267687,15
Armstrong,8267687,23
Erlynne,1960065,24
Windemere,1960065,3
Robert,1960065,6
Darlington,1960065,21
Meg,1960065,6
Dakshin,26346721,23
Padma,26346721,23
Ashram,26346721,9
Vijaya,26346721,22
Devi,26346721,1
Bhupati,26346721,3
Jamadagni,26346721,6
Loka,26346721,11
Vijay,26346721,3
Vasundhara,26346721,3
Bhairava,26346721,2
Maharaja,26346721,3
Bhairva,26346721,23
Sastri,26346721,22
Kondanna,26346721,17
Hampton,3702166,7
Denny,3702166,13
Christine,3702166,20
Manson,3702166,14
Donat,3702166,9
Harrison,3702166,20
Russell,3702166,11
Richardson,3702166,10
Komal,27373070,22
Kunal,27373070,0
Ramu,20555320,3
Gauri,20555320,18
Gouri,20555320,19
Lakshmi,20555320,7
Rick,28513216,17
Jacques,28513216,12
Roger,28513216,7
Eva,28513216,4
Claudine,28513216,2
Uhde,22374348,6
Louis,22374348,8
Anne,28009904,13
John,28009904,21
Jackie,28009904,16
Sterling,10214302,21
Edwards,19418467,12
Martin,19418467,12
Nick,19418467,3
Susan,19418467,23
Hammond,19418467,19
Graham,19418467,1
Henry,19204861,1
Mildred,19204861,6
Holcombe,19204861,13
Arthur,19204861,23
Simpkins,19204861,13
Liz,19204861,3
Brice,19204861,12
Pennfield,19204861,9
John,19204861,16
David,19204861,12
Sudharani,28150358,9
Basava,28150358,21
Gowri,28150358,15
Avinash,28150358,9
Sloane,2199657,9
Nancy,2199657,13
Lopez,2199657,14
Filip,28493186,24
Reuf,28493186,20
Qi,33064024,20
Henlu,33064024,4
Pongo,24449235,23
Margie,3520927,3
Kar,3520927,24
Judy,3520927,12
Hammond,3520927,20
Zenon,3520927,12
Hitler,13205924,1
Durante,13205924,12
Bosko,13205924,3
Prabhakaran,30541820,0
Kunjamma,30541820,17
Catlin,8494294,13
Estaban,5088118,16
Fred,5088118,17
Coopersmith,5088118,3
Satan,5088118,2
Angelo,35939324,16
Rita,35939324,12
Frank,35939324,21
Barin,3978441,4
Arden,3978441,0
Klytus,3978441,17
Gordon,3978441,4
Mongo,3978441,9
Kala,3978441,4
Flash,3978441,4
Dale,3978441,4
Prince,3978441,6
Zarkov,3978441,17
Hawkmen,3978441,22
Vultan,3978441,13
Ming,3978441,6
Sengupta,33262898,22
Rahul,33262898,21
Khanna,33262898,5
Tucita,12710259,3
Potos,12710259,11
Dios,12710259,24
Lorenzo,12710259,15
Infante,12710259,10
Nambiar,35260006,20
Mani,35260006,24
Meera,35260006,2
Mirande,142837,14
Barbara,142837,14
Ronnie,142837,3
Hal,142837,8
Naachiyaar,29344957,17
Annamalai,29344957,21
Uttranchal,29344957,16
Vivek,29344957,3
Murphy,14977038,6
Nessie,14977038,23
Ness,14977038,15
Ashburn,14977038,19
Riley,14977038,3
Zoe,14977038,4
Murphey,14977038,17
Neil,14977038,17
rande,1634487,16
Irma,1634487,3
Baldwin,1634487,0
Werner,1634487,7
Satanus,1634487,6
Augustine,1634487,4
Koutiloff,1634487,16
Nox,1634487,13
Guy,1634487,12
Bremontier,1634487,17
Laura,1634487,22
Charlet,1634487,21
Mortesalgues,1634487,24
Alba,1634487,3
Durtal,1634487,18
Mazamette,1634487,3
Simpson,1634487,7
Marfa,1634487,6
Vep,1634487,23
Norton,1634487,22
Flower,1634487,6
Junot,1634487,10
Philipe,1634487,3
Metadier,1634487,7
Ron,8397735,6
Ronald,8397735,21
Kate,8397735,6
Ruth,8397735,21
Duncan,8397735,3
Kingsley,12813163,5
Evans,12813163,5
Elgin,7087167,6
Cook,7087167,1
Georgie,7087167,24
Johnny,7087167,15
Frank,7087167,8
Dodd,7087167,6
Douglas,793025,17
Sava,793025,1
Tim,793025,5
Grey,793025,3
Miranda,793025,23
Sola,793025,10
Ryan,793025,13
Chloe,793025,4
Graham,793025,1
Edwards,22538938,7
Charles,22538938,13
Woods,22538938,12
Krzeminski,6559383,16
Pearson,6559383,2
Falenczyk,6559383,3
Anil,20975492,14
Divya,20975492,14
Lakshmi,16166233,2
Sarathkumar,16166233,19
Meena,16166233,19
Maayi,16166233,2
Bhuvaneswari,16166233,21
Spencer,22900924,3
Percy,22900924,6
Hiro,22900924,6
Victor,22900924,21
Thomas,22900924,6
Steamworks,22900924,8
Kevin,22900924,4
Blake,24486913,21
Egan,24486913,23
Myrtle,24486913,6
Joe,24486913,6
Buckton,24486913,15
Priscilla,9253157,6
Hyde,9253157,8
Brannan,9253157,21
Dakin,9253157,13
Underwood,9253157,24
Jimmy,9253157,5
Elmer,9253157,19
Bob,9253157,6
Paul,1249019,7
Mooney,1249019,3
Klownzilla,1249019,10
Jojo,1249019,5
Dave,1249019,3
Hanson,1249019,10
Rich,1249019,7
Haley,1249019,17
Terenzi,1249019,15
encounter,1249019,19
Slim,1249019,10
Mike,1249019,3
Stone,1249019,9
Debbie,1249019,17
Jackson,15169291,0
Danny,15169291,3
Aiken,15169291,6
Deluso,15169291,4
Miles,15169291,3
Molly,15169291,23
Jansen,15169291,7
Phil,15169291,1
Kessen,15169291,17
Dumaine,15169291,23
Fisher,15169291,22
Hartley,5674771,12
Riley,5674771,2
Laila,10731314,7
Amaris,10731314,18
Majnu,10731314,4
Bakhsh,10731314,15
Mohan,10731314,18
Tabrez,10731314,17
Alvi,10731314,23
Kapoor,10731314,5
Dutt,10731314,8
Qais,10731314,16
Friedman,2257809,9
Coco,2257809,20
Hornbeck,2257809,0
Rubenbauer,2257809,15
Armstrong,2257809,10
Chavez,2257809,24
Browning,2257809,18
Hawkins,2257809,11
Roma,1305939,6
Molly,1305939,3
Gunn,1305939,2
Ray,1305939,3
Neal,1305939,13
Ingrid,1305939,12
Schleine,1305939,22
Baryshnikov,1305939,15
Albert,3828036,3
Harbottle,3828036,3
Emily,3828036,4
Squire,3828036,6
Rafi,2806649,3
Lisa,2806649,14
David,2806649,3
Bong,32365051,10
Chamberlain,399435,6
Cinderella,399435,21
Montague,399435,14
Edward,399435,13
Isabella,399435,13
John,399435,6
Amy,6183577,13
Mick,6183577,4
Spaz,6183577,17
Valerie,6183577,22
Ron,6183577,3
Christine,6183577,23
Barnes,6183577,6
Joey,6183577,15
Denis,6183577,3
Hopkins,6183577,18
Laopu,22029078,4
Qiuyi,22029078,23
Veerabrahmam,29246582,17
Shankata,29246582,19
Brooks,6796782,9
Jon,6796782,3
Walters,6796782,15
Smith,6796782,11
Trevor,6796782,16
Toby,6796782,6
Lozanne,6796782,13
Nelson,6796782,0
Nora,6796782,6
Kyle,6796782,6
Wamback,6796782,7
Joe,6796782,3
Simpson,6796782,23
Luekens,6796782,3
Henderson,6796782,23
Cedric,22087976,10
Esmerelda,22087976,1
Loinsteak,22087976,9
Jinno,20478345,14
Akane,20478345,15
Lee,20478345,8
Katsuragi,20478345,3
Kenjin,20478345,0
Hrdlitschka,19093517,5
Lucie,19093517,12
Flie,19093517,21
Bachmann,19093517,2
Narasimhan,34931384,21
Menon,34931384,6
Nandagopan,34931384,14
Meena,34931384,8
Meera,34931384,14
Seema,20904269,1
Rajkumari,20904269,21
Ashok,20904269,21
Anderson,1661980,19
Collins,1661980,4
Skelton,5785612,13
Jacque,5785612,3
Shellacque,5785612,22
Maggie,2642293,21
Rick,2642293,1
Beth,2642293,12
Syd,2642293,21
Dave,2642293,13
Melly,584256,16
Lodge,584256,9
Jones,584256,19
Able,584256,17
Shorthouse,584256,12
Douglas,4219088,1
Underwood,4219088,4
Frances,4219088,12
Sophie,30296521,12
Glaum,24506220,8
Alexis,24506220,12
Stevens,24506220,0
Moore,24506220,2
Stanley,24506220,18
Kane,2853589,0
Sanderson,2853589,11
Grove,34272307,14
Thurman,34272307,19
Jimmy,34272307,8
Winterpock,34272307,3
Moore,34272307,10
Dionesia,20913539,14
Novales,20913539,15
Rosalio,20913539,17
Parcon,20913539,6
Santos,20913539,20
Manny,20913539,16
Pacquiao,20913539,22
Emong,20913539,3
Fernandez,20913539,24
Torrecampo,20913539,15
Barrera,20913539,24
Janet,20913539,8
Jinkee,20913539,2
Morales,20913539,17
Correa,20913539,11
Singsurat,20913539,3
Komomo,5125761,24
Christopher,5125761,6
Mary,26082312,21
Thomasson,13033252,18
Carl,13033252,21
Joey,13033252,9
Cassavetes,3549346,5
Molly,30729952,22
Andien,33643743,13
Adjeng,33643743,3
Antonio,10780993,6
Doug,10780993,16
Gonzalo,10780993,16
Judy,10780993,6
Vicky,10780993,21
Cristina,10780993,21
Nash,10780993,10
Elena,10780993,21
Wong,3595407,0
Shakespeare,3595407,20
Chan,3595407,2
Yip,5595708,17
Baat-mui,5595708,9
Mei,5595708,5
Thor,2833493,10
Toby,5558650,3
Breech,5558650,7
Jonathan,5558650,21
Nick,5558650,6
Jonathon,5558650,6
Rachel,5558650,3
Figure,5558650,13
Leslie,5558650,19
Sodhi,34220997,16
Hathoda,34220997,0
Changezi,34220997,17
Singh,34220997,5
Arya,34220997,4
Jayapradha,34220997,13
Faust,1552798,3
Cornelius,1552798,3
Lucifer,1552798,6
Helen,1552798,17
epek,1552798,5
Valdes,1552798,3
Henry,1014229,9
Danny,1014229,6
Samantha,1014229,16
Napoleon,1014229,3
Ely,1014229,15
Jackson,880056,14
Shaneequa,880056,4
Meeks,880056,2
Brenda,880056,21
George,880056,23
Tabitha,880056,10
Tang,880056,0
Campbell,880056,2
Cody,880056,4
Hart,880056,4
Cindy,880056,3
Harris,880056,22
Logan,880056,0
Wilkins,880056,11
Mahalik,880056,23
Beatrice,16014546,2
Truman,16014546,4
Patton,16014546,0
Eisenhower,16014546,4
Sam-ryong,22611251,21
Damico,2557480,23
Regan,2557480,17
Charles,2557480,10
Noel,2557480,1
Abbott,2557480,11
Kroner,2557480,17
Colby,2557480,17
O'Keefe,922077,14
Munro,30283732,10
Bayi,30283732,6
Varma,30283732,13
Genevieve,1430395,20
Baker,1430395,24
Alan,1430395,5
Kendall,1430395,15
Peters,1430395,22
Ambrose,1430395,4
Rosalind,1430395,16
Psycho,12759589,6
Elementor,12759589,6
Jeff,12759589,6
Kat,12759589,3
Max,12759589,3
Berto,12759589,3
Elementium,12759589,4
Vince,3490106,20
Laleti,3490106,4
Tsonga,3490106,16
Lee,3490106,11
Bones,3490106,3
Bobby,5880297,15
Nathan,5880297,8
Maddy,5880297,6
Mary,5880297,0
Morgan,5880297,11
James,5880297,6
Bennet,5880297,3
Tzuchi,9381005,21
Juan,23998241,24
Denman,23998241,11
Tom,23998241,6
Mack,23998241,12
Eleanor,23998241,14
Hunt,23998241,13
Foster,23998241,17
Dalen,13547819,21
Christine,13547819,23
Jonathan,13547819,3
Strickland,28853738,12
Jackson,25193706,4
Blake,25193706,3
Betty,25193706,17
Thorne,25193706,1
Scott,3418874,8
Caravaggio,1131046,3
Jarman,1131046,16
Lena,1131046,2
Leigh,1131046,7
Borghese,1131046,12
Ranuccio,1131046,4
Pipo,1131046,23
Jennifer,3305282,22
Jody,3305282,6
Reggie,3305282,3
Mike,3305282,3
Jebediah,3305282,17
Morningside,3305282,1
Julie,20629940,10
Johnson,20629940,19
Bryson,20629940,19
Clarice,20629940,17
Mary,20629940,19
Dave,20629940,3
Fauji,31486572,16
Bande,31486572,14
Clem,1994507,11
Howard,1994507,11
Lucrecia,9249428,8
Horace,9249428,12
George,9249428,14
Marcela,9249428,14
Lucretia,9249428,12
Claudio,9249428,12
Jorge,9249428,12
Cody,4539387,0
Oakley,4539387,2
Custer,4539387,13
Billu,5974081,21
Revathi,5974081,17
Susi,5974081,21
Royapuram,5974081,21
Chidambaram,5974081,7
Mudaliar,5974081,5
Niranjan,24473861,1
Aarti,24473861,21
Gupta,24473861,5
Deepak,24473861,13
Prakash,24473861,13
Bauche,10759815,21
Ranieri,10759815,23
Garantier,10759815,21
Willie,10759815,13
Chan,25366020,18
Mick,2998980,22
Doreen,2998980,2
Bill,2998980,2
White,24977255,24
Wolf,24977255,16
Stephen,24977255,23
Angela,24977255,6
Tremayne,24977255,23
Glure,24977255,0
Sims,2659373,8
Kathy,2659373,2
Dale,2659373,19
Kydd,2659373,9
Fisher,2659373,17
Jack,2659373,2
Hopkins,2659373,24
Fred,9560197,3
Wilma,9560197,21
Shelly,9560197,4
Pebbles,9560197,6
Bamm-Bamm,9560197,16
Pyrite,9560197,7
Barney,9560197,3
Craigmore,9560197,11
Betty,9560197,21
Millstone,9560197,12
Elladan,25550414,1
Dirhael,25550414,13
Arathorn,25550414,17
Elrohir,25550414,4
Sauron,25550414,13
Arador,25550414,16
Taurdal,25550414,13
Gilraen,25550414,19
Elrond,25550414,10
Ivorwen,25550414,2
Ubi,15047111,15
Simbas,15047111,12
Curry,15047111,3
Ruffo,15047111,17
Claire,15047111,3
Sabretooth,19479460,16
Kelly,19479460,4
Grey,19479460,16
Wolverine,19479460,6
Cerebro,19479460,24
Magneto,19479460,4
Xavier,19479460,3
Marie,19479460,10
Aha,25412715,16
Nickelby,25412715,6
Christina,25412715,10
Elias,25412715,3
Robb,142995,9
Hart,142995,24
Byrne,142995,14
Kelly,142995,24
Sherritt,142995,22
bush,142995,11
Janet,8627618,13
Carter,8627618,17
Plummer,8627618,22
Tipton,8627618,11
Woods,8627618,22
Rutherford,8627618,13
Bridger,8627618,2
Wayne,8627618,16
Vineeth,29716826,17
Greco,13846751,9
Francesca,13846751,0
o,13846751,19
Guevara,13846751,8
Domenicos,13846751,1
Simon,8898667,19
Elle,8898667,19
Tom,8898667,0
Darky,8898667,22
Jessie,8898667,13
Quintero,24722022,17
Elvira,24722022,9
Pizarro,24722022,1
Leonor,24722022,3
Carrillo,24722022,20
Pe,24722022,16
Carmen,24722022,21
Chelelo,24722022,8
Atanacio,24722022,6
Cornelio,24722022,8
Sitaramaraju,10846406,5
Lillian,163451,21
Hammett,163451,5
Julia,163451,24
Freud,163451,15
Lava,18238496,1
Flax,7505990,13
Mary,7505990,10
Niki,7505990,23
Pommier,7505990,3
Ferraro,9757430,7
Goldstein,9757430,8
Clara,9757430,6
Alya,32804099,2
Abi,32804099,8
Soni,26719946,21
Parandhamayya,26719946,23
Rao,26719946,1
Rogan,5624816,3
Schwimmer,5624816,9
Colden,33470992,16
Amy,3671998,3
Margo,3671998,6
Carter,3671998,17
Jenny,3671998,17
Dante,3671998,23
Nix,3671998,3
Sr.,3671998,21
Jack,3671998,23
Cain,3671998,2
Arif,3146408,5
Taylor,2300167,1
Angela,2300167,21
George,2300167,6
Tripp,2300167,11
Vickers,2300167,24
Alice,2300167,6
Eastman,2300167,7
Tai-nun,10626143,23
Yung-Sheng,10626143,9
Tao,10626143,15
Ho,10626143,1
Cheng-chuan,10626143,9
Jenny,27168351,21
Alice,8924944,11
McNamara,13901,3
Heather,13901,13
Dean,13901,10
Ram,13901,15
Chandler,13901,3
J.D.,13901,3
Sawyer,13901,12
Kelly,13901,12
Kurt,13901,23
Walker,13901,20
Sweeney,13901,14
Veronica,13901,3
Dunnstock,13901,17
Duke,13901,3
Baker,4002677,20
Lumsden,4002677,9
MacDougal,4002677,12
Hayter,4002677,21
Jones,4002677,5
Hannay,4002677,3
Fisher,4002677,3
O'Connor,4544022,9
Trudy,4544022,6
Mary,4544022,13
Whitey,4544022,21
Jim,4544022,13
Bullock,4544022,13
Mike,4544022,6
McKeever,4544022,17
Jang,1751923,1
Soo-hyeok,1751923,20
Sophie,1751923,16
Woo-jin,1751923,10
Bheem,27997976,22
Satyanarayana,14760023,7
Prasad,14760023,15
Brahmanandam,14760023,24
Lakshmipathy,14760023,1
Padma,14760023,1
Pratap,1581992,17
Raja,1581992,3
Ravi,1581992,4
Kajal,1581992,3
Bari,35005257,9
Paul,8860418,15
William,8860418,15
Janine,8860418,8
Rooney,8860418,1
Cesar,8860418,3
Caesar,8860418,3
VI,8860418,3
Danni,8860418,3
Dominic,8860418,7
Timothy,8860418,21
Dunn,8860418,3
Constance,8860418,3
Thadeus,8860418,13
Reid,8860418,11
Heard,8860418,22
Presley,8860418,9
Abruzzi,8860418,13
Drake,3676065,5
Ingolby,3676065,12
Miguel,3676065,6
II,3676065,17
Elizabeth,3676065,21
Michael,3676065,13
Pedro,3676065,24
Elena,3676065,6
Cynthia,3676065,12
I,3676065,15
Burleigh,3676065,15
Philip,3676065,3
Richard,3676065,17
Vane,3676065,0
Amayo,2395072,2
Sakura,2395072,17
Shadabada,2395072,22
Michiru,2395072,6
Kongou,2395072,10
Naruto,2395072,3
Karenbana,2395072,10
Moon,2395072,12
Kakeru,2395072,6
Chamu,2395072,15
Uzumaki,2395072,17
Hikaru,2395072,6
Shabadaba,2395072,16
Hughes,12362700,9
Ashley,12362700,3
Anderson,12362700,19
Wendy,27941379,21
Joe,27941379,14
Jay,27941379,17
Dan,27941379,17
Bob,27941379,17
Stone,27941379,21
John,27941379,22
Thewlis,5016805,9
Kinsky,5016805,6
Newton,5016805,11
Cathy,537101,19
Maggie,537101,5
Joe,537101,8
Carver,537101,5
Morgan,537101,7
Rogers,537101,21
Mortimer,24226858,21
Steve,24226858,6
Craig,24226858,24
Gloria,24226858,3
Jean,24226858,3
Gibbs,24226858,23
Thompson,24226858,7
Duplan,31275884,16
Galois,31275884,21
Rossi,31275884,6
Nilambari,6701449,3
Prakash,6701449,18
Vasundhara,6701449,11
Edgar,7133616,17
Ella,7133616,3
Char,7133616,17
Mandy,7133616,11
Slannen,7133616,10
Olga,7133616,15
Heston,7133616,3
Hattie,7133616,7
Charmont,7133616,19
Lucinda,7133616,3
Sloan,742641,6
Fred,742641,3
Cory,742641,3
Willat,742641,3
Mark,742641,6
Carl,742641,13
Perry,742641,17
Julia,742641,20
Lincoln,742641,18
Alan,742641,12
Abby,742641,21
Halen,742641,9
Ritchie,742641,23
Johnny,742641,6
Doberman,742641,3
Cole,742641,16
Sweeney,9552709,0
Zipkin,9552709,16
Moore,17117397,10
Graf,17117397,15
Sapkal,31969330,20
Bhisma,18332411,23
Renjani,18332411,24
Dewa,18332411,3
Christine,5109789,21
Reagan,5109789,2
Devin,5109789,20
Satya,6097476,16
Srikrishna,6097476,4
Vicky,6097476,19
Siddharth,6097476,23
Crawley,177835,11
Sedley,177835,14
Sharp,177835,2
Osborne,177835,0
Mario,24193797,16
Duvivier,24193797,23
Jacques,24193797,23
Gina,24193797,8
Charlot,24193797,13
Raymond,24193797,24
Marcovich,23892202,10
Quiroz,23892202,19
Hayek,23892202,8
Ortega,23892202,2
Clemente,23892202,7
Juliette,23892202,18
Chevalier,28207043,12
Bimbo,28207043,3
Betty,28207043,3
Garrett,3599765,17
Spencer,3599765,2
Gray,3599765,2
Tom,3599765,4
Susan,3599765,1
Blucher,3599765,2
Roopa,6488515,14
Rajeev,6488515,21
Alexander,12629555,12
Munroe,12629555,15
Maura,12629555,13
Abel,6073527,17
Tiffany,6073527,17
Jerry,6073527,3
Armbrister,6073527,3
Jamie,6073527,3
Jack,2888116,23
Eli,2888116,21
Carmichael,5451260,9
Ermei,1515881,2
Maonu,1515881,21
Liansheng,1515881,11
Suo,1515881,21
Buckley,2346581,23
Vicki,2346581,3
Warren,2346581,15
Leon,3045845,1
Balukjian,3045845,18
Smith,3045845,6
Hassan,3045845,21
Violetta,3045845,6
Feroud,3045845,16
Callan,28913522,3
Erlik,28913522,3
Nitti,28913522,11
Gunnar,28913522,23
Dickie,19389196,3
Lyn,19389196,4
William,27646011,3
Harry,27646011,22
Chloe,27646011,21
David,27646011,4
Herb,26139404,11
Marvis,26139404,10
Tony,26139404,20
Vanetta,26139404,6
Jerry,26139404,3
Ruth,26139404,14
Kennedy,8562282,9
Lawson,8562282,9
Reina,8562282,23
Marshall,8562282,3
Tia,8562282,18
Aroon,8562282,10
Dwayne,8562282,12
Werner,8562282,10
Webb,8562282,20
Ranjith,25545810,10
Mambattiyan,25545810,17
Sornam,25545810,16
Alcazar,16691088,0
Molly,24201336,21
Rip,24201336,6
goodbye,24201336,3
Bower,24201336,24
Jack,24201336,14
Joey,24201336,4
Campbell,24201336,3
Porter,24201336,6
Farrell,2557546,19
Kirby,2557546,12
Mailer,2557546,17
Taylor,2750377,19
Rodriguez,2750377,19
Barbara,2750377,4
Evie,2750377,23
Dare,2750377,11
Weaver,2750377,8
Wilsie,2750377,14
Judith,7787845,23
Bailey,7787845,24
Francato,7787845,21
Pat,7787845,20
Moore,7787845,19
Diego,19804280,24
Isabella,19804280,21
Livingston,19804280,9
McPherson,28842238,7
Campo,28842238,9
Earl,28842238,17
Windsor,28842238,22
Maserati,28842238,17
Haller,28842238,6
Levin,28842238,17
Martinez,28842238,17
Renteria,28842238,1
Dhara,222328,18
Mohan,222328,2
Sastri,222328,19
Tulasi,222328,13
Keith,582398,22
Hart,582398,3
Maria,582398,6
Doralee,582398,6
Roz,582398,13
Judy,582398,18
Bernly,582398,6
Rhodes,582398,4
Dick,582398,3
Tinsworthy,582398,1
Krishnapilla,28557616,10
Bahuleyan,28557616,23
Murali,28557616,3
Chun,4955624,8
Lin,4955624,17
Hsi-Kuan,4955624,3
Chin-chin,4955624,6
Tsin-chung,4955624,7
Mei,4955624,17
Jeremy,2852779,12
Vern,2852779,10
Novak,2852779,12
Sara,2852779,13
Richard,1374014,17
Kamen,1374014,24
Jessica,1374014,4
Big,1374014,5
Siu-jian,1374014,11
Liu,1374014,3
Ross,30233816,5
Brandon,30233816,2
Nate,30233816,12
Anthony,30233816,19
Danny,26836627,6
Helsing,26836627,7
Stacy,26836627,3
Ciccerus,26836627,5
Goody,26836627,3
Joey,26836627,10
Cathy,35876700,10
Helen,35876700,10
Conan,14600357,3
Ayumi,14600357,13
Shinichi,14600357,16
Mitsuhiko,14600357,13
Robert,2426058,16
Hal,2426058,6
Claire,2426058,6
Catherine,2426058,6
Juliane,4908704,3
Jan,4908704,3
Marianne,4908704,3
Morales,9048883,23
nico,9048883,21
Cruz,9048883,21
Ver,9048883,21
Lehrer,9048883,17
Dean,11681963,3
Moreli,11681963,3
Junior,11681963,3
Ray,11681963,3
Crane,11681963,21
Elayna,11681963,13
Shelly,11681963,3
Falk,6851519,16
Malik,9014467,14
Carmen,9014467,19
Kozue,2308633,3
Akihiko,2308633,17
Sawai,2308633,3
Tamura,2308633,8
Mae,1637470,3
Sarah,1637470,17
Severen,1637470,19
Jesse,1637470,4
Colton,1637470,3
Hooker,1637470,17
David,1721169,17
Midwich,1721169,4
Gordon,1721169,23
Zellaby,1721169,12
Gohan,18399439,15
Saiyan,18399439,20
Satan,18399439,2
Videl,18399439,6
Goku,18399439,14
Chi,18399439,15
Buu,18399439,21
Vegeta,18399439,13
Piccolo,18399439,5
Goten,18399439,21
Lucy,6031889,23
Vronia,6031889,4
Brooks,6031889,23
Willy,6031889,10
Packy,6031889,10
Haller,6031889,7
Kurt,6031889,4
Strycher,26886022,18
Willet,26886022,15
Ronny,26886022,23
Bates,26886022,6
Boklin,34073457,5
Yeoh,34073457,6
Norris,9433304,7
Lyonya,9433304,21
Komal,9035329,3
Gujral,9035329,1
Singh,9035329,0
Shashtri,9035329,11
Malhotra,9035329,13
Caine,340570,14
Morecambe,340570,15
Monkhouse,340570,17
Wise,340570,18
Smith,5020056,21
Thatcher,5020056,5
Blair,5020056,6
Whelan,5020056,18
Bulger,5020056,21
Mandelson,5020056,13
Brown,5020056,6
Kinnock,5020056,17
Kyle,31296081,17
Porter,31296081,24
Bridget,31296081,17
McQuaid,31296081,13
Saw-Tooth,31296081,4
Daniel,31296081,4
Charlie,31296081,10
Vincent,31296081,3
Kenia,31296081,20
Claire,31296081,23
Ryan,31296081,13
McQuid,31296081,13
Sara,31296081,3
Rani,31352345,21
Tano,11362250,24
Impastato,11362250,3
Badalamenti,11362250,4
Cesare,11362250,24
Venuti,11362250,6
Luigi,11362250,6
Peppino,11362250,6
Giliap,21430607,3
Anna,21430607,3
Gustav,21430607,19
Svensson,21430607,19
Elizabeth,1345780,5
Buckingham,1345780,1
George,1345780,22
Edward,1345780,17
Catesby,1345780,16
Chamberlain,1345780,15
Earl,1345780,24
Anne,1345780,21
Stanley,1345780,3
bush,1345780,1
Richard,1345780,3
Tyrrel,1345780,21
King,1345780,19
Malu,28911662,21
Govindan,28911662,6
Menaka,28911662,15
Capobianco,30517690,14
Checco,30517690,2
Farah,30517690,7
Mazzini,30517690,20
Bina,30517690,19
Shyamalendu,3405788,2
Todd,10223140,3
Nguyen,10223140,23
Guan,10223140,12
Soong,10223140,16
Tood,10223140,3
Kwan,10223140,12
Ma,10223140,3
Li,10223140,12
Ashot,14545140,0
Ratan,20903442,3
Hema,20903442,6
Sagar,20903442,14
Shobha,20903442,10
Shekhar,20903442,10
Ramiro,10556466,6
Luisa,10556466,6
Runcie,5601707,7
Faulker,5601707,20
Smitty,5601707,6
Faulkner,5601707,21
Harlow,5601707,17
Tess,5601707,5
Alex,5601707,6
Velu,23487733,4
Janaki,23487733,21
Mallon,2666695,21
Jackson,2666695,9
Ellen,2666695,1
Shanley,2666695,4
Edwin,2666695,2
Buster,2666695,4
Kaye,2666695,20
Dingle,2666695,1
Jane,26910460,19
Hopkins,26910460,9
Mascar,24962756,3
Kiki,24962756,3
Victor,24962756,18
Paulette,24962756,6
Rapp,24962756,23
Minty,3326024,3
Moorehead,8444243,10
Loomis,8444243,15
Snow,8444243,12
Jalal,11536051,6
Anand,11536051,15
Ying,3600324,9
Stallone,261448,5
Smithee,261448,3
Andrew,23257913,14
Haley,23257913,18
Nancy,23257913,4
Castillo,23257913,24
Robert,23257913,14
Otto,29130732,22
Hall,29130732,15
Armstrong,29130732,3
Peggy,29130732,21
Betty,29130732,6
Baring,29130732,17
John,29130732,6
Paul,3072026,21
Guenther,3072026,21
Hilde,3072026,23
Kee,3793631,17
Taylor,3793631,17
Miriam,3793631,12
Palmer,3793631,21
Faron,3793631,24
Dylan,3793631,10
Luke,3793631,17
Nigel,3793631,9
Theo,3793631,3
Syd,3793631,6
Bexhill,3793631,15
Nolin,5555253,8
Gelder,5555253,15
Kammo,5243411,3
Sumankumar,5243411,10
Sagar,5243411,10
Girhdarilal,5243411,11
Yudenich,33113634,20
Shibaev,33113634,12
Churchill,33113634,0
Stalin,33113634,14
Doodle,492200,0
Finegarten,492200,3
Sally,492200,1
Farmer,492200,6
Miles,492200,2
Nami,32704611,4
Weisser,32704611,11
Kumar,13162689,0
Raja,13162689,3
Bunnu,13162689,4
Neha,13162689,21
Tandon,13162689,11
Ghafoor,13162689,3
Elling,2299232,4
Frank,2299232,12
Bjarne,2299232,11
Cronenberg,18737103,9
Bertrand,18737103,21
Eaves,8598070,6
John,8598070,14
Suzy,8598070,24
Rowe,15985034,21
McCandles,15985034,1
Myer,15985034,23
Connor,15985034,20
Beth,33855734,4
Jay,33855734,3
Everson,33855734,4
Veronica,33855734,10
Darius,33855734,17
Igor,10160738,14
Julian,10160738,13
Sullivan,10160738,8
Toni,10160738,4
Simmons,10160738,5
Dickinson,10160738,9
Kuchipudi,19069326,24
Karuppaswamy,8102911,24
Maadasamy,8102911,2
Karuppusamy,8102911,17
Chelladurai,8102911,24
Selvi,8102911,5
Blondell,25526521,19
Tucker,25526521,6
Steffy,25526521,20
Libby,25526521,3
Clark,1071219,2
Mitzi,1071219,9
Bobbie,1071219,6
John,1071219,6
Paulina,1071219,6
Janavi,12911103,6
Geetha,12911103,22
Pugazh,12911103,22
Shaan,12911103,17
Saravanan,12911103,22
D.,12911103,17
Joseph,12911103,17
God,2642180,13
Malka,2642180,23
Yosef,2642180,8
Rivka,2642180,1
Yaakov,2642180,19
Cooper,3070849,21
Grant,5646653,13
Larraby,5646653,17
William,5646653,19
Collins,5646653,2
Cindy,5646653,23
Jones,5646653,2
Tucker,5646653,19
Marsha,5646653,4
West,5646653,4
Shepard,5646653,3
Indu,26015247,1
Nair,26015247,20
Balagoapan,26015247,4
Thampi,26015247,16
Balu,26015247,16
Jayakumar,26015247,5
Mathew,26015247,18
Jeff,21266572,21
Stenn,21266572,15
Sunwha,2261407,0
Hwas,2261407,12
Hwa,2261407,12
Stanley,31220662,21
Jane,788543,5
Ryan,788543,17
Paul,27788234,0
Reed,27788234,5
Show,27788234,11
Welles,27788234,21
McKerrow,27788234,16
Hayworth,27788234,24
Roberts,15106432,19
Lessin,15106432,19
Deal,15106432,18
Scott,15106432,8
Hei-Kwun,4924882,6
Kwun,4924882,17
Hung,4924882,6
Ling-Yee,4924882,17
Beh,24949183,2
Suat,24949183,12
Elena,24949183,4
Gabriel,13084160,10
Jesus,13084160,12
Joseph,13084160,14
Mary,13084160,14
Godard,13084160,15
Marie,13084160,6
Pratt,19217319,20
Vicenti,19217319,13
Snow,19217319,13
Fitzpatrick,19217319,10
Koerber,8351040,21
Fane,8351040,21
Walter,8351040,6
Katrin,8351040,21
Townsend,8351040,21
Jack,32895465,2
Jim,32895465,23
Graham,32895465,17
Florentini,473776,17
Hishibachi,473776,18
Miko,473776,4
Hishibashi,473776,23
Yumi,473776,4
Momo,473776,18
Gustave,4413065,0
Knorr,4413065,16
Valerie,4413065,14
Ivan,4413065,3
Greta,4413065,20
Sors,4413065,24
Hannah,4413065,13
Jakofalvy,4413065,21
Adam,4413065,21
Ignatz,4413065,21
Wippler,4413065,21
Joseph,4413065,18
Kov,4413065,23
Alma,161880,17
Norman,161880,4
Lonnie,161880,3
Savithri,26373339,21
Ravi,26373339,22
Indira,26373339,3
Murali,26373339,2
Rajan,26373339,8
Poo,1970633,6
Dorijan,34322643,23
Pavi,34322643,21
Smokvica,34322643,9
Peter,2453986,6
Jolson,2453986,5
Polk,2453986,1
Bland,2453986,21
Brown,2453986,4
Stalling,2453986,18
Lunceford,2453986,18
Robinson,2453986,0
Waller,2453986,16
Marian,12875999,2
Wells,12875999,17
Swenson,12875999,9
Redmond,12875999,24
Andy,12875999,3
Hardy,12875999,21
Narsipatnam,28865180,6
Vishnu,28865180,17
Veerraju,28865180,6
Quinn,17623455,1
Frostine,8846718,1
Molly,33509716,12
Eric,33509716,17
Domingo,33509716,6
Hanson,33509716,17
Walters,33509716,17
Schmidt,33509716,6
Penhall,33509716,1
Griggs,33509716,19
Jenko,33509716,16
Dickson,33509716,17
Aadhi,6809623,3
Uma,6809623,19
Shanthi,6809623,21
Chitra,6809623,6
Dheena,6809623,3
Mic,6084220,22
Preetam,10044747,3
Nandini,10044747,6
Subbayya,10044747,10
Madikeri,10044747,3
Jaanu,10044747,3
Preetham,10044747,6
Gautam,10044747,17
Devadas,10044747,3
Derrick,5541237,15
Esteban,8327633,18
Dewflower,8327633,4
Yuyu,8327633,20
Paulson,14710275,17
Duggan,14710275,3
Hillman,14710275,4
Hilly,14710275,21
Gardner,14710275,3
Merrill,14710275,17
Anderson,14710275,3
Petey,14710275,4
Brown,14710275,17
Marie,14710275,23
Davey,14710275,3
Voss,14710275,3
Lurancy,31237593,4
Roff,31237593,13
Mary,31237593,13
Laura,7031132,16
Grenouille,7031132,3
Richis,7031132,10
Baldini,7031132,21
Druot,7031132,11
Aaron,27656617,6
Paul,27656617,11
Kane,27656617,5
Jiang,27656617,4
Mallory,27656617,3
Rodrigo,27656617,23
John,27656617,17
Studer,27656617,13
Scott,27656617,4
Kenneth,27656617,17
Shiori,31208671,14
Mangin,7533919,18
Noria,7533919,3
York,13632871,14
D'Artagnan,13632871,9
Valentine,13632871,21
Hussain,5921096,2
Najeeb,5921096,7
Vinu,5921096,10
Jayachandran,5921096,9
Noorjahan,5921096,15
Selina,5921096,11
Chau,8590196,6
Bong,8590196,3
Susan,8590196,13
penick,12582043,12
Voigt,12582043,23
Michael,30366080,12
Jessica,30366080,14
Marcel,17426666,3
Eva,17426666,21
Jakob,17426666,0
Xiaojin,19995077,20
Jiujiu,19995077,9
Shuangyang,19995077,24
Xiongzhou,19995077,0
Mei,19995077,6
Chaplin,2834726,16
Holly,357473,18
McClane,357473,17
Gruber,357473,17
Cobb,357473,1
Carver,357473,23
Mieke,451821,3
Thomas,451821,15
Frommer,451821,7
Kristoff,451821,10
pope,451821,0
Scott,451821,3
Tibor,451821,10
Marco,451821,7
Bert,451821,20
Fiona,451821,3
Jamie,451821,13
Maynard,451821,8
Harris,451821,3
Jenny,451821,14
Donny,451821,0
Kumar,10892704,19
Geeta,10892704,14
Sudha,10892704,3
Vinod,10892704,3
Raja,10892704,3
Mashaal,10892704,10
Dinesh,10892704,0
Keshav,10892704,9
Vardhan,10892704,7
Munna,10892704,19
Orlova,724696,11
Pillai,22265300,0
Raman,22265300,4
Merman,8280962,23
Spangles,8280962,9
Rudolph,8280962,3
Frost,8280962,11
Milton,8280962,17
Ben,8280962,12
Winterbolt,8280962,6
Loraine,8280962,22
Boreal,8280962,8
Bailey,9769970,10
Paine,9769970,14
Laughlin,9769970,17
Jack,9769970,3
Smith,9769970,7
Billy,9769970,12
Robbie,9143959,0
Carter,9143959,6
Sharron,9143959,0
Lila,28835613,19
Elias,28835613,5
Cioccio,6965467,3
Moore,6965467,17
Fisk,6965467,3
Donovan,6965467,3
Tavernier,5216204,7
Schroeder,5216204,10
Cherry,8586622,4
J.T.,8586622,21
Wray,8586622,17
Tony,8586622,17
Hague,8586622,17
Fergie,8586622,15
McGraw,8586622,0
Tammy,8586622,3
Abby,8586622,17
Block,8586622,17
Muldoon,8586622,4
Laden,8586622,7
Babu,32240165,8
Pooja,32240165,23
Ballu,32240165,5
Khoka,32240165,2
Bhaiji,32240165,13
Sawney,21517630,20
Dolly,22381581,9
Jaffe,22381581,9
Dean,766846,2
Cissy,766846,22
Mae,766846,12
Juanita,766846,3
Louise,766846,23
Joe,766846,20
Joanne,766846,24
Sissy,766846,24
Mona,766846,3
Innocencio,8610844,22
Hunter,8610844,10
Saunders,8610844,13
Lorna,8610844,21
Ruby,8610844,22
Freddy,20868663,3
Banane,20868663,6
Francis,20868663,24
Jacquillat,20868663,6
Roux,20868663,3
Guiot,20868663,6
tie,20868663,19
Manise,20868663,20
Pierre,20868663,23
Bruno,20868663,6
Jeanne,20868663,6
Madhuvanthi,10047161,21
Fraser,10047161,2
Sharpe,10047161,24
Burroughs,10047161,18
Simmerson,10047161,17
Celia,10047161,4
Rao,10047161,3
Bickerstaff,10047161,17
Gudin,10047161,9
Harper,10047161,5
Dodd,10047161,10
Elizabeth,29143291,19
Gregory,29143291,19
Ellen,29143291,6
Martin,29143291,14
Black,29143291,23
Edwina,29143291,2
Marcello,472652,16
Krank,472652,14
Irving,472652,0
Miette,472652,4
Martha,472652,19
Galvin,3483217,19
Rick,3483217,13
Nancy,3483217,24
Matt,3483217,24
Dave,3483217,10
Lieberman,3483217,15
Yellowstone,3483217,20
Jock,3483217,23
Duberly,5467488,24
Raglan,5467488,13
Lucan,5467488,3
Morris,5467488,8
Nolan,5467488,4
Siyama,16960367,22
Douglas,2940677,12
Lucy,2940677,3
Mae,2940677,5
Boyle,2940677,21
Peterson,2940677,13
Anne,2940677,3
Bob,2940677,3
Gittelson,2940677,17
Freudstein,2940677,13
Stewey,29027399,23
George,29027399,3
Gary,29027399,14
Bella,29027399,21
Ted,29027399,23
James,29027399,9
Alex,9613149,14
Kathy,256713,21
Cvalda,256713,16
Linda,256713,6
kov,256713,17
Jeff,256713,16
Gene,256713,3
Brenda,256713,23
Bill,256713,3
Selma,256713,3
Houston,256713,0
Rushdie,24775488,16
Rangeela,24775488,11
Ahmad,24775488,0
Batu,24775488,18
Gould,25001260,17
Starscream,25001260,17
Ironhide,25001260,6
Laserbeak,25001260,7
Kennedy,25001260,11
Witwicky,25001260,17
Spencer,25001260,0
Wang,25001260,22
Simmons,25001260,24
Epps,25001260,18
Carly,25001260,4
Shemp,14738272,23
MacDonald,14738272,16
Daley,14738272,17
Mullins,14738272,17
Moe,14738272,24
Elmer,14738272,16
Larry,14738272,24
Douglas,7322582,3
Blore,7322582,20
Manou,7322582,2
Leech,7322582,6
Hassan,7322582,24
Sadok,7322582,17
Toby,32584198,16
Molly,32584198,3
Luke,32584198,3
gorey,32584198,16
Zoe,32584198,3
Sujatha,32047438,4
Upendra,32047438,9
Vijay,32047438,1
Catherine,32047438,22
Niharika,32661656,6
Chitra,32661656,3
Tony,32661656,3
Rakesh,32661656,1
Fletcher,1620886,13
Carter,1620886,10
Raines,1620886,4
Chomsky,1620886,13
Miller,11172607,16
Hitler,11172607,17
Chan,11172607,18
Jackson,28269,4
Miller,28269,17
George,28269,17
Bixby,28269,12
Ryan,28269,22
Lincoln,28269,2
Upham,28269,4
Reiben,28269,7
Mustangs,28269,20
Caparzo,28269,22
Wade,28269,22
Goodwin,1994205,2
Patton,1994205,19
Cass,1994205,15
Angela,1994205,6
Dulles,1994205,11
Dave,1994205,16
Ramesh,9951396,22
Mangloo,9951396,22
Sarju,9951396,6
Gopal,9951396,3
Tilly,15003245,3
Phil,20318100,6
Oz,10157628,22
Blight,10157628,22
Michel,2252823,10
Brigitte,2252823,19
Edward,2252823,21
Bluff,2252823,19
Jean,2252823,10
Beauvoir,2252823,5
Melanie,2252823,15
Porter,2252823,22
Singer,12665133,24
Percival,12665133,15
Malacarne,23283158,20
Benson,7771844,1
Foxhill,7771844,13
Holly,7771844,5
Catherine,7771844,3
George,7771844,0
Venable,7771844,3
Hockstader,7771844,1
Cukrowicz,7771844,4
Dandini,13573527,3
Niccol,13573527,3
Luppis,13573527,3
Ida,13573527,3
Mavi,13573527,6
Maysles,20700852,9
Edie,20700852,12
Vernou,20700852,11
Onassis,20700852,10
Beale,20700852,0
Sweeney,20700852,6
Edith,20700852,1
Neski,870946,5
Webb,870946,9
Parsons,870946,17
Treadstone,870946,7
Jarda,870946,3
Gretkov,870946,16
Conklin,870946,8
Kirill,870946,24
Abbott,870946,6
Marie,870946,17
Kreutz,870946,5
Bourne,870946,3
Landy,870946,17
Croft,22012794,2
Hearn,22012794,6
Cummings,22012794,20
Freddy,14947020,4
Korsky,14947020,14
Ferguson,14947020,6
Winch,14947020,16
Largo,14947020,15
Nerio,14947020,1
Amy,31564153,3
Zubin,31564153,6
Malwankar,31564153,10
Mathur,31564153,16
Tanya,31564153,24
Shaitan,31564153,21
Lomax,27429073,13
Martin,27429073,3
Yennie,27429073,20
Jenny,27429073,21
Ashlynn,27429073,3
Sebring,27429073,24
Benas,33808354,3
Barnhardt,17916735,1
Nell,17916735,21
Dennis,17916735,5
Ronnie,17916735,6
Roger,17916735,6
Harrison,17916735,18
Brandi,17916735,22
Macrae,17202179,6
Wells,17202179,19
Woods,17202179,9
Majid,27791237,3
Faiza,27791237,13
Moyer,18152165,5
Gardner,18152165,14
Rappaport,18152165,15
Gray,20391295,19
Venus,20391295,12
Ben,20391295,15
Messina,20391295,20
Mona,20391295,16
Yanagisawa,10750885,8
Tamiko,10750885,21
Lowery,4944618,6
Tondra,4944618,10
Jones,4944618,4
Zita,4944618,1
Gabby,4944618,1
Moya,4944618,6
Preston,4944618,12
Jean,4944618,3
Turkel,1575815,16
Grant,1026452,17
Benes,1026452,4
Michaels,1026452,17
Kennedy,1026452,1
Peter,1026452,13
Owens,1026452,17
Peterson,1026452,7
Dr.,1026452,9
Duval,1026452,5
Burke,32820957,19
Angie,32820957,18
Luis,32820957,20
foreman,32820957,22
Felipe,32820957,20
Vazcaro,32820957,4
Gonzales,32820957,15
Gene,32820957,4
Edmunds,32820957,24
Estrada,32820957,22
Dunne,32820957,23
McBride,32820957,17
Autry,32820957,5
Estrellita,32820957,13
Tico,32820957,5
Zappa,25342113,13
Tony,25342113,3
Tom,25342113,17
Timbrook,25342113,3
Gary,25342113,6
Elaine,25342113,8
Anne,25342113,6
Sluti,25342113,3
Rick,2876631,22
Cavell,2876631,10
Grey,2876631,4
Pete,2876631,3
Beaver,2876631,17
Curtis,2876631,24
Owen,2876631,17
Jonesy,2876631,3
McCarthy,2876631,10
Weser,27264965,12
Anita,7236691,0
Kumar,7236691,2
Meena,7236691,21
Wilson,19758885,12
McFarland,19758885,4
Spanky,19758885,4
Jessie,8098268,18
Thelma,8098268,6
Aylmer,1923480,8
Brian,1923480,14
Gray,1896864,15
McGraw,1896864,8
Elizabeth,1896864,2
Acula,673306,18
Callie,25029324,6
Carpenter,25029324,5
Acuna,25029324,3
Foster,25029324,12
Erol,34985844,19
Ofosu,27556929,21
Vlachos,27556929,17
Plesin,27556929,6
Yuri,27556929,6
Kitty,2229894,17
Danny,26614055,23
Menon,26614055,9
Keshu,26614055,3
Iruttu,26614055,3
Indian,26614055,2
Khanna,19743387,5
Chakraborty,19743387,5
Lucy,14339464,17
Missy,14339464,9
Luke,14339464,11
Theodore,14339464,17
Sybil,14339464,17
Hoog,20942331,14
Sha,20942331,16
Paxton,25550642,24
Duke,25550642,1
Hannah,20638510,7
Christopher,20638510,6
Gilson,3649048,17
Taylor,3649048,9
McKenzie,3649048,21
Doss,6389163,21
Magruder,6389163,20
Liam,1525968,22
Teresa,1525968,23
Brady,9570503,6
Hindley,9570503,6
Mickey,18943962,16
Mouse,18943962,16
Minnie,18943962,3
Pete,18943962,23
Singhania,15451313,20
Tejeshwar,15451313,14
Prem,15451313,23
Castellani,4566179,10
Carmela,4566179,11
Antonio,4566179,7
Shemp,14747011,4
Goodrich,14747011,9
Moe,14747011,10
Larry,14747011,10
Jilouili,36354068,17
Forrester,36354068,20
Angela,36354068,14
Diana,36354068,14
Rozouila,36354068,6
Schmidt,36354068,24
Willoby,36354068,6
Toland,36354068,15
Edgett,36354068,12
King,36354068,6
Richard,3815899,23
Kathleen,3815899,6
Louise,3815899,3
Haloran,3815899,2
Billy,3815899,10
Caleb,3815899,17
Fadma,35012600,6
Moll,1338396,6
Shota,1338396,23
King,1338396,24
Mothra,1338396,17
Ghidorah,1338396,17
encounter,1338396,9
Fairy,1338396,6
Belvera,1338396,3
Lora,1338396,3
Garu-Garu,1338396,20
Molly,28338035,3
Chris,28338035,23
Lowe,28338035,21
sobhan,25446184,3
Chiru,25446184,22
Sridevi,25446184,7
Svengali,7874383,10
Billee,7874383,17
Trilby,7874383,23
Kevin,14016156,24
McCreedy,14016156,3
Hamzah,19814287,14
Cassevetes,9521029,6
Santiago,9521029,19
J.D.,4362641,10
Santana,4362641,3
Waldo,19410241,1
Buckwheat,19410241,4
Lawrence,19410241,21
Cloud,2941852,6
Varney,2941852,16
Stennis,2941852,15
Krader,2941852,13
Kikakee,2941852,22
Ernest,2941852,17
Worrell,2941852,0
Michi,31551062,12
Ishibashi,31551062,19
Asuka,31551062,6
Kakiuchi,31551062,2
Dean,28365073,12
Whitcombe,28365073,21
Annette,28365073,6
Jerry,28365073,14
Countess,28365073,6
Delavell,28365073,13
Diana,28365073,3
Chalfont,28365073,12
Amy,15047895,6
Buttafuoco,15047895,13
Jo,15047895,13
Fisher,15047895,11
Grinter,21134123,10
Herschell,21134123,4
Angel,21134123,6
Anne,21134123,16
Clark,33647512,12
Rebecca,33647512,23
Steven,23207678,9
Balentine,23207678,22
Ellie,23207678,14
Seetha,6640052,13
Babu,6640052,18
Prakashraj,6640052,20
Prithiviraj,6640052,1
Surendhar,6640052,10
Sumathi,6640052,3
Sarathbabu,6640052,8
Dufresne,15778726,2
Audrey,15778726,10
Lopez,9912104,11
Foster,7708618,23
Malini,24764062,21
Sundari,24764062,14
Mandhiram,24764062,8
Pothan,36460235,24
Garrett,256337,9
Dylan,256337,7
Yakuza,256337,17
Seamus,256337,4
Zaas,256337,12
Lee,256337,8
Natalie,256337,5
Charlie,256337,17
Angels,256337,16
Madison,256337,17
Alex,256337,5
Murphy,26107567,20
Maccabee,26107567,5
Danny,26107567,6
Katherine,26107567,6
Palmer,26107567,6
Maggie,26107567,20
Lundgren,26107567,18
Michael,26107567,20
Maxtone-Jones,26107567,17
Adams,26107567,10
Eddie,26107567,6
Mashooq,30827523,20
Wales,9483457,21
Tallant,9483457,20
Murphy,882438,0
Hayden,882438,2
Noiret,882438,9
Louis,882438,24
Lucia,20565084,5
Claude,20565084,6
Karine,20565084,10
Grenier,20565084,23
Rousseau,20565084,4
Devgan,32583294,22
Stacy,29503213,11
Toma,26735976,3
Kotaro,26735976,23
Ichi,26735976,6
Bankito,26735976,17
Banki,26735976,17
Shirakawa,26735976,17
Zatoichi,26735976,4
Toraji,26735976,6
Fujihira,26735976,10
Paul,90039,20
Richard,90039,21
Garcia,90039,10
Tony,90039,3
Valerie,90039,12
Mary,90039,21
Lonnie,90039,17
Coplin,90039,21
Tina,90039,21
Boudreau,90039,17
Schlichting,90039,13
Mel,90039,3
Marsh,6046099,18
Jadi,12377847,9
Ronnie,12377847,12
Bonaga,12377847,6
Nagabonar,12377847,16
Mizwar,12377847,5
Monita,12377847,17
Jaki,12377847,12
Sudiro,12377847,5
Todd,2091266,10
Carter,2091266,18
Peter,2091266,19
Bostons,2091266,14
Friselli,2091266,10
Archdale,2091266,10
Hollis,2091266,4
Winterton,2091266,19
Penrose,2091266,3
Dang,10158733,3
Moo,10158733,21
Noy,10158733,17
Muku,31428242,4
Uzumaki,31428242,4
Mui,31428242,17
Tenrou,31428242,24
Ryuzetsu,31428242,21
Jacobs,76638,19
Alma,76638,21
Efram,76638,9
Landry,76638,3
Stratton,76638,11
Sylvia,76638,21
Warwick,76638,0
Larry,76638,1
Vivian,76638,21
Conrad,76638,14
Wonderboy,11213660,9
Sands,11213660,16
Roy,11213660,3
Bailey,11213660,23
Byrd,11213660,17
Pop,11213660,4
Gus,11213660,5
Fisher,11213660,19
Mercy,11213660,10
Hobbs,11213660,17
Iris,11213660,6
Fowler,11213660,3
Blackstone,32995405,10
Cardigan,32995405,23
Nora,32995405,6
Kushti,27366108,22
Chander,27366108,11
Singh,27366108,14
Laadli,27366108,10
Gopi,10638245,14
Kolobki,12428218,17
Karbofos,12428218,6
Chen,36183483,16
Liu,36183483,10
Walter,12371532,18
Day,12371532,7
Aarti,10420453,3
Verma,10420453,24
rob,10420453,7
Sanjay,10420453,3
Sloper,73970,14
Townsend,73970,21
Morris,73970,3
Malikhttp,26374364,18
Zareef,26374364,10
Ghufranullah,26374364,0
Whale,26374364,5
Nawaz,26374364,9
Luke,6044779,17
Ezekiel,6044779,2
Greg,6044779,13
Enright,6044779,18
Alison,6044779,3
Lily,6044779,10
Jacob,6044779,6
Mufasa,385706,16
Zazu,385706,6
Banzai,385706,21
Ed,385706,21
Max,385706,17
Timon,385706,3
Simba,385706,3
Patty,2346472,3
Myers,2346472,24
Jesus,2346472,21
Pradhan,4750994,20
Suman,4750994,19
Gajanan,4750994,6
Chitre,4750994,10
Vilas,4750994,16
Sujata,4750994,21
Hitler,14327942,14
Kirsten,14327942,6
McGavin,14327942,2
Mike,14327942,3
Swain,3210963,23
Letitia,3210963,2
Frankenstein,3210963,17
Giovanni,18996,20
Johnny,18996,14
Michael,18996,23
Teresa,18996,9
Charlie,18996,23
Boy,18996,18
Lane,10132736,8
Superman,10132736,17
Kent,10132736,23
White,10132736,15
Lois,10132736,6
Shaft,1436649,24
Suzanne,1436649,12
Louise,1436649,21
Brewster,1436649,21
Auberjonois,1436649,21
John,1688741,14
Monica,22515221,24
Young,22515221,2
Sean,22515221,8
Donovan,22515221,1
Kalyani,11220896,3
Ninan,11220896,10
Babur,11220896,13
Babu,11220896,14
Baba,11220896,16
Chandy,11220896,18
Mohammed,11220896,17
Madhumitha,11220896,20
Haji,11220896,18
Siddique,11220896,22
Mabel,11451131,3
Graydon,32577114,3
Hartford,32577114,0
Cooke,32577114,2
Kelly,32577114,3
Holden,32577114,9
Alison,32577114,23
Jennings,32577114,14
Potter,32577114,20
Hopkins,32577114,3
Roach,35929364,17
Makarov,35929364,12
Shepherd,35929364,6
Frost,35929364,6
Sandman,35929364,17
Chenault,12580152,21
Moberg,12580152,6
Kemp,12580152,3
Lotterman,12580152,3
Segarra,12580152,19
Sanderson,12580152,6
Maura,22215882,10
Annie,22215882,14
Walsh,18600327,5
Williams,10582947,12
Peter,10582947,8
Catherine,10582947,23
Losada,34287962,3
Nate,34287962,3
Kenny,34287962,17
Robyn,34287962,3
Evers,34287962,4
Arielle,34287962,17
Shane,34287962,17
Pi,33386614,4
Zhu,33386614,2
Ting,33386614,21
Anne,33386614,14
Bosko,204805,3
Bukovsky,13756540,1
Almon,13756540,4
Sheila,2300433,3
Matt,2300433,6
Francie,2300433,16
Bennet,2300433,18
Krane,2300433,2
Sayeeda,581185,4
Rahul,581185,21
Sharma,581185,2
Nandini,581185,21
Kapoor,581185,1
Yashvardhan,581185,14
Rohan,581185,21
Jamie,2260358,12
John,2260358,6
Layne,2260358,22
Quatermain,10862322,24
Dogati,10862322,4
Umbopo,10862322,17
Kukuanas,10862322,13
Jesse,10862322,23
Solomon,10862322,17
Huston,10862322,4
Gagoola,10862322,4
Jessie,10862322,4
Mukhopadhyay,30437939,19
Sarkar,30437939,15
Louisa,1184167,6
Noriega,1184167,13
Osnard,1184167,11
Pendel,1184167,6
Katie,4267117,12
Sam,4267117,6
Andreas,4267117,22
Trife,4267117,3
Becky,4267117,2
Lenny,4267117,4
Jay,4267117,6
Peel,4267117,3
Claire,4267117,9
Alisa,4267117,3
Trevor,4267117,3
Moony,4267117,15
Curtis,4267117,16
Gabriel,27660461,4
Mariana,27660461,3
Andrea,27660461,4
Antonio,27660461,6
Chachu,5211092,16
Verma,5211092,21
Yamraj,5211092,0
Aditya,5211092,23
Xiaoping,8748773,6
Xiaobo,8748773,10
Chen,8748773,22
Holden,8748773,16
Ziyang,8748773,19
Mingfu,8748773,8
Gabe,4865862,3
Telesco,4865862,3
Baltzer,28646947,23
Valerio,28646947,0
Jizou,2575025,14
Nyatta,2575025,3
Messner,33330496,7
Williams,9231651,16
Sullivan,9231651,5
Corbett,9231651,21
Flynn,9231651,4
Delaney,9231651,22
Victoria,9231651,15
Watson,9231651,22
Geary,9231651,9
Ware,9231651,11
Lowrie,9231651,15
Kuduz,18393594,2
Badema,18393594,16
Jonathan,5865566,18
Kenny,5865566,24
Bellah,5865566,5
McCauley,5865566,9
Tom,11417210,3
Jerry,11417210,23
Thrush,11417210,17
Lane,35804217,7
Lampau,35804217,8
Irene,35804217,6
Matthews,35804217,11
Jani,35804217,24
Blackie,35804217,17
Ralph,32071439,14
Calhoun,32071439,17
Schweetz,32071439,13
Jr.,32071439,13
Sissi,12510655,13
Andr,12510655,0
Sophie,12510655,18
Tony,24165878,15
Angelo,24165878,14
Vince,24165878,15
Frank,24165878,24
Laxmi,10726300,21
Singh,10726300,7
Kanhaiya,10726300,5
Bheema,10726300,24
Ajit,10726300,16
Juan,8692493,21
Lucia,8692493,16
Helsing,8692493,14
Dracula,8692493,21
Eva,8692493,2
Seward,8692493,21
Renfield,8692493,17
Vilmer,2742915,17
Heather,2742915,3
Rothman,2742915,6
Darla,2742915,3
Barry,2742915,3
Sawyer,2742915,10
Jenny,2742915,3
W.E.,2742915,3
Sean,2742915,10
Hardesty,2742915,15
Sarah,33316658,21
Ryan,33316658,3
Elissa,33316658,3
Carrie-Ann,33316658,3
Weaver,33316658,17
Verma,18775696,14
Maggie,18775696,7
Radha,18775696,21
Salem,17372206,20
Oberoi,28674117,21
Mohan,28674117,3
Kochi,28674117,12
Aashan,28674117,13
Meyerling,23992427,7
Marshall,23992427,21
Adams,23992427,6
Sadler,21743705,6
Abdul,21743705,6
Aban,21743705,12
Alexander,21743705,10
Keynes,21743705,3
Cole,21743705,13
Ziaee,11283436,6
Miranda,4764761,10
Frank,4764761,2
Lima,16200312,11
Harry,34006698,17
Lillian,34006698,22
Shellner,34006698,13
Leonard,34006698,8
Julie,34006698,22
Tommie,34006698,16
Tommy,34006698,17
Paul,32576862,15
Emily,32576862,13
Silvano,32576862,23
Maddy,5979095,24
Kinsky,5979095,22
Lyrae,8349539,17
Talbot,8349539,3
Babu,34489023,3
Jayaramaraju,34489023,5
Nani,34489023,21
Ramaraju,34489023,14
Tony,16877347,6
Leeds,16877347,19
Armotti,16877347,6
Tardivet,19950670,1
Marie-Jos,19950670,7
Durieu,19950670,2
Vauzange,19950670,8
Bosc,19950670,15
Marcy,15454699,19
Valentine,15454699,3
Hillary,15454699,17
Tammy,15454699,23
Hilary,15454699,19
Javier,15454699,19
Lee,15454699,3
Armstrong,15454699,17
Hunter,15454699,14
Marty,15454699,17
Custler,15454699,4
Garrison,15454699,17
Monti,1553752,19
Ward,1553752,6
Eigil,1553752,10
Lootz,468342,13
Sokolov,468342,22
Belisario,468342,24
Kaplow,468342,9
Shelly,468342,21
Dale,12804923,17
Molly,22546305,16
Polly,30474049,3
Ihrling,30474049,3
Felecia,30474049,6
Carson,30474049,9
Lewis,30474049,3
Gina,30474049,2
Keech,30474049,3
James,30474049,3
Hicks,30474049,6
Landon,13194784,15
Ho,13194784,5
Thorwald,13194784,17
Jr,13194784,5
Huntley,13194784,0
Mitchum,13194784,9
Bruce,13194784,9
Belding,1345521,21
Mordecai,1345521,17
Travers,1345521,14
Bridges,1345521,24
Duncan,1345521,4
Shaw,1345521,6
Taylor,7671718,1
Lorre,7671718,19
Elliott,7671718,21
Kelley,7671718,11
Katia,26284851,21
Iangul,26284851,14
Ivan,26284851,3
Koschei,26284851,6
Yaga,26284851,3
Henry,11665713,16
Steele,11665713,9
Hays,11665713,19
Shalini,20903445,16
Sahib,20903445,12
Dogra,20903445,19
Amar,20903445,3
Kundan,20903445,18
Thakur,20903445,21
Manny,11470600,7
Heather,11470600,6
Vikki,11470600,9
Greg,11470600,3
Charles,11470600,21
Kimmy,11470600,24
Brenda,11470600,12
Tommy,11470600,17
Devon,11470600,9
King,11470600,6
Maria,16330093,6
Chaplin,1858745,4
Charlie,1858745,6
Rudolph,19933363,2
Bikila,19933363,17
Berruti,19933363,7
Kemp,13114104,18
Anna,13114104,3
Matt,13114104,3
Rachel,13114104,3
Steven,13114104,13
Alex,13114104,6
Wallace,5800622,23
William,15971336,19
Harcourt,15971336,3
Jennifer,15971336,19
Michael,15971336,14
C-Dub,15971336,7
Wang,15971336,21
Killerspin,15971336,9
Libbie,4464025,1
Jones,4464025,7
Resler,6317013,0
Darnellia,6317013,12
Luce,6317013,9
Russell,6317013,17
Perozzi,10801014,12
Bobby,32963409,15
Barrington,32963409,1
Naneena,32963409,0
Dick,32963409,17
Bertram,180991,12
Bragg,180991,10
O'Shea,180991,17
Lilac,180991,9
Potts,180991,12
Totten,180991,23
Kira,13237979,3
find,13237979,15
Nick,13237979,3
Emily,13237979,7
Victor,13237979,15
Cassie,13237979,17
Carver,13237979,3
Tim,3305261,17
Boulton,3305261,23
Jody,3305261,9
Liz,3305261,7
Reggie,3305261,3
Mike,3305261,3
Tanesha,3305261,17
Jane,2990106,23
Tarzan,2990106,3
Blanton,9595369,15
Blake,9595369,2
Zucco,1057543,19
Emery,1057543,2
Hiller,1057543,1
Bergan,1057543,17
Nelson,1057543,6
Alvarez,1057543,8
Lolita,27773433,6
Greg,27773433,8
Susan,27773433,5
Nikita,27773433,15
Bo,27773433,12
Sarafanov,27773433,6
Jo,2892393,6
Howard,2892393,20
Hunter,2892393,5
Kim,2892393,3
Katherine,2892393,10
Lonnie,2892393,3
Eli,2892393,1
Gus,2892393,2
Ricky,2892393,3
Yanana,2892393,0
Janice,2892393,3
Hank,2892393,13
Ann,2892393,23
Levitt,2892393,20
Burt,2892393,11
Fima,2892393,6
O'Toole,36354224,16
Madison,36354224,5
Cole,36354224,11
Cairns,33231905,21
Shu-Jen,33231905,2
Brandon,33231905,6
Adora,4914926,23
Amrapurkar,32098888,5
Khanna,32098888,22
Chakraborty,32098888,5
William,4270540,17
Hollander,4270540,4
Butterfield,4270540,13
Evans,4270540,17
Zeke,4270540,18
Potter,4270540,6
McElroy,4270540,22
Foster,4270540,17
Wade,4270540,3
Trent,27215273,4
Manderson,27215273,6
Margaret,27215273,9
Murch,27215273,18
Hatfield,62122,14
Blanchard,62122,10
Mitchell,62122,18
Peacock,62122,6
Geronimo,62122,23
Plummer,62122,18
Mallory,62122,6
Kid,62122,3
Gatewood,62122,9
Buck,62122,6
Wilcox,62122,14
Paul,29372030,10
Elena,29372030,0
Guy,29372030,3
Madeline,29372030,21
watch,705984,22
Harry,705984,4
Grimes,705984,14
McCoy,705984,18
Davis,705984,17
Janet,2421561,13
Liam,2421561,3
Stone,2421561,12
Beth,2421561,4
Willy,2421561,10
Sarah,2421561,13
Rusty,2421561,5
Stanfield,2421561,3
Jack,2421561,17
Cox,2421561,24
Redmond,2421561,7
Romano,2421561,17
Andy,2421561,3
Bennington,3015054,1
Newcliffe,3015054,17
Tom,3015054,1
Lundgren,3015054,7
Gilmore,3015054,22
Pavel,3015054,17
Caroline,3015054,17
Foote,3015054,5
Ted,6686820,17
King,6686820,17
Rachel,3641811,14
Lilli,3641811,9
Nicole,24737580,13
York,24737580,14
Parker,25487806,15
Collier,25487806,10
Brown,25487806,11
Talbin,144813,6
Janet,144813,6
Buddy,144813,3
Phyllis,144813,17
Nick,144813,16
Charles,144813,24
Drake,144813,17
Hollis,144813,23
Brant,144813,17
Krause,144813,9
Nora,144813,3
Thayer,144813,9
Pilon,1364397,21
Danny,1364397,23
Francis,1364397,22
Kamli,11218181,3
Kashinath,11218181,4
Pratap,11218181,21
Warner,27693775,1
Beth,27693775,3
Nick,27693775,6
Ronny,27693775,6
James,27693775,4
Goodwin,5832380,17
Susan,5832380,1
Karen,5832380,2
Masen,5832380,6
Lachappelle,15131446,2
Evans,15131446,10
Rutledge,15131446,12
Adam,15131446,6
Reese,545187,1
Roark,545187,6
Olber,545187,9
Barnes,545187,13
Penelope,24495731,21
Harry,24495731,16
Jean-Paul,24495731,13
Marianne,24495731,3
Arthur,8215175,1
Muriel,8215175,10
Moe,8215175,3
Jae-kyung,9417884,21
Zapata,684515,2
Carranza,684515,16
Huerta,684515,1
Madero,684515,8
Shirley,5420277,3
Beltran,5420277,6
Nadine,5420277,6
Michael,5420277,5
Jerry,5420277,6
Lyner,5420277,9
Brenda,5420277,3
Dimitri,8323828,17
Jessica,8323828,4
Barrett,8323828,19
Anderson,13048913,4
Devon,13048913,16
Josh,13048913,20
Goh,3827883,7
Min-ah,3827883,7
Mansfield,28172227,12
Lita,28172227,1
Chinni,28080410,23
Pillai,18002340,18
Unni,18002340,3
Ramakrishnan,18002340,8
Meenakshi,18002340,16
Meera,18002340,24
Namboothiri,26048675,21
Vishahari,26048675,11
Nambooothiri,26048675,23
Kunjunni,26048675,17
Gireeshan,26048675,20
Mana,26048675,2
Kanika,26048675,6
Devan,26048675,4
Tinguely,10488711,12
Mickey,10488711,3
Crowther,10488711,8
Yoshiko,28111565,6
Tom,28111565,6
Soslan,8512105,3
Saynag-Aldar,8512105,10
Uaig,8512105,3
Agunda,8512105,3
Atsamaz,8512105,3
Lahiri,21943134,20
Feluda,21943134,3
Dhameeja,21943134,7
Pakrashi,21943134,7
Varunan,22265112,2
Aiyappan,22265112,18
Eeraly,22265112,18
Sunderrajan,29272473,14
Tarantino,29272473,8
Krishnan,29272473,20
Bhaskar,29272473,1
Beth,106335,6
Berger,106335,13
Karen,106335,12
Calvin,106335,13
Jeannine,106335,12
Buck,106335,1
Conrad,106335,21
Felix,2272969,6
Felice,2272969,2
Adams,2272969,7
Hannah,2272969,4
Oscar,2272969,21
Madison,2272969,1
Unger,2272969,12
Gerti,1260184,9
Ward,1260184,19
Wendy,1260184,4
Vincent,1260184,10
Gabby,1260184,9
Spellman,1260184,3
Jules,1260184,17
Hamilton,1260184,0
William,17041345,13
Villa,9858014,1
Castell,9858014,0
Firpo,9858014,24
Estol,9858014,4
Dempsey,9858014,23
Asamiya,1066337,9
Thampuran,31445183,7
Himagirisringan,31445183,18
Prince,31445183,14
Gowundar,31445183,10
Orlac,14667216,2
Vasseur,14667216,10
Yvonne,14667216,3
Schmidt,26999426,4
Dugan,26999426,12
Zola,26999426,4
Rogers,26999426,3
Brandt,26999426,0
Carter,26999426,4
Stark,26999426,18
Kruger,26999426,4
Russel,6628336,4
Fred,6628336,22
Courtney,6628336,15
Milhouse,6628336,17
Ryan,6628336,4
Grant,13887546,16
Sharpe,13887546,14
Nicholl,13887546,12
Barbicane,13887546,9
Nicoll,13887546,18
Reynolds,25000378,19
Pat,25000378,16
Berkeley,25000378,18
Bill,25000378,3
Nice,26518860,7
Plinson,26518860,1
Ilze,26518860,0
Marks,26518860,3
Kadegis,26518860,24
Macmillan,26518860,22
Malik,26518860,10
Legarda,7010451,18
Markova,7010451,7
Hubert,8600276,21
Joan,8600276,8
Durer,8600276,17
Frank,8600276,6
Jenny,8600276,21
Corvin,8600276,3
Julia,8600276,22
Brighton,8600276,10
Hammond,8600276,19
Deborah,8600276,12
Carol,8600276,6
Edmund,8600276,8
Prescott,11567269,13
Joan,11567269,21
Jeff,11567269,21
Larry,11567269,2
dePizza,14557350,8
Shemp,14557350,6
Moe,14557350,16
McGurk,14557350,7
Larry,14557350,3
Cruikshank,8572276,17
Anita,8572276,5
Armstrong,8572276,17
Dodge,8572276,22
Boop,8572276,4
Mario,22740984,17
Linda,22740984,3
Victor,22740984,6
Bruno,22740984,22
Oscar,22740984,3
Alex,22740984,6
Cort,11703526,21
Kiki,24943532,17
Chen,24943532,4
Takeshi,24943532,18
Chikaraishi,24943532,13
Zhuo,24943532,17
Kato,24943532,24
Zhen,24943532,16
Yutian,24943532,9
Zeng,24943532,5
Tianyuan,24943532,9
Hussein,17701639,12
Antoinette,1357149,3
Lamotte,1357149,24
Rohan,1357149,5
XVI,1357149,17
Saint-R,1357149,21
Breteuil,1357149,5
Boehmer,1357149,20
Barry,1357149,15
Chandar,25614506,18
Archana,25614506,17
Madikeri,33900595,11
Hebri,33900595,11
Bantwal,33900595,11
Viratnagar,21857942,20
Duryodhana,21857942,17
Arjun,21857942,6
Yudhisthira,21857942,2
Pandavas,21857942,21
Draupadi,21857942,24
Dhritrashtra,21857942,13
Harry,31966806,14
Dean,31966806,20
Sam,31966806,7
Claudia,2933910,6
Dennis,2933910,18
Emily,2933910,3
Jerome,2933910,10
Wheeler,2933910,3
Reed,2933910,24
Salma,7983292,8
Sheela,7983292,19
Rohit,7983292,21
Arjun,7983292,16
Chabia,7983292,6
Mona,7983292,19
Fleury,1306698,8
Carson,1306698,20
Seaton,1306698,18
Whittingham,1306698,16
Sylvia,1306698,19
Jocelyn,1306698,12
Norman,1306698,5
Boyeur,1306698,5
Templeton,1306698,0
Belafonte,1306698,3
Bradshaw,1306698,10
Jessica,26601277,17
Hana,26601277,8
Ibrahim,26601277,6
Christopher,26601277,15
Pamela,26601277,19
Hanna,26601277,2
Agha,26601277,6
Hollister,14503106,24
Evans,14503106,23
Walker,14503106,18
Steadman,14503106,23
Byrd,11314595,3
Shredderman,11314595,3
Bixby,11314595,6
Werkheiser,11314595,11
Claudette,11314595,16
Max,11314595,18
Bob,11314595,23
Voss,11314595,13
Green,11314595,2
Kumarasamy,36057876,22
Paramasivan,36057876,21
Christian,32493096,2
Rahulan,32493096,24
Reena,32493096,6
Meera,32493096,1
Manu,1829944,6
Neeru,1829944,6
Twala,34726386,13
Grabus,14502344,15
Moe,14502344,24
Diana,14502344,23
Larry,14502344,24
Collins,25475247,12
Goodwin,25475247,19
Howard,25475247,8
Alice,25475247,17
Xiu,2918007,21
Jin,2918007,8
Dexter,21475534,18
Matthew,21475534,3
Cheung-Ching,3783131,24
Mark,3783131,6
Lee,3783131,10
Mun,3783131,3
Chi-Mun,3783131,9
Rigault,20070131,14
Estelle,20070131,12
Joseph,20070131,24
Garcin,20070131,14
Jane,1438861,2
David,1438861,3
Ferguson,1438861,12
Hall,1438861,17
Ashton,1438861,13
Whitney,1438861,17
Molinaro,1438861,19
Fuller,1438861,6
McBain,1438861,11
Darren,26319447,24
Janine,26319447,8
Joshua,26319447,17
Cody,26319447,15
Nicky,26319447,23
Baz,26319447,17
Pope,26319447,3
Craig,26319447,3
Leckie,26319447,6
Brown,26319447,5
Geeta,17968290,6
Jaiswal,17968290,3
Bauer,2279601,14
Elizabeth,2279601,8
Gregory,2279601,3
Anton,2279601,8
Paula,2279601,21
Cameron,2279601,24
Nancy,2279601,8
Alquist,2279601,19
Toretto,33514494,16
Jack,33514494,14
O'Conner,33514494,3
Brian,33514494,3
Shoukichi,367616,20
Oroku,367616,14
Ponkichi,367616,10
Cassidy,4764431,23
Sheila,4764431,24
Jason,4764431,3
Patrick,4764431,24
Parker,4764431,17
Bates,4764431,3
Alison,4764431,21
Merteuil,4764431,1
Argyle,4764431,7
Lila,133550,15
Wingo,133550,15
Luke,133550,18
Tom,133550,3
Woodruff,133550,15
Halpern,133550,22
Sallie,133550,2
Bernard,133550,6
Lowenstein,133550,11
Malfeitor,4180684,20
Linda,4180684,3
Dewhurst,4180684,3
Sinclair,4180684,17
Jim,4180684,9
Brandon,4180684,16
David,4180684,14
Toomey,6941760,4
Stella,6941760,3
Eben,6941760,21
Davies,6941760,12
Barrow,6941760,4
Billy,6941760,3
Arvin,6941760,17
Beau,6941760,4
Brower,6941760,22
Marlow,6941760,3
Kitka,6941760,22
Riis,6941760,24
Oleson,6941760,18
Iris,6941760,16
Adrian,12709909,10
Owooda,2187263,21
Monkey,2187263,23
Jon,2187263,17
Garfield,2187263,23
Odie,2187263,16
Mai-Tai,2187263,21
Sreedharan,25915982,21
Aldorfer,846654,11
Bogarde,846654,11
Atherton,846654,19
Max,846654,23
Thulasi,26015405,16
Rajesh,26015405,17
Kennedy,33600966,6
Hood,33600966,21
Graham,33600966,20
McGlathery,33600966,8
Katzenbach,33600966,20
Street,28855740,24
Caldwell,1863169,15
Walter,1863169,13
Mae,1863169,0
Ralph,1863169,17
Jasmine,1863169,23
Hub,1863169,13
Stan,1863169,3
McCann,1863169,3
Helen,1863169,17
Gabriel,30028216,3
Jimmy,30028216,24
Garza,30028216,20
Borlec,30028216,5
Mary,30028216,15
Wright,30028216,3
Hobbs,30028216,13
Jorge,30028216,6
Damon,30028216,6
Martens,1582173,12
David,3210534,3
Hesse,886892,0
Denny,886892,10
Thomas,886892,1
Handcock,886892,19
Morant,886892,22
Witton,886892,0
Parker,10387098,14
Joe,10387098,21
Mary,10387098,21
Price,10387098,20
Webley,29569873,3
Walpole,29569873,22
Rawlston,29569873,21
Bob,29569873,17
Phillips,29569873,7
Robert,29569873,5
Link,29569873,22
Maisie,29569873,6
Marta,4144690,13
Jacobo,4144690,13
Herman,4144690,13
Vic,2144775,24
Kennedy,2144775,1
Lockhart,2144775,6
Coronado,2144775,9
Alec,2144775,17
Canady,2144775,5
Waggoman,2144775,10
Dave,2144775,3
Hansbro,2144775,22
Daniel,24218025,20
Sonia,24218025,8
Santhanam,2895635,24
Raja,2895635,5
Pearl,2895635,12
Mr.,2895635,0
Chowdhury,2895635,4
Iyer,2895635,7
Brahmin,2895635,16
Meenakshi,2895635,6
Barbara,25505387,12
Andrew,25505387,12
Aimee,25505387,14
Daphne,25505387,3
Wakefield,25505387,6
Fields,25505387,8
Arthur,187091,4
Sims,187091,23
McLeod,187091,3
Wiseman,187091,14
Pritchett,187091,21
Hill,187091,11
Susan,187091,6
Mary,187091,6
Monahan,187091,10
Feinson,187091,14
Gennini,187091,17
Hatch,187091,21
Abbott,187091,18
Giacoppetti,187091,3
Schneider,187091,2
Brody,187091,13
Kindred,187091,10
Roach,2111519,5
Lucky,2111519,23
Delon,2111519,14
Judith,3677015,14
Douglas,3677015,6
Adrian,3677015,1
Alexander,3677015,3
Terry,3677015,2
Claire,3677015,23
Max,3677015,3
Bob,3677015,2
K.W.,3677015,6
Carol,3677015,3
Sayed,35136452,19
Muna,35136452,23
Cecil,11117479,20
Mute,667845,12
Lykas,10189385,3
Skymnos,10189385,3
Chloe,10189385,3
Stanley,21019986,3
Daisy,21019986,9
Spike,13137023,3
Stella,13137023,19
Wolf,13137023,24
Frank,13137023,23
Hertzfeldt,9246760,6
Bill,9246760,22
Blake,583758,6
Helsing,583758,1
Don,583758,24
Sheik,583758,16
Victor,583758,8
Canneloni,583758,24
Falafel,583758,6
Kaplan,583758,24
Kong,16814130,8
Chiu,16814130,20
Lau,16814130,4
Ching,16814130,6
Bill,16814130,0
Paul,2363621,18
Jean-Paul,2363621,19
Traci,2363621,3
Duran,27852261,23
Scott,27852261,24
Catherine,11217044,7
Romualdo,11217044,13
Caterina,11217044,6
Caroline,11217044,7
King,11217044,17
Fantaghir,11217044,3
Anwar,31022218,24
Sajna,31022218,3
Shingo,20520879,24
Rango,12696164,4
Bin,12696164,3
Tua,12696164,23
Ali,12696164,16
King,12696164,16
Scott,12696164,14
Galv,9797077,11
Matt,21839663,3
dye,21839663,23
Jules,21839663,23
Seth,21839663,6
Andy,21839663,3
Mel,21839663,3
Connelly,24981628,24
Michael,24981628,22
Doremus,24981628,11
Craig,24981628,11
Helen,24981628,3
Stacey,12640611,21
Melissa,12640611,6
Vinny,12640611,11
Stacy,12640611,3
Man,12640611,14
Jamie,12640611,17
Snape,667372,8
Mad-Eye,667372,23
Harry,667372,3
Krum,667372,16
Delacour,667372,5
Hermione,667372,21
Chang,667372,4
Pettigrew,667372,8
Mark,667372,6
Myrtle,667372,12
Bryce,667372,1
Dumbledore,667372,6
Ron,667372,20
Longbottom,667372,2
Diggory,667372,24
Jr.,667372,4
Karkaroff,667372,21
Fleur,667372,17
Voldemort,667372,17
Kedavra,667372,15
Sr.,667372,4
Potter,667372,22
Mitchell,20080263,23
Snowden,20080263,12
Conway,20080263,16
Mary,20080263,3
Ashmore,20080263,4
Janet,446934,6
Freddy,446934,2
Benson,446934,0
Lawrence,446934,3
Shauffhausen,446934,8
Jamieson,446934,15
Andre,446934,18
Krutika,25232106,22
Omar,25232106,15
Phool,25232106,0
Mishka,25232106,16
Siddharth,25232106,9
Sid,25232106,3
Fitzgibbon,42383,6
Dowd,42383,8
Linden,42383,19
Scaponi,42383,20
Jenny,42383,12
O'Malley,42383,16
Malley,42383,6
Basaglia,29749629,13
Steve,10578291,3
Zac,10578291,3
Gemma,10578291,3
Esther,10578291,3
bush,10578291,15
White,27608778,4
fangirl,27608778,4
Becca,27608778,3
Sullen,27608778,18
Frank,27608778,19
Crane,27608778,21
Daro,27608778,12
Woods,27608778,17
Edward,27608778,3
Jack,27608778,4
Jacob,27608778,17
Brother,27608778,17
Juan,3286162,24
Alcalde,3286162,15
Francisco,3286162,24
Florinda,3286162,8
Diego,3286162,6
Jose,3286162,24
Zorro,3286162,4
Paco,3286162,17
Esteban,3286162,6
Fernando,3286162,24
Vega,3286162,24
Garcia,3286162,9
Bunny,3286162,6
Ramon,3286162,11
Velasquez,3286162,7
Wigglesworth,3286162,11
Charlotte,3286162,5
Don,3286162,13
Obispo,3286162,24
Taylor-Wilson,3286162,15
Rohit,2852303,22
Baghban,2852303,10
Pooja,2852303,21
Sanjay,2852303,14
Payal,2852303,8
Alok,2852303,2
Malhotra,2852303,0
Aphrodite,7430662,13
Hercules,7430662,3
Alcmene,7430662,21
Gabrielle,7430662,4
Lam,4602705,5
Chiu,4602705,19
Fan,4602705,24
Sung,4602705,10
Crow,4602705,16
Hing,4602705,2
Smartie,4602705,3
Nam,4602705,24
Priscilla,6141619,19
Laddie,6141619,3
Carraclough,6141619,14
McCawley,99304,3
Danny,99304,6
Miller,99304,5
Evelyn,99304,23
Kate,99304,12
Johnson,99304,19
Roosevelt,99304,0
Walker,99304,20
Doolittle,99304,1
Rafe,99304,18
Manny,6910992,22
Nina,6910992,6
Jos,6910992,3
Bella,6910992,6
Paul,21007868,23
Guste,21007868,4
Christel,21007868,16
Howard,28304654,22
Simpson,28304654,0
Zhang,21006714,4
Lu,21006714,17
Shenkang,21006714,10
Leo,16767019,4
Regina,16767019,3
Benjamin,16767019,19
Horace,16767019,6
Alexandra,16767019,3
Giddens,16767019,9
Oscar,16767019,19
David,16767019,20
Mitchell,19694473,14
Langdon,19694473,13
Wyman,19694473,3
Irving,19694473,9
Mary,19694473,17
Naresuan,34954932,17
Jasper,34954932,17
Tips,34954932,4
Sa,34954932,6
Iuthheete,34954932,4
Chang,34954932,5
Chaplin,74962,3
Garrett,25830373,0
Lawton,25830373,21
Beull,25830373,13
Dornbeck,25830373,22
Brownlow,19929835,20
Padrusch,19929835,10
Hodge,19929835,9
Satifeung,9935414,13
Marcel,2594435,17
Gaby,2594435,23
Pierrette,2594435,19
Catherine,2594435,6
Louise,2594435,4
Augustine,2594435,16
Mamy,2594435,3
Suzon,2594435,3
Garin,16676041,7
Mr.,16676041,12
Rolling,16676041,7
Liston,18719127,16
Sartana,18719127,15
Blake,2676601,7
McCormick,2676601,20
Garrett,2676601,5
Dickie,2676601,21
Marcia,2676601,20
Lewis,2676601,24
Arnold,2676601,17
Roberts,2676601,11
Fraser,2676601,9
Reiner,2676601,6
Rhodes,30340901,6
Ruifang,13695204,24
Jane,24481948,6
Merton,24481948,20
McKim,24481948,22
Buckskin,24481948,21
Hamilton,24481948,17
Washburn,24481948,23
Dudley,15112860,19
Fry,15112860,23
Shane,13237020,24
Dean,13237020,3
Stevie,13237020,13
Hammer,1216093,7
Yates,1216093,8
Chico,1216093,17
Polly,1216093,13
Penelope,1216093,14
Potter,1216093,12
Adams,1216093,7
Harpo,1216093,17
Pong,8351729,21
Prae,8351729,21
Vale,4726,12
Gordon,4726,5
Pennyworth,4726,18
Vicki,4726,21
Dent,4726,9
Manor,4726,9
Napier,4726,4
Knox,4726,21
Grissom,4726,17
Bruce,4726,6
Batman,4726,17
Wayne,4726,4
Richard,4449656,24
Lane,4449656,3
Harcourt,4449656,17
Beth,4449656,6
Bradford,4449656,22
Dyer,4449656,20
Valentino,4449656,18
Thayer,4449656,21
Lucy,4399897,3
Carrigan,4399897,19
Jude,4399897,3
Paco,4399897,17
Sadie,4399897,3
Jojo,4399897,3
Daniel,4399897,1
Anderson,4399897,14
Kite,4399897,7
Geary,4399897,13
Robert,4399897,8
Werner,17722006,10
Imperius,455224,16
Marquet,455224,24
d'Anjou,455224,12
Etienne,455224,4
Gaston,455224,16
Philippe,455224,13
Douglas,24785563,6
Roberta,24785563,13
Trent,24785563,2
Michael,24785563,6
Julie,24785563,3
Ashburn,24785563,18
Williams,640040,3
Hollister,640040,15
Hunter,640040,13
Hill,640040,3
Morris,640040,17
Nolan,640040,3
Rachel,640040,6
Jim,640040,14
Fisher,640040,16
Amanda,640040,3
Carla,640040,3
Lane,12111866,23
Steele,12111866,14
Craig,12111866,11
Tucker,12111866,20
Nicholls,12111866,0
Whomes,12111866,23
Rolfe,12111866,11
Sullivan,15589712,16
Danny,21857490,15
Claven,21857490,11
O'Malley,21857490,24
Cross,21857490,16
Bigelow,488556,1
Randi,488556,6
put,488556,10
Doug,488556,4
Mortis,488556,23
Roger,488556,3
McNab,488556,13
Laudermilk,488556,23
James,488556,17
Rebecca,488556,10
Kludde,16029793,23
John,16029793,3
Tetsuya,21465561,21
Mellor,17578735,8
Goldman,17578735,19
Jenny,17578735,13
Graham,17578735,21
David,17578735,17
Adam,26547644,17
Floyd,26547644,23
Reema,4026106,16
Saxena,4026106,6
Mathur,4026106,12
Sujata,1083614,10
Jamayang,1083614,7
Pema,1083614,8
Tashi,1083614,6
Leung,2926597,20
Yi,2926597,24
Sen,70091,16
Lin,70091,21
Chihiro,70091,4
Kamaji,70091,13
Haku,70091,23
Ogino,70091,21
Yubaba,70091,3
Mitsy,30558774,20
Wainwright,7755496,12
Gloria,7755496,3
Wellaby,7755496,15
Sturges,7755496,21
John,7755496,7
Clarissa,7755496,10
Anthea,7755496,10
Clifford,7755496,17
Leona,7755496,10
Yateley,4566486,14
Crosley,26724532,12
Ann,26724532,13
Lawrence,26724532,24
Horn,26724532,18
Susan,26724532,16
Chase,26724532,13
Trehearn,5375236,17
Reardon,5375236,5
Chris,5375236,3
Fung,27550733,3
Yee,27550733,24
Wolf,27550733,9
Wai,27550733,6
Angeles,689947,15
Babu,35790655,2
Narayanan,35790655,23
Kannan,35790655,23
Vivek,35790655,23
Ashby,27370713,9
Ford,27370713,24
Lynch,27370713,23
Ocampo,30437785,11
Mendoza,30437785,9
Mohan,33688737,20
Jane,2234324,13
Doug,2234324,16
Marsha,2234324,20
Robinson,2234324,19
Raj,9922304,4
Kurr,9922304,10
Alec,9922304,6
Meslar,9922304,4
Tabari,9922304,5
Ishak,9922304,21
Shetan,9922304,15
Black,9922304,16
Babs,15522092,3
Miller,15522092,12
Alden,15522092,21
Laura,15522092,6
Barbara,15522092,13
Merrick,15522092,20
Andrews,15522092,5
Bill,15522092,6
Peterson,15522092,11
Harvey,15522092,9
James,15522092,2
Schofield,15522092,22
Merrin,2074089,21
Sandor,2055366,12
Janet,2055366,20
Helsing,2055366,4
Lili,2055366,19
Zaleska,2055366,3
Countess,2055366,24
Garth,2055366,18
Dracula,2055366,16
Chan,15075444,18
Mirza,34625385,6
Sahiba,34625385,14
Jeet,34625385,24
Soni,18393490,20
Anandam,18393490,3
Vasu,18393490,18
Zulfiya,35032038,19
Tuffy,11375095,4
Tom,11375095,3
Jerry,11375095,3
Robin,11375095,4
Lucy,26538458,21
Johnson,26538458,22
Eyre,26538458,1
Jackie,26538458,2
Alex,26538458,11
Robin,9850876,6
Danny,11912461,21
Fred,11912461,3
Kankel,11912461,3
Danko,11912461,14
Churney,11912461,13
Kankle,11912461,3
Stenson,11912461,16
Dayna,11912461,21
Ryan,11912461,3
Walker,11912461,3
James,11912461,21
Leo,11912461,3
Morgan,11912461,0
Falls,11912461,6
Frady,11912461,3
Curtis,11912461,23
Danny,23745400,2
Neruda,23745400,15
Lane,11260405,23
Superman,11260405,3
Lois,11260405,3
Saint,11279152,14
Gibson,11279152,8
Peggy,11279152,6
Marjorie,11279152,4
Lockridge,11279152,20
Stuart,3715646,24
Wells,3715646,24
Scarlett,3715646,19
Palmieri,3715646,14
Clem,3715646,10
Kathy,5637822,3
Stuart,5637822,22
Bondi,5637822,21
Gordon,5637822,3
Martin,5637822,18
Steve,5637822,21
McCormick,5637822,20
Edison,5637822,24
Carla,5637822,24
Chris,5637822,3
Andrew,13275999,20
Eric,13275999,14
Abby,13275999,20
Mia,13275999,14
Jamie,13275999,6
Augie,2456941,23
Baba,2456941,14
Logan,2456941,17
Boy,2456941,20
Joanna,2456941,17
Eddie,26667879,24
Stella,26667879,18
Peters,26667879,7
Prince,3374650,3
Evans,3374650,24
Potter,3374650,16
Dan,3374650,6
Butterfield,3374650,5
Alice,3374650,6
Moons,3374650,0
Wade,3374650,6
Alex,3374650,17
Clovis,6838424,16
Blaireau,6838424,20
Hugo,31213331,0
Barnstead,31213331,10
Grimes,31213331,14
Delgado,27359507,6
Sam,27359507,13
Viv,27359507,12
Mr.,27359507,19
Lala,27359507,5
Jr,27359507,22
Appoline,27359507,10
Ali,27359507,5
Rachel,27359507,18
Cortez,27359507,19
Pedro,27359507,23
Chloe,27359507,6
Papi,27359507,16
Rosa,27359507,5
Sandros,14680001,10
Delanos,10995901,4
Rosalie,10995901,1
Tilden,10995901,22
Baron,10995901,17
Joan,26640523,17
Sam,26640523,24
Janine,26640523,6
Cagle,26640523,10
Ross,26640523,8
Kells,26640523,3
Carew,26640523,23
Mike,26640523,17
Guelvada,26640523,20
Betki,26640523,8
John,766348,22
Beck,766348,4
Eduardo,9983290,1
Cartwright,13131253,17
Mason,13131253,10
Ibrahima,11727129,21
Arlene,352455,21
Furillo,352455,14
Barbara,352455,6
Mitch,352455,3
Stone,352455,22
T.R.,352455,11
Bonnie,352455,22
Stern,352455,12
Jeff,352455,8
Robbins,352455,15
Ed,352455,6
Rayburn,352455,21
Washburn,352455,5
Norman,352455,24
Berquist,352455,3
Lebannen,3433026,15
Sparrowhawk,3433026,4
Tehanu,3433026,15
Arren,3433026,3
Hare,3433026,3
Cob,3433026,6
Therru,3433026,6
Tenar,3433026,4
Jerry,19496914,2
Angela,19496914,15
Junior,33096502,14
Base,33096502,0
Tucker,33096502,6
Caboose,33096502,13
Team,33096502,9
Sarge,33096502,6
Tex,33096502,5
Smith,33096502,3
Epsilon-Church,33096502,6
Lopez,33096502,17
Simmons,33096502,3
Hollander,24864646,6
Janis,24864646,8
Carl,24864646,23
Yves,24864646,6
Bihari,5996232,2
Mohan,5996232,6
Singh,5996232,0
Radha,5996232,3
Vijay,5996232,14
Stewart,2774060,4
Dixon,2774060,7
Balkrishna,23049004,17
Victoria,23049004,5
Hari,23049004,17
Gondya,23049004,16
Paul,19878462,3
Maria,19878462,3
Mira,19878462,3
Dave,19878462,6
Sophie,19878462,3
Karita,21099947,9
Tachibana,21099947,9
Sethna,18758476,19
Ritesh,18758476,24
Jetmalani,18758476,23
Ganpatrao,18758476,23
Parimal,18758476,8
Wagaskar,18758476,17
Kirti,18758476,13
Nitya,18758476,3
Sen,18758476,18
Modi,18758476,6
Binita,18758476,6
Roy,19283524,11
Ayan,19283524,7
Dasu,19283524,6
Rina,19283524,24
Jeet,19283524,11
Ghoshal,19283524,0
Chiaki,25162899,24
Gold,25162899,23
Kotoha,25162899,24
Kusakabe,25162899,12
Red,25162899,21
suke,25162899,0
Bomper,25162899,2
Ryunosuke,25162899,3
Homurakogi,25162899,10
Ugatz,25162899,17
Batcheed,25162899,13
S,25162899,15
Samuraihaoh,25162899,20
Gaiark,25162899,10
Takeru,25162899,16
Katagiri,1630493,16
Shinoda,1630493,23
Godzilla,1630493,17
Orga,1630493,10
Ravi,26735672,21
Kleiner,21654511,13
Purchase,21654511,0
Chan,21654511,21
Freeman,21654511,12
Sharda,10776705,8
Vidya,10776705,15
Sudha,10776705,8
Anoop,10776705,6
Minoo,10776705,6
Blonde,25803545,21
Brown,25803545,16
White,25803545,6
Deaf,25803545,16
Luis,19626055,16
Gala,19626055,1
Salvador,19626055,23
Lorca,19626055,0
Garc,19626055,20
Gibson,19626055,0
Giovanni,6069135,21
Attilio,6069135,10
Fuad,6069135,20
Vittoria,6069135,3
Madge,61501,1
Dale,61501,24
Horace,61501,11
Travers,61501,3
Hardwick,61501,8
Tremont,61501,17
Bates,61501,11
Rhodes,61501,12
Keloid,451003,24
Kork,9198608,21
William,9198608,15
Metapha,9198608,14
Maul,9198608,16
Spucky,9198608,18
Doyle,6764425,14
Victor,6764425,14
Venetia,6764425,8
Adam,4481850,3
Heffer,4481850,17
Alice,4481850,3
Sophie,4481850,4
Bukowski,15945437,23
Jane,15945437,3
Hopper,15945437,3
Charlie,15945437,19
McCoy,15945437,4
Mendez,15945437,6
Mary,15945437,3
Tommy,15945437,4
Helen,15945437,3
Norman,15945437,23
Barnes,73919,4
Porter,73919,21
Beachum,7920068,20
Jennifer,7920068,4
Burke,7920068,22
Gardner,7920068,4
Crawford,7920068,16
Nunally,7920068,17
Arnie,12446777,13
Andrew,12446777,17
Tracey,12446777,17
Peter,12446777,3
O'Donnell,12446777,9
David,12446777,17
Bolton,5988501,9
Goodhue,5988501,21
Mollie,5988501,13
Blue,13166062,20
Wiggs,13166062,11
Owens,13166062,21
Filippo,32592054,18
Se-jin,12556054,19
Hyun-woo,12556054,24
Min-joo,12556054,21
Lucy,23823057,4
Lurie,23823057,3
Dora,980211,3
Fahd,980211,15
Tarek,980211,6
Grimm,980211,22
Steinhoff,980211,19
Eckert,980211,17
Thon,980211,3
Dr.,980211,22
Bosch,980211,22
Berus,980211,17
Jo,4989559,14
Maxx,4989559,6
Rosco,4989559,6
Daisy,4989559,3
Bubba,4989559,23
Lee,4989559,20
Hogg,4989559,6
Mavis,4989559,13
Strate,4989559,6
Davenport,4989559,0
L.D.,4989559,6
Dukes,4989559,6
Bo,4989559,3
Hazzard,4989559,23
Cletus,4989559,11
Cooter,4989559,6
Enos,4989559,0
Luke,4989559,3
Marshall,4989559,6
Cutler,4989559,8
Ryker,4989559,6
Boss,4989559,13
Fornaciari,10946905,21
Innocenzi,10946905,3
Ceccarelli,10946905,14
Mussolini,10946905,10
Tae-sik,29434234,6
Clark,36422681,24
Liz,36422681,6
Taggart,36422681,24
Bates,36422681,4
Owen,36422681,3
Mabel,36422681,18
Loftus,36422681,17
Tom,8585438,3
Jerry,8585438,23
Nadya,1052753,2
Shevelyova,1052753,6
Brezhnevki,1052753,23
Pavlik,1052753,12
Yakovlev,1052753,0
Lukashin,1052753,24
Whitehead,21456144,21
Palmer,21456144,2
Kumar,25434917,14
Sardar,25434917,23
Johnny,25434917,4
Michael,25434917,14
Mari,25434917,14
Sakthi,25434917,21
Mo-yan,2533693,1
Tsao,2533693,3
Wai-on,2533693,20
Dao,2533693,1
Jade,2533693,6
Chang,2533693,13
Chow,2533693,21
Lawrence,13292846,19
Landau,13292846,9
Larey,6055271,4
Holt,6055271,23
Grey,6055271,19
Braverman,14054342,1
Rieff,14054342,9
Pesch,5316735,20
von,5316735,13
Mabuse,5316735,1
Petsch,5316735,1
Hull,5316735,24
Georg,5316735,23
Carozza,5316735,24
Spoerri,5316735,12
Wenk,5316735,3
Berg,5316735,15
Weltemann,5316735,12
Izumi,33013950,2
Jane,21385847,6
Gardner,21385847,9
Doug,21385847,16
Murray,21385847,3
Mary,21385847,2
Brown,21385847,13
Harvey,21385847,2
Stein,2833942,23
Ness,5292439,17
NOVAC,5292439,9
Merritt,5292439,0
Howard,5292439,1
Sheppard,5292439,17
J.B.,79848,17
Polly,79848,3
David,79848,6
Weiss,79848,12
Parrish,79848,0
John,79848,4
Merlin,79848,9
Huey,16967207,13
Scrooge,16967207,24
Louie,16967207,13
Farley,6214427,10
Templeton,6214427,20
Fern,6214427,17
Nellie,6214427,13
Wilbur,6214427,3
Zuckerman,6214427,12
Joy,6214427,13
Aisha,35940098,6
Kumar,35940098,9
Vinod,35940098,3
Simmi,30734757,3
Henry,3894411,16
Roberts,3894411,2
Chenal,3894411,10
Christie,3894411,14
Nigel,3894411,9
Kenny,3894411,17
Fanny,3894411,1
Max,3894411,6
Skinner,3894411,18
Duflot,3894411,5
Elizabeth,19793512,1
Loomis,13931147,15
Dave,13931147,24
Gianetti,13931147,7
Jack,13931147,23
Lily,13931147,9
Nancy,13931147,9
Nak,4744487,10
Soto,4744487,1
Kalba,4744487,17
Kim,4744487,21
Zamir,4744487,17
Fraser,9418655,2
Sharpe,9418655,17
Harper,9418655,17
Nugent,9418655,17
Ellie,9418655,13
Paul,2881415,20
Carlsen,2881415,2
Lana,2881415,3
Joe,2881415,6
Cassie,2881415,19
Fabrini,2881415,15
Alvin,11244593,3
Seville,11244593,9
Ian,11244593,3
Theodore,11244593,21
Lee,11244593,9
Claire,11244593,21
Wilson,11244593,20
Hawke,11244593,19
Dave,11244593,3
Simon,11244593,21
Darakeshwar,32014207,24
Gangopadhay,32014207,9
Anjana,32014207,0
Anu,32014207,6
Lundenbroich,19104743,1
Niebuhr,19104743,13
Mabillon,19853830,9
Freminger,19853830,1
Helen,19853830,12
Claus,171011,5
Dershowitz,171011,6
Amman,21303335,24
Unni,21303335,23
Meena,21303335,2
Arti,12050171,17
Shankar,12050171,2
Lakshmanarao,12050171,18
Dubrovna,1056686,3
Oliver,1056686,21
Moore,1056686,19
Judd,1056686,17
Alice,1056686,3
John,1056686,6
Reed,1056686,7
Minnie,666762,24
Julius,666762,3
Mickey,666762,17
Frankenollie,666762,10
Thomas,12058465,4
Bean,12058465,8
Johnson,12058465,22
Byrdflough,11412224,23
Jessy,11412224,10
Bush,11412224,0
Kat,11412224,20
Chushfeld,11412224,13
Essko,11412224,3
Rasmussen,12467910,7
Emily,12467910,21
Dion,21697982,15
Layton,21697982,23
Willard,2929705,17
Rusty,2929705,17
Crock,2929705,6
Grover,2929705,4
Oswald,2929705,8
Cleaver,2929705,22
Wong,6124288,4
Kun,6124288,17
Shibumi,6124288,16
Tiger,6124288,3
Shek,6124288,22
Xiaoling,6124288,4
Dragon,6124288,17
Sharon,9505271,13
McLonergan,9505271,10
Susan,9505271,3
Finian,9505271,3
Mahoney,9505271,16
Rawkins,9505271,4
Tom,13041327,3
Jerry,13041327,3
Ji-cheol,2843380,8
Soo-bong,2843380,10
Yu,2843380,11
Cha,2843380,12
Jae-kyu,2843380,10
Yang,2843380,6
Kim,2843380,6
Kyu-ha,2843380,5
Ju,2843380,4
Park,2843380,17
Ron,8414299,23
Beth,8414299,23
Trevor,8414299,11
Emma,8414299,6
Padmo,35896860,7
Retno,35896860,19
Heru,35896860,23
Martubi,35896860,15
Rai,16364045,20
Sahai,16364045,14
Yash,16364045,21
Angel,16364045,24
Joseph,16364045,7
Vetter,1675523,16
Stacy,1675523,18
Memo,1675523,24
Lucero,1675523,10
Hicks,1675523,2
Fielding,4347027,4
Jane,29157958,13
Hudson,29157958,13
Stuart,29157958,11
Martin,29157958,18
Angela,29157958,12
Mary,29157958,5
Stanley,29157958,6
Pickford,29157958,0
John,29157958,24
Lane,23625840,8
Superman,23625840,23
Kent,23625840,3
Lois,23625840,3
Segal,6184362,23
Boles,6184362,3
Stanton,6184362,0
Brown,6184362,18
Rudrasimha,26987591,6
Ranadhir,26987591,20
Vijayasimha,26987591,8
Jayasimha,26987591,14
Paddles,8691806,12
Hortense,8691806,10
Bill,8691806,0
Channing,8691806,6
Ginger,8691806,7
Morran,8691806,1
Murphy,29880089,12
Gordon,29880089,21
Robles,29880089,16
Young,29880089,24
Roberto,29880089,15
Dan,29880089,3
Bruce,29880089,4
Drago,29880089,4
Cora,29880089,3
Buffer,29880089,24
Tim,29880089,21
Robey,29880089,3
Carter,29880089,21
Dolores,29880089,3
Takumi,7027409,13
Nana,7027409,9
Jones,32817597,18
Patsy,32817597,11
Hemingway,32817597,16
Grimble,32817597,11
Grant,9376918,4
Tarji,9376918,1
Reade,9376918,3
Effie,9376918,6
Malaki,1569634,12
Johnson,1569634,22
Nikki,1569634,9
Derek,1569634,1
Sara,1569634,21
Udyavar,16275086,7
Sahay,16275086,1
Dynamite,2621073,2
Cora,2621073,6
Willie,2621073,3
Pashen,2621073,14
Bell,2621073,21
Show,6781437,9
Ellen,6781437,18
Stanley,6781437,3
Roberts,20002742,19
Dean,20002742,1
Fortune,20002742,1
Dixon,20002742,13
Munroe,20002742,19
North,20002742,13
Dekker,9441132,21
Bryant,9441132,17
Lordish,9441132,24
Furlong,9441132,17
Lewis,9441132,15
Munroe,9441132,8
Manning,9441132,10
Hillier,9441132,15
Frank,9441132,13
Mardell,9441132,21
William,65669,16
Chaucer,65669,23
Adhemar,65669,17
Kate,65669,14
Colville,65669,10
Thatcher,65669,20
Roland,65669,2
Jocelyn,65669,24
Mason,21836707,3
Gustavo,21836707,17
Lawson,21836707,15
Victor,21836707,6
Trevor,21836707,5
Cross,21836707,6
Allegra,21836707,9
Sallinger,21836707,6
Connor,21836707,6
Roland,21836707,6
Jorge,21836707,22
Regina,21836707,2
Johnson,21836707,14
Wells,21836707,0
Nikita,21836707,3
Manuelo,21836707,6
Silver,21836707,7
Harris,21836707,17
Conor,21836707,3
Pacheco,21836707,11
Simon,21836707,3
Enrique,21836707,17
Chandler,23735483,15
Stella,23735483,2
Leah,23735483,3
Craigslist,23735483,23
Jarmusch,23735483,20
Ray,23735483,3
Bacon,23735483,4
George,23735483,3
Priscilla,23735483,2
Jonathan,23735483,3
Suzanne,23735483,3
Irwin,23735483,0
Antrem,23735483,13
Gladwell,23735483,11
Molly,27409433,13
Martin,27409433,18
Wright,27409433,1
Davidson,27409433,18
Kumar,26730444,10
Bhama,26730444,2
Dileep,26730444,19
Priya,26730444,13
Leena,26730444,11
Sawamura,20981824,1
Majima,20981824,5
Clan,20981824,9
Kiryu,20981824,18
Satoru,20981824,15
Nishikiyama,20981824,9
Jimmy,15453651,1
Claire,15453651,3
Lucy,21509421,16
Sam,21509421,1
Spector,21509421,8
Farrer,32809045,21
Guthrie,32809045,22
Salis,32809045,19
Jill,8729494,3
Kael,8729494,6
Barton,8729494,21
Alice,8729494,3
Roussie,7506680,21
Tiki,7506680,4
Maxwell,7506680,9
Herbert,7506680,9
Post,7506680,21
Woolworth,7506680,7
Irene,7506680,6
Edna,7506680,3
Plant,7506680,1
Marjorie,7506680,12
Phil,7506680,5
Duke,7506680,8
Donahue,7506680,13
Barbara,7506680,3
Alen,7506680,14
Hutton,7506680,6
Mdivani,7506680,14
Grimsdyke,1769325,6
Dean,1769325,18
Tony,1769325,24
Lancelot,1769325,9
Isobel,1769325,5
Stella,1769325,0
Spratt,1769325,9
Benskin,1769325,24
Simon,1769325,6
Sparrow,1769325,21
Sultan,11286804,19
Yakut,11286804,12
Jessica,1042309,3
Craig,1042309,6
Tanner,1042309,17
Evans,1042309,20
Martin,1042309,17
Deason,1042309,6
Longplot,1042309,3
Ricky,1042309,16
Ryan,1042309,3
Ethan,1042309,3
Dmitri,1042309,4
Mooney,1042309,3
Kelly,1042309,18
Bayback,1042309,9
Chloe,1042309,20
Jordan,28790520,21
Sarah,28790520,21
Ramirez,18505633,7
Negro,18505633,17
Arthur,17382714,3
Earl,17382714,15
Merlin,17382714,10
Rosanna,142421,10
Hoggett,142421,3
Ferdinand,142421,3
Maa,142421,22
Ranvir,31188818,19
Pooja,31188818,4
Ahana,31188818,3
Ravi,31188818,16
Yantra,31188818,6
Ladd,596119,19
Sarah,596119,21
Steenburgen,596119,13
Maranov,596119,20
Tisha,596119,12
Libby,596119,16
Brown,3775827,23
Sam,3775827,15
Jimmy,3775827,4
Cooper,25526318,21
Victoria,25526318,6
Waterman,25526318,13
J,2367208,9
Elizabeth,2367208,3
Darryl,2367208,12
Masterson,2367208,23
Abbott,2367208,9
David,2367208,3
Amy,26720310,2
Kendra,26720310,23
Flemming,26720310,17
Justin,26720310,3
Carter,26720310,3
Travis,26720310,3
Victor,26720310,17
Scott,26720310,17
Nikki,26720310,6
Mike,26720310,3
Anka,26720310,21
Nadia,20130701,4
Gerald,142453,5
Cooper,142453,12
see,142453,10
Linda,142453,8
Gaz,142453,16
Nathan,142453,6
Jones,142453,17
Mandy,142453,6
Lomper,142453,22
Horsefall,142453,10
Dave,142453,21
Schofield,142453,8
Tellini,21509689,18
Wilson,6811552,19
Marsha,6811552,2
Sam,6811552,17
Hisham,24957657,21
Zakaria,24957657,21
Bella,24957657,3
Suri,24957657,17
Mastura,24957657,23
Kamaruddin,24957657,6
Hani,24957657,23
Ridzuan,24957657,5
Naini,24957657,2
Ari,24957657,6
Faqir,24957657,13
Wahidah,24957657,17
Jutawan,24957657,11
Hashim,24957657,15
Salleh,24957657,2
Intan,24957657,3
Murphy,21407170,20
Hector,21407170,0
Katie,4406314,7
Gretel,4406314,3
Andrew,4406314,7
Hansel,4406314,3
Smith,4406314,4
Sandman,4406314,6
Nissen,543162,17
Teena,543162,22
Tom,543162,17
Lana,543162,3
Brandon,543162,6
Lotter,543162,17
Candace,543162,17
John,543162,16
Tisdel,543162,0
Lin,24631549,6
Yu,24631549,9
Xu,24631549,11
Teng,24631549,0
Loy,24631549,6
Nares,34414516,18
Druce,34414516,17
Butler,34414516,15
Nash,34414516,9
Burrell,34414516,18
Esmeralda,34414516,19
Engholm,34414516,22
Aramina,22950949,7
Louis,22950949,24
Corinne,22950949,5
Viveca,22950949,7
Renee,22950949,7
Treville,22950949,15
Sophia,26079077,4
Kallookkaran,26079077,15
Josekutty,26079077,4
Unnikrishan,26079077,13
Unnikrishnan,26079077,1
Raj,8770314,6
Solanki,8770314,0
Jai,8770314,21
Sandhya,8770314,7
Caroline,11650500,6
John,11650500,6
Shelly,11650500,6
David,11650500,3
Tina,21429084,17
Cheung,21429084,17
Mert,26280544,10
Esra,26280544,14
Zeynep,26280544,12
Chesukundham,33932215,3
Venkatesh,33932215,10
Tien,2944850,17
Tao,2944850,17
Roshi,2944850,4
Goku,2944850,17
Arale,2944850,17
Chiaotzu,2944850,17
Sheffield,74942,20
Truett,74942,17
Davenport,74942,5
Tootie,74942,3
Lucille,74942,3
Smith,74942,3
Mrs.,74942,20
Esther,74942,23
Jr.,74942,14
John,74942,3
Mia,7777717,19
Charlotte,1488066,2
Quilty,1488066,6
Zempf,1488066,13
Lolita,1488066,3
Humbert,1488066,3
Dick,1488066,10
Schiller,1488066,7
Dolores,1488066,11
Eun-Yi,33022747,5
In-Ho,33022747,1
Momo,33022747,2
Paul,27463222,6
Luke,27463222,3
Rosemary,27463222,3
Briana,27463222,20
James,27463222,3
Cardinal,3826817,12
Valerie,3826817,12
Max,3826817,16
Carver,3826817,21
Phyllis,508985,3
Daisy,508985,3
Marianne,508985,6
Mann,508985,14
Jack,508985,16
Helen,508985,13
Byron,508985,6
Gordon,25932898,21
Ferdinand,25932898,10
Thomas,25932898,6
Jobi,25932898,23
Harold,25932898,5
James,25932898,21
Linet,6787518,14
Arthur,6787518,18
Knight,6787518,5
John,6787518,11
Amy,28754844,11
Banks,28754844,1
Wlodarczyk,5890489,19
Filip,5890489,3
Stasio,5890489,21
Richardson,5374848,13
Heinrich,4525665,13
Kathi,4525665,21
ttner,4525665,4
Kellermann,4525665,8
Haugk,4525665,5
Karl,4525665,6
Ruder,4525665,1
Pyriel,2761187,17
Maggie,2761187,23
Gabriel,2761187,17
Danyael,2761187,17
Rosales,2761187,16
Mary,2761187,13
Zophael,2761187,3
Yoshio,25827961,9
Son,25827961,1
Matsuyama,25827961,24
Rajamanickam,10640901,15
Babu,10640901,0
Gouthami,10640901,21
Manohar,10640901,14
Domingo,19169118,24
Aldo,19169118,9
Cosme,19169118,3
II,13863765,1
Bey,13863765,3
Boone,12527314,12
Foghorn,12527314,6
Jr.,12527314,23
dart,2839410,23
Rudy,2839410,23
Gloria,2839410,14
Joe,2839410,22
Pat,2839410,24
Mike,2839410,4
Marcia,10010910,20
Billy,10010910,23
Kath,10010910,14
Qinghua,25366879,12
Fujita,14725310,17
Nishi,14725310,4
Kashiwara,14725310,12
Ito,14725310,6
Suribachi,14725310,4
Sam,14725310,10
Adachi,14725310,20
Oiso,14725310,10
Kuribayashi,14725310,3
Shimizu,14725310,6
Okubo,14725310,3
Tanida,14725310,3
Steinem,30172800,15
Katz,30172800,4
Pelosi,30172800,9
Kilbourne,30172800,12
Couric,30172800,8
Rick,5082101,6
Bancroft,5082101,2
Kathy,17941295,21
Austin,17941295,23
Morrison,17941295,6
Adjai,17941295,10
Taj,17941295,14
Millett,17941295,3
Barron,17941295,4
Eleanor,17941295,6
Griffin,17941295,17
Gary,17941295,3
Anne,17941295,3
Carol,17941295,3
Fudd,851285,10
Granny,851285,23
Drake,851285,5
Smith,851285,23
Daffy,851285,23
Houghton,851285,11
Chairman,851285,4
Mary,851285,9
Marvin,851285,17
DJ,851285,3
Kate,851285,24
Sam,851285,10
Pig,851285,6
Lisa,851285,19
Binet,7306005,24
Baron,7306005,19
Lobetoum,7306005,6
Edouard,7306005,1
Sylvie,7306005,12
Hong,9970689,21
Yoo-rim,9970689,0
Sathya,15662990,9
Muthazhagu,15662990,6
Muthazaghu,15662990,0
Gauri,15662990,4
Muthazagu,15662990,18
Aalavandhar,15662990,6
Deepa,5020192,3
Roopa,5020192,15
Sam,5020192,3
Singh,5020192,20
Suzy,5020192,3
Jack,5020192,6
Shekhar,5020192,3
Jaggu,5020192,13
Luckett,22214410,4
King,22214410,19
Angie,22214410,21
Jane,2268630,17
Ferguson,2268630,19
Braxton,2268630,22
Clayton,2268630,16
Logan,2268630,17
Marker,2268630,12
Cary,2268630,14
Cy,2268630,14
Tavernier,17599713,10
Fadinard,17599713,23
Arun,15705596,21
Prem,15705596,2
Seema,15705596,3
Williams,1494750,2
Proctor,1494750,2
Putnam,1494750,7
Tituba,1494750,6
Betty,1494750,3
Ruth,1494750,15
Elizabeth,1494750,23
Warren,1494750,3
Corey,1494750,21
Parris,1494750,1
John,1494750,6
Hale,1494750,11
Abigail,1494750,21
Monika,12516424,24
Raghav,12516424,23
Monica,12516424,17
Roy,30448760,16
Al,30448760,13
Ronnie,30448760,13
Reno,30448760,9
Harold,30448760,9
Kaye,30448760,16
Voley,31655197,3
Fox,31655197,9
Sean,31655197,6
Puffin,31655197,3
Robbie,28115273,0
Lloyd,28115273,4
Naoko,28210952,21
Kizuki,28210952,12
Midori,28210952,14
Watanabe,28210952,23
Sykes,33548173,6
Winters,33548173,6
Ludwig,33548173,17
Inchcape,33548173,8
Atwater,33548173,5
Abrams,4527276,18
Jennie,18999434,15
King,18999434,3
O,18999434,21
Joe,7604698,22
Mike,7604698,9
Rafe,7604698,14
Yesil,103021,6
Franklin,103021,7
Erich,103021,4
Hamidou,103021,22
Rifki,103021,1
Hayes,103021,12
Susan,103021,21
Jimmy,103021,6
Max,103021,4
Billy,103021,3
Ahmet,103021,8
Danny,703970,2
Cale,703970,4
Kalberg,703970,17
Sarone,703970,3
Flores,703970,24
Terri,703970,4
Denise,703970,3
Toby,9547806,6
Tyler,9547806,7
Daniel,9547806,6
Ben,9547806,6
Stubbs,9547806,4
Weaver,9547806,19
Tupper,9547806,3
Luis,31964514,3
Carlos,31964514,2
Anita,31964514,13
Galindo,31964514,3
Valdez,31964514,11
Martinez,31964514,6
Maxton,31952713,13
Tafford,31952713,13
Devereaux,16262738,16
Hoskins,16262738,3
Puertas,10102779,24
Jacqueline,25808637,13
Ivan,25808637,23
Severac,25808637,24
Zareda,25808637,13
Ferroni,25808637,24
Powell,25808637,22
Baron,25808637,7
Holt,14143964,19
Jackie,14143964,9
Harrigan,14143964,20
Tabor,14143964,13
Arnold,14143964,22
Nolan,14143964,10
Marshall,27925515,19
Anna,27925515,3
Julia,27925515,9
Mariano,8412164,12
Yoyita,8412164,12
Gina,8412164,13
Wah,1328239,16
Prince,1328239,2
Heung,1328239,2
Fu,1328239,3
Ning,1328239,13
Burp,1456329,13
Kitty,1456329,3
Chula,1456329,0
Fievel,1456329,3
Tanya,1456329,21
Waul,1456329,18
Sugihara,10156421,7
Mukesh,28888446,19
Narayanan,28888446,3
Menon,28888446,16
Ponnappan,28888446,10
Radhika,28888446,8
Raziya,28888446,0
Mouse,1094787,14
II,205400,1
Dee,205400,11
Elizabeth,205400,4
Campbell,205400,15
Ant,205400,9
Eno,205400,24
County,205400,9
Willcox,205400,22
Stickland,35432986,6
Dibble,35432986,17
Griswald,35432986,6
Benny,35432986,13
Gus,35432986,12
Strickland,35432986,5
Saritha,26810356,8
Teague,21340893,13
Thomasson,21340893,6
Devlin,21340893,10
Brack,21340893,16
Ted,21340893,22
Karl,21340893,21
Jack,3440849,6
Reno,3440849,23
Taft,3440849,19
Dundee,3440849,23
Kiki,12411647,15
Cristina,12411647,12
Alex,12411647,12
Sam,3303413,10
Clay,3303413,3
Beresford,3303413,12
Harper,3303413,6
Gow,18912832,22
Wharton,18912832,18
Foley,18912832,16
Roy,18912832,7
Jan,18912832,8
Gates,18912832,12
Paulson,18912832,6
Lupton,18912832,22
Max,18912832,6
Paulie,18912832,3
Robert,18912832,6
Grant,11611500,0
Arrell,11611500,12
Eastman,11611500,4
Sherman,11611500,20
Dawes,11611500,24
Hills,11611500,5
L.,11611500,9
Goodale,11611500,4
Ohiyesa,11611500,18
Gibson,11611500,12
Martine,29128744,14
Michel,29128744,14
Atkinson,29128744,5
Cleef,6139424,11
Brock,6139424,17
Cole,6139424,5
Dickinson,6139424,16
Cato,10668307,22
Lori,10668307,16
Vinay,4164806,5
Reddy,4164806,13
Peddi,4164806,4
Vindhya,4164806,3
Bangaram,4164806,16
Clay,2962736,19
Crawford,2962736,23
Anne-Marie,2962736,3
Ted,2962736,22
Silver,2962736,3
Linda,4908814,3
Ruber,4908814,2
Horace,4908814,2
Castle,4908814,8
Brewster,4908814,3
Gardener,4908814,1
Blatt,4908814,6
Christine,4908814,6
Redferns,4908814,4
Redfern,4908814,13
Odell,4908814,13
Patrick,4908814,3
Daphne,4908814,3
Verdi,4908814,24
Poirot,4908814,6
Arlena,4908814,3
Tony,8388013,6
Barbara,8388013,4
Jill,8388013,3
Lou,8388013,21
Nick,8388013,8
Mickey,8388013,6
Diana,8388013,3
Bill,8388013,6
Fitzpatrick,8388013,16
Kaori,5673005,8
Itt,5673005,4
Retsudo,5673005,16
Laura,736200,6
Leeds,736200,22
Doug,736200,17
Kinney,736200,3
Madness,12245992,7
Hermil,10749850,16
Jackson,6393703,14
Hooper,23322195,20
Nixon,23322195,9
Django,23322195,3
Daash,23322195,2
Wilton,23322195,23
Cassady,23322195,10
Bob,23322195,4
Lang,23322195,23
Holden,6632229,16
White,6632229,15
Laura,15565499,22
Pericles,15565499,6
Crosby,15565499,22
Aikens,15565499,6
Bo,15565499,4
Letty,76634,3
Sourdough,76634,17
Roddy,76634,6
Cora,76634,3
Lige,76634,6
Hightower,76634,21
Ranganathan,19392462,12
Ambujam,19392462,3
Naidu,19392462,17
Sivanamdam,19392462,21
Pillai,19392462,13
Sivanandam,19392462,6
Pattabi,19392462,22
Rajan,19392462,6
Shanmugam,19392462,11
Chinnaiah,19392462,2
Kathy,29783704,23
Johnson,29783704,14
Randall,29783704,1
Clytia,13848070,5
Arthur,982874,4
Beeblebrox,982874,2
Rontok,982874,18
McMillan,982874,22
Magrathea,982874,4
Kavula,982874,1
Dent,982874,1
Zaphod,982874,6
Trillian,982874,17
Marvin,982874,23
Dina,11681107,4
Natalia,11681107,19
Sveta,11681107,21
Alik,11681107,20
Jatin,15908338,6
Siddiqui,15908338,14
Imtiyaz,15908338,17
Pradhan,15908338,3
Zameer,15908338,24
Agashe,15908338,18
Rajashekhar,15908338,3
Sadhu,15908338,7
Ann,4180595,17
Ginny,4180595,3
O'Hara,4180595,5
Greg,4180595,20
Steve,4180595,24
Wainwright,4180595,3
Amelia,4180595,9
Thomerson,4180595,13
Alfred,4180595,16
Bernadette,4180595,16
Vercoures,4180595,9
Faraday,4180595,9
Kraken,11921473,0
Suli,11921473,4
Alex,11921473,21
Goldilocks,7690409,3
Shanti,34164539,14
Raj,34164539,4
Kedar,34164539,11
Jenny,34164539,10
Edward,34164539,6
Bhabhi,34164539,7
Vijay,34164539,18
Ainslee,649120,5
Harry,649120,4
Mordachai,649120,10
Shaw,649120,4
Dawg,649120,24
Adams,649120,10
Morgan,649120,4
Brown,649120,7
Reed,649120,4
Okita,19138595,4
Denguil,19138595,16
Yuki,19138595,2
Valya,8573314,20
Lyuda,8573314,6
Murphy,23784006,14
McIntyre,23784006,0
Jones,23784006,15
Auberjonois,23784006,0
Vollmer,23784006,3
Blake,23784006,16
Waldowski,23784006,13
Merrill,23784006,21
Boone,23784006,21
Houlihan,23784006,6
Hammond,23784006,21
Leslie,23784006,19
Burns,23784006,3
Yamachi,23784006,13
Schneider,23784006,23
Forrest,23784006,4
Mulcahy,23784006,6
Pierce,23784006,0
Goundamani,26862467,14
Karthik,26862467,21
Majula,26862467,19
Karthick,26862467,23
Ravi,26862467,14
Sanghavi,26862467,19
Gupta,26862467,10
Yamadharma,26862467,17
Thyagu,26862467,12
Cudlip,27606552,14
Leuchter,634114,21
Tony,1512830,11
Roe,1512830,4
McRae,1512830,0
Ed,1512830,8
Knight,1512830,17
Butch,1512830,17
Bell,1512830,6
Leila,34982179,5
Starr,2222699,0
Soo-Yung,2222699,17
Carter,2222699,24
Han,2222699,17
Kenji,2222699,17
George,2222699,0
Lee,2222699,6
Agnes,2222699,23
Genvi,2222699,5
Chang,25930191,8
Hwan,25930191,7
Sung,25930191,12
Woo,25930191,21
Ho,25930191,8
Hyuk,25930191,12
Yeon,25930191,23
Eugene,4311587,12
Bray,4311587,11
Beecham,4311587,9
Annette,4311587,18
Howard,4311587,1
King,4311587,7
Dubois,4311587,12
Giles,4311587,9
Gromit,13549802,3
Fluffles,13549802,6
Bakewell,13549802,11
Piella,13549802,2
Bob,13549802,15
Wallace,13549802,3
Palmer,27695067,14
Allan,27695067,1
Marche,27695067,9
Nick,27695067,16
Hutchinson,27695067,3
Frensham,27695067,18
X,27695067,22
Gloria,26200965,6
Gabe,26200965,16
Judson,1210684,7
Jennifer,1210684,21
Sullivan,1210684,9
Stewart,1210684,3
Avery,1210684,21
Eva,1210684,16
Prentiss,1210684,24
Phillips,1210684,1
Carol,1210684,23
Shackleton,11097321,9
Helmut,12801908,3
Behnke,12801908,17
Christine,20948918,20
Mimiko,5140171,16
Mizunuma,5140171,3
Yamashita,5140171,3
Nanako,5140171,0
Shibasaki,5140171,4
Kenji,5140171,3
Yoko,5140171,3
Yumi,5140171,3
Natsumi,5140171,23
Ricky,7117484,22
Efrosinia,3090779,24
Fyodor,3090779,21
Kazan,3090779,22
Ivan,3090779,6
Kolychev,3090779,12
Staritska,3090779,3
Basmanov,3090779,17
Vladimir,3090779,13
Sigismund,3090779,23
Pyotr,3090779,12
Philip,3090779,6
Kurbsky,3090779,13
Dmitri,3090779,15
Manouelis,22672205,2
Anni,3579131,21
Gerda,3579131,11
Eisler,3579131,21
Fritz,3579131,6
Wampe,3579131,6
Raymond,22826209,3
Ang,22826209,23
Xiuzhi,20682121,24
Lakshmi,791765,4
Babu,791765,17
Arvind,791765,16
Inderpal,791765,10
Ballentine,2702787,20
Thomason,2702787,13
Rita,2702787,6
Greta,2702787,6
Carr,2702787,10
Janice,2702787,6
Carlson,2702787,4
Larry,2702787,3
Verna,2702787,16
Bell,2702787,4
Halliday,31301713,4
Gunn,31301713,14
Cooper,21328419,9
Bowdre,1343973,4
Kennedy,1343973,12
Coe,1343973,9
Sand,1343973,3
Pilar,1343973,2
Smith,1343973,18
Fitch,1343973,3
Neesa,1343973,17
Williams,32872881,2
Joe,32872881,19
Brown,32872881,21
James,32872881,24
Bana,19847429,15
Leno,19847429,4
Jason,2372920,13
Ray,2372920,21
Beverly,2372920,3
Donofrio,2372920,15
Amelia,2372920,2
Fay,2372920,6
Heinz,31323853,9
Christine,31323853,15
Reich,23545853,8
Setter,14359212,12
Ivanovich,14359212,21
Justin,13671238,6
Elle,13671238,9
Tiffany,13671238,6
Izzy,13671238,2
Isabelle,13671238,3
Chris,13671238,6
Meadows,13671238,9
Woods,13671238,15
Higgins,13671238,18
Donohugh,13671238,2
Shawn,10887942,1
Marcus,10887942,3
Jody,10887942,23
Anna,10887942,1
Kareem,10887942,17
Criton,10887942,11
Becky,10887942,13
Julie,10887942,1
Josh,10887942,17
Chase,10887942,17
Brandon,10887942,24
Anne,10887942,17
Hastings,10887942,11
Chuck,10887942,1
Scott,10887942,3
Montgomery,292453,18
Taylor,292453,16
Kelly,292453,13
Rachel,292453,6
Jack,292453,4
Price,292453,16
Alex,292453,2
Lars,23266862,20
Anja,23266862,6
Hans,23266862,6
Barrett,19367800,11
Jane,34785654,23
Dexter,34785654,7
Ken,34785654,6
Berger,28252472,3
Andersson,28252472,9
Rogers,28252472,21
Helen,28252472,3
Shekhar,19592948,13
Raja,19592948,16
Hayden,28063182,10
Frank,28063182,8
Sylvester,22022829,6
Fudd,22022829,21
Dylan,9765282,3
Megan,9765282,23
Hitler,9765282,1
Gubara,35003121,18
Giovanni,14863130,3
Durand,14863130,6
Mola,14863130,6
Angela,14863130,6
Saracinesca,14863130,16
Seracinesca,14863130,13
Vesuvius,14863130,20
Chiaromonte,14863130,13
Severini,14863130,4
Bernard,14863130,18
Severi,14863130,16
Conan,8062510,13
Shiratori,8062510,21
Takagi,8062510,6
Jinno,8062510,3
Toshiya,8062510,18
Sonoko,8062510,13
Ayumi,8062510,6
Shinichi,8062510,23
Mouri,8062510,3
Eri,8062510,13
Narasawa,8062510,17
Kazato,8062510,3
Tomonari,8062510,6
Kogoro,8062510,6
Megure,8062510,13
Sato,8062510,17
Mitsuhiko,8062510,6
Shiba,8062510,5
Moth,19792885,6
Wurst,19792885,10
Bijou,19792885,23
Church,19792885,7
Leonid,19792885,3
Gilda,19792885,1
Mausoleum,19792885,22
Ada,19792885,5
Vlad,19792885,17
Vijayasanthi,6819266,14
Balasubramaniam,6819266,10
Gopal,6819266,9
Rao,6819266,5
Chitra,6819266,0
Murthy,6819266,17
Zen,14871898,23
Stu,780873,3
Ramey,780873,17
Pam,780873,17
Kelly,780873,17
Shepard,780873,17
Leon,780873,17
Mahabaleshwar,8602796,7
Sharma,8602796,14
Uma,8602796,2
Ashok,8602796,11
Arun,8602796,14
Mehta,8602796,18
Dalip,8219325,3
Geiger,8219325,23
Krstic,8219325,4
Siegfried,8219325,6
Max,8219325,17
Arthur,9914234,14
Lila,9914234,12
Tara,9914234,18
Nate,9914234,5
Glenn,9914234,21
Barb,9914234,15
Annie,9914234,3
Muskeet,5125134,1
Anna,5125134,2
Boxx,5125134,3
Kate,5125134,21
Celia,5125134,3
Peggy,5125134,21
McDonald,5125134,9
Coombes,163462,21
Butler,163462,14
Becool,19343738,19
Gray,19151240,16
Ana,19151240,16
Nico,26402297,21
Shannon,22805715,22
Lily,22805715,16
Nate,22805715,3
Neha,7660519,17
Singh,7660519,0
Anthony,7660519,3
Zargo,2092651,24
Peter,2092651,14
Sonia,2092651,10
Rasputin,2092651,13
Koide,23666657,15
Matsushita,23666657,17
Akitsugu,23666657,11
Lee,23666657,12
Kunishiro,23666657,20
Shioda,23666657,13
Nakamura,23666657,20
Hayashi,23666657,23
Suzuki,23666657,2
Thomas,19068826,2
Belle,19068826,20
Kali,14562213,22
Kaali,14562213,23
Thapar,14562213,10
Riya,14562213,2
Malhotra,14562213,2
Abraham,14562213,8
Devi,28103324,2
Sunder,28103324,4
Chokkalingam,28103324,2
Navilur,28103324,11
Senathipathi,28103324,3
Gowri,28103324,23
Mandakini,28103324,3
Vanjikottai,28103324,2
Sivakami,28103324,21
Murugan,28103324,4
Jane,19569381,13
Sam,19569381,3
Dunn,19569381,18
Wyoming,19569381,14
Jordan,19569381,19
Gibson,19569381,22
Elly,19569381,11
Jeff,19569381,15
Landis,19569381,5
Chadwick,19569381,3
Thorne,19569381,1
Carraclough,74862,15
Clark,34327526,24
Dawson,34327526,20
McCall,34327526,9
Liz,23914778,24
Weathers,23914778,8
Lambert,23914778,12
Rajani,8356657,2
Naagu,8356657,22
Rao,8356657,8
Bronson,26369030,19
Jens,13344162,4
Cecilia,23146200,24
Mooney,11926477,18
Kishan,9006010,2
Khurana,9006010,23
Singh,9006010,14
Michael,9422274,3
Pete,9422274,21
Carr,9422274,14
Karen,9422274,6
Davis,9422274,7
Cole,9422274,5
Seleznyov,8108710,8
Alice,8108710,3
Green,8108710,4
Jean-Claude,6608572,22
Jerome,6608572,15
Christiane,6608572,15
Nathalie,6608572,24
Bernard,6608572,16
Simpson,27947883,8
VIII,27947883,18
Winthrop,27947883,6
Hugo,23881223,5
Ferguson,32070681,1
Lindsay,32070681,15
Sparky,2101749,1
Burke,2101749,17
Irons,2101749,4
Joe,2101749,16
Caleb,16668626,17
Mary,16668626,14
Dave,16668626,2
Castro,16668626,12
Kilgore,16668626,19
Julian,12006505,6
Greg,12006505,23
Adair,12006505,17
Malbro,12006505,14
Alison,12006505,23
Caroline,12006505,0
Tierney,12006505,14
Grannard,12006505,6
Morgan,19583968,18
Jennifer,10542206,16
Haskins,10542206,13
Dowd,10542206,2
Marsh,10542206,11
Owen,10542206,23
Mike,1925631,6
Gaysh,1925631,22
Grimaldi,21576291,15
Jed,21576291,2
Lee,10196144,6
Hansheng,10196144,23
Wang,10196144,8
Hogg,10196144,3
Sam,4270213,17
Max,4270213,3
Devlin,4270213,3
Lind,4270213,17
Dooey,149748,20
Butabi,149748,6
Steve,149748,13
Emily,149748,1
Grieco,149748,21
Sanderson,149748,7
Zadir,149748,3
Murphy,26367115,20
Lonigan,26367115,16
Bratowski,26367115,18
Rosco,26367115,17
Al,26367115,3
Herschel,26367115,24
Agrosio,26367115,6
Duddy,872485,6
Kravitz,872485,21
Yvette,872485,6
Linda,872485,8
Virgil,872485,20
Lenny,872485,4
Farber,872485,21
Max,872485,4
Irwin,872485,9
Benjy,872485,16
Dingleman,872485,6
Saeba,4844617,2
Imumura,4844617,13
Saeko,4844617,3
Nogami,4844617,18
Kaori,4844617,3
Makimura,4844617,24
Lee,4844617,12
Shizuko,4844617,24
Ta,4844617,7
Kim,4844617,17
Mac,4844617,17
Ryo,4844617,3
Cleg,875305,7
Jie,16881572,17
Chyi,16881572,3
Shin,16881572,6
Anita,35030671,2
Steve,35030671,16
Winslow,35030671,17
Tommy,35030671,16
Hastings,35030671,19
Theresa,25114906,9
Nova,7128210,17
Mifflin,7128210,17
Kroll,7128210,17
Marshak,7128210,17
Skinner,7128210,3
Bielska,10564861,13
Stuhr,10564861,0
Kryska,10564861,6
Tamara,10564861,8
Horn,9008173,17
Shelley,2638634,13
Frankenstein,2638634,4
Mary,2638634,13
Buchanan,2638634,6
Morrison,8012981,10
Jackie,8012981,13
Marian,62084,16
Lionheart,62084,17
the,62084,17
Malbete,62084,18
Robin,62084,4
Gisbourne,62084,17
Forest,62084,8
Dickon,62084,22
John,62084,13
Norman,62084,0
Patsy,10543058,12
Boyd,10543058,10
Ralph,10543058,14
Nin,3597588,0
Rickhardt,3597588,15
Holt,3597588,24
Truman,3597588,0
Wright,3597588,18
Donald,3604814,3
Schopis,31620866,15
Meskela,8938925,20
Carter,12213090,11
Fareed,12213090,19
Samir,12213090,6
Clayton,12213090,11
Omar,12213090,17
Eliana,32422858,4
Kathryn,32422858,17
Sachin,32422858,9
Marion,12383140,14
Wayne,12383140,11
Ursula,12741677,6
Linden,12741677,23
Stan,12741677,17
Dorothy,12741677,3
Leon,12741677,3
Fraker,12741677,19
Petrescu,19503076,3
Stefan,19503076,6
Jill,19503076,12
Roxy,19503076,3
Susan,19503076,3
Jon,19503076,2
Hunter,19503076,17
Max,19503076,21
Seth,19503076,5
Vlad,19503076,6
Punnoose,26306030,5
Dougie,915556,20
Mactaggart,915556,5
Pusey,915556,9
Maggie,915556,14
Marshall,915556,3
puffer,915556,14
Ambika,26483188,2
Unnithan,26483188,14
Wolf,2646948,4
Regina,2646948,6
Tom,2646948,6
Matthews,2646948,8
Lewis,2646948,23
Becky,2646948,17
Walker,2646948,6
Owen,2646948,6
Randall,2646948,5
Trowbridge,7715240,2
Zaroff,7715240,23
Rainsford,7715240,17
Martin,7715240,2
Steve,6049256,17
Brad,6049256,3
Jay,6049256,17
Charlie,6049256,20
Helen,6049256,24
McFadden,6049256,18
Shi,6187293,2
Huang,6187293,23
Tom,5800283,17
Daley,5800283,5
Sitkowski,5800283,16
Romano,5800283,17
Mackenzie,304789,0
Wiseman,304789,18
Izuhura,304789,6
Christina,304789,17
Bernard,304789,16
Jake,30271101,0
Jude,30271101,19
Zoe,30271101,14
Diane,30271101,16
Parvez,11944018,10
Babita,11944018,4
Kapoor,11944018,9
Rakesh,11944018,0
Kamal,11944018,1
Viswanathan,11141934,3
Devi,11141934,9
Bharani,11141934,5
Kamal,11141934,6
Leary,35742073,0
Hofmann,35742073,22
Jesus,35742073,16
Mettler,35742073,10
Bahma,7087854,14
Groucho,7087854,11
Skelton,7087854,10
Han,10618949,12
Yao,10618949,1
Hsien,10618949,18
Hoo,10618949,13
Chien,10618949,5
Yi,10618949,17
Te-ti,10618949,5
Yu,10618949,16
Hsein,10618949,20
Te-cheng,10618949,12
Amsden,6209219,15
Smith,6209219,16
Russell,6209219,18
Judge,22653289,21
Brady,22653289,13
Davenport,22653289,9
Hornbeck,22653289,17
Coffey,22653289,1
Darwin,22653289,16
Cates,22653289,12
Rachel,22653289,14
Brown,22653289,2
Drummond,22653289,13
Spike,10844342,3
Tom,10844342,3
Jerry,10844342,3
Harry,2763233,3
Wayne,2763233,3
Godden,22846761,6
Molly,22846761,23
Carty,22846761,3
Baby,22846761,3
Natasha,22846761,19
Elvis,22846761,3
Millan,22846761,4
Sonia,22846761,24
Lee,22846761,15
Bob,22846761,17
Graham,22846761,23
Jackie,22846761,24
Wilde,9134018,11
Marsh,9134018,8
Marat,9134018,10
Leo,3260698,6
Raphael,3260698,3
Splinter,3260698,19
Winters,3260698,5
O'Neil,3260698,19
Jones,3260698,9
Donatello,3260698,9
Michelangelo,3260698,9
Karai,3260698,17
Casey,3260698,17
Leonardo,3260698,4
Donny,3260698,16
Raph,3260698,3
Yaotl,3260698,4
Mikey,3260698,23
Ambika,34299596,0
Ramadasaradan,34299596,16
Uma,34299596,6
Deepak,34299596,22
Vijay,34299596,6
Paul,28706485,6
Allan,28706485,3
Carl,28706485,16
Julie,28706485,20
Johnson,28706485,19
Freda,28706485,3
Dacanay,28552575,0
Aguinaldo,28552575,20
Compton,28552575,10
Hidalgo,28552575,8
Umberto,11733673,15
Leone,11733673,18
Lohmann,1353105,17
Kent,1353105,16
Lilli,1353105,21
Baum,1353105,3
Kramm,1353105,22
Hofmeister,1353105,10
Mabuse,1353105,22
Bredow,1353105,1
Hardy,1353105,1
Lester,27836887,11
Cannon,27836887,11
Watts,27836887,23
Carl,27836887,3
Jim,27836887,15
Bambi,27836887,4
Cummings,27836887,22
Amy,32854822,6
Moon,32854822,24
Drago,32854822,22
Charles,32854822,16
Dan,32854822,6
Thibodeaux,32854822,13
Bender,32854822,16
Alonso,32854822,21
Dee,1210913,16
Froggy,1210913,20
Ireenie,1210913,2
Tang,1210913,21
Shortie,1210913,0
Lecter,1210913,1
Bernice,1780510,10
Penlow,1780510,7
Albert,1780510,3
Lansdown,1780510,9
Stefan,25664434,2
Wojtek,25664434,6
Ania,25664434,3
Ewa,25664434,13
Majka,25664434,6
Muthukarrupan,35018444,5
Vijay,35018444,2
Jayaraj,35018444,24
Durga,35018444,19
Bhavani,35018444,2
Rekha,35018444,9
Achamma,7497572,6
Ramabhadran,7497572,20
Mukesh,7497572,23
Malu,7497572,6
Achama,7497572,2
Balakrishnan,7497572,22
Swaminathan,7497572,21
Kutty,7497572,11
Delilah,277713,7
Banning,277713,18
Tong,277713,15
Jimmy,277713,14
Devlin,277713,22
Blaine,277713,14
Kris,31803985,4
Gopi,32720855,15
Ramaiah,32720855,15
Janaki,32720855,2
Mick,5125674,8
Beasley,5125674,6
Wolf,5125674,13
Grubb,5125674,19
Teeter,5125674,2
Ida,5125674,3
Betty,5125674,13
Max,5125674,17
Penelope,10328139,3
Bloom,10328139,3
Stephen,10328139,6
Stamp,10328139,17
Melville,10328139,6
Nito,34954298,20
Mehdi,34954298,13
Mason,23964220,8
Pontian,23964220,20
Kemal,23964220,23
Pantzo,23964220,4
Buquet,308930,14
Erik,308930,3
Daae,308930,2
Raoul,308930,21
Christine,308930,3
Chagny,308930,2
Papillon,308930,24
Ledoux,308930,23
Simon,308930,19
Arthur,3217,15
Henry,3217,4
Sheila,3217,4
Klaatu,3217,16
Ash,3217,3
Telfair,14729074,13
Bogard,11857726,21
GangWar,11857726,24
Vikranthan,31655548,20
Prince,31655548,22
Craven,1136182,13
Lynch,1136182,15
Manor,1136182,1
Colin,1136182,6
Martha,1136182,6
Mary,1136182,3
Weatherstaff,1136182,19
Lenox,1136182,7
Sowerby,1136182,21
Medlock,1136182,6
Myriel,1743227,4
Cosette,1743227,2
Javert,1743227,3
Valjean,1743227,6
McGlynn,1743227,11
Gavroche,1743227,0
Marius,1743227,21
Grimm,18640416,14
Jakob,18640416,24
Uluriaq,1218494,3
Amaqjuaq,1218494,17
Atanarjuat,1218494,3
Panikpak,1218494,6
Qulitalik,1218494,3
Sauri,1218494,3
Kumaglak,1218494,16
Atuat,1218494,3
Tulimaq,1218494,6
Thornton,20351304,21
Katia,4390109,19
Cloe,4390109,17
Sahib,5696691,19
Khan,5696691,12
Hussaini,5696691,2
Sultan,5696691,3
Umrao,5696691,13
Jaan,5696691,15
Ali,5696691,15
Nawab,5696691,13
Amiran,5696691,12
Ghari,5696691,21
Bismillah,5696691,22
Luana,19421454,10
Danny,3377808,2
Mason,3377808,6
Cocolonia,36066367,3
Whittaker,12599728,5
Chamberlain,12599728,21
Greener,12599728,7
Johnson,12599728,6
Gardiner,12599728,2
Gayathri,6030966,23
Rakhi,6030966,21
Krishna,6030966,2
Iyer,6030966,0
Arthur,20795248,20
Susy,20795248,8
Grant,20795248,23
Blake,20795248,18
Lewis,20795248,23
Butler,20795248,15
Jack,20795248,17
Chara,10685691,22
Mooney,10685691,19
Scud,10685691,16
Rama,28200672,3
Malathi,7580945,1
Janaki,7580945,6
Sambandham,7580945,3
Anand,7580945,15
Laura,7558604,6
Djamel,7558604,20
Mathilde,7558604,14
Ariel,7558604,2
Hashanah,7558604,11
Valette,7558604,5
Jimmy,33056213,2
Sam,33056213,4
Jones,35495058,12
Smith,35495058,20
Ella,2073069,21
Maggie,2073069,6
Michael,2073069,8
Feller,2073069,23
Rose,2073069,23
Cummings,2073069,18
Jim,2073069,19
Stein,2073069,19
Caroline,2073069,19
Akira,1117164,3
Shigeru,1117164,3
Kyoko,1117164,7
Yuki,1117164,23
Jaeckel,30539482,7
Stein,30539482,16
Petersen,1347741,22
Drummond,1347741,22
D.J.,10824285,6
Billy,10824285,22
Frank,10824285,21
Del,10824285,3
Farraday,10824285,16
Campbell,10824285,6
Moe,14683064,3
Larry,14683064,3
Peter,36309911,3
Shush,3150820,23
Porky,3150820,23
Seema,20691181,9
Ashok,20691181,3
Marivaux,9578547,14
Abdelkrim,9578547,2
Drago,26631229,12
Le,26631229,20
Lien,26631229,15
Goodman,2846937,22
Riddle,444767,1
Red,444767,21
Howard,444767,23
Marcela,444767,19
Woolf,444767,23
Seabiscuit,444767,20
Smith,444767,24
Mammootty,31616980,11
Nair,31616980,23
Mario,1981903,2
Jo,1981903,17
Tony,1981903,6
Viviane,1981903,15
Mado,1981903,3
Tonio,1981903,19
Grutter,1981903,17
Ida,1981903,2
Elizabeth,6839059,1
Chilvers,6839059,18
Joyce,6839059,16
Philip,6839059,13
Harry,9457642,3
Bliss,9457642,3
Spruance,9457642,21
Andy,9457642,23
Raine,25411775,8
Anand,31131185,13
Nicole,25896538,10
Mitchell,25896538,6
Marston,32986669,1
Keightley,32986669,12
Dave,731868,4
Sam,731868,4
Wolf,61175,9
Ellis,61175,0
Wynant,61175,9
O'Sullivan,61175,13
Loy,61175,23
Carson,6659784,13
Vogel,6659784,12
Michel,2455295,1
Walter,2455295,19
Hanako,2455295,18
Trudeau,2455295,5
Sophie,2455295,6
Nielson,23167491,15
Sal,23167491,12
Kate,23167491,3
Suzanne,23167491,21
Parker,23167491,11
Stroh,23167491,12
Anderson,23167491,17
Bella,23167491,23
Tommy,23167491,3
Straus,23167491,13
Shankar,24282078,13
Mohinidevi,24282078,22
Namkeen,24282078,20
Saara,7950163,21
Simone,15671725,9
Carole,15671725,16
Neil,15671725,16
Molly,10349642,4
Tom,10349642,3
Victor,10349642,24
Weaver,10349642,3
Eddie,10349642,17
Rebecca,10349642,10
Zuko,16963505,17
Katara,16963505,17
Gyatso,16963505,5
Zhao,16963505,4
Aang,16963505,3
Azula,16963505,3
Sokka,16963505,15
Ozai,16963505,9
Yue,16963505,19
Iroh,16963505,3
Momo,16963505,15
Alex,22123631,21
Molly,23760243,23
Ling-Ling,23760243,17
Love,23760243,13
Clara,23760243,17
Xandir,23760243,1
Foxxy,23760243,6
Janu,21116400,7
Ammalukutty,21116400,2
Malathi,21116400,13
Kuruppu,21116400,6
Punchiri,21116400,13
Eagen,29585850,24
Cooper,29585850,6
Fay,29585850,6
Nancy,29585850,19
Cunningham,27604230,17
Molly,27604230,21
Fisher,27604230,21
Rico,8160760,16
Karin,8160760,6
Benny,8160760,3
Basse,8160760,23
Kjell,8160760,16
Leo,8499752,6
Marcel,8499752,16
Odets,242528,22
Farmer,242528,6
Juliet,20511718,3
Moran,20511718,14
Charlie,20511718,3
McColley,20511718,11
DeBoer,20511718,24
Smith,20511718,4
Rob,20511718,15
Marcus,32891767,1
Manning,7028102,17
Baird,7028102,10
Carmichael,7028102,22
Nina,6003924,4
Quint,6003924,23
Ryland,6003924,9
Hawthorne,6003924,12
Ringer,6003924,22
Grant,8227280,17
Marissa,8227280,17
Joey,8227280,4
Kottaval,35226942,4
Sundar,35226942,21
Raj,35226942,0
Pandi,35226942,12
Karthika,35226942,20
Jeremy,18933002,21
Daisy,18933002,6
Carter,18933002,21
Patrick,18933002,24
Kate,18933002,3
Seamus,18933002,18
Webber,18933002,10
Jesus,18933002,10
Jemma,18933002,21
Jack,18933002,13
Harvey,6000210,21
Gabrielle,6000210,2
Fitzgerald,34606186,12
Maria,34606186,21
Cass,34606186,14
Louise,34606186,16
Charlie,34606186,10
Barnes,34606186,19
Dobie,34606186,24
Brighton,34606186,11
Waynebrook,34606186,12
John,34606186,12
Mel,34606186,24
Asterix,2409558,3
Vitalstatistix,2409558,11
Caesar,2409558,3
Iris,2409558,16
Cilindric,2409558,0
Obelix,2409558,3
Tiddlus,2409558,22
Pedro,2734962,1
Javier,2734962,6
Sonia,2734962,9
Debbie,25526308,16
Rosen,25526308,2
Michelle,25526308,24
Aaron,25526308,11
Matthias,339403,17
Neville,339403,3
Zachary,339403,15
Richie,339403,8
Lisa,339403,14
Ritchie,339403,14
Anthony,5549065,6
Hope,5549065,1
Toby,5549065,23
Todd,5549065,3
Turpin,5549065,17
Lovett,5549065,21
Collins,5549065,8
Bamford,5549065,3
Ragg,5549065,1
Pirelli,5549065,23
Barker,5549065,11
Lucy,5549065,4
Johanna,5549065,4
Jayachitra,11143128,8
Sivakumar,11143128,2
Srividya,11143128,22
Haasan,11143128,19
Sherman,3408082,20
MacRae,3408082,12
Marjorie,3408082,3
Winfield,3408082,7
Mundy,3579544,5
Robert,3579544,21
Alison,3579544,21
Harley,31946055,10
Moor,992451,16
Burdett,992451,3
Cirillo,992451,19
Lola,992451,6
Lloyd,992451,6
diamond,992451,22
Max,992451,24
Stan,992451,3
Sophie,992451,23
Matt,1508787,6
Lisa,1508787,6
Lucy,26323913,24
Galia,26323913,12
Derek,26323913,21
Nair,30540674,0
Rekha,30540674,8
Benoit,16023028,21
Robin,16023028,18
Royce,195776,18
Lee,195776,18
Adams,195776,3
Eddie,195776,6
Reardon,195776,6
Rita,32899970,2
Ngando,34750408,21
de,34857169,15
Oulman,34857169,14
Salazar,34857169,7
Rodrigues,34857169,2
Lacchi,6523148,20
Somayya,6523148,21
Devi,6523148,6
Kuchipudi,6523148,1
Vanaja,6523148,6
Shekhar,6523148,15
Costa,16187144,17
Bartlett,16187144,6
Strauss,16187144,9
Parsons,16187144,20
Woodruff,16187144,6
Fox,16187144,8
Bernstein,16187144,22
Clyde,16187144,10
Cooney,16187144,21
Tolliver,16187144,6
Iranov,62118,24
Yakushova,62118,18
Kopalsky,62118,24
Buljanov,62118,24
Swana,62118,9
Richard,12392491,24
Allen,9907279,0
Jansen,9907279,20
Alexandra,9907279,16
Wilder,9907279,1
Alex,9907279,9
Caleb,9907279,4
Loriellidere,9907279,0
Stan,66853,24
Tollman,307072,8
Lena,307072,12
Skarratt,307072,7
Matt,307072,17
Kennelly,307072,22
Eden,307072,2
Marie,307072,6
Margo,13814165,3
Traitoro,13814165,10
Sonio,13814165,7
Pitt,13814165,21
Xerxes,13814165,3
Lohan,13814165,7
Seacrest,13814165,20
Gaynor,13814165,15
Britney,13814165,23
Leonidas,13814165,3
Dilio,13814165,21
Spears,13814165,9
Maria,1934035,5
Hunter,1934035,18
Sven,1934035,10
Chuck,1934035,0
Ariel,1934035,21
Max,1934035,21
Ragetti,1934035,21
Jacob,1934035,21
John,1934035,3
Melanie,1934035,21
Jurgis,7856287,12
Leon,7856287,3
Goro,10703992,16
Hanako,10703992,3
Potkin,30759524,5
Jerry,30759524,5
Hanlon,30759524,20
Bitsu,34190121,23
Masazuka,34190121,4
Bowman,34190121,22
Namiko,34190121,17
Traxler,34190121,17
Garrison,34190121,12
Casey,34190121,17
Jatin,11186374,20
Kamini,11186374,3
Vinod,11186374,6
Pandey,11186374,0
Gupta,11186374,9
Malik,11186374,18
Carson,14143302,4
Brent,14143302,18
Pegleg,14143302,4
Morrell,35908377,6
Kingshead,35908377,8
Stouple,35908377,13
Han,35410351,18
Kukoi,25860517,2
Kokoi,25860517,17
Boro,25860517,0
Biswa,25860517,21
Beamer,3920826,21
Sliney,3920826,1
Saeed,3920826,17
Bingham,3920826,10
al-Nami,3920826,15
Atta,3920826,2
Jr.,3920826,6
al-Haznawi,3920826,15
Jarrah,3920826,23
Jefferson,3920826,23
Shoichi,36399031,5
Villa,30754247,5
Pancho,30754247,22
Diponegoro,32793666,13
Borst,32793666,24
van,32793666,17
Kromoludiro,32793666,8
Sarjan,32793666,13
Aaken,32793666,6
Goro,255931,6
Tampopo,255931,13
Pisken,255931,6
Tabo,255931,17
Shohei,255931,5
Lai,255931,12
Brian,29629913,24
Ross,15946694,18
Clutten,15946694,21
Suhani,2661422,24
Vishal,2661422,5
Zintakova,2661422,6
Rao,2661422,6
Agastya,2661422,6
Boney,2661422,13
Piya,2661422,6
Suhaan,2661422,6
Rukmani,11625269,9
Bhagat,11625269,2
Babu,11625269,21
Shahji,11625269,10
Kundan,11625269,10
Malik,11625269,16
Lajjo,593127,21
Rohit,593127,14
Jennifer,593127,15
Naina,593127,14
Patel,593127,14
Mathur,593127,24
Gia,593127,21
Aman,593127,6
Kapur,593127,18
Wei,10639879,21
Hung,10639879,17
Mattei,31106274,6
Goldman,31106274,6
Karim,31106274,1
Zacchia,31106274,17
Barrett,14810149,17
Alexander,14810149,16
Cassie,14810149,22
Tommy,16842678,18
Rosa,29196889,6
LeBrun,29196889,5
Ray,29196889,7
Sherman,29196889,12
George,29196889,24
Dresser,29196889,6
Toni,29196889,3
Martindel,29196889,1
Richard,29196889,23
Baroness,29196889,6
Flossie,28945997,4
Trina,28945997,2
Bragg,28945997,6
Rue,28945997,10
Bill,28945997,6
Kane,6565567,19
Yankl,6565567,3
Mamie,6565567,22
Bernstein,6565567,8
Gitl,6565567,23
Jake,6565567,2
Kavarksy,6565567,12
Muthazhagi,19286348,23
Meenavargal,19286348,13
Alaiyappan,19286348,17
Manickam,19286348,21
Mehmood,6744353,15
Anand,6744353,8
Paul,14195429,4
Roberts,14195429,1
Bendick,14195429,11
Melissa,14195429,21
Oakley,14195429,15
Bart,14195429,6
Betty,14195429,12
Derrick,14195429,6
Adam,14195429,4
Dwight,14195429,23
Oliver,5604840,13
Hall,5604840,18
Ollie,5604840,4
Stan,5604840,4
Hardy,5604840,12
Tyler,492540,10
Zevo,492540,21
Patrick,492540,7
Gwen,492540,9
Leland,492540,6
Owen,492540,23
Owens,492540,3
Leslie,492540,13
Phyllis,14780560,11
Hardwicke,14780560,20
Harcourt,14780560,19
Flynn,14780560,9
Louise,14780560,9
Dexter,14780560,9
Paige,14780560,13
Oswald,31879389,3
Paul,1644429,11
L,1644429,20
Elisabeth,1644429,5
Billard,1644429,7
Catherine,1644429,24
Madeleine,1644429,11
Godard,1644429,11
Jean-Pierre,12821239,20
Antoine,12821239,10
Miller,24129324,16
Yukon,8273761,14
Cornelius,8273761,18
Clarice,8273761,14
Moonracer,8273761,17
Camilla,8273761,5
Eenashu,25714957,10
Unniyettan,25714957,8
Krishna,25714957,15
Rajeswari,25714957,2
Menon,25714957,12
Balan,25714957,6
Nandini,25714957,21
aka,25714957,2
Johnson,25714957,6
Prescott,18271027,3
Hall,18271027,1
Wechsberg,18271027,23
Nelson,18271027,22
Ginglebusher,18271027,6
Kalfu,33514024,3
Peters,33514024,17
Tom,11272721,23
Jerry,11272721,3
Weisser,25900086,11
Kasim,23819161,21
Aladdin,23819161,24
Aladin,23819161,3
Jasmine,23819161,24
Chatterjee,23819161,23
J,10506917,12
Ani,10506917,12
Sherry,2926860,16
Baker,2926860,14
Bilge,2926860,7
Iris,2926860,12
Elizabeth,3995273,6
Lopez,3995273,13
Walsingham,3995273,14
Mary,3995273,4
III,3995273,9
Burghley,3995273,17
VI,3995273,5
Cecil,3995273,9
Volpina,239086,12
Giudizio,239086,3
Ciccio,239086,4
pope,239086,16
Juans,239086,24
Balosa,239086,17
Fiorella,239086,17
Aurelio,239086,4
Titta,239086,3
Cooper,239086,8
Gradisca,239086,3
Miranda,239086,2
Fellini,239086,6
Lallo,239086,3
Ovo,239086,21
Louis,239086,7
Aldina,239086,4
Taylor,34613355,15
Diab,34613355,0
Culliton,34613355,15
MacKenzie,34613355,20
M.D.,34613355,18
Edvard,1096949,6
Paige,1096949,21
Shakespeare,1096949,7
Haraald,1096949,17
Morgan,1096949,12
Eddie,1096949,3
King,1096949,14
Rosalind,1096949,5
Cox,26428662,24
Lucas,26428662,21
Jacques,26428662,21
Yadav,27945099,23
Menon,27945099,15
PreviewKay,27945099,14
Babloo,27945099,3
Juanito,12605892,24
Orbea,12605892,21
Saad,2807539,17
Lee,2807539,17
Robyn,2807539,19
Knoll,2807539,16
Elwood,2807539,17
Berman,2807539,13
Vinod,10658462,2
Pierce,8326535,18
Gil,4326127,1
Cherry,4326127,4
Johann,4326127,4
Jan,4326127,4
Schniedelwichsen,4326127,17
Gam,4326127,23
Badrinath,4326127,11
Nelson,4326127,21
Heffernan,4326127,4
Finklestein,4326127,0
Phil,4326127,15
Chong,4326127,24
Wolfhouse,4326127,9
Wolfhausen,4326127,4
Ray,4109723,6
Santilli,4109723,14
Voros,4109723,6
Gary,4109723,23
Harvey,4109723,6
Esmeralda,4196905,4
Juliana,4196905,3
Ludovico,4196905,17
Francesca,4196905,6
Hop-Toad,4196905,14
Alfredo,4196905,16
Gino,4196905,17
Prospero,4196905,6
Don,878005,20
Komtuan,878005,1
Humlae,878005,3
George,878005,3
Henry,6143174,8
Maria,6143174,14
Thomas,6143174,13
Fanny,6143174,6
Crawford,6143174,21
Rushworth,6143174,7
Yates,6143174,2
Mary,6143174,6
Julia,6143174,6
Norris,6143174,12
Price,6143174,1
Tom,6143174,6
Park,6143174,4
Bertram,6143174,20
Susie,6143174,23
Dhruv,22783772,2
Amos,168561,5
Lauria,168561,20
Seasons,168561,24
Janelle,168561,9
Carmen,168561,21
Vincent,168561,7
Felson,168561,6
Eddie,168561,12
Rangamani,20946348,6
Gopalakrishnan,20946348,2
Meena,20946348,15
Thangamani,20946348,2
Rajput,11555729,4
Ravi,11555729,6
Swami,11555729,13
Sen,11555729,22
Wong,2038261,6
San,2038261,8
Low,2038261,0
Hai,2038261,20
Ming,2038261,6
Boone,22768591,4
Carter,22768591,3
Alisha,8632979,12
Bobby,8632979,3
Reena,8632979,6
K.,8632979,3
Shekhar,8632979,8
Shekar,8632979,1
Ahmed,9105018,15
Hamama,9105018,11
Fatimah,9105018,20
Mamdouh,9105018,13
Straub,1712658,13
Kate,1712658,11
Rome,1712658,21
Caul,4881121,19
Sarah,4881121,21
Hoover,4881121,18
Sandrine,4881121,17
Chang,7339280,12
Seri,7339280,24
Crite,2509881,10
MacFadden,2509881,17
Frank,2509881,24
Josh,2509881,3
Annie,2509881,3
Richard,42507,4
Strout,42507,24
grieve,42507,2
Frank,42507,14
Matt,42507,3
Ruth,42507,16
Keyes,42507,9
Fowler,42507,13
Devadas,26666832,24
Isaac,26666832,6
Dale,14144230,4
Duncan,14144230,14
Kidd,14144230,4
Moon,156644,10
Frost,156644,11
Johnson,156644,11
Bond,156644,17
Zao,156644,4
Graves,156644,8
Williams,31229180,2
Shakespeare,31229180,11
Hamilton,31229180,0
Bosco,32367366,24
Paul,32367366,23
Tina,32367366,17
Blake,32817768,24
Ward,32817768,24
Mannix,32817768,17
Venugopal,31832237,18
Vimala,31832237,10
Nair,31832237,13
Rosa,9215002,19
Freddy,9215002,14
Crespo,9215002,10
Marley,12121822,4
Tim,12121822,13
Cratchit,12121822,6
Fred,12121822,8
Joe,12121822,10
Tiny,12121822,18
Belle,12121822,10
Scrooge,12121822,3
Dilber,12121822,21
Langlois,16733391,19
Pelletier,16733391,10
Leroyer,16733391,19
Guilbaud,16733391,20
Williams,2918524,5
Ann,2918524,24
Steve,2918524,24
Toni,2918524,6
Fimple,2918524,13
Roger,2918524,6
Ryan,2918524,13
Debbie,2918524,3
O'Connor,407288,3
Monica,407288,18
Fuentes,407288,18
Markham,407288,0
Pearce,407288,16
Verone,407288,13
Toretto,407288,4
Parker,407288,22
Jimmy,407288,21
Suki,407288,12
Bilkins,407288,11
O'Conner,407288,17
Stranges,19463174,10
Shanti,19463174,3
Disha,19463174,17
Cottage,19463174,15
Talli,19463174,3
Das,19463174,12
Khanna,19463174,14
Menon,19463174,10
Amar,19463174,3
Manav,19463174,6
Nupur,19463174,1
Sunita,19463174,12
Akshay,19463174,1
Kabir,19463174,13
kabir,19463174,6
Ferndel,5870499,3
Hubbell,5870499,7
Jessica,5870499,6
Tom,5870499,3
Howard,5870499,19
Lefty,5870499,6
Melinda,5870499,6
Adolph,5870499,21
Mack,5870499,19
Gloria,5870499,13
Farnham,5870499,17
Davis,5870499,15
Benson,11632165,20
Knivel,11632165,17
Tom,11632165,8
Hazelton,11632165,12
Medlin,11632165,3
Gibbon,11632165,12
Elliott,11632165,22
Rose,11632165,2
Louise,11632165,6
Frank,11632165,21
Johnson,11632165,9
Greg,33412849,3
Jenny,33412849,3
Thierolf,33412849,8
Forrester,33412849,21
Robert,33412849,3
Nickie,33412849,8
Nicholas,3911312,3
Christine,3911312,6
Feingold,3911312,7
Orton,3911312,7
Conrad,3911312,22
Mohan,10140052,19
Tara,10140052,18
Tejpal,10140052,19
Sonam,10140052,23
Malhotra,10140052,14
Prasad,662329,21
Falk,14811189,18
Persson,14811189,5
Lehman,14811189,17
Khurana,36252302,24
Kajal,36252302,12
Simran,36252302,16
Ajit,36252302,4
Rajendra,36252302,15
Malhotra,36252302,21
Lorrison,23844677,8
Isabel,23844677,3
Kennedy,23844677,14
Jacobi,23844677,10
Bourne,23844677,9
Senta,23844677,1
Mark,23844677,6
Dawning,23844677,16
Lee,23844677,12
Dwyer,23844677,0
Brandon,23844677,6
Jessie,23844677,3
Helen,23844677,21
Rosa,23844677,6
Hitler,4268077,12
Baxter,4268077,6
Braun,4268077,1
Rita,18130859,6
Rivard,18130859,8
Stalin,23877633,18
Tonia,23877633,3
Ray,11036915,14
O'Donnell,11036915,1
Chason,11036915,19
Burns,11036915,18
Gu,12915146,10
Guoxiang,12915146,21
Mangeng,12915146,11
Yuyin,12915146,2
Shutian,12915146,7
Qiushi,12915146,12
Qiushe,12915146,21
Guigui,12915146,11
Xiaoping,12915146,6
McIntyre,5813062,0
Sharon,5813062,0
Fred,5813062,8
Gregory,5813062,8
Emily,5813062,7
Melissa,5813062,21
Lenny,5813062,24
Joe,5813062,14
Barnes,5813062,3
Rafferty,5813062,6
Mick,2706105,17
Taylor,2706105,10
Earl,2706105,23
Liz,2706105,3
Hunter,2706105,24
Ben,2706105,24
Phillips,2706105,1
Kristy,2706105,24
Cobain,6615324,12
the,6615324,18
Fox,6615324,15
Royce,6615324,18
Hayes,6615324,24
Miranda,6615324,6
Cassie,6615324,6
Wynn,5703571,9
Astin,1852179,9
Angelo,1852179,24
Griswold,1852179,4
Berkeley,1852179,12
Ellen,1852179,6
Clark,1852179,3
Rusty,1852179,3
Amelongen,24132517,6
Blackie,24132517,0
Viktor,24132517,6
Liane,24132517,3
Jensen,24132517,10
Kiyahi,24132517,15
Danner,24132517,6
Goddard,24132517,22
Thorn,24132517,17
Jacqueline,24132517,3
Terry,24132517,9
Botos,24132517,3
Thoren,24132517,3
Simba,24132517,6
Lena,34206617,13
Strauss,34206617,16
Lyman,3524655,17
Spence,3524655,13
Fellini,3524655,20
Gibson,3524655,4
Splendini,3524655,7
Waterman,3524655,4
Jade,3524655,10
Pransky,3524655,19
Sid,3524655,21
Strombel,3524655,6
Sondra,3524655,3
Osric,27762733,20
Priory,27762733,15
Freddie,27762733,6
James,27762733,6
Crocker,27762733,19
Bayliss,27762733,18
Chester,27762733,20
Ann,27762733,13
Frederick,27762733,15
Pett,27762733,13
Jim,27762733,3
Willis,27762733,15
Eugenia,27762733,4
Jennifer,26200531,6
Carter,26200531,12
Thorne,26200531,19
Moon,34454326,9
Jackson,1504619,10
Ellis,1504619,20
Montier,1504619,3
Angus,1504619,4
Sally,1504619,2
Lever,1504619,0
Hitler,5292920,1
Liz,5292920,3
Rama,5292920,2
Hellboy,5292920,3
Sherman,5292920,24
Sapien,5292920,10
Kroenen,5292920,14
Haupstein,5292920,12
Myers,5292920,21
Rasputin,5292920,13
Manning,5292920,3
Bruttenholm,5292920,6
Heera,9057005,10
Wagner,8323633,9
Allen,8323633,14
Lauren,8323633,23
Jerry,8323633,1
Pinto,8323633,5
Murphy,5128035,6
Pander,5128035,22
Dennis,5128035,2
Karel,5128035,6
Frank,5128035,6
Sylvia,5128035,6
Novak,5128035,4
Whitehead,15693672,18
Clements,15693672,12
Matson,15693672,6
Jr.,15693672,12
Tommy,15693672,6
Malone,15693672,2
Stacey,32967274,23
Robson,32967274,16
Jack,32967274,24
Weston,32967274,2
Norton,25913752,19
Rosie,25913752,11
Marlena,25913752,3
Jacob,25913752,3
Fred,4724575,4
Betty,4724575,3
Gattling,4724575,3
Giamatti,4724575,15
Jorge,32383881,16
Harry,3036370,6
Cochran,3036370,17
Seaka,3036370,17
Cyrell,3036370,4
Waters,3036370,6
George,3036370,23
Chambers,3036370,10
Schmitt,3036370,17
Jack,3036370,3
Amanda,3036370,3
Urich,3036370,3
Rogers,3036370,16
Foster,3036370,23
Anya,3036370,3
Jensen,3036370,17
Khan,35625635,0
Juhi,35625635,3
Adil,35625635,6
Rajan,35625635,5
Kabir,35625635,3
Cassidy,15122117,6
Randy,15122117,21
Ramzinski,15122117,15
Ayatollah,15122117,12
Stephanie,15122117,21
Robinson,15122117,14
Fantozzi,12561949,16
Semenzara,12561949,3
Plumb,25021966,13
Betty,25021966,6
Jacobi,24384740,21
Didier,24384740,13
Marcus,24384740,3
Jason,24384740,10
Christos,24384740,11
Lelay,24384740,5
George,24384740,6
Lonegan,24384740,0
Mitterrand,24384740,9
Marie,24384740,13
Billy,24384740,6
Melanie,24384740,3
Jackie,24384740,16
Morecock,10389088,18
Hubbard,680398,18
Bogomil,680398,3
Todd,680398,18
Tandino,680398,2
Axel,680398,3
Summers,680398,10
Taggart,680398,6
Foley,680398,18
Maitland,680398,23
Rosewood,680398,6
Jenny,680398,4
Mikey,680398,20
O'Shea,25745702,16
Dowling,25745702,21
Brena,12590144,19
Dawood,27309237,4
Jagannath,27309237,8
Pratap,27309237,6
Irfan,27309237,21
Sinha,27309237,11
Raam,27309237,21
Arun,27309237,21
Anand,27309237,21
Tim,12224834,10
Miko,12224834,9
Peter,12224834,3
Terry,12224834,15
Suzanne,12224834,3
Pat,12224834,17
Diana,12224834,15
Gretchen,12224834,13
Caruso,31875713,1
Turturro,31875713,22
Montecorvino,31875713,4
Bonnie,12585839,1
Franklin,12585839,21
Clark,12585839,5
Kuchiki,12585839,5
Flintstone,12585839,17
Bear,12585839,0
McGraw,12585839,11
Sahana,32546276,13
Suresh,32546276,14
Mishra,32546276,9
Choudhury,32546276,5
Nikolai,166121,1
Zukovsky,166121,13
James,166121,14
Davidov,166121,22
Jones,166121,19
King,166121,1
Bond,166121,4
Renard,166121,4
Sheela,4884523,12
Nina,4884523,6
Rajan,4884523,3
Dilip,4884523,3
Wood,5573873,12
Ellen,5573873,17
Ronald,5573873,3
Matthews,5573873,13
Schumacher,5573873,1
Hunter,5573873,20
Elaine,5573873,12
Wilby,5573873,12
Carole,5573873,17
Pierre,31044553,23
Marianne,31044553,2
Farina,1683454,6
Wheezer,1683454,3
DeBorba,1683454,6
Archie,21589124,24
Justin,21589124,6
Theresa,21589124,21
Jerry,21589124,6
Giselle,21589124,14
Max,21589124,6
Alex,21589124,13
Paul,31787087,23
Swanson,31787087,7
Logan,31787087,17
Drake,31787087,9
Beaumont,31787087,15
Nichols,30164225,0
Lucetti,30164225,0
Shana,30164225,0
Wilson,30164225,11
King,30164225,23
Gavin,30164225,6
Chris,30164225,20
Christian,30164225,17
Bhosle,31307575,17
Singham,31307575,6
Shivgarh,31307575,17
Narvekar,31307575,5
Pawar,31307575,0
Kavya,31307575,19
Phadnis,31307575,16
Patkar,31307575,24
Kadam,31307575,17
Jaikant,31307575,17
Abbas,31307575,16
Savalkar,31307575,13
Shikre,31307575,4
Taylor,17738146,20
Forster,17738146,8
Walken,17738146,9
Rapaport,17738146,14
Evans,633531,0
Hanson,633531,0
Hathaway,633531,13
Runyon,633531,6
Tony,76331,17
Costillo,76331,17
O'Hara,76331,17
Hughes,76331,22
Camonte,76331,23
Rinaldo,76331,3
Cesca,76331,1
Guino,76331,12
Lovo,76331,17
Jane,19397838,6
Jerry,19397838,3
Scotty,19397838,0
Wally,19397838,24
Spence,3258852,4
Sutter,3258852,8
Shepard,3258852,3
Damon,210316,2
Natesan,7597656,23
Sainu,7597656,0
Michael,7597656,14
Gama,7597656,23
Tomichchan,7597656,9
Latha,7597656,6
Suni,7597656,1
Chakochan,7597656,14
Basheer,7597656,21
Vasco,7597656,21
Severus,25969006,17
Hypax,25969006,15
Verenor,25969006,17
Harris,25969006,17
Proteus,25969006,17
Carnak,25969006,10
Martin,25969006,8
Daemon,25969006,17
Macragge,25969006,16
Pythol,25969006,8
Chuttiya,6947418,17
Chikna,6947418,2
Gulshan,6947418,1
Geeta,6947418,22
Aatta,6947418,17
Pote,6947418,17
Tinchu,6947418,21
Shetty,6947418,4
Gunda,6947418,6
Hatela,6947418,5
Ganga,6947418,10
Bulla,6947418,3
Shankar,6947418,3
Bhigona,6947418,17
Aata,6947418,16
Vallick,4681500,4
Julia,4681500,9
Mann,4681500,20
Lorenzo,17953532,23
Antonio,17953532,21
Montse,17953532,6
Dev,26092192,7
Kumar,26092192,2
&,26092192,3
Rahul,26092192,13
Ritu,26092192,3
Shyam,26092192,4
Riya,26092192,3
Bhardwaj,26092192,7
Anand,26092192,6
Shakespeare,34173995,7
Poppy,34173995,7
Peterson,34173995,8
Molly,21202777,13
Mindy,21202777,4
Tamra,21202777,4
Wendy,21202777,4
Bill,21202777,12
Lisa,21202777,7
Jackson,25489035,6
Interview,25489035,16
Gibson,27396469,16
Whitaker,27396469,9
Sally,27396469,13
Brown,27396469,20
Leigh,2382573,17
Clackin,2382573,9
Suerd,2382573,10
Monarch,2382573,10
Wheeler,2382573,2
Jackson,1364070,16
Sandy,1364070,2
Gingrich,1364070,18
Hinkle,1364070,23
miss,10563775,17
Tom,10563775,3
Jerry,10563775,3
Jumbo,10563775,23
Rachel,4045254,6
Loew,4045254,3
Restrepo,4045254,22
Dunphy,1329111,24
Warren,1329111,20
Mellish,1329111,4
Cosell,1329111,18
Nancy,1329111,12
Hoover,1329111,8
Vargas,1329111,20
Parry,8584247,18
Taylor,685987,3
Haywood,685987,4
Hayes,685987,4
Lynn,685987,1
Cerrano,685987,23
Phelps,685987,24
Dorn,685987,3
Vaughn,685987,3
Suzanne,685987,6
Brown,685987,16
Donovan,685987,20
Harris,685987,6
Grazzi,11124990,18
Linkmann,29676497,1
Paulus,29676497,0
Wisse,29676497,4
Ball,8233233,0
Stillman,8233233,14
George,8233233,23
Joe,8233233,1
Rosette,8233233,14
McDermott,8233233,23
Watson,8233233,17
Nagalakshmi,9111321,2
Vishwa,9111321,5
Rajalakshmi,9111321,23
Sukri,9111321,20
Acchanniah,9111321,6
Venkatalakshmi,9111321,6
Andrews,24620257,7
Taylor,24620257,10
Tom,24620257,17
Carl,24620257,14
Teresa,24620257,8
Miriam,26178850,19
Salt,26178850,6
Linka,26178850,10
Carew,26178850,7
Barton,26178850,20
Cliff,26178850,18
Siham,12831299,4
Lina,12831299,22
Worthington,32940383,8
Haggerty,32940383,6
Horace,32940383,8
Eugene,8237971,13
Theresa,8237971,12
Standish,32987449,6
Cedric,32987449,23
Baxter,32987449,23
Edith,32987449,4
Lisa,34662841,23
Ward,142911,4
Starsong,32883062,23
Scootaloo,32883062,6
Roola,32883062,23
Belle,32883062,20
Kirsty,3745465,6
Trevor,3745465,3
Cotton,3745465,3
Mahadevan,27907826,19
Mahat,27907826,20
Faizal,27907826,10
Kumar,27907826,15
Prithvi,27907826,17
Sona,27907826,17
Prithviraj,27907826,12
Chettiar,27907826,15
Kamal,27907826,17
Suchithra,27907826,2
Sanjana,27907826,2
Chettiyar,27907826,16
Vinayak,27907826,6
Baird,33551961,9
Leiser,33551961,0
Qureshi,23192449,6
Chakravarthy,23192449,3
Karpooram,23192449,4
Saroja,23192449,6
Pooja,23192449,14
Bullabbai,23192449,15
Ramulu,23192449,20
Padma,23192449,7
Subani,23192449,6
Katarina,17366149,2
Hyde,2102101,3
Carew,2102101,0
Jekyll,2102101,6
Mary,2102101,3
Danvers,2102101,18
Farraday,2102101,6
Reilly,2102101,13
Murphy,21052275,3
Yakavetta,21052275,23
Romeo,21052275,14
Jimmy,21052275,17
Marley,21052275,17
Sibeal,21052275,17
Bloom,21052275,6
George,21052275,8
Louie,21052275,6
Connor,21052275,0
Doc,21052275,13
Smecker,21052275,6
McManus,21052275,17
Greenly,21052275,17
Kuntsler,21052275,11
Noah,21052275,23
Dolly,21052275,1
Kong,3971835,4
Repulsa,3971835,23
Wolfgong,3971835,8
Dracula,3971835,4
Scooby,3971835,23
Sam,7990625,11
Mauser,7990625,13
Henry,4280890,16
Felix,4280890,3
Carson,4280890,19
Repli-Jonas,4280890,4
Kate,4280890,4
Jonas,4280890,21
Max,4280890,14
Fleming,4280890,3
Carbajal,22338787,0
Luis,22338787,23
Bryant,22338787,24
Joaquin,22338787,17
Sylvia,22338787,18
Svenson,22338787,11
Lopez,22338787,20
Timmerman,19858909,24
Tasha,19858909,6
Celeste,19858909,3
Zamora,19858909,13
Gillis,19858909,11
Jacobson,19858909,10
Jamison,19858909,10
Derreck,19858909,17
Vic,1929835,14
Segal,20259439,24
Shitkicker,20259439,10
Greg,20259439,17
Gus,20259439,12
Claude,20259439,12
Paul,20860928,21
Marie,20860928,7
Fabrice,20860928,21
Craig,33010244,21
Gelmini,33010244,5
Angela,33010244,21
Ruvania,33010244,15
Kevin,2952125,1
Cloche,2952125,18
Sanders,2952125,21
Berke,2952125,14
Coffin,2952125,14
Shaw,2952125,9
Treece,2952125,8
Elena,27141603,12
Knowles,2423947,9
Lovell,2423947,17
Simms,2423947,18
Shand,2423947,18
Beano,2423947,23
Tony,2423947,21
Wickes,2423947,13
Ray,2423947,6
Karen,2423947,6
Astrid,2423947,21
Claire,2423947,9
Keith,2423947,13
Les,2423947,6
Luke,2423947,11
Costello,2423947,20
Baggot,2423947,11
Hughie,2423947,17
Brian,2423947,0
Keegan,1284106,12
Margaret,1284106,8
Shirley,1284106,19
Dominic,1284106,4
Gilbert,1284106,21
Montrose,1284106,0
Harrison,1284106,7
Jack,1284106,6
Garrison,1284106,23
James,1284106,19
Elsie,1284106,8
Blythe,1284106,6
Anne,1284106,21
Bush,1284106,19
Colette,1284106,24
Barry,1284106,24
Wright,1284106,4
Junior,8713368,22
Gilbert,8713368,6
Neeta,10182598,19
Sinha,10182598,0
Kappu,10182598,20
Kapoor,10182598,9
Gulzar,10182598,2
Banerjee,10182598,15
Vijay,10182598,2
Anand,10182598,15
Recep,26246642,2
Zeynep,26246642,22
Woodpecker,20532696,12
Jinny,9446637,7
Timberlane,9446637,1
Emily,16278823,10
Alexander,16278823,9
Mouse,16278823,14
Tony,8206722,20
Oguri,8206722,10
Dina,7936519,4
Bierce,7936519,19
Reddle,7936519,17
Kevin,7936519,17
Bache,6435440,6
Kjerulf,6435440,19
Jansen,6435440,3
Jelseth,6435440,22
Lars,6435440,8
Hook,6435440,5
Sverre,6435440,17
Steven,2731003,8
Jeremy,2731003,3
Caldwell,2731003,19
Barnum,2731003,1
Harley,2731003,6
Doug,2731003,6
Kelloway,2731003,6
Duncan,2731003,20
Ripley,2731003,7
Box,2731003,11
Jessie,2731003,21
John,2731003,4
Reed,2731003,21
Ames,14255798,3
Lane,14255798,23
Sheila,14255798,14
Thomas,14255798,14
Melsa,14255798,6
Myra,14255798,21
Pat,14255798,12
Brent,14255798,6
Belden,14255798,3
Norris,14255798,4
Cassim,16233363,3
Khan,16233363,17
Amara,16233363,3
Baba,16233363,17
Jamiel,16233363,6
Ali,16233363,4
Hassan,16233363,18
Abdullah,16233363,24
Sophia,27542224,3
Tutu,27542224,16
Cyril,27542224,13
Julie,27542224,17
Bert,27542224,24
Schaeffer,27542224,3
Cedric,27542224,17
Sneer,27542224,23
Dan,27542224,13
Tommy,27542224,17
Blane,464189,23
Martin,464189,3
Delos,464189,3
Romero,17862288,0
Yates,1466657,8
Peretz,1466657,4
Aguilar,1466657,23
Irwin,1466657,6
Wheeler,1466657,17
Murphy,213416,24
Martel,213416,24
Farrell,213416,19
Nigel,213416,3
Falco,213416,3
Madden,213416,11
Summerall,213416,18
McGinty,213416,6
Annabelle,213416,14
Cochran,213416,3
Corrigan,6614498,20
Nick,6614498,3
Tigri,11127272,13
Ollie,4765643,7
Stan,4765643,7
Taylor,4119620,23
Dunstan,4119620,7
Gilliam,4119620,8
Howard,4119620,6
Fitch,4119620,13
Eldridge,4119620,3
Ware,27486082,15
Alex,27486082,16
Douglas,273456,0
Havershaw,273456,4
Herbie,273456,3
Bennett,273456,5
Tennessee,273456,13
Jim,273456,3
Thorndyke,273456,17
Carole,273456,6
Wu,273456,17
Steinmetz,273456,9
Hyde,103011,3
Munson,103011,12
Luke,103011,4
Martin,103011,18
Sally,103011,21
Billy,103011,21
Tristan,18550197,6
Benny,18550197,2
Romi,2499412,3
Raj,2499412,0
Pooja,2499412,14
Oberoi,2499412,2
Jahnvi,2499412,14
Purdy,30630279,3
Ardal,30630279,17
Pierce,30630279,6
Nuan,18258415,1
Jinghe,18258415,23
Channni,34132709,10
Kammo,34132709,2
Laali,34132709,6
Nek,34132709,0
Tulsi,34132709,6
Kanhaiya,34132709,10
Joginder,34132709,22
Pennebaker,1009516,16
Cooper,1009516,9
Ross,1009516,9
Yount,1009516,5
Molitor,1009516,15
Panas,1009516,6
Palmeiro,1009516,7
Yankovic,1357356,22
Bators,1357356,2
McClure,1357356,1
Cornelius,1357356,9
Biafra,1357356,21
Josh,1357356,23
Fresh,1357356,1
Stevens,1357356,20
Ivan,1357356,23
Crosby,1357356,13
Alzado,1357356,7
Nugent,1357356,22
Gulager,1357356,9
Love,1357356,19
Cameron,4086317,11
Dicko,4086317,0
Winters,4086317,22
Carl,4086317,24
Sarah,4086317,4
Benny,4086317,17
Cullen,4086317,11
Deva,24679171,2
Gauthami,24679171,17
Rao,24679171,7
Ramakrishna,24679171,3
Pawar,24679171,2
Anand,24679171,0
Chakrapani,24679171,16
Laura,21191163,2
Michelle,21191163,19
Mark,21191163,3
Itshe,21191163,23
Robert,21191163,3
Vince,10664680,3
Holly,10664680,3
Nick,10664680,3
Abbie,10664680,21
Reggie,10664680,17
Angela,10664680,3
Lois,10664680,23
Dewhurst,10664680,6
Larry,10664680,17
Laura,35024125,10
Peter,35024125,6
Janet,18766606,6
Ames,18766606,14
Pierson,18766606,6
Merino,18766606,24
Smitty,18766606,6
Weaver,18766606,11
Susie,18766606,3
Burton,18766606,22
Cobb,18766606,1
David,18766606,13
Gungnir,1090927,23
Whitmore,1090927,0
Kida,1090927,13
Volgud,1090927,20
Hellstrom,1090927,5
Carnaby,1090927,20
Thatch,1090927,22
Archie,2882942,4
Rice,2882942,6
Eden,2882942,5
Phoebe,2882942,2
Kevin,13273083,23
Hitler,25080984,18
Elizabeth,25080984,2
Albert,25080984,13
V,25080984,17
Shakespeare,25080984,8
Edward,25080984,17
David,25080984,7
VIII,25080984,1
John,25080984,24
Simpson,25080984,8
Logue,25080984,6
Stalin,25080984,18
Bertie,25080984,23
Schwartz,5440243,21
Beau,5440243,4
Digby,5440243,17
Markoff,5440243,17
Isobel,5440243,9
Martin,5440243,10
Maris,5440243,6
Brandon,5440243,8
John,5440243,3
Preston,5440243,9
Rivers,5440243,5
Sona,19396361,21
Varsha,19396361,13
Aby,19396361,3
Mathew,19396361,7
Travers,21426146,15
Natalie,21426146,14
Jarrett,21426146,19
Nora,20428509,24
Katie,4199282,8
McDonough,4199282,9
Dunn,4199282,15
Johnny,4199282,6
Neeley,4199282,3
Francie,4199282,13
Laurie,4199282,15
McShane,4199282,1
Nolan,4199282,8
Sissy,4199282,8
Fiala,27947243,22
Heydrich,27947243,17
Hu,4026435,3
Amao,4026435,5
Fan,4026435,16
Zian,4026435,9
Yuxia,4026435,12
Sun,4026435,3
Ajiu,4026435,3
Rossini,74917,20
Mysto,74917,3
Miranda,74917,21
Poochini,74917,14
Helmi,24158456,23
Harris,76647,9
George,76647,4
Roosevelt,76647,0
Mary,76647,13
Cohan,76647,14
Bai,5397268,4
Lien,5397268,8
Fox,5397268,24
Nicolas,15633473,14
Linda,1573381,2
Michael,1573381,3
Jeg,1573381,20
Pia,1573381,20
Kim,1573381,20
Helge,1573381,6
Helene,1573381,3
Christian,1573381,9
Tim,14286254,12
Zoe,14286254,4
Poppy,14286254,3
Suzy,14286254,10
Helen,14286254,6
Scott,14286254,6
Eva,261236,3
Chris,261236,6
Yvonne,261236,10
Selvam,27919005,13
Rajalingam,27919005,13
Pandi,27919005,2
Radhika,27919005,3
Cobb,26292590,24
Adams,26292590,22
Kelly,26292590,1
Jackie,26292590,12
Angelo,7661542,3
Parker,7661542,16
Jarod,7661542,3
Lyle,7661542,4
Raines,7661542,17
Munchausen,9914800,22
Azhagarsami,28335578,17
Raveendran,30906964,5
Chandran,30906964,11
Vasu,30906964,10
Cook,32932751,4
Forrest,30622238,11
Homouska,30622238,13
Alberni,30622238,9
Buchanan,30622238,11
Juani,14661434,3
Michael,4314167,6
Hunter,4314167,24
Tommy,4314167,22
Lathika,22248618,21
Arjunan,22248618,0
Jagadish,22248618,10
Blake,5807082,9
Peevy,5807082,0
Lothar,5807082,17
Valentine,5807082,24
Hughes,5807082,6
Sinclair,5807082,4
Jenny,5807082,6
Yeager,5807082,8
Secord,5807082,5
Malcolm,5807082,8
Cliff,5807082,3
Tony,32862650,20
Rutherford,32862650,9
Iredale,32862650,24
Nakahira,35288836,4
Awano,35288836,9
Schilling,35288836,13
Masatatsu,35288836,0
Kaneo,35288836,12
Mio,4767414,1
Rodel,4767414,10
Gabino,4767414,4
Jimmy,4767414,10
Sinat,4767414,15
Corpus,4767414,4
Celso,4767414,10
Jason,10831021,3
Anton,10831021,3
Vera,10831021,24
Andrea,10831021,3
Monique,10831021,3
Daniel,10831021,3
Veras,10831021,24
Emma,3759215,4
Watchit,3759215,12
Mara,3759215,3
Philby,3759215,12
Alexander,3759215,4
Kalen,3759215,17
Eloi,3759215,7
Hartdegen,3759215,3
Keller,28967195,21
McFarland,25721019,17
Hall,25721019,9
Halliday,25721019,11
Martin,25721019,19
Ferris,25721019,0
Mac,25721019,6
Cecilia,25721019,23
Virginia,25721019,3
Radcliff,25721019,6
Bill,25721019,17
Paul,5033320,11
Uxia,5033320,3
Barbara,5033320,23
Vicki,5033320,24
Marsh,5033320,3
Howard,5033320,23
Ezequiel,5033320,6
Cambarro,5033320,10
Madhu,21102984,2
Gopal,21102984,3
Shaw,21102984,18
Helen,21102984,21
Woody,18623851,23
Janet,28173585,13
Dylan,28173585,6
Jeremy,28173585,6
Billy,28173585,6
Arabella,28173585,2
Cindy,28173585,6
Liz,28173585,6
Miranda,28173585,3
Tatiana,28173585,6
Omar,28173585,6
Natalie,28173585,6
Willie,28173585,5
Ned,28173585,6
Nelson,28173585,4
Christian,28173585,6
Farley,2932229,11
Kathy,2932229,3
Boran,2932229,7
London,2932229,20
Craig,2932229,17
Mellon,2932229,13
Chuck,2932229,17
Duncan,2932229,3
Billy,2932229,3
Katie,12256764,3
Collins,12256764,10
Ann,12256764,17
Billy,12256764,6
Michael,12256764,24
Greg,12256764,4
Diana,12256764,6
Barash,12256764,3
Helen,12256764,10
Thacker,14942953,24
Kumar,30524,6
Bryant,30524,13
Guy,30524,6
Billy,30524,6
Hamilton,30524,3
Kwan,30524,3
Curtis,30524,12
Maribel,15703651,24
Billy,15703651,14
Rodel,15703651,24
Tara,15703651,12
Arikawa,27375088,3
Saeko,27375088,6
Tomoko,27375088,9
Yumi,27375088,17
Kimberly,2322291,23
Brittany,2322291,16
Randa,2322291,10
Anderson,2322291,20
Joyce,2322291,0
Yuriko,24237235,12
Yumeji,24237235,20
Kizaki,24237235,24
Weisser,24237235,11
Szalinski,4200027,6
Gordon,4200027,3
Diane,4200027,23
Mitch,4200027,2
Jill,4200027,4
Jenny,4200027,13
Gorden,4200027,19
Ricky,4200027,3
Man,4200027,7
Adam,4200027,2
King,4200027,4
Wayne,4200027,3
Patti,4200027,3
Cotton,10506215,19
Mortmain,10506215,24
Topaz,10506215,9
Khalid,13725762,10
Khan,13725762,21
Shaakir,13725762,2
Ali,13725762,14
Begum,13725762,24
Nahid,13725762,21
Abdullah,13725762,24
Aurelita,12240278,13
Roberto,12240278,20
Aurelia,12240278,22
Holland,3191378,15
Ray,7943163,6
Jordan,7943163,14
Jerome,7943163,3
J.,7943163,6
Morse,2338401,9
Bowman,2338401,2
Peter,2338401,4
Kessler,2338401,2
Dino,2338401,4
Alice,2338401,6
Thorne,2338401,21
Leguizam,19316811,17
Vargas,19316811,10
Madea,13931836,3
Harry,13931836,21
Micheal,13931836,3
Michael,13931836,6
Sr,13931836,6
Joe,13931836,24
Cora,13931836,2
Cheryl,13931836,19
Calvin,13931836,6
Brenda,13931836,3
Mann,13931836,9
Brown,13931836,7
Kaspar,4600879,14
Sok,4600879,10
Jimmy,4600879,17
Sophie,4600879,10
Emile,4600879,10
Marvin,4600879,1
Franklin,13897761,6
Monica,13897761,16
Maggy,13897761,4
Jimmy,13897761,23
Samson,13897761,21
Blu,13897761,7
Molar,2848051,13
Betsy,2848051,6
Vegas,2848051,24
Singer,2848051,14
Jack,2848051,6
Korman,2848051,13
Lee,33032589,14
Delazo,7621504,1
Barnett,7621504,23
Cheryl,7621504,10
Adams,7621504,3
Nagaich,35372452,11
Chakraborty,35372452,5
Bertha,4903470,2
Rochester,4903470,7
Eyre,4903470,24
Hanna,28211095,23
Adam,28211095,23
Simon,28211095,21
Anna,28211095,3
Lin,1940119,3
Sagan,19273598,9
Carter,10932642,3
Ying,10932642,19
Angela,10932642,3
Sammo,10932642,9
don,10932642,15
Seenu,23523165,21
Latha,23523165,6
Amaravathi,23523165,21
Baba,17257463,15
Shubhi,17257463,15
Singh,17257463,19
Becky,1336308,11
Tae-il,15155033,15
Marbury,9541248,24
Harper,9541248,3
Banks,9541248,1
Scanlon,9541248,0
Regamun,20273119,16
Moon,20273119,12
Holmes,11125917,6
Fenwick,11125917,5
George,11125917,9
Lydia,11125917,14
Moriarty,11125917,23
Caesar,11125917,19
Watson,11125917,3
Helga,31723265,10
Archie,17733106,0
Cresswell,17733106,24
Link,17733106,7
Seyr,4985426,18
Lin,4985426,1
Fabrice,4985426,14
Sami,4985426,14
Tom,4985426,6
Minskov,4985426,5
Robert,4985426,21
Geeta,9425532,23
Arjun,9425532,3
Singh,9425532,10
Nagraj,9425532,6
Akhil,12588275,3
Deepthi,12588275,3
Nagollagama,12588275,7
Ruwanwalla,12588275,4
Pinto,12588275,17
Kalupahana,12588275,23
Jagath,12588275,17
Dabare,12588275,6
Wickremasinghe,12588275,5
Jackson,22964594,8
Sheyann,22964594,21
King,22964594,8
Rachel,22964594,21
Webb,22964594,15
Wallace,22964594,8
Mudge,1683438,21
Perry,1683438,20
Amy,1469871,3
Jeffrey,1469871,13
Ellis,1469871,8
Kat,1469871,15
Mercer,1469871,14
Ed,1469871,14
Page,11959424,2
Chunky,11959424,6
Molly,11959424,21
Dunn,11959424,0
Banning,11959424,12
Helmer,11959424,20
David,11959424,14
Farrow,33027963,19
James,33027963,21
Ambrose,33027963,19
Murphy,23108456,0
Miller,23108456,3
Abbas,23108456,7
Mayor,23108456,5
Frida,23108456,3
Haggis,23108456,3
Ali,23108456,13
Hunt,23108456,17
Banks,23108456,13
Judy,23108456,23
Derek,23108456,21
Burton,23108456,3
Lance,23108456,3
Snail,32563058,12
Wolf,32563058,22
Holt,35736893,23
Rankin,35736893,1
Sandra,35736893,13
Bruno,29041999,3
Anna,29041999,19
Cook,20692092,1
Shepherd,20692092,14
Takahashi,20692092,17
Oudry,20692092,9
Ferguson,20692092,19
Matsumo,20692092,18
Owens,20692092,0
Ingram,20692092,15
Kerr,20692092,11
Hullman,20692092,17
Oda,20692092,4
Regan,20692092,7
Laer,20692092,9
Moreno,13450310,18
Murdock,2737528,1
Doubloon,2737528,14
Marlowe,2737528,20
Davis,2737528,10
Gray,31163724,16
Quentin,31163724,3
Alice,31163724,19
Carmichael,31163724,21
Fudd,6423927,12
Light,8431192,11
Allison,8431192,3
Simons,26262913,20
Pompey,26262913,17
Clancy,26262913,8
Broderick,26262913,6
Henderson,26262913,23
Drake,26262913,6
Martha,26262913,23
Dugan,26262913,8
Kanu,20597258,10
Byne,20597258,13
Raja,20597258,14
Bikram,20597258,16
Acharya,20597258,6
Anandagarh,20597258,17
Linton,32967433,17
Dale,32967433,0
Winchester,32967433,12
Naritsugu,26865950,3
Shinrokur,26865950,6
Naritusugu,26865950,7
Hanbei,26865950,19
Toshitsura,26865950,13
Shizaemon,26865950,13
Shinazaemon,26865950,20
Koyata,26865950,24
Thomas,10413209,15
Jani,7424163,9
Ko,2768565,8
Ka-kui,2768565,18
Tao,2768565,4
Durant,3503363,5
Rhyall,3503363,15
Delacro,3503363,7
Woody,20520846,6
Dooley,20520846,8
Woodpecker,20520846,12
Sengoku,4423173,4
Benten,4423173,18
Hasegawa,4423173,17
Rosen,691308,14
Gallagher,691308,6
Slocum,691308,20
Eleanor,691308,6
Joe,691308,21
Blackie,691308,6
Arnold,691308,22
Trotsky,691308,0
Wade,691308,19
Vilius,22816470,6
Mann,22816470,20
Henry,1948713,9
Lobo,1948713,9
Cordona,1948713,6
Shasta,1948713,17
Carmen,1948713,9
Phillips,1948713,20
Cardona,1948713,7
Gorman,1948713,10
Whitey,1948713,18
Hendricks,1948713,17
Forsythe,1948713,10
Delaney,1948713,24
Amelita,1948713,12
Cronin,1948713,6
McNally,1948713,3
Tuscarora,1948713,6
Farley,9121908,13
Tracy,9121908,9
Woodcock,9121908,14
Beverly,9121908,8
mother,9121908,14
Bipasha,15943547,20
Jerry,15943547,1
Jai,15943547,10
Mary,15943547,19
Gandhi,12356406,14
Harilal,12356406,2
Gulab,12356406,2
pandian,9381820,20
Deiva,9381820,13
Thiyagu,9381820,14
Sergio,6778145,6
Mario,6778145,6
Miguel,6778145,21
Benjamin,6778145,3
Fuentes,6778145,11
Tatiana,6778145,3
Marga,6778145,6
Shakespeare,6778145,21
Pedro,6778145,3
Gerard,6778145,3
Bruno,6778145,14
Silvia,6778145,3
Maximo,6778145,23
Soniya,4286797,8
Mathur,4286797,13
Sonia,4286797,21
Sinha,4286797,4
Kapoor,4286797,8
Akash,4286797,14
Neha,4286797,6
Don,25603135,6
Wingate,25603135,6
Bolivar,25603135,12
Mann,25603135,22
Wilson,25603135,2
Ginger,25603135,3
Erksine,6166201,17
Jackson,6166201,2
Glen,6166201,21
Erskine,6166201,18
Mallon,6095252,12
Cherry,6095252,8
Josh,6095252,2
Gloria,6095252,15
Mima,6095252,21
Caesar,6095252,17
Coburn,6095252,22
Lannigan,6095252,12
Andre,3037303,16
Kella,20336936,13
Nemai,20336936,6
Roy,20336936,4
Gunda,20336936,11
Nabin,20336936,14
Baba,20336936,7
Madai,20336936,16
Jagai,20336936,16
Saha,20336936,23
Cavanaugh,23118363,11
Popeye,23118363,5
Thottijaya,5990955,23
Brinda,5990955,3
Jaya,5990955,23
Thana,5990955,1
Galbraithe,4563048,4
Naga,4563048,10
Timmek,4563048,17
Mories,4563048,23
Deena,4563048,2
Garnet,4563048,13
Fox,14876881,22
Hammerstein,14876881,7
Andrews,17135560,6
Corbett,17135560,11
Steen,17135560,11
Beauchamp,17135560,21
Spencer,15826853,11
Torsillo,15826853,3
Joe,15826853,21
Manuel,15826853,16
Chakraborty,32088645,5
Soo-ha,20963714,1
Isabel,34942818,3
Bernal,34942818,22
Ramos,34942818,8
Reyes,34942818,8
Flores,34942818,15
Chris,34942818,19
McFee,11886787,17
Pete,11886787,3
Peterson,11886787,12
Blackford,11886787,5
Ellie,11886787,9
Osato,5078515,17
Tanaka,5078515,17
Aki,5078515,4
Brandt,5078515,10
Nellie,5078515,12
Blofeld,5078515,2
Bond,5078515,24
Henderson,5078515,16
Suzuki,5078515,21
Hans,5078515,17
Ortega,1944344,15
Kayla,1944344,7
Olivia,1944344,6
King,1944344,19
Katla,1751153,6
Mei,35910162,14
Gil,35910162,22
Alonzo,171623,6
Harris,171623,11
Jake,171623,3
Roger,171623,17
Smiley,171623,6
Hoyt,171623,18
Sandman,171623,10
Thengakadai,9111772,9
Subbulakshmi,9111772,8
Kanthasamy,9111772,3
Muruga,9111772,7
Ponnusamy,9111772,0
Mace,18811285,21
Azra,18811285,3
Sebastian,18811285,6
Carlton,18811285,6
Avery,18811285,9
Kelsey,18811285,10
Dani,18811285,3
Arliss,2951117,20
Keith,2951117,24
Sam,2951117,2
Pickens,2951117,14
Beck,2951117,16
Travis,2951117,24
Searcy,2951117,12
Jensen,29457801,17
Steinar,29457801,17
Jones,29457801,17
Jennison,24227461,16
Bishop,24227461,3
Weston,24227461,17
Butterfield,24227461,10
Buck,24227461,2
Cjamango,25438155,14
Peyton,23176853,19
Melville,23176853,0
Raghu,30927917,1
Nidhi,30927917,11
Zarina,33560587,1
Tom,33560587,12
Menon,33560587,9
Mukundan,33560587,5
Raju,33560587,9
Manju,33560587,23
Nithya,33560587,7
Rick,26879862,5
Veronique,26879862,5
Lucrecia,12812712,6
Rodrigo,12812712,21
Albrit,12812712,21
Nelly,12812712,12
Coronado,12812712,13
Jaime,12812712,5
of,12812712,14
Count,12812712,15
Dolly,12812712,12
Kutchek,13607881,3
Canary,13607881,4
Kadar,13607881,14
Gore,13607881,17
Ismena,13607881,23
Kotr,9052864,9
Ker,9052864,3
Evans,336808,10
Stadium,336808,14
Riddle,336808,2
Finkle,336808,10
Einhorn,336808,10
Melissa,336808,3
Carlo,336808,20
Marino,336808,24
Robinson,336808,18
Danny,16592478,8
Pavlides,16592478,24
Eliza,11335511,13
Batty,11335511,12
Gabe,11335511,14
Lakshman,10813763,17
Sulochana,10813763,16
Rama,10813763,21
Sanjeevani,10813763,23
Lynne,17490919,4
Polly,17490919,23
Cameron,17490919,11
Lenin,33105965,12
Stalin,33105965,1
Kerensky,33105965,15
Barton,35532570,1
Mertkan,29053006,3
Manu,767783,6
Nadine,767783,3
Vengudu,5340151,23
Gayathri,5340151,13
Kannan,5340151,6
Gayatri,5340151,21
Johnny,28419339,3
Rhodes,28419339,8
Mademoiselle,7053488,16
Woodward,7053488,22
Nina,7053488,19
Paula,7053488,3
Pennicott,7053488,3
Coudray,7053488,2
Lydia,7053488,17
Narval,7053488,21
Burkhardt,7053488,6
Jr.,7053488,18
Masti,26208816,19
Kapoor,26208816,12
Ishaa,26208816,19
Sheila,1748912,3
Johnny,1748912,3
Earl,1748912,23
Charlie,1748912,3
Lee,1748912,3
North,1748912,6
Sylvester,1748912,21
Browning,1748912,6
Farr,1748912,19
Zorn,8283351,4
Haynes,8283351,19
Burton,8283351,1
King,8283351,20
Sweetman,33655611,4
Morrone,33655611,8
Mary,33655611,23
Harduvel,33655611,21
Ted,33655611,8
Dietl,17120757,11
Constance,448181,10
Luke,448181,3
Roger,448181,23
Lily,448181,10
Alex,448181,16
Doro,4181793,6
Axel,4181793,3
Walter,4181793,15
Elke,4181793,6
Norbert,4181793,6
Moses,1940533,20
God,1940533,3
Landers,1940533,6
Gray,18978038,2
Mavis,18978038,3
Honeycutt,18978038,18
Goodwin,18978038,21
Jason,18978038,21
Burnham,18978038,3
Pendleton,18978038,11
Steve,18978038,5
Sanders,18978038,10
Gilbert,18978038,11
Lee,18978038,2
Marjorie,18978038,2
Hawn,18978038,4
Tokiko,36015368,22
Feluda,20163110,17
Sinha,5006061,18
Singh,5006061,17
Riley,31065306,14
Lin,1425444,6
Quan,1425444,1
Hung,1425444,21
Owada,26742874,10
Ryuji,26742874,5
Nigam,28296022,19
Geetha,28296022,21
Krishna,28296022,21
Narendra,28296022,19
Krishnan,28296022,22
Johnston,24880336,7
J.T.,24880336,14
Sara,24880336,16
Yayoi,9105523,6
Kei,9105523,13
Valentino,9105523,10
Luna,9105523,3
Matsuji,9105523,3
Riyo,9105523,3
Kana,9105523,3
Orloff,19268898,6
Stefan,19268898,6
Picot,19268898,14
Suzanne,19268898,23
Chalon,19268898,18
Wayne,19268898,4
Garrett,19278406,6
Monroe,19278406,9
Mansfield,19278406,3
Story,19278406,4
Marie,19278406,12
Hargitay,19278406,14
Malini,28293855,6
Ruksana,28293855,6
Naina,28293855,7
Jumba,2523070,20
Lilo,2523070,3
Stitch,2523070,4
Rittenhouse,45224,19
Spaulding,45224,18
Danny,2569219,13
Coudair,2569219,21
Rusty,2569219,3
Wheaton,2569219,12
McGuire,2569219,20
Hicks,2569219,20
Vera,9935971,23
Griswald,9935971,11
Rohman,5162931,24
Dan,5162931,23
Doris,5162931,3
Ginsei,5162931,4
Lang,5162931,13
Veronica,9477007,6
Flavia,9477007,21
Kapoor,28028689,20
Ritu,28028689,1
Sahil,28028689,21
Amy,11464872,9
Parise,11464872,22
Chrissy,11464872,15
Toni,11464872,13
Niki,11464872,15
Danni,11464872,23
Reilly,6248065,24
John,6248065,12
Charley,1612686,8
Rudy,1612686,14
Grimes,1612686,18
Barton,1612686,14
Sara,1612686,3
Michael,1612686,17
Nora,1612686,10
Winston,1612686,24
Myers,1612686,17
Willie,1612686,10
Strode,1612686,3
Harris,1612686,17
Myles,1612686,3
Donna,1612686,22
Woodlake,1612686,17
Helena,15830410,13
Adela,15830410,2
Antonia,15830410,21
Manolo,15830410,8
Leon,15830410,9
Bioscope,35131540,22
Sam,3727473,4
Ringel,3727473,20
Balletto,3727473,23
Creasy,3727473,21
Baker,4112455,24
Herman,4112455,6
Tony,4112455,6
Maria,4112455,23
Bobby,4112455,22
Whitmore,4112455,9
Peter,4112455,17
Cindy,4112455,7
Arab,4112455,7
Barney,4112455,7
Angela,4112455,17
Marcia,4112455,13
Anita,4112455,7
Greg,4112455,7
Tawny,4112455,17
Lily,4112455,6
Richards,4112455,18
Subramanyam,25479657,2
Kumaraswamy,25479657,3
Khanna,25479657,24
Nikki,25479657,8
Mohini,25479657,21
Tamilian,25479657,17
Ashok,25479657,24
Banerjee,25479657,12
Jackson,469813,14
Dorn,469813,21
Kristen,469813,13
Mast,469813,22
Niki,469813,21
Martina,11841923,21
Ulises,11841923,3
Abel,11841923,8
Subhash,29153320,19
Sulabha,29153320,3
Rani,29153320,13
Mahajan,29153320,24
Montaner,26533305,24
Reiguera,26533305,8
Rosa,26533305,11
Fernandez,26533305,16
Fontanals,26533305,24
Acosta,26533305,12
Junco,26533305,5
Ceballos,26533305,23
ndez,26533305,1
Poncianito,26533305,24
Vargas,26533305,9
Betty,300972,3
Kennedy,300972,11
Holliday,300972,0
King,300972,18
X,300972,6
El-Shabazz,300972,22
Muhammad,300972,6
Little,300972,20
Archie,300972,21
Jr.,300972,13
Davis,300972,21
Mandela,300972,0
Shorty,300972,17
Robinson,300972,10
Fred,2433724,16
Cannon,2433724,5
Horsey,2433724,18
Nancy,2433724,21
Hainesville,2433724,16
Mike,2433724,17
David,2433724,21
Rishi,10620253,4
Natwar,10620253,4
Reshma,10620253,3
Biradar,10620253,22
Anokhelal,10620253,17
Ranbir,10620253,6
Sonia,10620253,13
Jankura,10620253,10
Dharmatma,10620253,12
Singh,10620253,17
Dharamdas,10620253,1
Kundan,10620253,3
Mona,10620253,3
Allen,25009958,1
Clay,25009958,4
Drango,25009958,17
Kate,25009958,14
Calder,25009958,13
Shelby,25009958,11
Bracken,25009958,16
Suzy,9031071,9
Fiona,9031071,6
Shrek,9031071,6
Gingy,9031071,3
Doug,6234983,15
Wehlner,6234983,6
Stauber,6234983,6
Richard,8626367,6
Anstruther,8626367,17
Macrae,8626367,0
Fortune,8626367,21
Carlton,8626367,7
Saunders,8626367,22
White,23991059,9
Biddle,23991059,21
Robert,23991059,6
Vince,4460314,3
Don,4460314,6
Bradlee,4460314,6
Savon,4460314,18
James,4460314,3
Raymond,4460314,17
Bill,30011022,2
Doris,30011022,20
Louise,18967483,21
Reeves,18967483,10
Elton,18967483,4
Marie,18967483,6
Jeanne,18967483,14
Munni,11895033,23
Chunni,11895033,3
Makdee,11895033,23
Alma,193862,20
Allen,193862,6
Forbes,193862,17
Jan,193862,14
Jonathan,193862,21
Morrow,193862,22
Stetson,193862,20
Truman,10612031,22
Jones,10612031,3
Smith,10612031,7
Pierre,10612031,16
Therese,10612031,5
Magiot,10612031,4
Pineda,10612031,17
Catherine,10612031,19
Concasseur,10612031,0
Martha,10612031,19
Burton,10612031,7
Brown,10612031,3
Duvalier,10612031,18
Stella,16334996,13
Saffron,30742009,14
Audry,30742009,14
Kimmel,30742009,7
Nikki,30742009,9
George,32883826,17
Hughes,32883826,5
Ma,32883826,2
Ceci,9398619,21
Jade,9398619,2
Souza,9398619,22
Green,9398619,23
Ajith,6795160,5
Radhika,6795160,14
Webb,420692,7
Kent,420692,20
Paul,2066293,14
Devery,2066293,6
Brock,2066293,6
Verrall,2066293,15
Billie,2066293,8
Parker,27694404,20
Dylan,27694404,6
Jamie,27694404,6
Annie,27694404,17
Marlowe,1197558,11
Malloy,1197558,18
Sheeba,3471434,9
Khan,3471434,3
Joshi,3471434,0
Singh,3471434,14
Vikram,3471434,9
Farina,19347214,15
Ann,19347214,13
Mickey,29449916,6
Davis,29449916,13
Dale,32513783,23
Donald,32513783,16
Vargas,2473101,24
Trey,2473101,17
Preston,2473101,6
Renzi,2473101,21
Callahan,2473101,22
Sellars,2473101,18
Shatner,2473101,20
Claus,8391403,17
Thistlewhite,8391403,13
Bruloff,20783851,14
Moonlight,20783851,22
Hooky,20783851,6
Catlock,20783851,22
Michael,20783851,18
Olga,20783851,10
Superior,20783851,6
Alexandrova,20783851,0
Piniev,20783851,23
Nagard,20783851,14
Quail,20783851,20
Buhlen,20783851,4
Nakajima,2939335,11
Harada,2939335,5
Jones,4513433,4
Rockford,4513433,0
Lance,4513433,16
Jamar,4513433,17
Anita,183540,22
Francesco,183540,21
Marta,183540,3
Salt,61061,14
Baum,61061,0
Chang,61061,7
Lily,61061,6
Fei,61061,8
Harvey,61061,21
Carmichael,61061,7
Adina,2966368,16
Montel,2966368,12
Clyde,2966368,12
Harrison,12993922,0
Danny,24342593,15
Jason,24342593,21
Corbett,24342593,3
Becca,24342593,21
Izzy,24342593,23
Gabby,24342593,16
Mehra,21321046,22
Tara,21321046,23
Chowdhury,21321046,13
Brinda,21321046,3
Abhik,21321046,3
Ranjan,21321046,21
Gopi,32010654,18
Bhai,34809788,20
Nandini,34809788,21
Avinash,34809788,21
Anand,34809788,21
Manmohan,30636427,21
Ramesh,30636427,17
Seema,30636427,3
Jugran,30636427,21
Verma,30636427,24
Ravi,30636427,6
Girdharilal,30636427,8
Romeo,30636427,6
Simmi,30636427,6
Lal,30636427,15
Ashok,30636427,13
Walter,9478609,4
Fine,9478609,2
Hoorn,9478609,24
Mitty,9478609,15
Jones,9478609,12
Anatole,9478609,5
Paris,9478609,10
Aguiluz,3414692,4
Amihan,3414692,5
Alwina,3414692,3
Dakila,3414692,4
Mulawin,3414692,24
Ravenum,3414692,2
Ravenas,3414692,2
Glazar,147213,7
Lanzmann,147213,20
Srebnik,147213,19
Schalling,147213,10
Vrba,147213,10
Grassler,147213,10
Suchomel,147213,10
Hilberg,147213,20
Bomba,147213,2
Gawkowski,147213,7
Karski,147213,22
Podchlebnik,147213,1
McVane,9882012,20
Jenkins,9882012,17
Kay,9882012,16
Merritt,9882012,0
Barrett,9882012,7
Curzon,9882012,0
Hammond,9882012,16
Levin,6500990,11
Miller,23749476,2
Monica,23749476,9
Mitchell,23749476,11
Noriega,23749476,9
Castro,23749476,4
Daggett,23749476,4
Nassim,29588452,17
Yvonne,29588452,2
Issam,29588452,24
Roukoz,29588452,2
Jeffries,8267463,10
Smith,8267463,17
Snead,8267463,18
Sarun,14946484,4
Vanny,14946484,19
Somalie,14946484,6
Otdom,14946484,18
Neang,14946484,3
Rythika,14946484,19
Heiter,29250240,22
Mightyena,1543560,16
Giovanni,1543560,17
Pok,1543560,11
Diane,1543560,21
Ash,1543560,2
Forina,1543560,23
Jirachi,1543560,4
Torchic,1543560,24
Max,1543560,21
Groudon,1543560,10
Mudkip,1543560,24
Greenspun,26457515,1
Teresa,26457515,11
Claudia,9415844,21
Dressler,5555565,5
Buster,5555565,11
Keaton,5555565,11
Cindy,27745239,2
Duncan,27745239,2
Kirsty,27745239,2
Cutler,24829235,16
Petrie,24829235,20
Becker,24829235,14
Alex.,24829235,1
Alex,24829235,3
Chris,24829235,17
Lily,24829235,6
Cliff,24829235,4
Laurel,361280,10
Ollie,361280,6
Betty,361280,6
Stan,361280,6
Hardy,361280,6
Jacqueline,36348802,7
Yam-yam,36348802,9
Todd,35565471,9
Thomas,35565471,22
Lyons,35565471,9
Cook,10296157,9
Palmer,10296157,18
Irene,10296157,6
Tom,10296157,6
Gowdy,10296157,16
Pat,10296157,6
Mathias,9737671,13
Michael,9737671,3
Jesus,9737671,17
Rachel,9737671,3
O'Malley,9737671,17
Sheen,7077541,18
Taylor,20174145,24
Vilanch,20174145,14
Crystal,20174145,22
Midler,20174145,10
Clinton,20174145,0
Goldberg,20174145,8
Viraj,18583474,21
Achappa,18583474,3
Suhasini,18583474,14
Field,3742549,12
Dexter,3742549,24
Cookson,3742549,24
Michael,26890990,1
Jonathan,26890990,17
Alex,26890990,6
Jill,7694669,2
Rigg,7694669,17
Blank,7694669,11
Brenda,7694669,17
Young,7694669,2
Landsness,7694669,24
Trevor,7694669,17
Denlon,7694669,17
Kerry,7694669,5
Strahm,7694669,11
Kramer,7694669,17
Art,7694669,17
Gideon,7694669,10
Hoffman,7694669,17
Matthews,7694669,4
Perez,7694669,11
Adams,7694669,15
Tuck,7694669,13
Diesel,11768615,19
Thompsons,11768615,4
Hunter,11768615,24
Shaw,11768615,15
Thompson,11768615,24
Springsteen,32750551,12
McKenna,32750551,21
Pentangle,32750551,17
Ben,32750551,3
Leroy,32750551,13
McCartney,32750551,15
Kenneth,32750551,3
Percy,32750551,17
Scarlett,32750551,17
Dylan,32750551,0
Mumblecore,32750551,12
Morrissey,32750551,9
Lucy,32750551,16
Herzog,32750551,22
Emmerich,32750551,23
Sniddlegass,32750551,11
Costello,32750551,9
Fry,32750551,23
Miyoshi,6255163,4
Takigawa,6255163,12
Venus,6255163,13
Nixon,1584494,6
Bonny,1584494,6
Bicke,1584494,3
Julius,1584494,6
Marie,1584494,13
Stefek,659894,7
Stefak,659894,3
Jakimowski,659894,10
Faizan,4519654,14
zara,4519654,23
Zara,4519654,3
Salakhain,4519654,6
Powers,629350,19
Sam,629350,21
Paula,629350,3
Brown,629350,5
Royce,629350,18
Hedgeworth,629350,3
Freeman,629350,9
Joan,18070237,6
Fletcher,18070237,13
Valerie,18070237,3
Paige,18070237,12
Moore,18070237,12
Colby,18070237,8
Beck,17156061,18
Khan,17156061,7
Koerger,17156061,17
Pereira,17156061,17
Ivan,17156061,18
Nelson,17156061,17
Tchernov,17156061,16
Schneider,17156061,17
Joyce,17156061,20
Moto,17156061,3
Chung,17156061,17
Joe,4969220,16
Sethumadhavan,14479942,1
Urvashi,14479942,9
Koko,7211476,23
Betty,7211476,21
Li,1019521,13
Valia,2856157,2
Janvi,2856157,21
Patel,2856157,4
Mohan,2856157,21
Hari,2856157,2
Bakshi,2856157,13
Louisa,68079,14
Morley,68079,9
Rose,68079,21
Charlie,68079,3
Allnut,68079,18
Samuel,68079,0
Sayer,68079,1
Hepburn,68079,11
Vega,34181242,23
Oswald,32980934,3
White,24672079,9
Cooper,24672079,6
Clare,24672079,7
Noah,24672079,23
Marilyn,24672079,21
Stubbs,24672079,16
Paul,21142046,3
Eddie,21142046,3
Michael,21142046,11
Paul,12181304,7
Saxon,12181304,15
Rae,12181304,16
Liz,12181304,3
Smith,12181304,3
Mithun,32013917,5
Roshan,32013917,5
Ravi,32013917,15
Raka,32013917,7
Poonam,32013917,15
Nagraj,32013917,4
Carter,36092739,13
Clark,36092739,6
Patricia,36092739,17
Monahan,36092739,0
Ramsay,36092739,6
Deborah,36092739,17
Ho-nam,9893014,16
Zaorenansuan,9893014,23
Peter,9893014,17
Kusakari,9893014,18
Arthur,14209782,16
Skouras,14209782,13
Kirkside,14209782,15
Arnford-Jones,14209782,9
Calvert,14209782,24
Hunslett,14209782,17
Pangan,24419018,2
Diaz,24419018,5
Morgan,30871261,7
Evelyn,30871261,18
Temple,30871261,8
Rachel,30871261,3
Rourke,30871261,6
Aidan,30871261,3
Keller,30871261,18
Sam,8407971,3
Geetanjali,3875986,3
Prakash,3875986,6
Kumar,8422241,8
Ram,8422241,3
Sudha,8422241,3
Devi,8422241,21
Sunil,8422241,3
Rama,8422241,17
Fulci,8422241,15
Jagmohan,8422241,3
Parvati,8422241,17
Gray,14451664,8
Starscream,76515,1
Unicron,76515,1
Galvatron,76515,17
Witwicky,76515,12
Blurr,76515,9
Kup,76515,17
Spike,76515,8
Rod,76515,17
Kranix,76515,19
Perceptor,76515,19
Springer,76515,9
Shanti,14836463,13
Chandrakant,14836463,3
Ravi,14836463,15
Prabhudas,14836463,21
Ambika,26412737,19
Sathyaraj,26412737,20
Mookaiyah,10791880,16
Maanikam,10791880,13
Bairavi,10791880,21
Bhairavi,10791880,16
Bhagyam,10791880,11
Aziz,24046280,7
Jean-Pierre,24046280,12
Valerie,24046280,13
Zhang,7195862,3
Xiaoshuai,7195862,3
Delong,7195862,22
Liu,7195862,23
Mickey,28757701,6
Davies,28757701,6
Eagleton,28757701,20
Denver,28757701,13
Mike,28757701,8
Delilah,28757701,14
Sal,28757701,6
Ron,28757701,6
Georgina,28757701,23
Hitchcock,28757701,15
Reid,28757701,8
Granger,28757701,6
Johnny,28757701,6
Martini,28757701,15
Chrissie,28757701,6
Devlin,28757701,5
Altman,28757701,11
Valentina,11312191,21
Percy,11312191,16
Tony,11312191,3
Anton,11312191,9
Nick,11312191,3
Peter,11312191,7
Biskind,11312191,19
Cameron,32896267,9
Opal,31269549,12
Moody,31269549,22
Grant,1006385,5
Estella,1006385,14
Macpherson,1006385,13
Rose,1006385,22
Fischer,1006385,11
Neill,1006385,9
Lindsay,1006385,12
Devlin,1006385,13
Gerber,1006385,10
Rossi,1006385,11
Son,60157,2
Anson,13061445,13
Jas,13061445,12
Jiney,13061445,1
Kishen,22099425,23
Devi,22099425,15
Bahdur,22099425,8
Gonsalves,22099425,13
Tanya,22099425,6
Bhikhu,22099425,11
Kundan,22099425,23
Mona,22099425,2
Danilo,29498613,8
Stella,29498613,23
Anton,29498613,14
Prymaat,1812216,2
Beldar,1812216,10
Wolf,2643013,24
Daffy,2643013,3
Clampett,2643013,11
Goodman,2643013,0
Shakespeare,2643013,13
James,2643013,22
O'Brien,2643013,9
Cassidy,2643013,9
Dorsey,2643013,17
Tom,2643013,16
Besser,2643013,14
VIII,2643013,9
Durante,2643013,12
Mother,2643013,3
Sinatra,2643013,24
Horn,2643013,15
Gibson,2643013,19
Boy,2643013,20
Kaye,2643013,20
Laura,749718,21
Bella,749718,6
Jim,749718,24
Bancroft,749718,19
Savitri,18703865,13
Chandrasekhar,18703865,13
Meenakshi,18703865,14
Shastry,18703865,9
Quintuplets,3150333,10
Anthony,3150333,7
Crosby,3150333,24
Daffy,3150333,3
Porky,3150333,23
Mayer,972940,17
Sherman,972940,23
Bill,972940,8
Louise,972940,7
Churchill,972940,15
Smith,972940,18
Baltimore,972940,8
Megan,21311350,4
Barbie,21311350,21
Kim,21311350,13
Merrishaw,21311350,13
Rathod,1396697,13
Ali,1396697,6
Solomon,1396697,13
Cryer,1062036,5
Ray,20122721,3
Ella,3569957,17
Alan,3569957,4
Mann,3569957,22
Geoffrey,3569957,4
Melanie,3569957,0
Carlino,846311,14
Brackman,846311,22
Kane,846311,3
Dooley,846311,21
Maggie,846311,6
McMillan,846311,16
O'Connell,846311,8
Bruno,846311,17
Klepper,846311,5
Doyle,32621102,14
Beth,32621102,3
Jonathan,32621102,3
Fischer,32621102,17
Emelia,32621102,3
Melodies-leader,5973874,21
Usmarte,5973874,9
Ketty,5973874,3
Louis,5973874,5
Slazlo,5973874,24
Inom,31953513,11
Atan,31953513,0
Nibelungen,28075240,8
Sabina,28075240,4
Jung,28075240,4
Bleuler,28075240,18
Gross,28075240,7
Spielrein,28075240,17
Freud,28075240,21
Siegfried,28075240,4
McGinnis,15109392,6
Crawley,15109392,17
Donnelly,15109392,9
Hannafin,15109392,14
Quinn,15109392,2
O'Neill,15109392,9
Corrigan,15109392,15
Dermot,15109392,4
Neeve,15109392,6
Bella,15109392,4
Bela,15109392,23
Ned,15109392,1
Reilly,15109392,12
Laura,2010815,17
Clayton,2010815,6
Wheeler,2010815,22
Drummond,2010815,17
Benedictus,24237690,4
Roxanne,24237690,19
Lester,24237690,1
Tadpole,24237690,23
Johnson,24237690,3
Rosie,24237690,14
Betty,24237690,19
Willie,24237690,9
Wolfgang,24237690,21
Carrasco,4045252,4
Wakefield,4045252,16
Coleida,8126959,7
Selezneva,8126959,14
Shenk,456588,0
Smith,456588,4
Quinn,456588,10
Winfrey,456588,11
Mark,456588,3
Nora,456588,14
Dylan,456588,4
Shake,456588,6
Tom,456588,6
Kate,456588,6
McGuire,456588,12
Hank,456588,17
Baker,456588,11
Beth,456588,0
Charlie,456588,4
Tina,456588,1
Nina,6791551,21
Gill,6791551,6
Allen,6791551,2
Bobby,6791551,17
Julian,6791551,21
Louise,6791551,16
Gino,6791551,6
Hector,6791551,3
John,6791551,3
Fitzgerald,23761430,12
Stone,23761430,15
Alexis,23761430,3
Kelly,23761430,8
Kate,23761430,21
Teddy,23761430,0
George,23761430,6
Jones,23761430,1
Horowitz,23761430,22
Helen,23761430,3
Edwina,23761430,3
McGinnis,3193176,5
Pino,3193176,13
Mary,3193176,22
O'Keefe,3193176,9
Hoover,3193176,11
Gusciora,3193176,18
Garcia,13425976,9
Jody,13425976,23
Patterson,13425976,11
Theodora,13425976,23
John,13425976,6
Carol,13425976,23
Imbriani,11943972,20
Esther,11943972,23
Grunt,31748184,19
Swallows,31748184,1
Smallcock,31748184,22
Lew,12145390,24
Tracy,12145390,20
Johnny,12145390,23
Martin,12145390,14
Lou,12145390,6
Gina,12145390,1
Baldwin,12145390,3
Willie,12145390,17
Nora,12145390,3
Hyewon,20190305,15
Hong-Do,20190305,8
Yun-Jeong,20190305,10
Yun-bok,20190305,10
Han-Pyong,20190305,14
Kharbanda,19287252,16
Nikhil,19287252,11
Tara,19287252,23
Mithun,30380016,11
Lynette,242539,2
Foley,242539,17
Mayo,242539,21
Seeger,242539,10
Paula,242539,9
Zack,242539,3
Pomeroy,242539,15
Worley,242539,14
Byron,242539,5
Pokrifki,242539,22
DORs,242539,4
Cargraves,879000,22
Sweeney,879000,14
Barnes,879000,19
Thayer,879000,15
Rajagopal,26282515,3
Bhaskaram,25054264,12
Karthik,25054264,2
Krishnudu,25054264,16
Lakshmipati,25054264,16
Kavya,25054264,7
Neena,7701711,13
Sona,7701711,3
Khan,7701711,15
Chowdhury,7701711,6
Nikki,7701711,21
Ranjit,7701711,13
Mishra,7701711,19
Jaisingh,7701711,3
Vikram,7701711,6
Parsons,372218,8
Kaufman,372218,1
Oster-burg,372218,20
Kabibi,34953765,19
Nvouandou,34953765,19
Clifford,4362030,13
Barnfield,4362030,18
Dennis,4362030,9
Hall,4362030,16
McMaxford,4362030,4
Victoria,4362030,24
Emma,4362030,3
Damien,4362030,3
Cuthbertson-Smyth,4362030,23
Nicola,4362030,13
Amelia,15086146,20
Sebastian,15086146,6
Pedro,15086146,3
Martha,15086146,3
Bocanegra,1537627,1
Alatriste,1537627,24
Castro,1537627,24
Luis,1537627,24
de,1537627,4
Gualdamedina,1537627,12
Balboa,1537627,19
igo,1537627,2
mez,1537627,10
Philip,1537627,17
lica,1537627,5
Malatesta,1537627,14
Arlo,3252445,20
Sullivan,3252445,15
Zero,3252445,20
Gloria,3252445,4
Jess,3252445,17
Stark,3252445,21
Stanton,8318237,24
Howard,8318237,5
Mary,8318237,17
Lampington,8162204,6
Bird,8162204,22
Gabriel,8770363,14
Mira,8770363,21
Guptan,8770363,22
Meera,8770363,15
Salim,30715080,17
Akbar,30715080,21
Saleem,30715080,21
Anarkali,30715080,4
Singh,30715080,5
Jodhabai,30715080,12
Kurenai,30888552,7
Takeda,30888552,19
Natsuki,30888552,8
Ayaka,30888552,23
Borst,1815970,5
Spica,1815970,21
Georgina,1815970,16
Michael,1815970,22
Bostick,31073723,3
Stu,31073723,8
Harris,31073723,21
Brad,31073723,23
Jesse,31073723,10
Preissler,31073723,12
Ellie,31073723,3
Gerry,3274071,15
McGann,3274071,4
McGurn,3274071,23
Jack,3274071,21
Lily,3274071,3
Bashir,36200448,2
Narayani,36200448,14
Benedict,32353405,9
Hardy,32353405,6
Colner,2144538,1
Backett,2144538,17
Craig,2144538,21
Drumman,2144538,13
Lorrison,2144538,13
Anderson,2144538,0
Norson,2144538,14
Ellen,2144538,2
Joe,2144538,3
Garsell,2144538,17
Sinton,2144538,21
Harvey,2144538,15
Brand,12401202,8
Winter,12401202,1
Craig,12401202,11
Melville,12401202,17
Barton,12401202,8
Szabo,19773013,24
DeForest,19773013,17
Marina,5499618,21
Mark,5499618,19
Zowie,5499618,22
Stein,5499618,4
Jack,5499618,6
Bellamy,7653582,11
Pratt,7653582,3
Williams,1278575,18
Wolf,1278575,3
Frank,1278575,17
Zoe,1278575,17
Margaret,1278575,17
Blaine,1278575,1
Michael,1278575,21
Hannah,1278575,17
Christine,1278575,17
Vidler,1278575,9
Goodnight,1278575,17
Jacob,1278575,0
Tyson,1278575,21
Kira,1278575,4
Kane,1278575,6
Melissa,1278575,2
Chandran,17828310,13
Dacoits,17828310,9
Laila,17828310,1
Prince,17828310,12
Kannan,17828310,12
Devan,17828310,3
Parvathi,17828310,6
Lalia,17828310,20
Kurup,17828310,3
Udayan,17828310,21
Raja,17828310,14
Kammaran,17828310,6
Chandra,17828310,13
Paravathi,17828310,1
Kunjali,17828310,17
Romeo,19661965,0
Sarthak,19661965,16
Mytyl,4598013,4
Tylo,4598013,7
Berylune,4598013,10
Hicks,4598013,11
Boginja,14882264,22
Hirsh,3146002,18
Elkin,3146002,16
Greville,3146002,16
Bradley,13539323,12
Thornton,13539323,21
Cri-Cri,13539323,21
Bruce,13539323,2
Sparke,13539323,21
Nita,24010250,13
Cordoba,24010250,15
Launhardt,6969350,12
Thomas,6969350,13
Michalek,6969350,12
Mutius,6969350,3
Marie,6969350,13
Leiser,6969350,0
Masina,3644423,18
Rajkumar,28865396,23
Vishaka,28865396,11
Singh,28865396,5
Rajkumari,28865396,8
Maa,28865396,24
Yuuji,8212697,6
Bernard,20189060,16
Taylor,35766264,5
Ann,35766264,13
Lotta,35766264,14
Tom,35766264,24
Montez,35766264,15
Cornelius,35766264,10
Lola,35766264,19
Crabtree,35766264,8
Richmond,35766264,17
Pandit,6557991,17
Sehgal,6557991,1
Naina,6557991,6
Sonia,6557991,1
Suraj,6557991,21
Rathod,6557991,18
Hyde,7870244,7
Pyckle,7870244,3
Barrymore,7870244,11
Millicent,7870244,7
Jekyll,7870244,13
Pride,7870244,3
Taiga,32427935,21
Musashi,32427935,21
Dyna,32427935,21
Shankar,29381633,15
Nath,29381633,3
Shanti,29381633,2
Macey,31078715,18
Kathleen,31078715,21
Gert,31078715,18
Piraat,31078715,17
Karin,31078715,2
Panter,31078715,2
Gazpacho,31078715,2
Samson,31078715,9
Leeuw,31078715,24
Kristel,31078715,13
Winters,9382823,4
Odell,9382823,6
Brice,9382823,3
Claire,9382823,6
Stumbo,9382823,0
Wally,9382823,22
Archerlift,9382823,1
Magnus,9088886,10
Akasha,9088886,17
Talbot,9088886,6
Pandora,9088886,17
Lestat,9088886,3
Reeves,9088886,6
Armand,9088886,17
Jesse,9088886,17
Marius,9088886,23
Pritchett,10560346,18
Shields,10560346,18
Waltz,10560346,21
Kyle,15084442,2
Thomas,15084442,14
Pat,15084442,19
Rachel,15084442,12
Jim,15084442,7
Graham,15084442,23
Rob,15084442,23
Nicola,15084442,0
Shantang,4122671,18
Qinglai,4122671,8
Ju,4122671,6
Meizi,4122671,14
Cathy,33773876,7
Thornwall,33773876,9
Callahan,33773876,24
Simon,33773876,21
Hoffman,33773876,21
Runnicles,27642540,14
Daryl,265143,14
Danny,265143,17
Erica,265143,24
Toni,265143,17
Tanner,265143,10
Eckert,265143,4
Matt,265143,17
Bates,265143,13
Bella,265143,6
Juan,9986161,5
Manuela,9986161,10
Facundo,9986161,21
Denevi,9986161,16
Lucas,9986161,2
Pepys,171068,21
Fox,171068,12
Pitt,171068,5
Warren,171068,8
Thurlow,171068,12
George,171068,17
Shakespeare,171068,8
Willis,171068,24
III,171068,17
Beni,32100786,24
Sivers,1887155,3
Bollek,1887155,16
Schulz,1887155,12
K,1887155,19
Veidt,1887155,24
Andrew,5890466,21
Mark,5890466,10
Jade,5890466,21
Li,5890466,19
Blanchard,7985929,18
Alison,7985929,23
Covas,7985929,10
Luciani,14408606,9
Cecilia,14408606,21
Dino,14408606,1
Hood,157172,5
Wally,157172,21
Kevin,157172,3
Bonaparte,157172,20
Wister,31724000,18
Charlie,31724000,19
Xavier,31724000,11
Lily,31724000,12
Shephali,7463777,2
Uma,7463777,9
Ramu,7463777,6
Sagar,7463777,14
Seeta,7463777,14
Chinna,6640066,14
Chella,6640066,14
Karna,6640066,21
Chen,1047834,3
Petrov,1047834,24
Mizongyi,1047834,17
Katana,1047834,17
Yuanjia,1047834,14
Suzuki,1047834,5
Susuki,1047834,5
Zhen,1047834,3
Yosuke,24227817,3
Yu,24227817,3
Mario,1857955,18
Hyde,1857955,7
Seta,1857955,22
Albert,1857955,10
Pat,1857955,3
Maurice,1857955,12
Jekyll,1857955,13
Judy,1857955,10
Beretti,1857955,3
Polly,2005101,16
Mary,2005101,13
MacDonald,2005101,11
Gabrielle,2005101,3
McCarthy,2005101,5
Vale,2808281,18
Penguin,2808281,3
Vicki,2808281,4
Karnstein,2808281,15
Dracula,2808281,17
Alfred,2808281,16
Carmilla,2808281,4
Batman,2808281,4
Wayne,2808281,4
Grant,5895363,16
Nicholas,5895363,15
Karpov,5895363,4
Jeff,5895363,17
Nikita,5895363,15
Parmenter,5895363,21
Peter,27279824,22
Edwin,27279824,17
Diana,27279824,2
Abraham,27279824,17
Petrov,33010153,17
Alexander,33010153,20
Bukharin,33010153,1
Olga,33010153,0
Lenin,33010153,12
Sergei,33010153,8
Varvara,33010153,16
Zinoviev,33010153,1
Mikoyan,33010153,13
Molotov,33010153,5
Kamenev,33010153,9
Stalin,33010153,14
Gilbert,4485134,5
Garbo,4485134,8
Estelle,4485134,21
Rolfe,4485134,0
Amy,4186478,20
Len,4186478,18
Judson,22191507,9
Mathews,22191507,15
Lewis,22191507,19
Revere,22191507,8
Betty,22191507,4
Millhouse,22191507,10
Matsumoto,15088997,23
Amamiya,15088997,13
Kuryu,15088997,3
Kohei,15088997,21
Blake,23921560,19
Molly,23921560,1
Jay,23921560,13
Lorna,23921560,6
Bernard,23921560,5
Taylor,28066996,1
Brosnan,28066996,1
Lansbury,28066996,15
Novak,28066996,20
Curtis,28066996,20
Sarah,2100438,11
Klove,2100438,4
Carlson,2100438,17
Dracula,2100438,3
Framsen,2100438,17
Paladhi,17176729,9
Roy,17176729,23
Dasgupta,17176729,13
Bakul,17176729,10
Ganesh,17176729,3
Rajani,17176729,14
Brewer,26383573,5
Allen,26383573,5
Bennett,26383573,6
Rose,26383573,23
Ryan,26383573,13
Walker,26383573,4
II,16972436,0
Adams,16972436,12
Grizzard,16972436,0
Martin,13402887,3
Anna,13402887,14
Truman,10051590,0
King,20813549,6
Allenbury,61507,9
Connie,61507,2
Chandler,61507,0
B.,61507,22
Benton,61507,12
Haggerty,61507,14
Gladys,61507,2
Baldwin,7659272,3
Arndt,7659272,17
Jaissle,7659272,10
Leung,22607311,18
Lam,22607311,3
Yeung,22607311,13
Alexander,31317885,7
Great,31317885,15
Belmonte,8948959,9
Fitzpatrick,8948959,16
Sanjana,34191227,3
Siddu,34191227,15
Chopra,23909373,6
Vicky,23909373,3
Verma,23909373,0
Seo,4433680,2
Choi,4433680,6
Kim,4433680,7
Paul,5892193,3
Emily,5892193,3
aranda,17228882,3
Medina,17228882,22
Sierra,17228882,13
Pe,17228882,0
Adela,17228882,10
Torres,17228882,17
Pablo,17228882,6
Iris,17228882,7
Pascual,17228882,5
Benitez,17228882,4
Jackson,151461,14
Roboto,151461,7
Smut,151461,0
Scott,151461,14
Powers,151461,11
Mi,151461,10
Cleopatra,151461,11
Yu,151461,10
Nigel,151461,23
Cruise,151461,11
Evil,151461,23
Spielberg,151461,9
Foxxy,151461,13
Aarti,15063943,19
Singh,15063943,3
Chaudhary,15063943,7
Vijay,15063943,2
Jadzia,5980485,8
Church,5980485,22
Lemora,955166,3
Lee,955166,12
Lila,955166,3
Reverend,955166,6
Gunvald,22977613,17
Beck,22977613,18
Larsson,22977613,19
Timmy,17980087,6
John,17980087,6
Cleary,17980087,21
Nettie,17980087,6
Sears,5915746,17
Johnson,5915746,20
Snodgrass,5915746,7
Trojan,5915746,15
Moe,14736880,3
Larry,14736880,3
Harris,1680034,16
Hurst,1680034,5
Tackleberry,1680034,10
Conklin,1680034,10
Lassard,1680034,15
Mike,25507521,7
Marcie,25507521,8
Dan,25507521,6
Catherine,25507521,22
Brady,79700,6
Donald,79700,6
Lola,79700,15
Susan,79700,12
Doolittle,79700,7
Mouse,79700,12
Elroy,11448113,24
Day-Day,11448113,3
Craig,11448113,16
Pearly,11448113,6
Willie,11448113,8
Mike,11448113,23
Donna,11448113,18
Damon,11448113,3
Witherspoon,11448113,11
Ripley,17367576,23
Przysiezny,15978267,0
Woodsworth,15978267,23
Wanda,15978267,4
Dasvidaniya,19931072,16
Kaul,19931072,14
Suchi,19931072,2
Julka,19931072,22
Gupta,19931072,14
Bhanodh,19931072,22
Rajiv,19931072,3
Amar,19931072,3
Savio,19931072,6
Tatyana,19931072,6
Vivek,19931072,21
Tom,11596102,3
Jerry,11596102,3
Hatton,1128175,7
Clay,1128175,17
Wallenbeck,1128175,11
Travis,1128175,17
Payne,1128175,16
Derris,1128175,1
Rand,1128175,3
Middleton,1128175,17
Alicia,1128175,3
Eckles,1128175,5
Ryer,1128175,3
Jenny,1128175,23
Yahoo,5922179,22
Fred,5922179,3
Illiwara,5922179,3
Marvelous,5922179,4
Jasper,5922179,13
Wildwind,5922179,21
Daniel,5922179,13
Daphne,5922179,3
Scooby,5922179,23
Russell,5922179,21
Ridgeway,5922179,13
Velma,5922179,3
Grant,18596291,4
Ayerton,18596291,10
Glenarvan,18596291,15
Paganel,18596291,12
Merrin,919546,3
Bession,919546,3
Pazuzu,919546,24
Sarah,919546,0
Chuma,919546,12
Joseph,919546,10
Gionetti,919546,21
Francis,919546,17
Granville,919546,8
Miller,30423357,19
Blair,30423357,24
Mumba,27418924,11
Aaron,27418924,5
Carter,27418924,11
Eduque,31690407,23
Elizabeth,31690407,13
Bond,15676631,21
Vine,15676631,9
Jean,483727,4
Griselda,483727,2
Giacomo,483727,17
Fox,483727,5
Ravenhurst,483727,22
Roderick,483727,17
Griswold,483727,17
Kaye,483727,11
Hawkins,483727,21
Gwendolyn,483727,13
Richard,652418,6
Giancarlo,652418,9
Miki,652418,9
Diana,652418,24
Jackie,652418,4
Yuriko,288303,22
Stryker,288303,17
Jason,288303,24
Grey,288303,12
Kelly,288303,22
Wolverine,288303,17
Magneto,288303,16
Oyama,288303,9
Ronny,288303,15
Pyro,288303,13
Xavier,288303,12
Deathstrike,288303,8
Norm,23999017,15
Dion,23999017,23
Coutu,23999017,5
Jeanne,23999017,13
Rainville,23999017,13
Merrick,3721343,24
Brennan,3721343,21
Sadie,3721343,3
Opal,3721343,15
Michael,3721343,6
Alderson,3721343,14
Wallace,3721343,17
Tommy,3721343,4
Dolly,3721343,17
McKee,3721343,9
Hudson,10802011,14
Tom,10802011,16
Townsend,10802011,13
Milbank,10802011,21
Richmond,10802011,13
Blaine,10802011,13
Sara,10802011,19
Mash,27996231,6
Rita,23752629,16
McKeon,23752629,4
Cates,23752629,24
Prejon,23752629,12
Zarak,3905283,18
Khan,3905283,0
Peneolope,4673182,8
Penelope,4673182,17
Otto,4673182,0
Stefan,4673182,13
Frederick,4673182,3
Kelly,4673182,6
Rapunzel,4673182,3
Wilhelm,4673182,17
Hobie,4673182,16
Gothel,4673182,3
Sandy,19127891,7
Marian,19127891,14
Frank,19127891,10
Forrester,19127891,14
Ned,19127891,13
Matthew,30000,2
Travis,30000,6
Betsy,30000,3
Harris,30000,22
Tom,30000,6
Palantine,30000,22
Iris,30000,3
Bickle,30000,14
Andy,30000,0
Cornelia,27445179,10
Rudolf,27445179,7
Rudolph,27445179,6
Karin,27445179,3
kan,27445179,4
Kenny,27445179,17
Lenny,27445179,16
Annas,27445179,14
Sune,27445179,2
Sheela,32250104,5
Kavita,32250104,3
Roy,32250104,3
Arjun,32250104,5
Nandini,32250104,13
Abeer,32250104,6
Beery,9162738,11
Tom,9162738,3
Terry,9162738,1
Mickey,9162738,10
Webster,6283664,12
Stone,6283664,6
Jensen,6283664,12
Jaimie,5107779,4
Greer,5107779,21
Ivan,5107779,6
Michael,5107779,6
B,5107779,1
Catherine,5107779,21
Violet,5107779,6
Rebecca,5107779,23
Joy,5107779,9
Nash,34463193,9
Anne,5276217,22
Lucie,5276217,11
Christian,5276217,16
Kelly,31535423,21
Cooley,31535423,1
Szalinski,3156227,4
Nick,3156227,5
Wayne,3156227,3
Shruthi,34294739,23
Nalaini,34294739,6
Allen,12233995,21
Kohner,8609048,17
Richelieu,8609048,6
Natasha,8609048,3
Robby,8609048,3
Vandeveer,8609048,22
Zoppi,8609048,7
Moulineau,8609048,18
Max,8609048,18
O'Brien,8609048,19
Moss,341538,22
Maximilian,341538,16
Reinhardt,341538,6
Durant,341538,13
Palomino,341538,7
Kate,341538,6
McCrae,341538,22
Pizer,341538,4
Danby,2993903,6
Perkins,2993903,17
Olly,2993903,8
Joe,2993903,20
McCullough,2993903,16
Jake,2993903,17
Prudy,2993903,8
Shaba,24931589,21
Tao,24931589,14
Rajput,8848174,9
Marigold,8848174,23
Barry,8848174,21
Lexton,8848174,21
Prem,8848174,14
Meadows,6770626,15
Phelps,6770626,0
Leon,6770626,6
Murphy,15004937,6
Patton,12127900,21
Podhajsky,12127900,10
Li,12127900,2
Kodaivannan,34275179,9
Kolaivannan,34275179,9
Ramesh,34275179,22
Sylvester,25871150,17
Kestner,11383001,7
Halcon,11383001,21
Briareos,11383001,3
Hitomi,11383001,18
Tereus,11383001,2
Xander,11383001,1
Poseidon,11383001,17
Deunan,11383001,6
Hecatonchires,11383001,12
Lance,11383001,21
Sweid,34026231,1
Goldman,34026231,4
Mal,5744809,6
Jorgito,5744809,21
Black,21580685,23
Lamine,21580685,9
Scott,36090388,19
Forbes,36090388,15
Brennan,642696,2
Mr.,642696,7
Sedgewick,642696,7
Nigel,642696,16
Newton,642696,3
Michelangelo,642696,6
Beethoven,642696,3
Simmons,642696,9
Madison,642696,21
Sara,642696,3
Louise,33100124,22
Chor,811907,9
Chan,811907,10
Fleur,811907,20
Chen-Pang,811907,23
Pandolfini,573912,12
Fischer,573912,20
Vinnie,573912,20
Waitzkin,573912,4
Anderson,34809799,10
Flicka,3446666,3
Baker,3446666,2
Addlepate,3446666,8
Bazonga,3446666,3
Short,3446666,6
Starlet,3446666,24
Nessa,30726988,6
Scott,30726988,16
Olivier,30726988,3
Jonno,30726988,16
Grey,27746739,22
Chandru,24583490,8
Khushboo,24583490,24
Chu,33610926,11
Moon,33610926,21
Sian,33610926,9
Fu,33610926,4
Ning,33610926,20
Yin,33610926,17
Holm,21531637,8
Ingeborg,21531637,3
Erik,21531637,2
Taeko,637870,21
Lewellen,3990404,4
Grannie,3990404,21
Buddy,3990404,6
Ellen,3990404,3
Lou,3990404,21
Elvis,3990404,5
Charles,3990404,16
Presley,3990404,9
Boland,31117400,6
Lane,4937659,23
Vikram,4937659,8
Hari,4937659,18
Tate,1253851,12
Bo,1253851,3
Becky,1253851,3
Jenny,1253851,23
Jake,1253851,23
Jimmy,1253851,3
Joanie,1253851,3
Brooke,1253851,8
Zela,1253851,21
Morton,1253851,12
Ellie,1253851,23
Hay,10142618,13
Mara,35570279,6
Braco,35570279,24
Peter,35570279,24
Savo,35570279,9
Joan,4335073,18
Jessica,4335073,12
Hank,4335073,2
Cole,4335073,14
Cruz,29324890,15
Wilkerson,29324890,4
D'Amato,3032552,20
Carney,3032552,22
Skase,3032552,17
Wingate,3032552,9
Vendieks,3032552,24
Knight,3032552,8
Dellasandro,3032552,12
Phibbs,3032552,15
Jack,5777733,6
Jim,5777733,1
Tom,5777733,6
Mary,5777733,21
Rohit,5177364,21
Bhai,5177364,15
Gauri,5177364,1
Sonu,5177364,18
Raghunath,5177364,12
Kendall,3148833,3
Mark,3148833,24
Sebastian,3148833,13
Robin,3148833,16
Pierce,3148833,5
Harry,370064,6
Daisy,370064,21
Stacey,370064,19
Peter,370064,14
Judy,370064,3
Tony,370064,20
Mark,370064,3
Mack,370064,17
lia,370064,14
Daniel,370064,21
Karen,370064,17
Harriet,370064,8
Joanna,370064,13
David,370064,21
Jeannie,370064,19
Joe,370064,12
Schiffer,370064,13
Frissell,370064,21
Jamie,370064,3
John,370064,3
Carol,370064,1
Juliet,370064,13
Sam,370064,3
Fitzgerald,370064,2
Rufus,370064,16
Sarah,370064,9
Atkinson,370064,16
Colin,370064,19
Natalie,370064,5
Mia,370064,12
Bernard,370064,21
Kennedy,10760729,0
Ernie,10760729,8
Jr.,10760729,4
Brown,10760729,15
Davis,10760729,22
Mannix,10760729,14
Stevie,18324111,12
Cho,18324111,19
Shantidevi,10640451,1
Viswanathan,10640451,12
Meena,10640451,21
Krishnan,10640451,21
Nandhini,19398747,8
Thambi,19398747,18
Bertha,142623,13
Lawrence,142623,17
Bernard,142623,21
Reed,142623,16
Chaplin,10690363,21
Normand,10690363,0
Leo,12336807,15
Bora,12336807,7
Staupitz,12336807,15
Karlstadt,12336807,11
God,12336807,8
Martin,12336807,14
Tetzel,12336807,3
Luther,12336807,21
Frederick,12336807,4
Kengtu,10020058,3
Boatswain,10020058,18
Wyatt,10020058,11
Cohen,10020058,24
Jenkins,10020058,4
Tang,10020058,11
Leonard,10020058,0
McHale,10020058,6
Gates,10020058,9
Wali-Akhun,10020058,9
Ali,14639639,14
Isaac,21706037,15
Jake,21706037,1
Rademacher,21706037,21
Cartman,13849639,3
Kyle,13849639,4
Shortcake,13849639,4
Luke,13849639,24
Voorhees,13849639,9
Jesus,13849639,24
Popeye,13849639,24
Stan,13849639,17
Russell,13849639,12
Glinda,13849639,24
Cunningham,2301060,16
Merlin,2301060,19
Lao,2301060,16
Angela,2301060,23
Mike,2301060,21
Stark,2301060,24
Medusa,2301060,24
Benedict,2301060,15
Cassan,2301060,21
Hirasawa,21861316,13
Rostova,2792417,21
Bezukhov,2792417,21
Napoleon,2792417,22
Natasha,2792417,21
Kutuzov,2792417,24
Kuragin,2792417,19
Pierre,2792417,6
Bolkonsky,2792417,2
Gray,34423644,7
Mehra,27362209,5
Debu,27362209,3
Randall,4549179,3
Kelly,4549179,10
Sanju,17653561,16
Roy,17653561,16
Murphy,16083779,3
Hideo,16083779,10
Toshio,16083779,18
Akiko,16083779,23
Ando,16083779,21
Paul,2249951,4
Elvira,2249951,3
Jeannie,2249951,12
Samantha,2249951,23
Tom,2249951,19
Parker,2249951,10
Conway,2249951,15
MacGuff,19322734,15
Bleeker,19322734,2
Amidala,19322734,8
Skywalker,19322734,21
Mott,19322734,4
Morrison,4990409,23
Sandoval,4990409,8
Clifton,4990409,5
Jay,4990409,6
Kristen,4990409,13
Marie,4990409,17
Richards,4990409,4
Elena,4990409,6
Ndong,34973357,12
Samb,34973357,3
Ramata,34973357,8
Brandejs,18555435,13
nek,18555435,17
Tichota,18555435,7
Hitler,18555435,1
Jan,18555435,11
iv,18555435,17
Reich,18555435,8
Marcela,18555435,2
Liza,18555435,4
Tarzan,4391098,16
Toni,4391098,2
Kruger,4391098,17
Angie,4391098,4
Dino,4391098,2
Slade,4391098,6
Karthiyayani,21875520,13
Narayani,21875520,2
Velayudhan,21875520,18
Gracie,18385147,24
Shobana,10640770,1
Raghuvaran,10640770,16
Rajinikanth,10640770,12
Dennis,21906281,21
Whitaker,21906281,21
McGavin,21906281,0
Junkin,2179326,11
Mesurier,2179326,11
Jeffries,2179326,0
Parker,2179326,15
Newman,2179326,10
Coombes,2179326,23
Caine,2179326,14
Gates,2179326,18
Brubaker,13023499,3
Catherine,13023499,5
Gunther,13023499,22
Smeerlap,34150988,21
Wixxer,34150988,4
Nazneen,18658640,24
Karim,18658640,22
Ahmed,18658640,8
Doris,11076424,23
Mordecai,11076424,10
Blahka,11076424,12
Omunique,11076424,6
Durell,11076424,6
Tianna,11076424,21
Ricky,11076424,6
Durrel,11076424,21
Timmy,11076424,12
John,11076424,6
Parvathi,17306691,24
Rudra,17306691,14
Sathya,17306691,18
MacArthur,21015620,3
Boarden,21015620,4
Hailey,21015620,17
Evan,21015620,6
Sean,21015620,6
Harvey,21015620,19
Steele,9803131,13
Madden,9803131,18
Ibrahim,20460767,8
Durgaprasad,20460767,3
Apratim,20460767,23
Durgarasad,20460767,6
Singh,20460767,15
Montu,20460767,13
don,20460767,16
Muktadhara,20460767,5
Koottukar,29702704,23
Rosalind,22422976,6
Katchaturian,22422976,5
Hargrave,22422976,13
Andy,22422976,16
McCarthy,22422976,24
Paul,9924713,5
Allen,9924713,0
Sanders,9924713,7
Bradshaw,9924713,21
Lai-shan,1885580,8
Paul,27965599,14
Stella,27965599,21
Griffin,29370832,3
Minaj,29370832,22
Tony,11952667,19
Martha,11952667,5
Christian,11952667,7
Merrick,1068520,17
McCord,1068520,21
Jordan,1068520,22
Lincoln,1068520,3
Laurent,1068520,22
McGregor,25860552,11
Hayes,25860552,17
Coleman,25860552,17
Vicky,11260507,7
Simon,11260507,17
Omocha,18587578,22
Furusawa,18587578,6
Umekichi,18587578,6
Naipaul,9886340,0
Aragon,4152250,3
Quintana,4152250,15
J.L.,4152250,3
Carlos,4152250,3
Ruben,4152250,3
Jackoff,4152250,24
Nestor,4152250,17
Nikki,4152250,3
MacEwen,4152250,12
Joe,4152250,3
Aldo,4152250,13
Roosevelt,4152250,22
Bridger,4152250,16
Pacheco,4152250,3
Dorcey,4152250,4
Lang,4152250,23
Mamma,1045723,5
Tibor,1045723,22
Reynolds,1045723,3
Mia,1045723,8
Jeff,1045723,15
Carla,1045723,3
Stanley,1045723,9
Vardalos,1045723,11
Collette,1045723,11
Long,28692419,4
Heard,28692419,11
Hooker,28692419,13
Lence,9532900,23
Shake,2876564,7
Punisher,2876564,4
Castle,2876564,17
Tanaka,2876564,8
Franco,2876564,17
Chandar,19601054,3
Ramesh,19601054,8
Kishen,19601054,24
Chander,19601054,8
Shobha,19601054,4
Narayan,19601054,8
Avataar,19601054,2
Bawaji,19601054,14
Kishore,19601054,6
Sewak,19601054,24
Radha,19601054,17
Avtaar,19601054,6
Brandt,5334800,7
Lena,5334800,17
Geismar,5334800,6
Bettmann,5334800,4
Bridget,26152459,13
Angela,193847,2
Allison,193847,6
Samedi,6446061,4
Big,6446061,7
Johnson,6446061,3
Jr.,6446061,21
Pepper,6446061,17
Leiter,6446061,19
Kananga,6446061,13
Bond,6446061,24
Rosie,6446061,16
Carver,6446061,10
Gavriel,4137663,23
Hanuka,4137663,12
Azriel,4137663,14
Ranstead,2134506,7
Slim,2134506,3
Cally,2134506,17
Wilcox,2134506,17
O'Brien,2134506,18
Mildred,19400587,1
Sidney,19400587,10
Spanky,19400587,8
Hussain,17357251,18
Yadav,17357251,3
Vinod,17357251,17
kisan,17357251,10
Lallji,17357251,23
jawan,17357251,10
Tiwari,17357251,12
Singh,17357251,3
Huessien,17357251,17
Harry,5674209,18
Jonas,5674209,18
Raynathan,5674209,6
Marconi,5674209,18
Kymie,5674209,14
Molino,5674209,12
Gus,5674209,15
Goggles,5674209,12
Doby,5674209,2
Adamo,5674209,20
Roemello,5674209,21
Ella,5674209,19
Harris,5674209,24
Melissa,5674209,21
Delilah,2520267,12
Bailey,2520267,12
Sellers,2520267,18
Bala,5656393,17
Srikanth,5656393,16
Andrews,22278706,17
Cagle,22278706,17
Dawson,22278706,21
Rourke,22278706,14
Edith,22278706,3
Cabot,22278706,24
Gautier,22278706,9
Cecille,22278706,3
Gu,16567366,16
Zidi,16567366,14
Wang,16567366,4
Erdou,16567366,3
Jincun,16567366,21
Liu,16567366,9
Lantz,17891510,9
Wood,17891510,15
Tibbles,17891510,0
Babbitt,17891510,22
Idriess,17891510,0
Kyser,17891510,15
Dooley,17891510,8
Stander,17891510,4
Walrus,17891510,6
McKennon,17891510,19
Woody,17891510,3
Woodpecker,17891510,5
Lucie,4815412,6
Nina,4815412,6
Hitler,4815412,6
Erica,4815412,12
Hadler,4815412,1
Friedlander,4815412,15
Reich,4815412,8
Ruth,4815412,23
Max,4815412,10
Fritz,4815412,3
Schmidt,4815412,22
God,23233876,5
Columcille,23233876,7
Seamus,23233876,5
James,23233876,11
Balor,5292154,12
Nuala,5292154,23
Hellboy,5292154,4
Nuada,5292154,17
Liz,5292154,6
Prince,5292154,8
Manning,5292154,17
B.P.R.D.,5292154,18
Broom,5292154,11
Sapien,5292154,6
Krauss,5292154,4
Du-han,14580154,20
Willoughby,30351490,13
Bulla,33066426,4
Conrad,33066426,18
Parkinson,33066426,14
Vimala,26308243,6
Benny,26308243,6
Pattabhiraman,26308243,4
Nandu,26308243,17
Zahra,17623115,23
Arabs,17623115,18
Mastour,17623115,6
Riad,17623115,21
Kordi,13904106,11
Jimmy,13904106,21
Pagek,13904106,16
Puteri,13904106,4
Aspalela,13904106,4
Simpson,21382951,1
Clarence,21382951,5
Belinda,21382951,17
Annie,21382951,9
Winchell,1065748,16
Chavez,1065748,21
Comer,1065748,20
Bissinger,1065748,16
Billingsley,1065748,23
Gaines,1065748,3
Case,1065748,8
Henry,13019686,15
Joshua,13019686,8
Kelly,13019686,15
Shaz,13019686,9
Amanda,13019686,15
Rhona,13019686,23
Katie,30921645,21
Paul,30921645,6
Douglass,30921645,6
Teresa,30921645,3
Stamper,30921645,23
Charlie,30921645,17
Wanda,30921645,15
Butler,30921645,17
Wickle,30921645,10
Walden,30921645,12
Wolf,1201864,23
Agawa,1201864,23
Kei,1201864,23
Smith,1201864,12
Handa,1201864,12
Muroto,1201864,14
Henmi,1201864,24
Fuse,1201864,24
Tobe,1201864,9
Kazuki,1201864,3
Amemiya,1201864,2
Danny,32091063,3
Finbar,32091063,16
Nell,32895970,8
Dandelioon,32895970,7
Dad,32895970,5
Jim,32895970,8
Jack,32895970,23
Dave,32895970,8
Herzsprung,34962547,4
Marie,34962547,12
David,34962547,10
Marie,18762329,0
Sara,18762329,12
Alex,18762329,13
Richard,10466367,6
Bryant,10466367,10
Jessica,10466367,17
Sinclair,10466367,6
Colin,10466367,22
Natalie,10466367,6
Gillespie,10466367,12
Mondo,18472115,21
Redds,18472115,3
Semore,18472115,1
Williams,5983218,2
Betty,5983218,16
Butch,5983218,22
John,5983218,13
Deepa,10640149,23
Singh,10640149,17
Tandon,10640149,4
Yan,26063763,24
Richard,181353,14
Berent,181353,6
Harland,181353,7
Ruth,181353,6
Marthandan,11140719,10
Murphy,2560949,15
Consuelo,2560949,21
Herman,2560949,13
Purcell,2560949,12
Prudence,2560949,12
Gruda,2560949,4
Johnny,1519783,16
Grimm,1519783,1
Leonard,1519783,17
Susan,1519783,13
Evans,1519783,20
Doom,1519783,3
Ben,1519783,3
Richards,1519783,1
Debbie,1519783,3
Reed,1519783,3
Josh,8870325,3
Cin,8870325,14
Lucia,9351454,0
Mario,9351454,2
Fushimi,9351454,16
Ko,9351454,11
Kei,9351454,2
Riku,9351454,3
Daly,963301,10
Robby,963301,16
Kelly,963301,10
Dirt,963301,14
Charlene,963301,24
Joe,963301,3
Charlie,963301,14
Thompson,963301,24
Zander,963301,14
Bob,963301,0
Clem,963301,6
Saroja,5246514,6
Saami,5246514,20
Gounder,5246514,22
Kosi,5246514,3
Selva,5246514,3
Sandhya,5246514,6
Vishnuvardan,5246514,10
Richard,29236322,6
Newman,29236322,7
Natalie,29236322,2
Lyford,29236322,12
Dyke,9084375,9
Dan,9084375,16
Darren,8934867,24
Rowan,8934867,1
O'Neill,8934867,0
Jos,8934867,3
Brothers,32883730,17
Tessie,32883730,18
Ruth,32883730,21
Bob,32883730,6
Tim,23998065,15
Ford,23998065,24
Forrester,23998065,5
Andy,29916195,14
Michael,728946,8
Jess,728946,13
Ryan,728946,11
Alice,728946,3
Green,728946,0
Collins,2292864,18
Fonda,2292864,9
Dina,14329804,22
Gordon,481605,16
Fox,481605,19
Batman,481605,2
Ghul,481605,22
Dawes,481605,24
Crane,481605,17
Bruce,481605,6
Rachel,481605,16
Ducard,481605,5
Pennyworth,481605,24
Earle,481605,5
Falcone,481605,21
Wayne,481605,12
Chill,481605,11
Sahaab,22264734,22
Sahila,22264734,21
Pratap,22264734,1
Jasmin,22264734,21
Vij,22264734,2
Thakur,22264734,3
Baba,22264734,24
Singh,22264734,18
Raghu,22264734,5
Saab,22264734,21
Nagar,22264734,0
Hemant,22264734,3
Preeti,22264734,12
Shah,22264734,17
Gus,21436464,6
Peck,21436464,23
Bauer,16543602,24
Barbara,16543602,21
Gordon,16543602,11
Addison,16543602,19
Martin,16543602,12
Mulligan,16543602,9
Martins,16543602,13
Kalman,16543602,0
Karen,16543602,12
Ben,16543602,8
Jean,16543602,3
Swarnlata,3751916,6
Prasad,3751916,18
Swarnalata,3751916,3
Menon,3751916,22
Sharma,3751916,24
Abhinay,3751916,14
Arthur,2388346,10
Evelyn,2388346,10
Henrietta,2388346,20
Drew,2388346,3
Larkin,2388346,14
Norman,2388346,3
Cobb,2388346,2
Porter,2388346,9
Western,18424809,13
Mutie,18424809,16
Amallo,35633088,18
Kapitan,35633088,22
Katie,30695973,3
Toby,30695973,10
Dennis,30695973,3
Randy,30695973,12
Julie,30695973,6
Lois,30695973,3
Kristi,30695973,13
Mohiuddin,32582798,11
Chandia,32582798,10
Taylor,3610464,20
Hondo,3610464,5
Penny,3610464,21
Carson,3610464,5
Jeffries,3610464,5
Evans,3610464,21
McClintock,3610464,17
Lila,3610464,19
Stevens,3610464,5
Earp,3610464,0
Neal,3610464,0
Worth,3610464,21
Ennis,3610464,1
Penelope,3610464,13
Quirt,3610464,3
Johnny,3610464,13
Laredo,3610464,5
McCall,3610464,3
Hansan,26770973,5
Dongzi,26770973,14
Marina,24705703,16
Tonino,24705703,2
Mastelli,24705703,14
Varney,9972502,23
Kitty,9972502,21
O'Hara,9972502,19
Standish,9972502,17
Julia,9972502,8
Bellairs,9972502,21
Firuzan,26295780,23
Vishnu,30437887,1
Krishnankutty,30437887,6
Matthieu,4819015,23
Roland,4819015,11
Gertrude,4819015,6
Superior,4819015,19
Ekberg,4819015,5
Susana,646009,22
Vizintin,646009,21
Martino,646009,24
Liliana,646009,2
Harley,646009,5
Zerbino,646009,12
Parrado,646009,17
Balbi,646009,16
Aranda,646009,20
Cano,646009,22
Roy,646009,6
Canessa,646009,6
Antuna,646009,15
Antonio,646009,16
Diaz,646009,2
Ridhima,33488749,2
Rao,33488749,1
Fernack,6400083,18
Edwards,6400083,6
Templar,6400083,21
Martin,6400083,18
Valcross,6400083,6
Rellin,6400083,12
Burton,6400083,12
Irbell,6400083,17
Eddie,33747875,16
Betty,33747875,4
Inglebrink,6168923,21
O'Hart,6168923,16
Anne,6168923,0
Sanz,23283544,9
Stuart,3885386,6
Monty,3885386,14
Frederick,3885386,14
George,3885386,14
Reeko,3885386,10
Eleanor,3885386,14
Pace,23994350,14
Clark,3737649,17
Roper,3737649,14
Barron,3737649,7
Sandra,3737649,17
Kilmore,3737649,3
Biddle,3737649,9
May,3737649,0
Francis,3737649,12
Winkle,3737649,9
Huntoon,4969625,8
Grant,4969625,0
Royal,4969625,11
Orry,4969625,6
Bent,4969625,3
Jones,4969625,20
Fabray,4969625,9
Lee,4969625,4
Brett,4969625,21
Sally,4969625,14
Parker,4969625,19
Hazard,4969625,0
Billy,4969625,4
Ashton,4969625,3
Priam,4969625,24
George,4969625,6
Virgilia,4969625,6
Main,4969625,12
Greene,4969625,0
Willa,4969625,19
Gus,4969625,10
Lincoln,4969625,0
Cooper,4969625,6
Madeline,4969625,3
Justin,4969625,2
Flynn,4969625,14
Gettys,4969625,17
Ambrose,4969625,17
Stanley,4969625,6
Brown,4969625,18
Davis,4969625,0
LaMotte,4969625,20
Cuffey,4969625,17
Gubbi,31020151,10
Bhama,31020151,2
Tara,31020151,11
Deepu,31020151,14
Raghu,31020151,1
Bhat,31020151,24
Srinu,14945618,24
Phani,14945618,16
Ravi,14945618,6
Chakraborty,33097020,5
Jeb,25105240,20
Will,25105240,3
Martinez,25105240,17
Hank,25105240,10
Ike,25105240,10
father,25105240,6
Billy,25105240,7
Mila,25105240,4
Hewitt,24570673,1
Bobby,24570673,21
Ren,24570673,3
McCormack,24570673,21
Vi,24570673,6
Ariel,24570673,6
Cranston,24570673,7
Moore,24570673,3
Bobrov,12521963,9
Bagrov,12521963,19
Stalin,12521963,14
Tony,4736948,3
Mohan,4736948,16
Piya,4736948,14
Preeti,4736948,14
don,4736948,17
Dweeb,213170,22
Mouse,213170,19
Heather,241471,13
Jeanine,241471,15
Klein,241471,20
Michelle,241471,3
Flaherty,241471,14
Sherman,241471,3
Dad,241471,3
Stifler,241471,3
Nadia,241471,21
Finch,241471,3
Jim,241471,3
Petey,241471,11
Owen,241471,20
Vicky,241471,2
Sandy,10185702,21
Mitch,10185702,20
Melissa,10185702,21
Matthews,10185702,10
Cavender,10185702,7
Greenville,10185702,5
Lee,10185702,23
Vinnie,10185702,3
Mary,10185702,20
Lucinda,10185702,23
Mutsuki,5577964,7
Kenzaki,5577964,8
Kotar,5577964,2
Hajime,5577964,23
Boudreault,21859037,12
Saxon,4199566,3
Eyvind,4199566,6
Brunhild,4199566,17
Kriemhild,4199566,6
Burgund,4199566,14
Lena,4199566,6
Erik,4199566,15
Gunther,4199566,21
Hagen,4199566,1
Giselher,4199566,6
Siegfried,4199566,21
Fafnir,4199566,10
Alberich,4199566,10
Asparagus,7088344,23
Jimmy,7088344,6
Archibald,7088344,6
Larry,7088344,14
Lunt,7088344,7
Custer,32987124,1
Bighead,32987124,11
Elizabeth,32987124,1
Rog,32456683,9
Brosowski,32456683,23
Kumar,7393241,7
God,7393241,15
Renu,7393241,20
Rama,7393241,23
Jagdish,7393241,10
Miassis,8433714,14
Hitler,8433714,1
Ova,8433714,4
Ben,8433714,4
Lucifer,8433714,13
Karan,5382611,21
Malavika,5382611,13
Ajith,5382611,21
Raghu,5382611,3
Ji-hwan,27640601,1
Ernie,334874,19
Sykes,334874,6
Lino,334874,14
Lola,334874,23
Sebastian,334874,10
Lenny,334874,21
Joe,334874,10
Frankie,334874,17
Oscar,334874,3
Angie,334874,6
Marshall,18698642,1
Tori,18698642,5
Grodek,314680,19
Leyden,314680,14
Peters,314680,6
Preveza,314680,6
Makropoulos,314680,13
Bulic,314680,16
Haki,314680,16
Dorothy,36154557,5
Woodman,36154557,24
Donald,25352036,3
Dale,25352036,3
Leigh,7018587,9
Olesen,7018587,22
Zai,31176526,7
Julie,19509747,12
Francesca,19509747,14
Anderson,19509747,0
Macer,19509747,19
Robert,19509747,17
James,19509747,24
Powers,19949371,16
Dox,19949371,13
Kapotski,19949371,17
Buchanan,19949371,9
Gloria,3829646,24
Antonio,3829646,16
Macintyre,18873780,9
Prudence,18873780,9
Pillai,23749706,8
Meenakshi,23749706,19
Carmen,3104299,10
George,3104299,23
Cheryl,3104299,17
Rosemary,3104299,14
Verena,28542374,21
Oakley,28542374,21
Anna,28542374,3
Alex,28542374,16
Leblanc,24480689,22
Peabody,5759874,20
Whittaker,5759874,6
Graham,5759874,1
Carter,5759874,21
Adam,5759874,15
Ian,5759874,21
Fraser,5759874,15
Martha,5759874,9
Gomelez,2593578,8
Schell,2593578,18
Sheikh,2593578,6
Quemada,2593578,15
Worden,2593578,3
Turner,15798260,14
Mason,15798260,7
Marsh,15798260,3
Fenchurch,15798260,2
Anne,15798260,8
Lang,15798260,12
Tom,11591286,3
Jerry,11591286,3
Leffingwell,9701325,6
Fletcher,9701325,2
Smith,9701325,0
Munson,9701325,7
Cooley,9701325,21
Gelman,9701325,21
Danta,9701325,6
Anderson,9701325,14
Ackerman,9701325,0
Shaff,9701325,6
Hudson,9701325,0
Murray,9701325,24
Eddie,2703340,6
Danny,982226,4
Daisy,982226,23
Eddie,982226,23
Donnie,26790743,0
Kathy,26790743,3
Sarah,26790743,20
Dan,26790743,20
Anne,26790743,19
Malcolm,26790743,19
George,384673,21
Mary,384673,3
Burton,384673,6
Robinson,384673,5
Francisco,9162177,3
Raul,9162177,20
Gloria,9162177,3
Velasco,9162177,8
Campbell,101813,3
Kate,101813,21
Milchstrasse,9411697,1
Altair,9411697,7
Furlong,9411697,2
Orihime,9411697,13
Tanuma,9411697,3
Brent,9411697,13
Yoneda,9411697,15
Patrick,9411697,17
Japhkiel,9411697,17
Tachibana,9411697,17
Putzke,19498574,8
Joan,5566154,14
Lackland,5566154,8
Sheldon,5566154,5
Brauchitsch,29062573,20
Hitler,29062573,1
Churchill,29062573,5
Krebs,29062573,4
Zhukov,29062573,12
Rundstedt,29062573,4
Roosevelt,29062573,0
Chuikov,29062573,22
Yegorov,29062573,24
Bedstone,29062573,1
Ivanov,29062573,21
Braun,29062573,1
Stalin,29062573,14
Katherine,1389099,12
Mayes,1389099,3
Catherine,1389099,23
Pawel,1389099,10
Ekberg,1389099,9
Patti,1389099,8
David,23788777,21
Menachem,23788777,21
Devereaux,733213,11
William,733213,13
Moscovitz,733213,21
Clarisse,733213,6
Renaldi,733213,9
Jacoby,733213,21
Louie,733213,9
Asana,733213,1
Dean,733213,14
Joe,733213,2
Helen,733213,4
Crawley,733213,15
Deveraux,733213,15
Thermopolis,733213,11
Nicholas,733213,6
Mabrey,733213,6
Mia,733213,3
Szeto,18178441,18
Maureen,18178441,3
Fok,18178441,5
Dee,33096991,21
Dum,33096991,21
Chimeree,33096991,2
Carrol,33096991,18
Alice,33096991,17
Ulyanov,22781881,12
Sayaka,23019704,3
Sakurai,23019704,3
Mariko,23019704,3
Yukiyo,23019704,3
Sugiuchi,23019704,15
Vijayan,18001963,23
Barber,18001963,15
Pin,1594067,3
Terry,1594067,13
Hock,1594067,6
John,1594067,11
Khoo,1594067,6
Liu,1594067,12
Lisa,13460016,10
Ferdie,23922107,3
Casper,23922107,3
Margo,1125221,2
Frank,1125221,6
Smith,1125221,4
Shirley,1125221,24
Audrey,1125221,1
Ellen,1125221,2
Bethany,1125221,21
Randolph,1125221,3
Lewis,1125221,16
Rusty,1125221,15
Jr.,1125221,2
Eddie,1125221,6
Chester,1125221,9
Helen,1125221,2
Alluma,14864488,10
Baelon,14864488,18
Mitri,14864488,10
Morganthus,14864488,23
Trantor,14864488,8
Jacques,34952810,7
Fatma,34952810,9
Grant,26461072,23
Cassal,26461072,2
O'Reilly,26461072,7
Angel,26461072,16
Pablo,26461072,15
Manolo,26461072,24
Helen,26461072,3
Pewsey,3044641,23
Jackson,3044641,20
Marshes,3044641,22
Ilse,3044641,19
Craig,3044641,11
Fay,3044641,13
Lowther,3044641,17
Boyd,3044641,17
Davidson,3044641,6
Tom,3749096,17
Paco,3749096,19
Sawada,14641854,20
Wood,17961082,24
Weber,17961082,10
Grimes,17961082,23
Retana,17961082,3
Gardner,17961082,6
Jerry,17961082,11
Goldie,17961082,23
Bates,17961082,11
Benford,17961082,15
Locke,17961082,5
Elinor,17961082,6
Helen,17961082,3
Waldeck,17961082,4
Maxine,17961082,3
Reed,17961082,12
Anderson,24475500,15
Nerida,24475500,22
Pelham,9584164,21
Jin,5584674,6
Peter,5584674,10
Yod,5584674,3
Andre,5584674,15
Nixon,19454994,5
Anjou,28854501,10
Elst,28854501,9
Lambert,28854501,6
Vasiljevi,31029811,9
Tito,31029811,0
Andrea,2470904,19
Gwen,2470904,3
Cummings,2470904,7
Daffy,5777653,3
Hassan,5777653,6
Sultan,5777653,1
Holmes,34674320,17
Watson,34674320,11
Franky,18033896,23
Maja,18033896,23
Dvornik,18033896,23
Luis,4878629,17
Mart,4878629,22
Federico,4878629,8
Lansky,4878629,5
Castel,4878629,4
Batista,4878629,17
Ricardo,4878629,6
Donoso,4878629,6
Castro,4878629,6
Holliday,32035024,18
Earp,32035024,3
Tilghman,32035024,0
Shepherd,32035024,11
Hand,32035024,14
Keith,825828,15
Hugh,825828,3
Axelrod,825828,9
Ann,825828,3
Orchester,825828,23
Jade,825828,3
Murray,825828,24
Butterfield,825828,0
David,825828,3
Homes,9386367,22
Selfridge,9386367,21
Abigail,9386367,12
Peggy,9386367,3
Garry,9386367,6
Margaret,9386367,13
Simon,9386367,21
Murphy,1076789,13
Walker,1076789,20
Ernie,1076789,6
Waskow,1076789,4
Warnicki,1076789,21
Pyle,1076789,14
Mew,1076789,5
Victoria,3759292,6
Ju,3759292,23
Sharda,9068066,3
Bhishamber,9068066,18
Ram,9068066,21
Vilayti,9068066,14
Nath,9068066,24
Singh,9068066,17
Lakhan,9068066,21
John,9068066,7
Miller,431333,19
Portokalos,431333,6
Ian,431333,6
Voula,431333,12
Gus,431333,6
Aki,25131141,24
Bhadra,26291046,10
Natesan,26291046,1
Henry,2273470,9
Ellen,2273470,22
Rita,2273470,5
Chac,2273470,24
Broadway,2273470,12
nez,2273470,24
Garfield,2273470,22
Childress,2273470,0
Jack,2273470,23
Sukanya,19626582,3
Prabhu,19626582,12
Mark,2175059,21
Alan,2175059,12
Jason,2175059,6
David,2175059,6
Ortiz,1614771,16
Gluck,1614771,16
Coogin,1614771,11
Ernie,1614771,17
Stuey,1614771,6
Ricky,1614771,3
Lynde,1614771,15
Skye,1614771,23
Sadler,1614771,20
Daley,1614771,21
Skuggs,1614771,23
Nosey,1614771,13
Hawkes,1614771,11
Zygrot,1614771,15
Julie,1614771,21
III,1614771,7
Scott-Vaughan,28417619,8
Poynton,28417619,6
Deane,28417619,19
Brenning,28417619,15
Carol,28417619,6
Kumonga,570240,19
Godzilla,570240,17
Minilla,570240,23
Inami,570240,10
Gabara,570240,22
Miki,570240,21
Sancho,570240,10
Kamacuras,570240,5
Sachiko,570240,10
Ichiro,570240,3
Rae,23713094,8
Bowman,23713094,10
Campbell,23713094,20
Jimson,23713094,15
Delgado,12070585,22
Nero,12070585,11
Sullivan,12070585,14
Tim,5734570,12
Danny,5734570,16
Tony,5734570,12
Reg,5734570,8
Shiner,5734570,9
Greg,23092448,6
Rawley,23092448,4
Pam,23092448,6
Jinx,23092448,7
Jack,23092448,3
Bob,23092448,13
Byrnes,23092448,23
Debbie,23092448,9
Garcia,23092448,9
Focker,23092448,1
Andi,23092448,21
Dina,23092448,6
Roz,23092448,12
Bernie,23092448,21
Street,20320591,0
Odom,20320591,20
Rae,20320591,6
Lucille,20320591,6
Hawkins,20846244,0
Green,20846244,11
Gowri,15912300,20
Mohan,15912300,21
Vilas,15912300,21
Radha,15912300,9
Vijaya,15912300,0
Hamid,15912300,14
Kamala,15912300,3
Singh,15912300,0
Naidu,15912300,6
Ibrahim,15912300,3
Ganesan,15912300,21
Hayasaki,17625647,3
Nayak,12271677,7
Naina,12271677,23
Neelakanta,12271677,15
Parasuram,12271677,22
Prissy,19107204,6
Foghorn,19107204,6
Jane,14422284,6
Hartland,14422284,6
Benjamin,14422284,6
Burnett,14422284,21
Grey,14422284,17
Jenny,14422284,2
Reeves,14422284,21
Walton,14422284,6
Pettison,14422284,6
Thatcher,5496726,9
Mo,5496726,3
Shem,5496726,16
Susan,5496726,7
Stevie,5496726,3
Larry,5496726,16
Gigi,28796274,21
Chiu,28796274,14
Ming,28796274,16
Amy,9975140,4
Lucy,9975140,24
Janet,9975140,16
Skids,9975140,9
Tibbs,9975140,7
Dominique,9975140,17
Jennifer,26698621,8
Karthik,26698621,3
Robbie,19787914,20
Jill,19787914,3
Olivia,19787914,17
Riley,19787914,19
Walters,19787914,7
Judy,19787914,23
Trevor,19787914,17
Gale,19787914,24
Weathers-Riley,19787914,23
Walker,19787914,18
Morris,19787914,8
Prescott,19787914,3
Cooper,19787914,11
Sheldon,19787914,11
Kate,19787914,17
Sidney,19787914,22
Mercer,19787914,0
Roberts,19787914,11
Charlie,19787914,17
Dewey,19787914,17
Woodsboro,19787914,21
Randall,19787914,8
Hicks,19787914,19
Reed,19787914,23
Nagre,2161222,2
Mani,2161222,7
Rathore,2161222,18
Vishnu,2161222,3
Hussain,2161222,2
Virendra,2161222,20
Sarkar,2161222,5
Rasheed,2161222,22
Shankar,2161222,3
Khurana,2161222,3
Page,118569,6
Simpson,118569,6
Giulio,118569,4
Harper,118569,4
Lipp,118569,1
Pierre,23962337,16
Katia,23962337,17
Josette,23962337,22
Dejesus,3477126,17
Leviathan,3477126,5
Williams,3477126,13
Beck,3477126,3
Bowman,3477126,21
Martin,3477126,6
Jones,3477126,3
Doc,3477126,6
Thompson,3477126,13
Sixpack,3477126,3
Mark,168747,10
Nina,168747,6
Jamie,168747,3
Chandrashekhar,20579735,24
Rosey,20579735,4
Vasantpur,20579735,2
Diwan,20579735,14
Bharat,20579735,14
Sullivan,2294860,12
Bigard,2294860,1
Wilson,2294860,1
Oscar,2294860,13
Lama,18138718,18
Gyatso,18138718,13
Ray,18138718,20
Tethong,18138718,17
Abrams,16044362,6
Julie,16044362,21
Annabelle,16044362,14
Bergues,16044362,21
Phillipe,16044362,14
Philippe,16044362,13
Antoine,16044362,6
Grant,473273,3
Degler,473273,10
Paul,473273,21
Brennan,473273,22
Cooper,473273,5
Hildebrand,473273,12
Eric,473273,4
Sattler,473273,1
Kirby,473273,15
Amanda,473273,16
Billy,473273,4
Ellie,473273,23
Margaret,13771225,2
Rowe,13771225,14
Webb,13771225,9
Arthur,1179416,21
Camelot,1179416,8
Lancelot,1179416,3
Malagant,1179416,17
Harry,2225976,24
Bundage,2225976,24
Margaret,2225976,0
Brown,2225976,4
Edmund,2225976,8
Gray,30582,17
Collins,30582,2
Sear,30582,3
Anna,30582,6
Crowe,30582,3
Kyra,30582,22
Vincent,30582,7
Lynn,30582,13
Odona,21112250,19
Bowie,18158404,5
Ray,18158404,17
Jefferson,18158404,18
Horrible,18158404,3
Billy,18158404,6
Cantana,14838516,17
Sunee,14838516,11
Ryu,14838516,24
Xiang,14838516,17
Nash,14838516,17
Bison,14838516,6
Shadaloo,14838516,22
Embry,17544255,20
Koestler,17544255,14
Jonathan,17544255,17
Abby,17544255,3
Diana,17544255,3
John,17544255,3
Lucinda,17544255,23
Haig,26284769,9
Dawg,18778120,23
Henery,18778120,3
Sylvester,18778120,3
Cats,18778120,6
Cherno,908108,4
Chernor,908108,15
Beltrami,10010424,4
Vultow,10010424,13
Anna-Marie,10010424,13
Polin,28183453,15
Abbie,28183453,3
Winkler,28183453,9
Lisa,28183453,9
Andriani,6538127,17
Caron,6538127,18
Rosanoff,6538127,6
Hari,6538127,10
Dubois,6538127,20
Dylan,5311638,21
Sinclair,5311638,3
Hook,5311638,10
Carol,5311638,9
Kornfeldt,25737142,21
Henry,25737142,17
Spencer,25737142,3
Holbrook,25737142,6
Jen,25737142,21
Olivia,25737142,3
Kristen,25737142,4
Aimes,25737142,7
Freddy,22491070,14
Moses,22491070,14
Cecil,22491070,14
Lucas,22491070,14
Alex,22491070,14
Kumar,10871232,7
Mathur,10871232,0
Arun,10871232,21
Choudhary,10871232,16
Unni,10083650,3
Meera,10083650,6
Aswathy,10083650,6
Pichamuthu,34016021,22
Thenmozhi,34016021,23
Vasudevan,34016021,19
Elvira,4769447,12
Felipe,4769447,0
Veyre,4769447,18
Tordesillas,4769447,8
Aixa,4769447,10
Isabella,4769447,19
Brabante,4769447,24
Joanna,4769447,3
Philip,4769447,6
Loca,4769447,9
Ben,14437713,7
Gabrielle,14437713,13
Cleaver,14437713,3
Dumbo,172299,3
Jumbo,172299,6
Timothy,172299,3
Mouse,172299,0
Sheila,26252539,8
Steve,26252539,6
Standish,26252539,1
Clarissa,26252539,6
Fisk,26252539,24
Joe,33335661,2
Leghorn,33335661,17
Henery,33335661,3
Quiroz,33321463,8
Jack,29013002,3
Molly,29013002,21
Devenish,29013002,8
Johanna,30159510,10
Marumalarchi,33944586,9
Robert,28091651,3
Lise,28091651,6
Wagner,21546442,9
Homeier,21546442,0
Grimes,21546442,17
Joe,21546442,12
Gifford,21546442,6
Crawford,21546442,8
Frankie,6415841,21
Grant,31640956,3
Davenport,31640956,22
Newton,31640956,6
Harper,31640956,14
Somerset,31640956,15
Freddie,31640956,2
Stoick,33944220,16
Berk,33944220,23
Hookfang,33944220,19
Rajababu,7681239,21
Soundarya,7681239,6
Woody,20518713,16
Sharma,24460261,6
Behl,24460261,21
Tina,24460261,6
Gunchev,9020719,23
Sevelina,9020719,17
Burevestnikov,9020719,16
Aeson,2999460,17
Jason,2999460,3
Medea,2999460,21
Pelias,2999460,17
Phineus,2999460,6
Aspyrtes,2999460,3
Argos,2999460,1
Savis,2666942,5
Howard,2666942,11
Clair,546663,3
Revel,546663,21
Pierre,546663,6
Jean,546663,6
Marie,546663,3
Millet,546663,12
Relle,12812600,15
Richten,12812600,6
Sterling,12812600,19
Becker,12812600,21
Harper,12812600,9
Detner,12812600,2
Fritz,12812600,19
Popper,22884413,12
Jane,22884413,17
Sigmund,1191730,20
Williams,1191730,12
Codner,1191730,14
Philpot,1191730,15
Howard,1191730,10
Clinton,1191730,11
Phil,1191730,13
Thoreau,25913431,22
Julian,25913431,4
Motel,25913431,9
Lucille,25913431,2
Goddard,25913431,1
Destiny,25913431,22
Tuerto,25913431,9
Desideria,8277957,3
Queen,8277957,14
Victor,8277957,24
Selvaggia,8277957,13
Kyoryu-Shinkenoh,23450564,24
Gedoshu,23450564,19
Manpuku,23450564,23
Red,23450564,23
Aburame,23450564,3
Juzo,23450564,17
Retsud,23450564,23
Takeru,23450564,16
Cheuk,10625975,3
Xi-Hung,10625975,17
Chik,10625975,6
Yi-fan,10625975,22
Juan,29602550,13
Ten-Ten,29602550,4
Ren,29602550,0
Rowena,29602550,3
Frank,29602550,21
Tudis,29602550,6
Troy,29602550,20
Upendra,11141678,14
Devi,11141678,6
Ulaganathan,11141678,3
Rajadurai,11141678,6
Ramaswamy,11141678,0
Vishwanathan,9633312,13
Priya,9633312,6
Vishwanath,9633312,21
Vijay,9633312,3
Brannaman,32390582,21
Buck,32390582,9
Dylan,9734825,9
Pi,9734825,7
Nerissa,9734825,21
Cordelia,9734825,21
Troy,9734825,3
Marco,23482287,0
Petter,23482287,7
Isabella,8407350,5
Columbus,8407350,6
Doc,8407350,15
Maneklal,33964976,8
Shivani,33964976,4
Singh,33964976,16
Birangi,33964976,1
Sanjeevani,33964976,2
Androvski,7509120,6
Enfilden,7509120,14
Boris,7509120,14
Dupin,29586011,7
Marais,29586011,10
Jacques,29586011,10
Brueghel,10376736,14
Cornelia,10376736,2
Flanders,10376736,23
Gwen,7286445,17
Mironov,2572919,13
Allen,2572919,14
Fredericks,2572919,16
Ulysses,2572919,18
Sullivan,2572919,0
Thomas,2572919,11
Margaret,2572919,6
Russell,2572919,9
Modin,2572919,12
Hayes,2572919,15
Edward,2572919,3
Clover,2572919,21
Wilson,2572919,6
Laura,2572919,3
Jr.,2572919,6
Cummings,2572919,12
John,2572919,13
Hays,2572919,8
Murach,2572919,11
Miriam,2572919,10
Valentin,2572919,7
Schiller,2572919,18
Aaronson,13917204,4
Benjamin,13917204,15
Hall,13917204,1
Ray,13917204,8
Timmy,13917204,15
Armstrong,13917204,18
Rachel,13917204,6
Burnside,13917204,0
Alison,13917204,5
Dubois,13917204,14
Doren,13917204,21
Martin,9013078,16
Larraneta,9013078,24
Josie,9013078,12
Jack,9013078,12
Scratchansniff,17063876,3
Wakko,17063876,13
Shinohara,5985595,19
Sumida,5985595,19
Takaki,5985595,3
Akari,5985595,6
Gaddis,8581231,18
Stroud,8581231,21
Stella,8581231,1
Johnson,8581231,21
Shoemaker,8581231,9
Bhupathi,31675343,23
Bhupati,31675343,19
Kannan,31675343,6
Sridevi,31675343,13
Pelliker,242548,12
Angela,242548,16
Karen,242548,3
Stephens,242548,1
Drew,242548,19
Silkwood,242548,16
Adrienne,4213209,3
Sherman,4213209,6
Sullivan,4213209,23
Saunders,4213209,24
Mary,4213209,3
Jack,4213209,6
Agnes,25718062,23
Helmer,25718062,11
Tien,7816820,6
Chi-Chi,7816820,21
Fung,7816820,3
Simonson,45481,18
Hatcher,45481,15
Santini,45481,7
Shirl,45481,22
Thorn,45481,17
Martha,45481,12
Roth,45481,8
Bridget,20956043,10
Byrd,5526227,24
Claudine,5526227,13
Waid,5526227,12
Smithburn,5526227,20
Porter,5526227,10
Murphy,25624870,20
Jernigan,25624870,20
Calhoun,25624870,20
Maines,25624870,14
Wong,1971531,17
Wen,1971531,12
Foon,1971531,3
Fei-hung,1971531,13
Hao-tung,1971531,17
Sun,1971531,18
Queen,27087967,6
Ichikawa,27087967,4
Corbett,31085054,19
Sylvia,31085054,4
Sheppard,31085054,9
Phil,27080141,1
Barbara,27080141,0
Malli,3339851,24
Prasad,3339851,6
Reddy,3339851,0
Pardhu,3339851,6
Gopal,3339851,10
Basarlapudi,3339851,16
Verner,11100390,14
Marinus,11100390,23
Kermer,11100390,3
Hansen,11100390,23
Jason,26340083,6
Robin,26340083,4
Alfred,26340083,13
Bruce,26340083,13
Batman,26340083,17
Ghul,26340083,22
Freddy,19165852,2
Ombra,19165852,0
Spolenski,19165852,9
Baring,19165852,21
Joanna,19165852,4
Burns,19165852,3
Florencio,35013748,6
McCool,2467794,7
Bunny,2467794,7
Hilary,2467794,9
Maddy,2467794,1
Bird,2467794,14
Trevor,2467794,3
Baur,2467794,16
Rani,14670375,21
Appanna,14670375,21
Dragon,2154881,6
George,2154881,23
Baq,2154881,15
Meyer,2154881,1
Freytag,2154881,2
Mellough,2154881,23
Brown,2154881,21
Bowman,2154881,6
Hemlock,2154881,4
Scheidegg,2154881,13
Jacobs,2378034,19
Roberts,2378034,18
Hugh,2378034,17
Fayn,2378034,13
Jesse,2378034,9
Sophie,2378034,6
Walter,2610454,15
Tunny,2610454,6
Sarah,2610454,3
Hanks,2610454,21
Karen,2610454,3
Carlton,2610454,17
Mary,2610454,21
Emma,2610454,3
Roy,20010929,12
Sunaina,20010929,3
Tapash,20010929,12
Shreya,20010929,19
Rupa,20010929,14
Bhasha,20010929,14
Amit,20010929,21
Blanchett,2959718,6
Masha,19063258,14
Roberts,18746760,13
Wilmot,18746760,19
Nashe,24097616,21
Pozzi,24097616,6
Flower,24097616,2
Murks,24097616,11
Stone,24097616,4
Paul,12009929,4
Cook,12009929,22
McKeever,12009929,9
Tyler,12009929,18
Holly,12009929,19
Button,12009929,9
Peggy,12009929,11
Mike,12009929,4
Sandman,12009929,12
Janet,12009929,1
Steve,12009929,21
Ramsay,12009929,18
Ryan,3298184,0
Harriet,9056479,12
Tom,9056479,3
Jerry,9056479,3
Thomas,9056479,18
Truick,23642774,16
Morris,23642774,0
Ebba,20226470,3
Minhas,20226470,12
Ebbas,20226470,7
Kirschon,20226470,9
Pandey,20226470,0
berg,20226470,19
Dalle,20226470,19
Staberg,20226470,14
Lenin,32251157,16
Kozyavin,30207490,3
Sidorov,30207490,3
Jyotirindranath,29634937,13
Fakir,29634937,7
Lalan,29634937,23
Tagore,29634937,18
Penner,18764351,13
Tracy,18764351,17
Hepburn,18764351,23
Peep,18764351,14
Blondell,18764351,8
Bartholomew,18764351,7
Laughton,18764351,14
Garbo,18764351,2
Hardy,18764351,3
Oliver,18764351,18
McCarthy,18764351,18
Horner,18764351,23
Robinson,18764351,18
Harpo,18764351,5
Astaire,18764351,21
Brown,18764351,4
Waller,18764351,13
Daw,18764351,5
Chico,18764351,3
Laurel,18764351,3
Groucho,18764351,3
Fidello,18764351,24
Simon,18764351,23
Cole,18764351,13
Paul,20179415,3
Klok,20179415,8
Laurie,20179415,3
Judith,20179415,14
Brackett,20179415,22
Michael,20179415,3
Lynda,20179415,17
Chambers,20179415,24
Bob,20179415,22
Myers,20179415,3
Loomis,20179415,17
Strode,20179415,19
Annie,20179415,23
Wallace,20179415,10
Doyle,20179415,3
Lindsey,20179415,4
Falbrook,681931,8
Marlowe,681931,3
Lavery,681931,17
Haveland,681931,5
Chrystal,681931,3
Muriel,681931,18
Fromsett,681931,2
Simmons,681931,7
Kingsby,681931,6
Havelend,681931,10
Marlow,681931,5
Kane,681931,4
Holmes,3499096,4
Miller,3499096,17
Greer,3499096,0
O'Donnell,3499096,4
Ryan,3499096,17
Sean,3499096,15
Mother,3499096,5
Deluzy-Desportes,62687,23
Field,62687,9
Pierre,62687,1
Praslin,62687,6
Sweetland,1011144,21
Minta,1011144,6
Tapper,1011144,21
Windeatt,1011144,19
Hearn,1011144,13
Bassett,1011144,21
Tibby,1011144,6
Pufnstuf,21139749,8
Hoodoo,21139749,8
Witchiepoo,21139749,22
Whitaker,21139749,15
Krofft,21139749,4
Wild,21139749,23
Fredericks,11699514,16
Moxley,11699514,2
Lisa,11699514,2
X,33035035,17
Moran,33035035,12
Scheumann,31323955,20
Heynowski,31323955,20
Bharadwaj,13518788,5
Taran,13518788,16
Sargam,13518788,3
Goyal,13518788,19
Mehta,13518788,15
Jo,2580727,3
Snoopy,2580727,3
Charlie,2580727,3
Linus,2580727,3
Brown,2580727,3
Turner,32944210,21
Guilder,32944210,1
Mary,32944210,13
Maggie,16128109,11
Yin,16128109,3
Clary,16128109,11
Canby,3048149,15
Eleonore,3048149,2
Jade,3048149,16
Olivier,3048149,19
David,3048149,12
Joshua,24451216,17
Abby,24451216,3
Stephen,24451216,3
Cheryl,24451216,3
Garcia,30131498,17
Delilah,30131498,6
Samantha,30131498,6
Kenny,30131498,6
Frank,30131498,23
Halsey,30131498,6
Neo,19131114,23
Qiang,19131114,3
Hui,19131114,24
Lake,20524806,10
Jones,20524806,19
Johnson,20524806,14
Dew,20524806,16
Holiday,20524806,0
Rajendar,25112574,2
Jagannadh,25112574,10
Karthik,25112574,21
Nandini,25112574,19
Krishnan,25112574,4
Jessie,25112574,3
Joe,32802295,14
Sylvia,14459667,1
Barrett,14459667,20
Vijaya,27416625,6
Ranganatham,27416625,12
Jaganatham,27416625,1
Jagannatham,27416625,12
Suryam,27416625,9
Vishwanatham,27416625,24
Molly,32808282,1
Patricia,32808282,14
Regan,32808282,2
Warren,32808282,7
Ford,1195047,5
Capshaw,1195047,2
Holden,1195047,12
Sato,1195047,7
Buchannon,1195047,6
C.J.,1195047,3
Stenning,4278361,16
Jeannie,4278361,18
Maguire,4278361,19
Jeanie,4278361,19
Siva,32884819,21
Spider-Man,8896262,2
Jameson,8896262,22
Harry,8896262,13
Osborn,8896262,3
Goblin,8896262,3
Peter,8896262,3
Stacy,8896262,3
Parker,8896262,6
Ben,8896262,16
Poole,8896262,20
Juan,28253687,3
Maria,28253687,3
Vespis,28253687,5
Phillipe,28253687,24
Philippe,28253687,14
Maureen,35672882,13
Demirbilek,35672882,7
Keskin,35672882,24
Stedanko,2102931,3
Jimmy,2102931,16
Howie,2102931,5
Donna,2102931,16
Chong,2102931,6
Rae,13295684,20
Bob,20045605,3
Barbara,20045605,11
White,32967217,15
Patrick,32967217,23
Lonsdale,32967217,24
Russsell,32967217,12
Juliette,32967217,6
Ruby,32967217,24
Tom,11609145,3
Jerry,11609145,23
Tuffy,11609145,3
Nikki,7200857,13
Richard,7200857,20
Cooper,7200857,3
Brenda,7200857,3
Tara,1274420,3
Singh,1274420,3
Govinda,1274420,15
Shroff,1274420,10
Janardanan,27844598,14
Narendran,27844598,21
Manasa,27844598,16
Pascal,3342049,16
Maud,3342049,2
Vidal,3342049,10
Kuldeep,8993821,15
Khanna,8993821,2
Silambarasan,16168190,5
Spandana,16168190,23
Flooey,20712267,13
Walden,20712267,3
Wubbzy,20712267,3
Sado,27057795,19
Rokugo,27057795,16
Tatewaki,27057795,24
Kunai,27057795,24
Fujimaki,27057795,4
Rokuzo,27057795,22
Oriha,27057795,19
Magobei,27057795,16
Wakizaka,27057795,17
Samon,27057795,7
Menure,10115335,23
Clayton,10115335,7
Frank,10115335,23
Ahmed,18192517,23
Das,18192517,12
Champa,18192517,24
Ayaz,18192517,15
Fred,24465420,11
Monica,24465420,14
Digby,24465420,23
Allison,24465420,6
Ehrlich,24465420,9
Strogin,24465420,11
Kennedy,19207939,4
Hazelrigg,19207939,18
Feist,19207939,1
Linda,26425120,1
Stacy,26425120,3
Platyborg,26425120,6
Baljeet,26425120,13
Normbot,26425120,21
Carl,26425120,3
Perry,26425120,6
Isabella,26425120,10
Hirano,26425120,0
Flynn,26425120,13
Johnson,26425120,19
Candace,26425120,3
Jeremy,26425120,10
Lawrence,26425120,1
Buford,26425120,10
Monogram,26425120,6
Venu,26709220,7
Christy,26709220,10
Damodaran,26709220,5
Peter,18350867,3
Steve,18350867,6
Hadley,18350867,1
Rosie,18350867,23
Charlie,18350867,12
Bogart,18350867,20
Max,18350867,3
Jack,18350867,6
Bob,18350867,3
Nan,3427588,23
Nikki,3427588,2
John,3427588,7
Buffy,3427588,3
Muffy,3427588,13
Rob,3427588,19
Madhavi,13913878,8
Gopi,13913878,14
Menaka,13913878,7
Kumaran,13913878,23
Chandran,13913878,18
Karunan,13913878,24
Rahman,13913878,7
Sherman,3409107,20
Wesley,3409107,15
Winfield,3409107,13
Yoder,8747179,21
Ivan,8747179,21
Monique,8747179,22
Cecilia,8747179,6
Norm,8747179,5
Paul,22969169,6
Lee,22969169,9
Monroe,22969169,6
Pam,22969169,13
Debbie,22969169,2
Gabriela,22969169,4
Hodges,22969169,15
Dave,22969169,6
Roy,22969169,6
Boy,22969169,8
Diaz,22969169,24
Charlie,11450070,17
Mabel,11450070,24
Sokurah,226519,17
Sinbad,226519,4
Parisa,226519,3
Felix,36274481,3
Karl-Heinz,5064191,24
Jo,5064191,5
Henning,5064191,6
Eva,5064191,24
Rademacher,5064191,7
Christl,5064191,20
Kohler,5064191,6
Edmund,5064191,6
Juliana,4532800,14
Anna,4532800,2
Fitzmaurice,4532800,4
Smithers,4532800,4
Veronika,18471278,3
Mark,33100959,4
Zemacus,33100959,0
Jeffrey,961437,17
Peter,961437,3
Charles,961437,2
Solomon,961437,17
Amy,961437,6
Travis,961437,22
Karen,961437,3
Bob,961437,4
Kahega,961437,17
Homolka,961437,17
Ross,961437,9
Kelly,961437,15
Richard,961437,3
Munro,961437,8
Elliott,961437,19
Ghoshal,36427281,8
Riya,36427281,19
Rudra,36427281,15
Angel,3711228,10
Hamilton,3711228,0
Curley,3711228,10
Nash,3711228,18
Gray,34040360,2
Jerry,34040360,5
Spadoni,34040360,5
Larrabee,34040360,23
Alice,34040360,8
Kuhu,18220509,2
Kabir,18220509,13
One-Shot-Nandu,27850628,7
Nandu,27850628,12
Tang,10575737,3
Xu,10575737,6
Zhao,10575737,6
Yang,10575737,19
Liu,10575737,12
Oswald,32491535,3
Lawrence,998111,13
Spanky,998111,3
Prescott,26304500,13
Gabe,26304500,12
Thomas,26304500,10
Moran,26304500,10
Coolidge,3206129,0
Mitchell,3206129,20
Rickenbacker,3206129,24
Lansdowne,3206129,9
Georges,4662560,0
Annette,4662560,20
Farrell,4662560,6
Buddusky,163457,23
Mulhall,163457,4
Meadows,163457,23
Roche,5725629,12
Ferguson,5725629,19
Lansdale,5725629,3
Wagner,5725629,11
Stella,5725629,21
Lizzie,5725629,6
Anne,5725629,6
Torrance,5725629,23
Brian,5725629,3
Ivan,4636143,6
Damayanthi,4636143,21
Haasan,4636143,19
Iyer,4636143,0
Badri,4636143,12
Bhagyam,4636143,23
Quilty,1988806,17
Lo,1988806,21
Humbert,1988806,13
Manor,1988806,14
Mac,29491325,10
Chaarani,30441014,20
Miraldo,30441014,21
Max,30441014,13
Woody,18627076,3
Spence,5501911,23
Frankenthaler,5501911,15
Holden,5501911,6
Powell,5501911,23
Binky,5501911,10
Holmes,7251829,17
Mickey,29724018,21
Lewis,26007941,8
Jun,34041207,11
Ji-hyun,34041207,15
Jackson,6917971,2
Paolo,6917971,5
Emily,6917971,14
Peter,6917971,21
Simon,6917971,12
James,6917971,21
Claudia,3651016,14
Paul,3651016,23
Emily,3651016,3
Sheridan,3651016,2
Gilmore,3651016,23
Wilder,3651016,24
Dalton,3651016,3
Kelly,28903478,20
Harry,28903478,21
Sweeney,28903478,22
David,28903478,4
Shou,6148095,5
Jane,8492265,2
Tarzan,8492265,16
Cheeta,8492265,14
Sundar,30350954,16
Viswanath,30350954,18
Das,30350954,17
Sampath,30350954,14
Siddanth,30350954,16
Kireet,30350954,6
Vishwanath,30350954,6
Mikey,30350954,2
Spender,6876496,16
Charlotte,6876496,6
Lovell,6876496,12
Ralston,6876496,17
Delia,6876496,6
Halsey,6876496,7
Tina,6876496,21
Miller,21380964,10
Janssens,21380964,9
Marshak,21380964,10
Roland,21380964,13
Baker,23919719,15
Gregory,23919719,16
Goodall,23919719,19
Peters,23919719,7
Jones,23919719,5
Robinson,23919719,10
Donald,3602606,16
Butler,3602606,8
Roxanne,5787607,3
Cash,5787607,10
Albert,5787607,14
Gibson,5787607,3
Browning,5787607,13
Traci,5787607,20
Lee,591310,10
Betty,591310,3
Halston,591310,6
Gage,591310,7
Timmy,591310,3
Romero,591310,0
Preston,591310,3
Drogan,591310,6
Robert,591310,10
Hickey,591310,20
Hearn,591310,20
McDowell,591310,14
Carola,591310,13
Doyle,591310,1
Amanda,591310,9
Andy,591310,3
Laura,24158745,5
Perilli,24158745,6
Tyler,24158745,15
Rowland-Downey,24158745,19
Otis,24158745,17
Ruben,24158745,6
Martin,24158745,15
Downey,24158745,10
Robby,24158745,18
Martinez,24158745,0
Zangaro,24158745,10
Eddie,24158745,5
Agopian,24158745,17
Raja,26479782,15
Chandrasekharam,26479782,9
Aravind,7194312,6
Anjali,7194312,21
Battistelli,7379506,10
Malivert,7379506,4
Marianne,7379506,21
Hooviah,34323776,19
Gowda,34323776,18
Hood,14075290,5
Guy,14075290,18
Marian,14075290,3
Eleanor,14075290,3
Robin,14075290,3
Isaac,14075290,22
John,14075290,13
Stella,19388177,6
Gloria,19388177,4
Parish,19388177,12
Hunter,19388177,0
Lockridge,19388177,6
Norman,19388177,23
Nana,19388177,18
Drury,9104281,8
Isabel,9104281,23
Monica,9104281,22
Madge,9104281,1
Ferris,9104281,12
Zernerke,9104281,13
Brown,9104281,23
J.J.,9104281,8
Feekinstein,33772386,13
Kelly,33772386,9
Norris,33772386,1
Madampalli,1812196,23
Thampi,1812196,17
Nagavalli,1812196,22
Ganga,1812196,21
Joseph,1812196,0
Namboothiripad,1812196,5
Nakulan,1812196,21
Sreedevi,1812196,13
Sridevi,1812196,8
Shearer,8945770,11
Vega,8660233,3
Radcliffe,7725707,3
Neilsen,7725707,12
Christine,7725707,6
Hollenius,7725707,6
Abbott,7725707,4
Novak,7725707,3
Divya,23400698,20
Masi,23400698,19
Mani,23400698,16
Smith,20931003,19
Abrecht,25342247,5
Hempel,25342247,6
Baxter,25342247,12
Jan,25342247,21
Mike,25342247,6
Jason,25342247,3
Eric,25342247,7
Kendall,25342247,8
Lillah,25342247,9
Lazaar,25342247,9
E.J.,25342247,3
Baker,25342247,13
Will,25342247,6
Noah,25342247,21
Roz,25342247,16
Lucas,25342247,22
Ernie,2524772,22
Williams,2524772,23
Stanhope,2524772,15
Lilli,2524772,12
Vivian,2524772,8
Smith,2524772,0
Margaret,2524772,17
Amy,19646616,3
Luci,19646616,6
Robert,19646616,6
Nick,19646616,19
Radmilo,33622703,1
Mirko,33622703,23
Azem,33622703,22
Dedijer,33622703,1
Biserka,33622703,21
Roko,33622703,20
Limun,33622703,16
Toby,28997231,3
Sam,28997231,17
Sharon,28997231,6
Tony,28997231,6
Shirley,28997231,6
Bobby,28997231,3
Sonya,28997231,3
Terry,28997231,3
Reeve,28997231,3
Brenda,28997231,24
Larry,28997231,3
Rebecca,28997231,14
Tsukasa,21410691,14
D,21410691,6
Kaburagi,21410691,13
Kuburagi,21410691,14
Okawahara,21410691,17
Rui,21410691,21
Mimasaka,21410691,17
Tsukushi,21410691,6
Makino,21410691,20
Nishida,21410691,17
Hayden,1251285,21
Guitar,1251285,15
Carlos,1251285,6
Ana,1251285,14
Paulina,1251285,3
Crawford,1251285,13
Marisa,1251285,21
Marcos,1251285,23
Reuben,2645237,6
Collins,2645237,16
Maureen,2645237,11
Marco,2645237,15
Lanny,2645237,13
Karen,2645237,21
O'Flaherty,2645237,12
O'Connor,2645237,0
Morris,2645237,23
Alice,2645237,10
Blanc,76619,23
Fudd,76619,3
Bryan,76619,1
Elmer,76619,4
Siegfried,76619,4
Smith,76619,8
Doc,76619,19
Alma,9939796,8
Julian,9939796,12
Jones,9939796,12
Jared,9939796,17
Jess,9939796,13
Josh,9939796,5
Moore,9939796,0
Elliot,9939796,3
Bonnie,2804704,6
Wilkes,2804704,9
Butler,2804704,21
Kennedy,2804704,24
Ashley,2804704,14
Rhett,2804704,5
Scarlett,2804704,3
Gerald,2804704,6
O'Hara,2804704,21
Hara,2804704,15
Victoria,2804704,10
Suellen,2804704,16
Hamilton,2804704,21
Melanie,2804704,3
Stuart,2804704,15
Tara,2804704,6
Katherine,2282187,3
Hawthorne,2282187,14
Rachael,2282187,17
Gabriel,2282187,24
Thomas,2282187,13
Jerry,2282187,17
Uziel,2282187,17
Dagget,2282187,18
Mary,2282187,3
Simon,2282187,3
Vernon,5209312,15
Carlyle,5209312,18
Karen,5209312,2
Mimi,5209312,6
Max,5209312,21
Lee,7266740,9
Betty,7266740,19
Kingsley,4586481,10
Raoul,4586481,15
Raj,6738531,24
Sonia,6738531,4
Bajaj,6738531,10
Vikram,6738531,3
Neeta,6738531,17
Malhotra,6738531,0
Amarilly,18963606,21
Phillips,18963606,12
Scott,18963606,3
Manimegalai,31505229,17
Amudha,31505229,3
Gautham,31505229,3
Shawn,24048171,1
Anita,23435832,10
Yamata,8267726,11
Brent,8267726,12
King,8267726,17
Carol,8267726,4
Starr,9590609,20
Della,9590609,3
Tom,9590609,4
Chuckie,9590609,3
Myers,9590609,15
Huey,9590609,22
Vingh,9590609,3
Kenneth,9590609,13
Luba,14384820,17
Gordon,14384820,15
Charles,14384820,20
Baxter,14384820,17
Denlon,14384820,15
Strahm,14384820,3
Kramer,14384820,21
Mallick,14384820,17
Hoffman,14384820,4
Tapp,14384820,9
Perez,14384820,11
Erickson,14384820,16
Tuck,14384820,3
Kadalas,31384964,3
Laila,31384964,23
Sahib,31384964,6
Kabooli,31384964,4
Kannas,31384964,3
Sredevi,31384964,13
Chandrika,31384964,6
Unni,31384964,14
Munna,31384964,6
Mugsy,415018,3
Mamoru,4738997,3
Moon,4738997,6
Poupelin,4738997,24
Chibiusa,4738997,3
Badiane,4738997,13
Diana,4738997,3
Usagi,4738997,3
Pereru,4738997,6
Roy,17225987,6
Arindam,17225987,10
Mallika,17225987,19
Jojo,17225987,10
Chowdhury,17225987,1
Pishima,17225987,5
Sen,17225987,0
Dennis,3447732,3
Polly,3447732,23
Sam,3447732,10
Andrea,3447732,13
Mitchell,3447732,12
Mickey,3447732,23
Martha,3447732,2
Wilson,3447732,13
Alice,3447732,19
Siward,6652508,22
Ross,6652508,14
Lennox,6652508,14
Macbeth,6652508,17
Macduff,6652508,4
Duncan,6652508,23
Fleance,6652508,18
Seyton,6652508,12
Banquo,6652508,17
Malcolm,6652508,6
Stacey,1237529,6
Diana,1237529,5
Brooke,1237529,16
Shirley,1237529,21
Gilbert,1237529,5
Christine,1237529,12
Blythe,1237529,21
Marilla,1237529,13
Anne,1237529,5
Stuart,1237529,10
Averil,1237529,22
Harris,1237529,11
Barry,1237529,24
Wright,1237529,8
Taylor,24544387,6
Cooper,24544387,24
Broudy,24544387,6
Briskow,24544387,15
Erin,24544387,11
Eleanor,24544387,16
Childs,24544387,14
Veronica,24544387,21
Ned,24544387,21
Chekov,27079,2
Soran,27079,17
Guinan,27079,13
Kirk,27079,21
Picard,27079,4
Holly,342556,17
Frank,342556,6
Gilbert,342556,18
Nada,342556,6
Armitage,342556,19
Thompson,342556,17
Dixon,28077528,12
Kumar,25253732,12
Rahul,25253732,15
Kraus,13699003,0
Gallo,13699003,9
Francis,13699003,16
Vellaithurai,10791833,1
Sadayan,10791833,0
Gayathri,10791833,24
Laura,7636003,2
Perkins,7636003,24
Bodo,1070097,23
Walter,1070097,17
Steini,1070097,3
Sissi,1070097,3
Davis,29491798,13
Laura,23066634,3
Judith,3099824,13
Eduardo,3099824,9
Carr,3099824,19
Clavell,3099824,22
Tommy,3099824,16
Tornado,3099824,17
Amy,28195972,17
Tyler,28195972,19
Matthew,28195972,3
Jason,28195972,13
Ballan,28195972,11
Tom,28195972,3
Jake,28195972,3
Cartwright,28195972,22
Ryan,28195972,10
Simon,28195972,6
Rebecca,28195972,6
Sophie,28195972,5
Saks,28195972,9
Hooper,5038050,21
Sheena,20672329,6
Marcus,20672329,17
Ash,20672329,4
Damos,20672329,4
Brock,20672329,4
Piplup,20672329,24
Giratina,20672329,17
Michina,20672329,22
Dialga,20672329,17
Pikachu,20672329,24
Kevin,20672329,6
Arceus,20672329,17
Powers,1596524,11
Meyers,1596524,17
Johanson,1596524,14
Jennings,1596524,4
Jones,1596524,16
Huey,1596524,5
Webster,1596524,17
Highway,1596524,17
Franklin,1774116,9
Collins,1774116,1
Kitty,1774116,23
Dum,1774116,12
Clarke,1774116,12
Scribner,1774116,22
Jim,1774116,6
Hemingway,1774116,0
Lubinsky,1774116,3
Max,1774116,23
Lily,1774116,9
Reardon,1774116,6
Lambert,1774116,23
Lorress,2343735,13
Palinov,2343735,16
Karczag,2343735,19
Kuttan,31470445,21
Jose,31470445,19
Regina,24981250,19
Tom,24981250,4
Harley,24981250,12
Samir,24981250,4
Devon,24981250,19
Dare,12561874,4
Jackson,2059591,4
Jett,2059591,23
Kragg,2059591,13
Galore,19471956,10
Heiman,19471956,18
Steak,19471956,7
Chuck,19471956,14
Guerrero,31226363,6
Ortigoza,31226363,8
Lorenzo,31226363,24
Artemio,31226363,24
Riba,31226363,24
Arden,31464117,21
Bonnie,31464117,21
Jason,31464117,19
Valentine,31464117,11
Tony,31628381,19
Johnny,31628381,15
Vattappara,31628381,6
Meenu,31628381,13
Christmas,31628381,18
Murali,31628381,8
Monu,31628381,15
Annie,31628381,6
Slappy,20548913,24
Roy,20548913,17
Boccoli,20548913,4
Sonny,20548913,7
Brinway,20548913,16
Jessica,21693066,1
Yamanaka,9219971,4
Yasuko,9219971,5
Muraoka,9219971,21
Otomo,9219971,14
Sheena,5207053,3
Krishna,5207053,6
Nandita,5207053,6
Kavya,5207053,13
Shekhar,5207053,3
Mehta,5207053,13
Jung,33192532,5
Chul,33192532,6
Hyuk,33192532,4
Young-choon,33192532,6
Tae-min,33192532,6
Joong-dae,22106018,2
Kwang-seob,22106018,5
Choon-dong,22106018,3
Se-rin,22106018,12
XIV,13949810,17
Montausier,13949810,4
Aldrich,31775991,4
Austin,31775991,21
Ford,31775991,20
Cabrell,31775991,9
Wylie,31775991,1
Charles,24813968,18
Norris,24813968,9
Kadal,24813968,6
Janu,36057877,22
Naaga,36057877,13
Sathya,36057877,6
Bhai,36057877,14
Vikram,36057877,14
John,8649132,10
Mongo,8649132,20
Peterson,8649132,0
Judas,195246,18
Satan,195246,13
Peter,195246,3
Jesus,195246,4
Magdalene,195246,13
Seraphia,195246,17
Simon,195246,4
John,195246,6
Benji,4513177,21
Sharada,31805985,18
Anand,31805985,6
Neelakantan,5006049,2
Bhanumathi,5006049,16
Karthikeyan,5006049,24
Rajendran,5006049,0
Sastry,24196436,8
Parvateesam,24196436,22
Reddy,24196436,0
Gandhi,24343484,5
Chun,27641142,16
Yau,27641142,1
Kiu,27641142,19
Ching,27641142,8
Tang,27641142,12
Julia,27641142,8
Li,27641142,19
Sambo,18416714,3
Peabody,27358005,19
Junior,27358005,17
Kelly,27358005,2
Pert,27358005,6
Jr.,27358005,21
Cartman,13881749,16
Kyle,13881749,6
Shyamalan,13881749,9
Gibson,13881749,9
Stan,13881749,23
Benteen,1227317,17
Pilager,1227317,20
O'Brien,1227317,20
Andrews,29940517,13
Addison,29940517,9
Mark,29940517,8
Emily,29940517,23
Sean,29940517,17
Ambler,19922240,12
Joe,14076874,22
Maria,30091529,21
Ron,30091529,17
Dina,30091529,21
Paul,30091529,21
Emily,29836897,3
Shaddock,885876,0
Ellen,885876,6
Aim,885876,4
Cody,885876,17
Tom,885876,3
Lawson,885876,2
Reva,885876,23
McCoy,885876,3
Clyde,885876,17
Billy,885876,6
Tucker,24158724,4
Richie,24158724,21
Moss,24158724,17
Alderman,24158724,15
Percy,24158724,6
Tate,24158724,12
Bloom,24158724,0
Roosevelt,24158724,9
Ronnie,24158724,9
Brown,24158724,21
Domino,24158724,12
King,24158724,13
Fred,12592456,21
Man-soo,22777559,19
Hanna,22777559,20
Mickey,14489319,21
Mouse,14489319,19
Minnie,14489319,17
Roberts,16040190,3
Livingston,16040190,13
Pulver,16040190,6
Morton,16040190,6
Brice,7165700,16
Luke,22333286,8
MacKay,22333286,11
Cassy,22333286,1
Nick,14788141,12
Denison,14788141,14
Agamemnon,23471953,17
Hector,23471953,4
Menelaus,23471953,17
Cassandra,23471953,2
Helen,23471953,21
Sykes,2870618,0
Fagin,2870618,6
Bassedien,2870618,3
Nancy,2870618,23
Vic,34805876,23
Milo,34805876,20
Radovan,34805876,3
Frank,34805876,3
Tonny,34805876,9
Andersson,34805876,19
Hasse,34805876,10
Payne,7158830,22
Tommy,23700037,6
Nicole,23823721,3
Jeff,23823721,4
Dave,23823721,6
Lynn,23823721,6
Lisa,23823721,6
Graves,5847229,9
Shaye,5847229,24
Jennifer,5847229,2
Henrik,1299974,3
Malcolm,1299974,1
Fredrik,1299974,18
Armfeldt,1299974,19
Petra,1299974,11
Frid,1299974,20
Desiree,1299974,5
Egerman,1299974,2
Ossi,15731217,18
Nucki,15731217,23
Josef,15731217,3
Seligson,15731217,3
Sin,26195967,18
Wook,26195967,11
Glenn,23974943,19
McKay,24140977,1
Dana,24140977,20
Jeannie,24140977,3
Biffen,8277007,19
Cheval,8277007,6
Hanssen,8277007,2
Benny,8277007,6
Corona,8277007,20
Kjell,8277007,2
Hermansen,8277007,7
Angar,5274269,3
Kishan,5274269,24
Khan,5274269,22
Chand,5274269,10
Devi,5274269,17
Jai,5274269,6
Gopi,5274269,24
Balram,5274269,6
Hanuman,5274269,0
Laxmi,5274269,17
Anjali,5274269,6
Parvati,5274269,17
Daffy,15186845,3
Koda,6439718,1
Batty,6439718,6
Budgie,6439718,6
Boof,6439718,15
Fache,1908238,13
Aringarosa,1908238,14
Langdon,1908238,3
Magdalene,1908238,4
Jean,1908238,17
Silas,1908238,17
Remy,1908238,17
Vernet,1908238,20
Christ,1908238,12
Teabing,1908238,6
Newton,1908238,9
Vinci,1908238,9
Sophie,1908238,6
Neveu,1908238,3
Sauni,1908238,11
Jordan,11558403,14
Billie,11558403,14
Glenn,11558403,0
Abbott,11558403,18
Brown,11558403,14
Sabine,1120730,3
Clay,1120730,12
Trenet,1120730,12
Bean,1120730,3
Stepan,1120730,4
Dachevsky,1120730,8
Sid,13076317,3
Gladys,13076317,6
Sam,27624205,23
Abba-Dabba,27624205,2
Alshaibi,24542444,0
Hussein,24542444,4
SJ,36201406,16
Mariyem,36201406,9
Winkler,25308603,16
Ames,13255982,20
Hennessey,13255982,13
Frank,13255982,17
Joe,13255982,17
Frankenstein,13255982,20
Pachenko,13255982,23
Ness,1891471,14
Brinson,1891471,18
Stern,1891471,14
Mackaye,1891471,0
Liles,1891471,16
Danell,1891471,16
Dominic,20113608,17
Chadwick,20113608,6
Iruka,20113608,16
Beth,16013696,8
Trenton,16013696,18
Reynolds,16013696,18
Josh,16013696,15
Jessie,16013696,23
David,16013696,10
Mikey,16013696,3
Treborn,454208,21
Kayleigh,454208,2
Kellogg,30463571,21
Watters,30463571,4
Cutler,30463571,21
Byers,30463571,13
Lori,30463571,3
Hatch,30463571,17
Barton,30463571,12
Garrett,10990102,18
Bonney,10990102,17
Wallace,10990102,8
Amy,4515631,19
William,4515631,17
Tony,4515631,20
Peter,4515631,19
Washington,4515631,20
Louise,4515631,21
Jim,4515631,19
Susie,4515631,23
West,4515631,9
Bob,4515631,12
Tom,9871185,23
Jerry,9871185,3
Citro,2825438,3
Marie,2825438,19
Jerxes,11605792,20
Butler,11605792,12
Leonidas,11605792,3
Zeta,11972652,16
Ray,14850748,7
Vulcan,8279688,4
Craven,8279688,14
Thomas,8279688,10
King,8279688,15
Lambert,32987577,17
Farmfield,32987577,23
Tracey,32987577,17
Tilly,32987577,19
Maxwell,32987577,16
Geebung,32987577,6
Inglehurst,32987577,14
Dick,32987577,4
Amande,264943,7
Victor,264943,22
Marco,264943,24
Nikita,264943,4
Bob,264943,10
Davenport,24122155,22
Hamilton,24122155,17
Helen,24122155,22
Julio,24122155,10
Guo,34227408,3
Baobao,34227408,3
McQuade,13938920,10
Maddocks,13938920,4
Fei,32624649,17
Zhichun,32624649,3
Liangliang,32624649,24
Xiaolong,32624649,14
Nan,32624649,5
Jiadong,32624649,24
Yilin,32624649,10
Hiroshi,32624649,9
Stanley,32624649,7
Ken,32624649,0
Tina,32624649,3
Rita,6012909,24
Jaishankar,6012909,1
Aarti,6012909,22
Foley,10142378,9
Niall,10142378,15
Quinn,10142378,14
Daniel,10142378,6
Sweeney,10142378,14
Francis,10142378,10
Tyler,18640429,11
Roqua,18640429,21
Cooperman,18640429,3
Jake,18640429,6
Charlie,18640429,18
Ryan,18640429,17
Joseph,18640429,14
McCarthy,18640429,0
Hanamura,24346395,19
Clan,24346395,5
Akiko,24346395,5
Hitoshi,24346395,22
McBrown,8147151,12
Sandy,8147151,4
Salamander,8147151,13
Innes,8147151,3
Hills,8147151,17
Shelley,8147151,17
Kilroy-Silk,8147151,10
Pride,8147151,12
Hash,8147151,6
Beaches,8147151,13
McGowan,8147151,9
Charlie,8147151,1
Fry,8147151,23
Lyndon,8147151,17
Tien,1839694,14
Suriyothai,1839694,14
Piren,1839694,15
Raja,1839694,21
Srisudachan,1839694,17
Hongsa,1839694,5
Jitravadee,1839694,12
Worawongsa,1839694,17
Amporn,1839694,14
Thompson,18791512,8
Blake,18791512,3
Baylor,2996768,24
Jennifer,2996768,3
Luke,2996768,21
Reed,2996768,15
Prulier,22292130,2
Madeleine,4595569,21
Pycal,4964000,9
Domaschke,401839,8
Kerner,401839,16
Christiane,401839,21
Lara,401839,19
Robert,401839,24
Denis,401839,6
Alex,401839,13
Williams,549023,0
Lundin,549023,1
Maher,549023,10
Maureen,12560767,1
Maude,12560767,6
Norris,12560767,5
Evelyn,12560767,18
Shelley,12560767,6
Patrick,12560767,21
Reynolds,12560767,12
Harold,12560767,3
Ana,5374099,16
Jusce,5374099,21
Schwerner,21474496,14
Killen,21474496,18
Chaney,21474496,21
Sahib,3126164,24
Ganguly,3126164,22
Jatayu,3126164,15
Koslova,1321819,4
Zanconia,1321819,2
Mulqueen,1321819,20
Lamont,1321819,24
Preston,1321819,13
Brown,1321819,11
Witherspoon,1321819,17
Walker,28273975,9
Irene,28273975,21
Trent,28273975,1
Moreland,28273975,5
Mildred,23801784,4
Ethel,23801784,4
Moe,14555886,23
Larry,14555886,4
Guzman,35218175,20
Tony,35218175,6
Swatantra,3729190,9
Nanaji,3729190,13
Jignesh,3729190,11
Shyam,3729190,6
Meenu,3729190,4
Guru,3729190,14
Desai,3729190,5
Sujata,3729190,6
Tadao,33397799,2
Kayoko,33397799,4
Arai,33397799,6
Sawako,33397799,6
Yoshio,33397799,9
Nobuo,33397799,6
Kimura,33397799,5
Chen,4930872,10
Kathleen,4930872,17
King-Kong,4930872,3
Rose,4930872,3
Miki,4930872,23
Spadix,4930872,24
Gud,4930872,17
Lai,4930872,23
Ling,4930872,17
Dragon,4930872,17
Lester,31866410,4
Quilty,31866410,0
O'Hara,31866410,0
Arbustus,31866410,14
Pink,31866410,18
Griffin,31866410,13
Arbutus,31866410,24
Mary,31866410,8
Bragden,1619410,17
Dana,1619410,23
Gordy,1619410,4
Milton,1619410,3
Grabelski,1619410,3
Stern,1619410,12
Patterson,1619410,24
Palmer,1619410,3
Erickson,1619410,3
MacClannough,4560,6
Noctis,4560,18
Longshanks,4560,6
Edward,4560,6
Bruce,4560,21
Wallace,4560,4
Ravi,24185289,21
George,24185289,0
Radha,24185289,21
John,24185289,8
Johnson,5374788,3
Yan,8966185,13
Shin,8966185,14
Tracy,8201004,4
Moloch,8201004,13
Chowki,15411938,14
Khanna,15411938,19
Waghmare,15411938,18
Hart,2069266,22
Ferrers,2069266,15
Sing-up,2069266,7
Conrad,2069266,16
Reamer,25606631,19
Greg,25606631,13
Kelly,25606631,3
Lydia,25606631,6
Ben,25606631,3
Keri,1953082,6
Kesey,1953082,10
Loomis,1953082,17
Kay,1953082,12
Johnson,1953082,9
Jake,1953082,6
Walsh,1953082,4
Hankins,1953082,3
Jamie,1953082,1
Packard,1953082,17
Mulrooney,1096485,18
find,1096485,1
D.J.,1096485,6
Elizabeth,1096485,6
Jasper,1096485,21
Quaxton,1096485,19
Deacon,1096485,10
Kunjoottan,26131098,13
Luke,26131098,9
Nair,26131098,21
Asha,26131098,10
Ramachandran,26131098,23
Hassan,26131098,18
Chameli,11256773,4
Singh,11256773,14
Rishi,4526503,21
Shanti,4526503,12
Burman,4526503,0
Kapoor,4526503,7
Indraneel,4526503,19
Preeti,4526503,5
Neel,4526503,4
Mark,11094858,24
Katherine,11094858,24
Clint,985100,20
Burton,985100,24
Presley,985100,11
Slantchev,27888842,1
Brigitte,27888842,3
Thomas,27888842,13
Marc,27888842,16
Moll,32563596,22
Toplines,32563596,15
Matilda,32563596,18
Antonia,32563596,2
Ambrosio,32563596,4
Johny,32797064,17
Ade,32797064,2
Ahab,2122881,4
Moby-Dick,2122881,8
Ishmael,2122881,20
Millie,7500507,7
Tognetti,7500507,0
Venessi,7500507,6
Henderson,7500507,3
Karen,7500507,6
Terri,7500507,16
Ridgeway,7500507,11
Elkins,7500507,4
Tano,34985332,21
Ayoka,34985332,19
Kodou,34985332,14
Hart,6255681,19
Rowan,6255681,3
Jelliff,6255681,6
Anna,6255681,3
Zimmerman,6255681,19
Smithson,6255681,19
Parkhurst,6255681,19
Dupont,6255681,10
Michaela,6255681,23
Jos,14470060,8
Joe,14470060,21
Moe,14470060,20
Larry,14470060,20
Riordan,4260564,10
Ziminski,4260564,2
Addison,4260564,3
Peetham,27305615,6
Sharada,27305615,18
Tigre,20971048,15
Harvey,20971048,6
Richard,1235519,17
Lomax,1235519,9
Tina,1235519,16
Vito,1235519,18
Parker,1235519,7
Gwen,1235519,13
Saunders,1235519,7
Larry,1235519,17
Paulie,1235519,4
Wilson,1235519,17
Bernie,1235519,17
Meade,6612094,3
Meades,6612094,16
Gruen,6612094,17
Remson,6612094,3
Kelly,22773122,2
Matt,22773122,14
Kimmerly,22773122,19
Jim,22773122,22
Nicki,22773122,19
Roxanne,2246413,3
Johnny,2246413,3
Blackheart,2246413,4
Abigor,2246413,10
Mephisto,2246413,6
Gressil,2246413,17
Michael,2246413,7
Mack,2246413,12
Blaze,2246413,15
Slade,2246413,13
Larson,19388183,10
Andrew,19388183,3
George,19388183,17
Florence,19388183,3
Grange,19388183,12
Leslie,19388183,3
Ruzzo,9248251,9
Vicu,9248251,15
Serrano,9248251,2
Bello,9248251,15
Garc,9248251,5
Olmos,9248251,18
Nelson,9248251,15
Bonillas,9248251,16
Campos,9248251,1
Angel,15968947,8
Nathan,16130074,14
Antonio,16130074,3
Tere,16130074,17
Mike,16130074,0
Jonbert,16130074,6
Bortai,638459,18
Mongol,638459,4
Kumar,11235388,16
Bachchan,11235388,19
Ramchandra,11235388,18
Tagore,11235388,10
Chandrashekar,11235388,18
Singh,11235388,6
Manju,11235388,9
Dharamdas,11235388,7
Virundhan,29481438,5
Amina,29481438,19
Charu,29481438,20
Bonnie,8365100,10
McCarthy,8365100,4
Bobby,8365100,3
Terry,8365100,3
Chrystal,8365100,6
Green,8365100,3
Tony,4405649,21
Rudolph,4405649,21
Anna,4405649,5
Thompson,4405649,10
Dennis,542094,23
Marcy,542094,14
Justin,542094,14
Grimm,542094,23
Burt,542094,3
Karen,542094,3
Jeff,542094,6
Mambo,542094,17
Sloot,22723513,16
Holloway,22723513,2
Gina,17865780,3
Stefan,17865780,6
McVey,17865780,8
Aruna,29829542,14
Bhasker,29829542,14
Dalit,29829542,1
Kamala,29829542,3
Bhaskar,29829542,4
Balipeetam,29829542,17
Lucia,1204925,23
Bock,1204925,9
Tom,1204925,14
Carl,1204925,12
Matt,1204925,2
Cates,1204925,17
Jr.,1204925,24
Truitt,1204925,3
Bill,1204925,16
Dedee,1204925,21
Tenney,18829067,7
Clark,18829067,18
Cleaver,18829067,21
Rand,18829067,3
Hofstader,18829067,19
Murch,18829067,6
Philip,18829067,17
Swamy,5872569,10
Kumaraswamy,5872569,2
Shankar,5872569,14
Gowri,5872569,3
Rathore,5872569,16
Dougnac,26472079,0
Terrien,26472079,17
Slimane,26472079,10
Berthaut,26472079,4
J.D.,3730804,3
Dawes,3730804,3
Billy,3730804,12
Hope,5009558,3
White,5009558,5
Brumby,5009558,6
Alma,27106935,1
Salvador,27106935,23
Alzheimer,27106935,16
Mingarro,27106935,0
XIII,27106935,5
Mira,27106935,22
Olivia,27106935,14
Freud,27106935,13
Alfonso,27106935,17
Leon,27106935,17
Rosalie,2099242,13
Joey,2099242,17
Boca,2099242,9
Baker,16888879,12
Regan,16888879,13
McQueen,16888879,1
Stenning,22395193,14
Stennings,22395193,15
Adamson,22395193,19
Tom,22395193,13
Kate,22395193,13
Ed,22395193,5
Zoe,22395193,1
Marty,22395193,3
Larapinta,22395193,24
Emma,22395193,1
Meg,22395193,13
Hannon,22395193,22
Spencer,7138643,3
Broodwarrior,7138643,17
Cy,7138643,4
Griffith,7138643,7
Casaubon,14153517,18
Brooke,14153517,12
Stadt,23413256,24
Maggie,2396634,4
Evans,2396634,7
Barnabas,2396634,17
Jeff,2396634,17
Julia,2396634,17
Jennings,2396634,9
Stokes,2396634,5
Josette,2396634,14
Collins,2396634,10
Clark,2396634,15
Loomis,2396634,12
Willie,2396634,3
Hoffman,2396634,3
Carolyn,2396634,6
Eustace,2396634,22
Salter,18589854,8
Turner,18589854,24
Bruhl,18589854,21
Carstairs,18589854,4
Franklin,18589854,0
Kaufman,18589854,17
Nancy,18589854,6
Lingle,18589854,4
Troy,18589854,21
Max,26442207,3
Vladimir,31835579,12
Elena,31835579,14
Elizabeth,13949859,10
Braxton,13949859,20
Wayland,13949859,9
Mook,13949859,10
Edward,6644109,4
Manuel,6644109,3
Zulema,6644109,14
Caye,6644109,3
Mary,32142896,19
Smith,32142896,0
Bordon,7326436,9
Piazza,7326436,14
Noha,30102706,7
Satish,10622036,8
Kavita,10622036,4
Gupta,10622036,10
Laxmi,10622036,0
Vijay,10622036,21
Sam,19344277,3
Lift,19344277,15
Satan,19344277,13
Hare,19344277,6
Legion-Hare,19344277,16
Kilaaks,11994,6
Gorosaurus,11994,5
Kumonga,11994,5
Yamabe,11994,24
Baragon,11994,5
Yoshida,11994,4
Ogasawara,11994,13
Mothra,11994,19
Rodan,11994,5
Ghidorah,11994,17
Otani,11994,13
Marcus,8977593,2
Sommers,8977593,10
Becky,8977593,10
David,8977593,16
Trowbridge,17271180,6
Audrey,17271180,8
Charlie,17271180,11
Frankie,17271180,9
Patsy,17271180,3
Harvey,17271180,9
Carver,17271180,6
Charal,805354,6
Briqualon,805354,10
Cindel,805354,4
Noa,805354,14
Terak,805354,5
Henry,958920,11
Bill,958920,15
Bunyan,958920,15
Stiles,958920,9
Jonas,958920,18
Lang,958920,23
Hackett,958920,13
Wright,1192770,5
Clark,1192770,20
McGowan,1192770,19
Branagh,1192770,23
Sellars,1192770,24
Melanie,1192770,2
Sammy,3365240,23
Sullivan,3365240,18
Howard,3365240,8
Floyd,3365240,3
Ramsey,3365240,3
Mae,3365240,23
Lou,3365240,17
Peggy,3365240,17
Johnson,3365240,10
Eddie,3365240,6
Helen,3365240,23
Morales,3365240,6
Barker,3365240,17
Roy,3365240,3
Kress,3365240,13
Reed,3365240,24
Collins,576208,24
Andrew,576208,23
Patrick,576208,3
O'Roarke,576208,5
Ezzard,576208,19
Morenski,576208,21
Hauser,576208,22
Campbell,576208,22
Moella,14738921,22
Larraine,14738921,22
Jaan,11465088,19
Sylvia,11465088,4
Harishchandra,35604925,20
Nandini,35604925,6
Dean,34644182,22
Emma,34644182,2
Joan,2576917,13
Dylan,2576917,15
Long,2576917,6
God,2576917,6
Noah,2576917,13
Evan,2576917,3
Baxter,2576917,18
Phillips,2576917,15
Simmons,2576917,15
Qadri,30049560,6
Imam,30049560,8
Saba,30049560,19
Gothenburg,30049560,7
Cooper,20678281,4
Nancy,20678281,3
Mailer,20678281,4
Hayseed,32883455,14
Jim,32883455,1
Duggan,32883455,7
Burroughs,19965135,6
Grace,19965135,3
Trixie,27326285,4
Laura,27326285,6
Jason,27326285,23
Daniel,27326285,6
Underhill,27326285,9
Basilio,2547388,24
Hitler,29425225,1
Preslow,23658618,17
Walter,23658618,17
Willy,23658618,10
Nate,23658618,3
Hale,23658618,16
Chavez,23658618,17
Brandon,23658618,17
Crawford,23658618,18
Floyd,23658618,4
Wilson,23658618,1
Carver,23658618,17
Alex,23658618,3
Cory,9770050,17
Crane,9770050,6
Daley,9770050,9
Stephanie,9770050,3
Medelyn,27375546,10
Bien,27375546,1
Po,32860592,24
Rhino,32860592,4
Oogway,32860592,6
Wu,32860592,23
Shifu,32860592,16
Gyalnang,31861587,6
Sam,24787384,3
Fudd,24787384,2
Granny,24787384,13
Sylvester,24787384,3
Ganesha,18037052,16
Rao,18037052,18
Ramanamurthy,18037052,3
Adilakshmi,18037052,16
Parameshi,18037052,20
Govinda,18037052,3
Shastri,18037052,2
Shruti,18037052,19
Buchan,29017970,22
Rankin,29017970,0
Dennis,6394318,15
Burke,6394318,11
Martin,6394318,19
Kate,6394318,19
Bill,6394318,14
Lam,12085775,13
Yeung,12085775,16
Ming-sun,12085775,14
Cutler,23707320,2
Lajjo,6025960,21
Ramchand,6025960,23
Trilok,6025960,6
Puro,6025960,24
Pinjar,6025960,6
Rashid,6025960,13
Kennedy,886698,11
Blake,886698,9
Gregory,886698,21
Harris,886698,15
Drewitch,886698,20
Thom,886698,22
Ritchie,886698,19
Crowley,28863194,23
Jack,28863194,3
Lisa,28863194,19
Polly,12005214,2
Northcott,12005214,6
Fisher,12005214,0
Hartley,12005214,6
Emiline,24317883,3
Peters,24317883,7
Crane,24317883,19
Nezulla,33948065,23
Williams,3460365,22
Fox,3460365,3
Johann,2206417,1
Hertz,2206417,13
Anton,2206417,17
Frankenstein,2206417,12
Christina,2206417,3
Werner,2206417,17
Hans,2206417,4
Morris,2206417,9
Arthur,250699,3
Lancelot,250699,17
Morgana,250699,3
Perceval,250699,16
Merlin,250699,2
Mason,2667958,8
Leila,2667958,22
Billy,2667958,19
Mulligan,2667958,17
Pantucci,2667958,9
Mamooli,2667958,3
Atherton,2667958,17
Trillian,2667958,17
Vivo,2667958,4
Joey,2667958,3
O'Connor,2667958,4
Pillai,18003095,12
Karim,18003095,0
Varma,18003095,21
Namboodiri,18003095,20
Namboodirippadu,18003095,22
Thampuran,18003095,21
Bhagirathi,18003095,3
Abdhullah,18003095,23
Ananthan,18003095,3
Ali,18003095,19
Thampuratti,18003095,3
Menaka,18386095,3
Rajeev,18386095,13
Tashi,18386095,3
Dragunsky,18386095,17
Beri,18386095,0
Somayajulu,18386095,17
Arup,18386095,23
Khan,18386095,23
Sonia,18386095,23
Nitin,18386095,6
Mariana,13998597,16
Laura,13998597,12
Carlos,13998597,3
Gina,13998597,14
Martinez,13998597,10
Sylvia,13998597,6
Mayukh,34954982,14
Riya,34954982,2
Aishwariya,34954982,21
Roxanne,6049239,23
Marcus,6049239,23
Jenny,6049239,10
Eli,6049239,17
Mansfield,6049239,6
Billy,6049239,5
Bloodshy,6049239,0
Molotov,31394800,21
Kanker,31394800,9
Federica,4136530,10
Laura,4136530,17
Albert,4136530,17
Bobby,4136530,21
Fassati,4136530,5
Anna,4136530,19
Frank,4136530,4
Renata,4136530,17
Denise,4136530,16
Donati,4136530,17
Simon,4136530,23
Ventura,4136530,22
Cleveland,2325367,13
Milo,2325367,24
Ferguson,2325367,21
Blanchard,2325367,6
Jenny,2325367,23
Richards,2325367,0
Whitney,2325367,3
Dobbs,2751452,21
Carrie,8418367,19
Rod,8418367,17
Cherri,8418367,17
Sandy,17192514,21
Sandeep,17192514,4
Varma,5559264,21
Chandru,5559264,6
Vic,27539366,19
Ho-Chie,6156481,14
Hwa,6156481,15
Ganesh,9107230,21
Bhuvana,9107230,6
Hardwick,31679034,4
Zoe,31679034,15
O'Grady,7220623,2
Sam,29680415,6
Kathleen,29680415,6
Campo,29680415,9
Zoey,29680415,14
Javier,29680415,13
Field,29680415,8
Hebert,29680415,10
Russell,29680415,6
Raja,34227342,12
Ranjith,34227342,22
Jeeva,34227342,17
Stella,34227342,19
Benny,34227342,2
Anand,34227342,22
Ringwald,2058218,17
Ophelia,2058218,3
Binx,2058218,6
Pyatt,2058218,17
Davy,2058218,13
Jean,2058218,6
Constantin,24107943,22
Rapha,24107943,15
Albert,24107943,3
Harry,18609739,3
Martel,18609739,3
Mateo,18609739,4
Caine,18609739,22
Lena,18609739,17
X,18609739,18
Rivero,18609739,19
Diego,18609739,4
Jr.,18609739,1
Magdalena,18609739,15
Blanco,18609739,3
Judit,18609739,6
Amy,2806165,10
Tonya,2806165,12
Red,2806165,1
Willy,2806165,3
Cipur,2806165,6
Blackie,2806165,3
Sissy,2806165,3
Shmi,50957,4
Jango,50957,1
Palpatine,50957,4
Dooku,50957,4
Jedi,50957,16
Sidious,50957,4
Skywalker,50957,1
Anakin,50957,4
Thompson,50957,19
Amidala,50957,8
Padm,50957,4
Wessell,50957,22
dart,50957,17
Kenobi,50957,4
Geonosis,50957,9
Obi-Wan,50957,4
Wilkosz,14736271,6
Vikings,5828241,7
Asparagus,5828241,5
Ophelia,5828241,13
Olaf,5828241,18
Sven,5828241,16
Lyle,5828241,16
Archibald,5828241,6
Larry,5828241,6
Funicula,5828241,0
Gourd,5828241,3
Johnny,16731473,6
Laurie,16731473,6
Gordon,7775221,5
Ollie,4783723,23
Oliver,4783723,4
Stan,4783723,3
Tongpan,8910242,21
Kang,4048300,3
Jo,4048300,21
Collins,19184257,0
Archer,334865,24
Hudson,334865,20
Harry,334865,3
Loeb,334865,9
Honey,334865,3
Parker,334865,9
Nancy,334865,3
Jaggubai,17244774,4
Monisha,17244774,13
Jaggubhai,17244774,4
Strohm,4539159,16
Chavasse,3834305,17
Flannagan,3834305,6
X,3834305,3
Nefia,5586495,13
Aziz,5586495,6
Habeeb,5586495,3
Sinbad,5586495,6
Jamaal,5586495,6
Nan,33703767,2
Parn,33703767,2
Somkiat,33703767,11
Mai,33703767,10
Nat,33703767,17
Costain,6045984,16
MacAvoy,6045984,19
Bryson,6045984,15
A,15749688,12
Gil,15749688,11
Gradenko,11762841,6
Devlin,11762841,10
Ingrid,11762841,2
Minion,11762841,3
Carmen,11762841,23
Gregorio,11762841,6
Gumm,11762841,4
Cortez,11762841,16
Floop,11762841,2
Lisp,11762841,10
Rowles,20648252,22
Horn,20648252,5
Byrd,20648252,21
Aathi,5589600,2
Meera,5589600,2
Beckett,19948005,1
Quido,19948005,7
Tao,7169738,10
Ngai,7169738,0
Yeung,7169738,12
Lee,7169738,17
Colin,7169738,7
Lucas,7169738,20
Lewis,20547048,14
Pauline,20547048,23
Sanger,20547048,22
Dodd,20547048,14
Tessa,20547048,21
Baker,5995578,9
Ted,5995578,3
Maggie,5995578,21
Dobson,5995578,6
Jonas,5995578,3
Les,5995578,3
Joey,5995578,18
Franken,5995578,17
Everett,5995578,18
Rodriguez,705267,3
Frannie,705267,3
Avery,705267,19
Malloy,705267,6
Pauline,705267,3
Turner,24843685,4
Magee,24843685,14
Brown,24843685,1
deWilde,24843685,21
Judith,5455297,13
Conklin,5455297,3
Carolyn,5455297,6
Taverner,5455297,19
Ben,5455297,6
Ryan,5455297,9
Martha,5455297,23
Jacob,5455297,3
Wyler,11515305,24
Anna,11515305,3
lkl,11515305,23
Iris,11515305,3
Katie,10483931,21
William,10483931,16
Vanessa,10483931,8
Anderson,10483931,6
Becka,27375785,14
Graham,27375785,6
Sarah,27375785,6
Dana,27375785,6
Tania,27375785,8
Pickering,27375785,6
Murray,27375785,3
Stan,27375785,6
James,27375785,21
Parshuram,19289204,23
Madhuri,19289204,24
Sushma,19289204,24
Sarpotdar,19289204,5
Mane,19289204,15
Sudhir,19289204,14
Kalbhor,19289204,3
Dhananjay,19289204,23
Dhanajay,19289204,2
Shantanu,19289204,21
Irinia,14969658,8
Deverell,14969658,2
Angel,14969658,21
Gilbright,14969658,24
Hermione,14969658,12
Russell,14969658,19
Nora,14969658,19
Sheetal,22822904,23
Srivastava,22822904,11
Seema,22822904,6
Mukadam,22822904,10
Mohan,22822904,23
Vicky,22822904,19
Nisha,22822904,17
Vaiju,22822904,12
Arturo,26950194,24
Graciela,26950194,24
Luciano,26950194,21
Luisa,26950194,19
Preston,8847160,1
Bosley,8847160,21
Hank,143554,21
Larry,143554,13
Manjula,5242919,2
Dosti,5242919,22
Mohan,5242919,21
Gupta,5242919,11
Ashok,5242919,1
Zag,25747636,11
Louis,25747636,3
Walters,25747636,11
Bud,31804235,19
Kelli,31804235,21
McQuade,14080718,3
Konsong,14080718,17
Namwong,14080718,6
Allison,14080718,17
Jack,14080718,21
Hawkins,14080718,16
Carter,19255877,15
Grunberg,19255877,4
Wilson,19255877,24
Cigliuti,19255877,9
Monzon,19255877,22
Esperanza,76325,14
Quintero,76325,8
Kiran,27047737,6
Saxena,27047737,6
Moreau,32411644,17
Hugo,32411644,3
Susini,32411644,17
Pierret,32411644,3
Nadia,32411644,17
Meyer,32411644,6
Fabre,32411644,2
Vogel,32411644,10
Samuel,32411644,17
Sartet,32411644,3
Marconi,32411644,10
Paul,1533664,17
Martin,1533664,3
LaPoubelle,1533664,8
Newberry,1533664,10
Debi,1533664,6
Dimble,15620980,24
Barrington,15620980,4
Ronald,15620980,17
Perry,15620980,17
Wilding,15620980,24
Helen,15620980,3
John,15620980,8
Cole,15620980,0
Niles,3319336,10
Larsen,3319336,24
Martin,3319336,18
Teresa,3319336,12
Evans,3319336,11
Camarero,3319336,24
Steiner,3319336,10
Beth,30138638,2
Johnson,30138638,1
Coulter,30138638,21
John-Smythe,32781983,22
Dalrymple,32781983,13
Granville,32781983,13
Nikki,11348636,18
Vincent,11348636,19
Gary,6694303,23
Ferdous,31660844,13
Moushumi,31660844,6
Khan,31660844,4
Carella,18892941,11
Spike,11539841,3
Tom,11539841,3
Jerry,11539841,23
Sylvester,3562033,3
Chander,14854661,3
Chandler,14854661,23
Jai,14854661,6
Pooja,14854661,21
Rossen,15217751,9
Anuar,10320498,24
Alan,10320498,6
Jason,10320498,8
Latifah,10320498,21
Kiah,10320498,15
Atan,10320498,6
Ariff,10320498,17
Inom,10320498,17
Yam,10320498,2
Temah,10320498,16
Sagar,10872127,21
Sarita,10872127,6
Jeffcote,29082218,3
Hollins,29082218,13
Jenny,29082218,6
Mary,29082218,17
Hawthorne,29082218,12
Richie,2262145,13
Maxwell,2262145,13
Evan,2262145,6
Laura,27421749,6
Steffan,27421749,17
Leigh,27421749,4
Higbie,27421749,6
Conti,27421749,14
Olga,27421749,17
Slavko,2380240,5
Elwell,2380240,15
Muse,2380240,0
Halbfass,2380240,13
Schiffman,2380240,23
Kelley,2380240,3
Unmarino,2380240,18
Trunche,2380240,10
Hood,5977601,5
Karen,5977601,17
Wisdom,5977601,11
John,5977601,3
Hamer,68245,24
Bonnie,68245,3
Parker,68245,21
Moss,68245,7
Barrow,68245,3
C.W.,68245,23
Buck,68245,22
Blanche,68245,23
Vasanth,12975947,1
Sathya,12975947,17
Ajay,12975947,3
Raj,12975947,14
Jennifer,12975947,19
Shankar,4579172,23
Usman,4579172,12
Monto,4579172,3
Vijay,4579172,15
Ajit,4579172,20
Kennedy,1650241,22
Simpson,1650241,23
Justinian,1650241,22
Bowles,1650241,7
Clayton,1650241,17
Pellew,1650241,23
Hornblower,1650241,3
Richard,1486573,21
II,1486573,5
Ferguson,1486573,23
Cadbury,1486573,24
Regina,1486573,17
Keenbean,1486573,4
Dadlink,1486573,23
Dough,1486573,17
Rich,1486573,3
Richie,1486573,23
Sayyaf,12766755,0
Zoya,15488775,21
Arjun,15488775,3
Groot,76297,3
Dunson,76297,6
Valance,76297,24
Garth,76297,3
Matt,76297,3
Millay,76297,18
Tess,76297,6
Pinchas,8835468,7
Ganor,8835468,8
Kalman,8835468,7
Max,8835468,1
Lemel,8835468,8
White,35987367,5
Ogratina,20919109,10
Rouget,20919109,23
Jim,20919109,4
Larry,20919109,22
Juliette,20919109,2
Sommer,5093828,3
Steinau,5093828,13
Marquis,5093828,3
K,5093828,15
Helene,5093828,6
McGee,5099233,13
Laura,5099233,19
Reilly,5099233,22
Roy,2508699,5
Po,29771748,6
Ping,29771748,6
Shifu,29771748,3
Steve,3740032,6
Radak,3740032,1
Randall,3740032,22
Valda,15046811,24
Ben,15046811,8
Laima,15046811,23
Dostoevsky,15046811,2
Nora,15046811,24
Cockrell,15046811,5
Wolf,14206173,10
Ralph,14206173,3
Sheepdog,14206173,22
Daryl,23829273,13
McBride,23829273,20
Peter,23829273,3
Sarah,23829273,17
Darryl,23829273,16
Rosie,23829273,3
Sonny,23829273,11
Chase,23829273,3
Tremblay,23829273,11
Highman,23829273,20
Ethan,23829273,16
Nolan,20938164,5
Kumar,9962683,18
Bobby,9962683,3
Somna,9962683,6
Kaushal,9962683,6
Amar,9962683,3
Singh,9962683,3
Cannon,19131684,14
Therese,19131684,19
Ilona,4118334,18
Toth,4118334,4
Fabio,4118334,3
N,4118334,16
Dobi,4118334,4
Sam,24500960,3
Ephraim,24500960,11
Zeldy,24500960,8
Rachel,24500960,19
Lazar,24500960,3
Gold,24500960,9
Jews,24500960,24
Leon,24500960,2
Jackie,24500960,9
Kadamba,12276040,12
Malar,12276040,24
Guna,12276040,15
Po,2886766,23
Sloane,2886766,3
Eric,2886766,4
Li,2886766,2
Winky,14519296,2
Felix,14519296,3
Hasan,26460403,23
Ali,26460403,16
Emine,26460403,12
Daniel,26535307,3
Pang,26535307,5
Price,26535307,5
Kafka,26535307,23
Marla,8373513,12
Cartman,8373513,23
Carol,8373513,14
Humduck,8373513,2
Halliwell,535532,4
Ramsay,535532,0
Orton,535532,4
Tom,19388734,16
Brisbane,19388734,18
Doll,190416,4
Archie,190416,24
Vacarro,190416,14
Meighan,190416,17
Hawkins,10318873,6
Berger,18491055,24
Fred,2032436,17
Nick,2032436,3
Ira,2032436,3
Gardenia,2032436,15
Glenda,2032436,3
Parks,2032436,9
Richard,4459059,6
Tuttle,4459059,18
Charlie,4459059,3
Rjetti,4459059,9
Gibbs,4459059,0
Jackson,535971,5
Kent,535971,4
Dux,535971,6
Lin,535971,19
Tanaka,535971,16
Shingo,535971,6
Li,535971,17
Megha,6537640,6
Raj,6537640,6
Lynne,18083698,5
Taylor,18083698,10
Endicott,18083698,5
Underwood,18083698,8
Morrison,18083698,22
Ann,18083698,1
Clark,18083698,10
Terry,18083698,23
Mobley,18083698,5
Halligan,32104837,0
Johnny,22677641,6
Tom,22677641,6
Daniel,22677641,20
K,22677641,6
Petra,22677641,6
Rike,22677641,14
Baltazar,22677641,6
Henson,33199579,19
Love,33199579,19
Madhavi,19570233,15
Sarada,19570233,20
Kemmer,11610890,9
Percy,8901969,20
Roy,24059492,21
Tunt,24059492,5
John,24059492,10
David,24059492,4
Hartmann,21081204,12
William,3051335,15
Glen,3051335,6
Brenden,3051335,6
Reynolds,3051335,6
Abbott,3051335,6
Gray,11450530,19
Daisy,11450530,17
Attack,11450530,23
Thorne,11450530,20
Judith,11450530,3
Mark,11450530,3
Lincoln,11450530,23
Russo,11450530,14
Charneski,11450530,17
Hesse,11450530,17
Teddy,11450530,3
Anne,11450530,23
Static,11450530,7
Wayne,11450530,10
Western,18764211,9
Ruth,18764211,5
Buck,18764211,3
Yosthana,14433697,20
Kaoyot,14433697,10
Jenjila,14433697,8
Joseph,32411625,0
Suzanne,32411625,5
Lopez,24038487,0
Maclovia,24038487,14
Mar,24038487,9
Tom,6816694,3
Jerry,6816694,3
Taylor,18295411,21
Danny,19355191,20
Denise,19355191,3
Jennifer,5202670,20
Benjamin,5202670,20
Shakespeare,1608822,20
Prospero,1608822,22
Ariel,1608822,21
Kozue,4564324,3
Kunio,4564324,13
Kato,4564324,10
Azumi,4564324,3
Kinkaku,4564324,0
Ginkaku,4564324,10
Gessai,4564324,17
Tsuchigumo,4564324,10
Kanbei,4564324,11
Masayuki,4564324,5
Uenokagashu,4564324,6
Yukimura,4564324,17
Olaf,28922467,17
Askur,28922467,10
Gunnlaugsson,28922467,1
Dean,358243,2
Burroughs,358243,15
Ellen,358243,3
Jonathan,358243,3
Ogner,358243,6
Skip,358243,3
John,358243,22
Wolf,2999596,12
Tammy,22152731,17
Lana,22152731,6
Lewis,22152731,13
Ghota,22152731,20
Vern,22152731,18
Dawson,22152731,18
Urp,22152731,10
Totosai,2581115,6
InuYasha,2581115,3
Takemaru,2581115,10
Saiya,2581115,14
Izayoi,2581115,8
Tenseiga,2581115,24
Sesshomaru,2581115,6
Sloan,6416597,17
McFarland,6416597,17
Sullivan,6416597,15
Katie,16686440,3
Tony,16686440,13
Robbins,16686440,8
Buddy,1670736,6
Guy,1670736,6
Ackerman,1670736,5
Bai,6041499,3
Bao,6041499,1
Zhao,6041499,3
Zigis,16328715,17
Harry,4029751,6
Maria,4029751,11
Christine,4029751,3
D'Arcy,4029751,3
Lattimer,4029751,17
Petrie,4029751,3
Tucker,4029751,7
Charles,4029751,20
Hunter,4029751,22
Ambrose,4029751,15
Jake,27936611,21
Justine,27936611,6
Chas,27936611,6
Alex,27936611,9
Nazar,5873261,5
Shankar,5873261,24
Sandhya,5873261,6
Sorowitsch,13737949,21
Downs,2157292,21
II,2157292,17
Elizabeth,2157292,1
Sackville,2157292,12
Alcock,2157292,5
Earl,2157292,24
James,2157292,23
Bill,2157292,2
Barry,2157292,14
Charles,2157292,13
Wilmot,2157292,17
Etherege,2157292,0
Isaiah,2157292,13
Lam,11466747,13
Kwok,11466747,15
Cheung,11466747,11
Yiu-Kwok,11466747,23
Ching,11466747,6
Randy,35013805,6
Nick,35013805,6
Young,35013805,2
Sarah,23955746,23
Ravi,21028695,24
Kanakasabai,21028695,2
Poi,21028695,9
Marina,8284674,6
Paul,8284674,13
Gregory,8284674,13
Berten,8284674,15
Elliott,8284674,9
Domingos,8284674,6
Rodrigues,8284674,16
Barklay,8284674,15
Nancy,8284674,6
Frances,8284674,6
Martell,5111565,11
Kate,5111565,6
Anderson,5111565,20
Stewart,5111565,1
Ripley,5111565,11
Walpo,5111565,14
Milson,5111565,10
Laker,3541643,22
Wolf,20814141,17
Blue,20814141,24
Rio,20814141,6
Hall,20814141,7
Red,20814141,24
Long,20814141,0
Meka,20814141,8
Gorie,20814141,16
Tohja,20814141,19
Miki,20814141,19
Banki,20814141,16
Jyan,20814141,6
Ken,20814141,8
Mele,20814141,24
Gaiark,20814141,23
Violet,20814141,24
Fu,20814141,4
Daffy,18619636,3
Victor,9273330,16
Tammy,9273330,24
Hines,9273330,19
Mia,9273330,3
DuBois,9273330,5
Phil,29218227,3
Linda,29218227,6
Sheila,12706152,4
Mowara,12706152,4
Mark,12706152,3
Jonas,12706152,23
Diana,12706152,24
Rassimov,12706152,21
Yuvaan-Suang,6836675,22
Prabhakar,6836675,6
Rita,12127393,19
Sheela,12127393,19
Bengali,12127393,3
Annatta,28226468,4
Katie,32207440,14
Gwen,32207440,21
Sara,32207440,23
Salama,34973432,3
Sid,34541903,23
Manny,34541903,17
Ellie,34541903,17
Patty,2572733,17
McEnroe,2572733,11
Lucy,2572733,13
Snoopy,2572733,3
Sally,2572733,17
Linus,2572733,3
Brown,2572733,23
Damodaran,29546284,10
Bhanu,29546284,10
Johny,29546284,4
Vishwanathan,29546284,2
Zooni,3077127,3
Tyagi,3077127,17
Khan,3077127,24
Beg,3077127,7
Rehan,3077127,3
Lidia,6816597,3
Gherardini,6816597,6
Pontano,6816597,3
Garani,6816597,9
Roberto,6816597,10
Tommaso,6816597,22
Laura,31703944,13
Sigman,31703944,11
Saundarya,19444214,10
Joshi,19444214,3
Seth,19444214,1
Day,17112241,21
Mia,17112241,18
Ramu,20904516,21
Radha,20904516,21
Raja,20904516,22
Wuthering,13257327,13
Cooper,13257327,6
archer,13257327,20
Steve,13257327,3
Isobel,13257327,23
Susan,13257327,3
Klugle,13257327,4
Renny,13257327,6
Grayson,13257327,9
Ireland,13257327,7
Willoughby,13257327,8
Melora,1988339,13
Grinderfall,1988339,4
Robin,1988339,3
Brave,1988339,5
Rupert,1988339,7
Kermit,1988339,3
Taminella,1988339,6
Bobby,16271350,3
Hector,16271350,22
Rodriguez,16271350,14
Alyssa,16271350,19
Billy,24086764,4
Tara,24086764,4
Sal,11544460,20
Ethel,11544460,2
Heidi,11544460,10
Ridley,11544460,3
Avo,11544460,24
Humphrey,11544460,3
Allegra,11544460,2
Jane,3680519,21
Tarzan,3680519,3
Rita,3680519,21
Eric,3680519,9
Buckler,3680519,4
Vidale,10060183,8
Randolph,10060183,22
Tom,10060183,3
Jerry,10060183,3
Berner,10060183,1
Mammy,10060183,6
Hanna,10060183,20
Neo,123417,3
Persephone,123417,2
Seraph,123417,3
Smith,123417,6
Niobe,123417,4
Roland,123417,8
Stig,14356044,23
Viola,14356044,15
Kato,23214089,17
William,31434603,7
Locchel,31434603,9
Norton,31434603,2
Carmody,31434603,7
Hill,31434603,22
Jack,31434603,22
Alice,31434603,23
Bertie,31434603,23
Joey,24864880,9
Sarah,24864880,3
Patrick,24864880,21
Saxena,32024949,12
Agnihotri,32024949,0
Kapoor,32024949,0
Chakraborty,32024949,5
Singh,32024949,0
Kevin,23271370,15
Shannon,10215404,14
Shep,10215404,6
Jennifer,10215404,23
Wheeler,10215404,24
Givings,10215404,13
Frank,10215404,6
Milly,10215404,6
John,10215404,16
Helen,10215404,6
Roy,146236,22
Lacombe,146236,16
Ronnie,146236,2
Laughlin,146236,16
Guiler,146236,3
Jillian,146236,4
Neary,146236,3
McHattie,32131638,23
Artie,32131638,7
Paul,9823573,17
Montono,9823573,14
Viscovich,9823573,6
Romero,9823573,20
Zacharias,9823573,16
White,9823573,17
JoJo,9823573,17
Karen,9823573,17
Ryan,9823573,4
Steiner,9823573,23
Ross,9823573,10
Erica,9823573,21
Winters,9823573,10
Sheldon,9823573,9
Kernsey,9823573,0
Green,9823573,11
Reiner,9823573,17
Kersey,9823573,17
Arroyo,9823573,24
Nozaki,9823573,1
Wilkins,29157670,1
Lama,14742216,18
Lester,12752776,21
Pea,12752776,1
Despereaux,12752776,3
Pietro,12752776,16
Botticelli,12752776,19
Tilling,12752776,5
Roscuro,12752776,3
Diouana,9753495,23
Celiane,11547647,23
Winter,31520425,0
Joseph,31520425,14
Waverly,25080990,7
Thaler,25080990,17
Pia,25080990,24
Kronen,25080990,12
Diketon,25080990,6
Elizabeth,21211657,16
Rose,21211657,19
Jo,2345044,3
Chappell,2345044,11
McKenna,2345044,7
Ambrose,2345044,15
Hall,2345044,22
Ben,2345044,17
Hank,2345044,4
Drayton,2345044,17
Buchanan,2345044,15
Bernard,2345044,6
Beck,4415359,19
Fernandez,4415359,13
Robinson,4415359,11
Hildebrandt,4415359,11
Naidu,33910030,2
Vaishnavi,33910030,21
Gautham,33910030,2
Rohit,34285957,22
Tarit,34285957,13
Ray,34285957,9
Babu,34285957,3
Feluda,34285957,3
Shashanka,34285957,24
Anna,10158744,1
Verghese,10158744,19
Neelima,10158744,19
Nihal,10158744,8
Angad,10158744,13
Petrov,26283819,13
Kalchev,26283819,15
Vetri,12761868,23
Devi,12761868,6
Kuruvi,12761868,8
Suman,12761868,20
Mohan,12761868,14
Singamuthu,12761868,4
Vetrivel,12761868,3
Reddy,12761868,4
Pons,12761868,0
Koccha,12761868,8
Grill,23248722,11
Day,23248722,9
Kazi,6997539,16
Rokon,6997539,19
Anu,6997539,4
Lucy,24806261,3
Piermont,24806261,6
Al,24806261,22
Barbier,24806261,0
Evans,24806261,15
Bradford,24806261,6
June,24806261,6
Martin,26507313,16
Mary,26507313,13
Hamilton,26507313,3
Thorne,26507313,5
Kiyoko,981874,10
Miyuki,981874,3
Sachiko,981874,3
Yin-Yin,4871578,13
Chin-Pei,4871578,17
Chi-Hao,4871578,17
Hung,4871578,19
Lang,4871578,17
Dung-Shun,4871578,17
Ishak,12414269,6
Shetan,12414269,23
Neera,12414269,14
Jinah,12414269,4
Vova,32175176,3
Gena,32175176,6
Smorodin,32175176,13
Gavrilych,32175176,24
Dasha,32175176,10
Tuuli,19931140,23
Saara,19931140,22
Hiromi,3614997,5
Toshio,3614997,5
Kyoko,3614997,3
Keisuke,3614997,3
Kayako,3614997,23
Masashi,3614997,3
Stirling,32987200,23
Lennox,32987200,15
Warren,32987200,15
Dalimore,32987200,22
Elsa,32987200,6
Thelma,32987200,8
Harling,32987200,8
Ishii,794371,4
Bharatha,18004913,6
Arjun,18004913,23
Pillai,18004913,16
Ananthan,18004913,2
Jill,23813724,23
Prince,23813724,4
Pole,23813724,12
Rilian,23813724,2
Scrubb,23813724,23
Lim,26600054,15
Xiang,26600054,6
Kirk,13569575,18
Wentworth,13569575,11
Artie,35131590,0
Martin,18332911,21
O'Neill,18332911,9
Ili,15269954,22
Marija,15269954,6
Mladen,15269954,3
Ivkovi,15269954,17
Luki,15269954,13
Jelena,15269954,19
Nemanja,15269954,6
Katerina,8611306,4
Grozniy,8611306,8
Anna,8611306,24
Sonya,8611306,1
Boris,8611306,0
Groznyi,8611306,12
Richie,8611306,17
Alex,8611306,17
Donovan,8611306,17
Yuri,8611306,4
Vikraman,31402302,4
Hiraldo,7073851,11
Cucumber,7073851,20
Larry,7073851,21
Lunt,7073851,6
Bob,7073851,3
Gourd,7073851,12
Seetha,19854622,12
Sharma,19854622,21
Muthu,19854622,2
Adrian,149433,2
Paulie,149433,2
Goldmill,149433,21
Stephanie,18639038,8
Natalie,18639038,4
Malik,18639038,24
Leland,18639038,21
Kemeny,21652388,21
Alice,21652388,17
Palmer,21652388,2
Sadler,13694717,20
Kazan,13694717,11
Dayton,13694717,18
Barry,13694717,7
Braeden,13694717,17
Gudegast,13694717,17
Claude,13694717,12
Judge,3564394,7
Poe,3564394,8
Jerry,3564394,12
Bateman,3564394,4
Vollin,3564394,13
Thatcher,3564394,12
Jean,3564394,21
Richard,1266489,3
Tyler,1266489,15
Hyde,1266489,7
Jekyll,1266489,2
Dewey,1266489,6
Silver,1266489,16
Dick,1266489,20
Jakub,13948061,21
Martin,13948061,22
Irena,13948061,17
Jolana,13948061,24
Vojto,13948061,21
Martian,12363445,13
Palmer,13312274,11
Hill,13312274,14
Herrod,13312274,5
Glover,13312274,20
Malcolm,13312274,11
Kincaid,600351,11
Maureen,600351,17
Fox,600351,3
Riley,600351,17
Tyler,600351,9
Gale,600351,17
Prinze,600351,17
Roman,600351,17
Prescott,600351,1
Angelina,600351,17
Christine,600351,24
Loomis,600351,22
Jolie,600351,16
Sidney,600351,17
Bridger,600351,10
Darling,600351,11
Dewey,600351,17
Weathers,600351,17
Stone,600351,9
Ruby,8066553,3
Rose,8066553,12
Gohan,4084504,3
Medamatcha,4084504,2
Shenron,4084504,22
Chi-Chi,4084504,10
Krillin,4084504,5
Roshi,4084504,3
Goku,4084504,17
Piccolo,4084504,17
Namek,4084504,7
Angila,4084504,17
Karslake,26218275,4
Wolf,26218275,9
Victor,26218275,6
Sonia,26218275,13
Lanyard,26218275,3
Stuart,5367128,24
Holliday,5367128,0
Rader,5367128,10
Jason,5367128,23
Custer,5367128,14
Brown,5367128,4
Aditya,2359987,21
Negi,2359987,22
Sekhri,2359987,9
Lorrison,11956039,17
White,11956039,16
Frye,11956039,6
Patterson,11956039,6
Martha,11956039,6
Barnes,11956039,10
Stretch,11956039,3
Chan,13342147,18
Stevens,9305503,7
Altieri,9305503,10
Lillian,1103547,21
Michael,1103547,21
Terson,1103547,16
Reynolds,1103547,22
Karen,1103547,13
Brace,1103547,10
Gordo,1103547,9
Marks,1103547,24
Abramson,1103547,21
Chris,1103547,7
Paul,5103545,15
Lewellin,5103545,14
Neville,5103545,14
Diana,5103545,3
Marta,2839084,1
Wagner,2839084,6
Hobe,2839084,22
Borg,2839084,17
Molnar,2839084,19
Trino,2839084,24
Kroll,2839084,6
Scarlatti,2839084,9
Quicksilver,535453,22
Deryan,11236927,17
Azah,11236927,13
Foster,11236927,13
Wilson,24160755,15
Myron,24160755,4
Angela,24160755,4
Postman,33894063,19
Richie,3326435,21
Clarissa,3326435,13
Latch,3326435,12
Waters,3326435,17
Woolf,3326435,21
Dan,3326435,24
Julia,3326435,3
Laura,3326435,3
Kitty,3326435,3
Dalloway,3326435,12
Leonard,3326435,8
Brown,3326435,22
Richard,3326435,3
Vanessa,3326435,6
Lester,3326435,21
Vaughan,3326435,8
Dixon,15997720,16
Montalcino,15997720,19
Diana,15997720,19
Lomelin,17151705,12
Molloch,17151705,12
Hidalgo,17151705,1
Beaulieu,12124469,24
Alain,12124469,2
Voltan,12124469,2
Maletroit,12124469,1
Denis,12124469,8
Edmund,12124469,5
Recanati,22695716,18
Marsden,14186169,22
Benson,1385911,6
Lexer,1385911,23
Goodman,1385911,3
Harkin,1385911,6
London,1385911,4
Abbott,1385911,22
Kerns,1385911,19
Rogers,1385911,19
Pablo,24936756,6
Miller,8869124,18
Gordon,8869124,16
Madge,8869124,23
Cullen,8869124,12
Maximilian,13403138,10
Markus,13403138,19
Mari,13403138,2
Dickie,19389289,23
Castillo,12226500,24
Argento,12226500,7
McClure,1716921,20
Pantoliano,1716921,14
Hall,1716921,22
Loggia,1716921,9
Horton,1716921,19
Lara,1716921,5
Arquette,1716921,10
Jacobi,1716921,0
Nelson,1716921,5
Grier,1716921,9
Silva,1716921,9
Bartel,1716921,15
Steve,1716921,24
Adler,1716921,2
Gabrielle,1716921,14
Pfeiffer,1716921,15
Tompkins,1716921,7
Dunne,1716921,0
Marshall,1716921,20
Pitnik,1716921,9
Begley,1716921,2
Hahn,1716921,15
Fisher,1716921,18
King,1716921,13
Kashtanov,28756605,14
Patty,4227273,16
Elvira,4227273,6
Talbot,4227273,11
Vincent,4227273,23
Greene,4227273,12
Redding,4227273,17
Morgana,4227273,17
Bob,4227273,17
Edwards,27265213,12
Mr.,27265213,12
Herries,27265213,13
Mary,27265213,1
Abbott,27265213,21
Foster,27265213,1
Ada,27265213,2
Ashish,4570449,7
Rani,4570449,3
Bhalla,4570449,21
Anna,4570449,15
Khanna,4570449,14
summons,4570449,19
Rustom,4570449,13
Palekar,4570449,5
Sania,4570449,21
Lily,6368773,17
Megan,6368773,10
Meg,6368773,3
Deepa,10792098,17
Archana,10792098,13
Johnny,10792098,15
Jhonny,10792098,21
Rajini,10792098,13
Finklestein,19920152,9
Sandy,19920152,6
Aram,19920152,14
Chakram,6102449,14
Lakshmi,6102449,24
Brooks,9149984,8
Ramirez,9149984,11
Evans,9149984,11
Lomond,9149984,14
Klazenfrantz,9149984,19
Hendricks,9149984,16
Allenwood,9149984,17
Caroline,9149984,6
James,9149984,22
Steve,9149984,6
Elliott,9149984,9
Dorango,9149984,12
Adams,9149984,0
Zarka,9149984,17
Clinton,9149984,14
Katchem,1789996,10
Kathy,1789996,6
Chelsea,1789996,21
Michael,1789996,21
Lutz,1789996,2
George,1789996,3
Jodie,1789996,3
Billy,1789996,21
DeFeo,1789996,4
Lisa,1789996,6
Chivon,24822644,6
Phat,24822644,15
Eun,24822644,23
Manisha,9704560,23
India,4125366,1
Sohni,4125366,4
Mogambo,4125366,20
Verma,4125366,23
Sinha,4125366,13
Tina,4125366,0
Arun,4125366,3
Goliath,3408170,16
Eliot,23754125,3
Michael,23754125,3
Barth,23754125,19
Karen,23754125,21
Roger,23754125,13
Jeff,23754125,9
Wilson,23754125,6
Domenico,32603015,19
Anna,32603015,8
Narayana,26065372,15
Rangadu,26065372,9
Changayya,26065372,15
Subbulu,26065372,1
Ramayya,26065372,16
Ronald,3112558,21
Deren,74951,11
Hammid,74951,15
Frank,33857489,10
Scott,33857489,14
Julianne,33857489,10
Greene,33857489,21
Kendall,33857489,11
O'Neal,33857489,10
Avalon,33857489,21
Claire,33857489,6
Brandon,33857489,24
Logan,33857489,3
Savannah,33857489,13
Murray,33857489,3
Robinson,33857489,15
Emma,33857489,8
Pooja,2038132,3
Rajesh,2038132,16
Chaudhary,2038132,12
Nisha,2038132,13
Prem,2038132,21
Jane,8085358,3
Sloan,8085358,4
Hall,8085358,2
Otis,8085358,22
Forrest,8085358,24
Peterson,8085358,4
Runyon,8085358,18
Denham,8085358,3
Osgood,8085358,17
Malone,8085358,13
Ren,16262444,0
Wu,16262444,9
Micah,6449273,24
Jim,6449273,20
Finch,6449273,6
Tess,6449273,21
Natacha,22232800,2
Elodie,22232800,2
Marianne,22232800,2
Oliver,568780,4
Trink,568780,15
Bart,568780,3
Gertrude,568780,22
Smith,568780,0
Gertie,568780,3
Saami,20587105,3
Jane,17752581,14
Brody,17752581,14
Bonner,17752581,16
Silvio,10659691,21
Blasetti,10659691,16
Matsuhiro,21133839,6
Mirimoto,21133839,3
Muramasa,21133839,5
Miyumi,21133839,4
Kenji,21133839,4
Samurai,21133839,4
Daphne,21133839,6
Scooby,21133839,16
Takagawa,21133839,3
Velma,21133839,8
Sojo,21133839,3
Johnny,36021107,19
Bengalies,36021107,14
Desh,36021107,23
Saab,36021107,0
Choudhury,36021107,4
Deepak,5115147,21
Shankar,5115147,3
Durang,9665214,9
Bruce,9665214,14
Bob,9665214,11
Pope,6394355,14
Porn,10066083,16
Tao,10066083,23
Moosa,4541104,6
Ali,4541104,15
Maulvi,4541104,23
Saima,4541104,21
Kya,4541104,2
Sheru,4541104,1
Shamoon,4541104,22
Marquie,6856839,15
Gould,6856839,20
Gordon,6856839,19
Mitchell,6856839,14
Coriakin,22274150,8
Lucy,22274150,4
Jadis,22274150,5
Miraz,22274150,16
Eustace,22274150,3
Pole,22274150,13
Lilliandil,22274150,19
Scrubb,22274150,9
Pevensie,22274150,4
Megan,15796197,4
Brady,15796197,17
Diz,15796197,11
Stepford,15796197,8
Parkinson,15796197,11
Wally,15796197,20
Kaye,15796197,3
Foster,15796197,18
Ries,27671001,9
Haydn,27671001,6
Napoleon,27671001,18
Deym,27671001,5
Beethoven,27671001,3
Lobkowitz,27671001,10
Jackson,2216309,3
Schaech,2216309,11
Hayes,2216309,5
Martha,2216309,3
Helen,2216309,3
Kilronan,2216309,12
Alice,2216309,16
Emily,19601982,2
Edward,19601982,15
John,19601982,21
Fernando,22501300,2
Patty,929472,18
Snoopy,929472,16
Brutus,929472,24
Linus,929472,18
Brown,929472,3
Sheela,2557023,19
Manmoham,2557023,6
Manmohan,2557023,3
Kamini,2557023,3
Sharma,2557023,21
Renu,2557023,6
Brijmohan,2557023,15
Singh,2557023,4
Pini,31250618,21
Jones,31250618,17
Kaleb,20152384,17
Durango,20152384,18
Brown,20152384,22
Pavithran,27856647,6
Panicker,27856647,6
Bhaskaran,27856647,3
Nair,27856647,14
Snehalatha,27856647,2
Keane,23510042,1
Lasse,16147568,23
Gunnar,16147568,6
Mickey,29489697,20
Davis,29489697,13
Flannery,11471094,7
Patty,11471094,8
Shannon,11471094,4
Jason,11471094,3
Gideon,11471094,17
Dureen,11471094,12
Gloria,11471094,21
Mickey,11471094,3
Falcone,11471094,11
Garland,11471094,4
Russo,1412446,11
Miller,1412446,9
Niotes,1412446,2
Martin,1412446,11
Rutledge,1412446,11
Ronde,1412446,9
Brodsky,1412446,1
Lane,5920611,20
Xquisite,5920611,6
Mike,5920611,21
Brooke,5920611,6
Adam,5920611,3
Joanna,5920611,10
Otieno,13091003,16
Beckett,2197909,17
Sophia,2197909,3
Vojislav,2197909,11
McKenna,2197909,9
Valstoria,2197909,20
Pavel,2197909,6
Simand,2197909,17
Eckles,2197909,18
Zoran,2197909,6
Cole,2197909,6
Adeline,20856259,18
Sullivan,20856259,10
Ben,20856259,24
Lil,20856259,10
Harvey,20856259,3
Cameron,13720276,7
Stratton,13720276,6
Borgnine,13720276,0
Pete,13720276,1
Guilietta,13720276,23
Franciosa,13720276,1
Lollobrigida,13720276,8
Charlie,16357786,21
Jamie,16357786,21
Mis,1261542,17
Elisa,1261542,4
Salom,1261542,9
Hugo,1261542,15
Andr,1261542,24
Ziman,1261542,24
Fortin,1261542,21
Marius,1261542,2
Andrew,14174534,6
Donna,14174534,2
Cecille,14174534,21
Justin,14174534,23
Grayraven,20476331,8
Hyde,6030385,17
Linda,6030385,3
Pryde,6030385,13
Worth,6030385,13
Radhika,2157529,10
Sudhir,2157529,3
Simran,2157529,21
Canepa,20028957,4
Carmen,20028957,21
Virtudes,20028957,15
Teo,20028957,4
Julia,20028957,12
Franco,20028957,22
Enrique,20028957,2
Adelina,20028957,2
Luis,27496488,1
Daniels,27496488,5
Maria,27496488,21
Bennett,27496488,12
Brandon,27496488,7
Ahmed,29040033,15
Hussein,29040033,12
Zhigang,31034325,12
Zhenguo,31034325,18
Cheng,31034325,12
Xingwen,31034325,11
Shih,31034325,5
Ko,31034325,14
Giong,31034325,15
Wei,31034325,0
Kao,31034325,23
Antonelli,1380313,6
Linda,1380313,8
Flanagan,740989,8
Maitland,740989,12
Whitey,740989,21
Ian,12343041,8
Fiona,12343041,3
Chris,12343041,2
Gerry,12343041,16
Gina,11745593,4
Irena,11745593,3
Yamagami,7612306,23
Shingo,7612306,18
Miller,1318335,0
Meredith,1318335,14
Uncle,1318335,12
Anthony,1318335,3
Walt,1318335,6
Sara,1318335,1
Bloom,1318335,3
Ethel,1318335,23
Valentine,1318335,3
Landis,1318335,11
Connor,1318335,3
Bill,1318335,5
Agee,1318335,7
Conroy,1318335,13
Serling,1318335,11
Helen,1318335,3
Foley,1318335,12
Barry,1318335,0
Dante,1318335,14
Spielberg,1318335,9
Montgomery,6007108,9
Krista,6007108,6
Perez,6007108,3
Barkley,6007108,10
Graffiti,6007108,4
Pierce,6007108,12
Avery,6007108,17
Dre,6007108,3
Sudir,24104995,7
Punai,24104995,12
Betsy,11805887,10
Jr.,11805887,17
Rai,29198000,14
Mukhi,29198000,5
Martineau,4241641,13
Serafina,26191484,13
Balthazar,26191484,14
Jonathan,26191484,4
Perena,26191484,3
Pride,26191484,15
Bachchan,1634280,16
Nitin,1634280,13
Seema,1634280,21
Raj,1634280,7
Eastwood,1634280,20
Malhotra,1634280,17
Tom,1634280,17
Lal,1634280,6
Moti,1634280,17
Saxena,1634280,22
Rani,1634280,5
Jhunjhunwala,1634280,0
Baadshah,1634280,6
Gayatri,1634280,8
Clinton,1634280,0
Gardiner,164376,23
Douglas,4298222,13
Franks,4298222,17
Frank,4298222,17
Drake,4298222,3
Betty,4298222,3
Ben,4298222,17
Sara,4298222,3
Stevens,4298222,21
Hall,4298222,14
Carl,4298222,3
Hendricks,4298222,3
Clark,4298222,3
Morgan,4298222,17
Wallace,4298222,22
Sarah,4298222,21
Alice,4298222,3
Paul,13166374,15
Parson,13166374,2
Steelsmith,13167404,13
Sally,13167404,0
Smith,13167404,24
Billy,13167404,23
Hal,13167404,9
Gunsberg,13167404,5
McHattie,13167404,23
Herrmann,13167404,18
Mike,13167404,15
O'Leary,13167404,23
Earl,13167404,9
Stanton,13167404,8
Mat,13167404,15
Billingsley,13167404,19
Hicks,13167404,5
Connie,883489,16
Dunbar,883489,2
Armstrong,883489,19
Betty,883489,6
Spencer,883489,8
Katherine,883489,21
Warren,883489,4
Brandwyn,883489,13
Watson,883489,0
Baker,883489,14
Charlie,883489,16
Deb,883489,2
Lisa,883489,19
Newton,20361901,11
Cullen,20361901,15
Cathy,23941849,6
Cruikshank,23941849,12
Andrea,23941849,0
Dobson,23941849,23
Carlisle,23941849,13
Gage,23941849,17
Munchie,23941849,6
Madison,19738112,21
Meera,31901880,24
Smriti,31901880,24
Krishnamoorthy,31901880,19
Fong,24971148,19
Smiley,24971148,2
Jack,24971148,6
Uno,24971148,17
Shelgrove,32880567,4
Renshay,32880567,14
Warren,32880567,23
Wilson,32880567,8
bush,32880567,17
Tess,32880567,24
Dhanush,33961634,18
Ting,10778107,23
Jui,10778107,11
Shi,10778107,23
Marlow,33564741,1
Senta,33564741,19
Radna,33564741,2
Marlene,33564741,19
Polvi,33564741,4
Dracula,33564741,14
Fraser,6701097,11
Fudd,2686345,1
Stringer,29397961,10
Antonia,29397961,24
Vernon-Smith,29397961,24
Dyer,29397961,10
Stone,29397961,10
Priya,7269467,13
Naani,7269467,13
Woody,12366040,3
Trager,15378807,18
Rumla,15378807,12
Vereecken,4853679,20
Michael,4853679,2
Jean,4853679,6
Debbie,4853679,5
Witwicky,2236472,4
Sam,2236472,4
Starscream,2236472,14
Simmons,2236472,24
Maggie,2236472,17
Lennox,2236472,20
Bonecrusher,2236472,17
Glenn,2236472,17
Hoover,2236472,15
Banes,2236472,10
Mikaela,2236472,21
Scorponok,2236472,16
Murdock,8355938,6
Claudia,8355938,6
Williams,8355938,15
C.B.,8355938,13
Michael,8355938,3
Baldwin,8355938,3
Ed,8355938,17
B.,8355938,9
Claus,8355938,8
Gaylord,8355938,16
Ivens,33062958,3
Loridan,33062958,17
Wukong,33062958,3
Donovan,29166744,23
Killian,29166744,23
Nayakar,2005133,4
Velu,2005133,4
Kelkar,2005133,10
Naiker,2005133,4
Stover,14662019,23
Claude,14662019,4
Cornelia,14662019,24
Judy,14662019,3
Dimitrius,8905485,21
Miranda,8905485,13
Antonia,8905485,2
Tomalin,8905485,19
Jack,18792012,11
White,18792012,16
Levi,14326973,17
Bowen,30626975,8
Terry,30626975,19
Long,10776597,6
Yu,10776597,5
Cheng,10776597,17
Chang,10776597,5
Chow,10776597,4
Julie,6827045,21
Ashok,6827045,6
Randy,8834970,4
Jericho,8834970,0
Jensen,8834970,1
Gina,6236671,21
Martha,6236671,15
Bomarzini,6236671,21
Lover,4158539,1
Demetrius,4158539,10
Moody,4158539,19
Bright,4158539,7
Dre,4158539,0
Sarah,15165528,12
Harbin,15165528,0
Gladden,15165528,3
Baylock,15165528,10
Darna,31811425,20
Kuno,31811425,12
Annabel,31811425,22
Cleetus,1917459,24
Dean,1917459,23
Buddy,1917459,23
Molly,1917459,10
Jason,1917459,3
Sherman,1917459,3
Granny,1917459,23
Richmond,1917459,6
Willie,1917459,10
Buster,1917459,10
Gillford,1917459,17
Petey,1917459,4
Denise,1917459,3
Klump,1917459,3
Gaines,1917459,20
Danilo,15141609,4
Sonia,15141609,8
Achmet,15141609,17
Martin,16994537,3
Elliot,16994537,8
Susan,16994537,1
Taro,15742802,6
Natsue,15742802,17
Heita,15742802,12
Takako,15742802,13
Iwakichi,15742802,23
Natsu,15742802,24
Pande,8634248,8
Pooja,8634248,3
Bhaiyyaji,8634248,17
Bachchan,8634248,14
Jimmy,8634248,14
Singh,8634248,8
Cliff,8634248,3
Jones,8846464,11
O'Farrell,8846464,9
Tal,14238581,13
Norah,14238581,6
Dev,14238581,24
Nick,14238581,21
Silverberg,14238581,15
O'Leary,14238581,21
Caroline,14238581,3
Thom,14238581,24
Tris,14238581,3
Berry,1388443,7
Alice,1388443,2
Huang,318542,7
Radlett,3807682,1
Timmy,3807682,2
Sid,3807682,1
Lea,3807682,0
Douglas,13102698,14
Arvilla,13102698,20
Francine,13102698,16
Margene,13102698,19
Joe,13102698,21
Holden,13102698,20
Powell,13102698,10
Carol,13102698,10
Littlefoot,2310550,3
Sharpteeth,2310550,16
Ducky,2310550,2
Gummidge,5422935,21
Murdstone,5422935,17
Barkis,5422935,6
Copperfield,5422935,15
Dick,5422935,7
Dora,5422935,4
Dartle,5422935,6
Peggotty,5422935,6
Creakle,5422935,4
Emily,5422935,21
Spenlow,5422935,7
Clara,5422935,2
Heep,5422935,7
Steerforth,5422935,15
David,5422935,3
Jane,5422935,3
Wickfield,5422935,6
Agnes,5422935,6
Micawber,5422935,17
Betsey,5422935,13
Trotwood,5422935,17
Singhania,33687540,11
Bhatia,33687540,21
Kapoor,33687540,19
Amrita,33687540,4
Neha,33687540,6
Khurrana,33687540,1
Rohan,33687540,3
Al-Nasser,9492034,2
Khalid,9492034,20
Zarina,9492034,5
Samir,9492034,5
Razoulli,9492034,17
Sultan,9492034,21
Yasmeen,9492034,4
Munni,20205334,6
Mushtaq,20205334,6
Hasina,20205334,11
Nagaragalu,20205334,22
Habeeb,20205334,8
Jackson,12836791,2
Edgar,12836791,2
Quinn,12836791,23
Stern,12836791,5
Barry,12836791,13
Antonia,12836791,24
Bates,12836791,6
Roscoe,12836791,17
Mike,12836791,22
Tight,12836791,6
Philip,12836791,6
Grey,29328011,14
Oswald,34164584,3
Bala,28220013,22
Yesudas,28220013,1
Lewis,21686389,8
Riley,21686389,17
Li,21686389,11
Khan,1347325,10
Gallagher,1347325,15
Frank,1347325,3
Dana,1347325,3
Pinhead,1347325,3
Neil,1347325,3
Toulon,1347325,17
Max,1347325,18
Carissa,1347325,6
Klaus,1347325,18
Megan,1347325,3
Gengie,1347325,10
Alex,1347325,14
Jester,1347325,23
Hamza,26012602,13
Sheela,26012602,14
Prabhakaran,26012602,21
Chellappan,26012602,6
Kuttappan,26012602,0
Kumari,26012602,10
Bhavani,26012602,0
Gopalan,26012602,0
Chacko,26012602,6
Traci,36084322,21
Regina,32158559,2
Megamind,20570407,17
Roxanne,20570407,3
Ritchi,20570407,17
Hal,20570407,6
Bernard,20570407,18
Mehra,5812737,19
Anna,5812737,17
Sonia,5812737,12
Jai,5812737,3
Singh,5812737,23
Neha,5812737,6
Malhotra,5812737,21
George,30899685,21
Ivan,30899685,0
Frank,30899685,12
Blaumilch,8282237,5
Street,8282237,14
Dinesh,31193551,0
Ratanlal,31193551,8
Indrani,31193551,1
son,31193551,5
Rajesh,31193551,22
Mohanlal,31193551,3
Jagdish,31193551,18
Lal,31193551,22
Bajrangee,31193551,18
Ratanlalgives,31193551,8
Unikkoman,31494891,12
Udayavarman,31494891,17
Desam,31494891,5
Bartlett,15941275,7
Stacie,15941275,3
Kelly,15941275,13
Bennett,15941275,13
Wells,15941275,13
Corzine,15941275,7
Brady,14499499,13
Miriam,14499499,6
Geoff,14499499,23
Marland,14499499,11
Valentine,14499499,6
Martin,14499499,12
Sherwood,14499499,5
Brown,14499499,2
Hewlitt,14499499,20
Murphy,445066,6
Allen,445066,9
Lewis,445066,24
Jones,445066,6
Boddicker,445066,9
Morton,445066,21
Coy,4885225,23
Rooney,4885225,11
Murtaugh,23257408,18
Pilatus,17997162,4
Paul,17997162,15
Gastineau,17997162,11
Ford,17997162,14
Nicole,17997162,11
DeFosset,17997162,23
Aita,17997162,0
Lutz,17997162,6
Khatib,17997162,18
Dave,17997162,15
John,17997162,5
RuPaul,17997162,5
Abdul,17997162,22
Spears,17997162,11
Alpher,17997162,13
Br,17997162,14
Teclo,4695168,24
Jaffe,4695168,9
Alastray,4695168,7
Manoel,2251076,22
Martika,2251076,9
Arthur,10026936,9
Holt,10026936,3
Forrest,10026936,24
Julie,10026936,3
Ryan,10026936,3
Mollison,10026936,24
Opperman,10026936,14
Naglaski,10026936,9
Albi,31177124,5
Jithin,31177124,2
Ramachandran,31177124,17
Lindaman,30708122,21
Josef,2667691,18
Jack,6679879,20
McGregor,6976299,1
Piccolo,2212664,13
Halas,2212664,0
Sayers,2212664,17
Kailash,36208311,10
Nair,36208311,6
Ikka,36208311,17
Peters,2553269,21
Day,2553269,19
Carver,2553269,21
Franko,25693212,12
Flower,25693212,8
Chaplin,14383677,18
Allen,14383677,3
Mary,14383677,21
Bright,14383677,3
Keaton,14383677,10
McCanless,31707804,23
Talbort,35217514,8
Gifford,35217514,19
Margaret,35217514,9
Robert,35217514,4
Barbara,25079637,14
Napoleon,1912693,1
Vizard,1912693,4
Evans,1912693,17
Scott-Padget,1912693,6
Crawford,1912693,6
Rochefort,1912693,23
Oxley,1858682,15
Laurel,1858682,12
Fulton,1858682,13
Entwhistle,1858682,7
Esther,1858682,18
Edwina,1858682,23
Atarantado,18599919,15
Lido,18599919,24
Torito,18599919,24
Chachita,18599919,24
Tuerto,18599919,18
Toro,18599919,3
Hai-tung,14299622,14
Lloyd-Evans,3450162,3
Glyn,3450162,21
Odette,3450162,1
Probert,3450162,6
Pugh,3450162,1
Mog,3450162,13
Khan,6586251,13
Salman,6586251,2
Kanasu,24499110,5
Yamaguchi,4564664,18
Fushima,4564664,1
Yasukawa,4564664,10
Yokote,4564664,11
Kokkuri,4564664,18
Shimada,4564664,20
Hayashi,4564664,4
Yamatsu,4564664,1
God,3461478,3
Mary,3461478,3
Maddox,14280823,23
Harding,14280823,0
Maes,14280823,15
Olsen,14280823,5
Clayton,14280823,20
Johnson,14280823,20
Eleanor,14280823,2
Vincent,14280823,15
Sidney,14280823,2
Alison,14280823,3
Young,14280823,3
Sophie,14280823,21
Dorrick,22693744,21
Murray,22693744,10
Brose,22693744,21
Lars,52549,19
Han,52549,14
Solo,52549,24
Owen,52549,13
Knight,52549,18
Skywalker,52549,17
Vader,52549,24
Brown,52549,1
Kenobi,52549,1
Luke,52549,1
Obi-Wan,52549,6
Leia,52549,4
Talbot,1498916,15
Travers,1498916,24
Tahara,31164654,13
Hiro,31164654,2
Nozomu,31164654,3
Saki,31164654,3
Minako,31164654,16
Bauer,338962,9
Allen,338962,3
Kornbluth,338962,3
Ross,338962,5
Freddie,338962,17
Madison,338962,4
Arthur,903383,16
Lilian,903383,3
Gingy,903383,4
Doris,903383,23
Pendragon,903383,1
Fiona,903383,13
Shrek,903383,6
Artie,903383,3
Gingie,903383,11
Rapunzel,903383,21
King,903383,17
Merlin,903383,19
Jane,3879783,3
Morgendorffer,3879783,6
Lane,3879783,17
Sloane,3879783,17
Quinn,3879783,6
Tom,3879783,3
Dotson,3879783,2
O'Neill,3879783,0
Allison,3879783,10
Trent,3879783,15
DeMartino,3879783,14
Helen,3879783,20
David,3879783,9
Antoinette,2701261,21
Louis-Joseph,2701261,14
Antonia,2701261,12
XV,2701261,17
II,2701261,15
Joanna,2701261,19
XVI,2701261,13
Sophie,2701261,22
Theresa,2701261,3
Fersen,2701261,4
Barry,2701261,15
Louis,2701261,22
Joseph,2701261,6
Johnny,18467204,15
Rachel,18467204,18
Susan,18467204,21
Peter,2839299,8
Craig,2839299,8
Ingrid,2839299,19
Yuen,19936431,3
Kiki,19936431,4
Kenji,19936431,3
Chi,19936431,3
Jeffries,21605437,24
Benton,21605437,14
Suseelan,26615617,16
Siddan,26615617,10
Muthu,26615617,21
York,7990852,14
Hurt,7990852,11
Bates,7990852,24
Neechee,12276045,16
Wally,12276045,17
Niide,235331,2
Dr.,235331,2
Yasumoto,235331,21
Paul,13408866,15
Nick,13408866,13
Preston,13408866,17
Ferguson,13408866,21
Albert,13408866,10
Mr.,13408866,24
Jerry,13408866,20
George,13408866,3
Sheeni,13408866,6
Lincoln,13408866,4
Dillinger,13408866,9
Estelle,13408866,4
Vijay,13408866,1
Bernice,13408866,6
Wescott,13408866,0
Twisp,13408866,6
Lacey,13408866,2
Saunders,13408866,6
Joshi,13408866,1
Janet,25897109,6
Siracusa,25897109,7
Al,25897109,21
Patricia,25897109,10
Royce,25897109,18
Jeremiah,25897109,4
O'Connor,25897109,17
Haddin,25897109,10
Pulleine,922145,15
Durnford,922145,16
Vereker,922145,17
Cetshwayo,922145,4
Frere,922145,24
Nishi,25382451,6
Yuko,25382451,8
Harada,25382451,8
Sugimura,25382451,21
Asako,25382451,6
Louise,25382451,6
Seiya,25382451,8
Baron,25382451,5
Tsukishima,25382451,15
Shizuku,25382451,3
Amasawa,25382451,16
Romy,5940203,13
Michele,5940203,13
Mongryong,915147,6
Chunhyang,915147,7
Chunyang,915147,9
Spurlin,23922732,22
Salvatore,23497068,3
Lorenzo,23497068,23
Harding,5999816,15
Phuong,5999816,15
Hinh,5999816,17
Pyle,5999816,17
Fowler,5999816,6
Taylor,25079889,3
Wesson,25079889,19
Thomas,3069564,18
Lewis,3069564,6
Jones,3069564,7
Nail,3069564,6
Fuller,3069564,6
Venna,3069564,23
Maurice,2742956,9
Lulu,2742956,21
Blake,1849258,17
Lester,1849258,6
Nick,1849258,3
Sinclair,1849258,7
Vincent,1849258,3
Carly,1849258,3
Ambrose,1849258,7
Bo,1849258,3
Wade,1849258,4
Paige,1849258,23
Mouche,8710454,24
Sapna,8548290,17
Laila,8548290,17
Abbas,8548290,17
Rachit,8548290,23
Khan,8548290,15
Ramani,8548290,2
Kapoor,8548290,7
Ali,8548290,17
Lawrence,8214709,7
Kraj,20319204,7
Ana,20319204,23
Laban,20319204,12
Teja,20319204,3
Jovan,20319204,2
Luka,20319204,6
Rudolph,4461885,24
Carradine,4461885,23
Kellerman,4461885,13
Keitel,4461885,9
Spacek,4461885,4
Chaplin,4461885,22
Barber,4461885,9
Baskin,4461885,7
Pyle,4461885,8
Hutton,4461885,12
Zaminder,25942540,16
Saamy,25942540,17
Walter,25942540,3
Suriya,25942540,21
Thenmozhi,25942540,2
Samy,25942540,6
Vanangamudi,25942540,15
Cunningham,19698524,0
Morton,1673588,14
Chas,2408687,3
Satan,2408687,22
Redferne,2408687,3
Luci,34637161,22
Tommy,34637161,16
Vaako,670226,4
Furya,670226,6
Toombs,670226,11
Kyra,670226,4
Imam,670226,17
Jack,670226,5
Black,670226,23
Marshal,670226,4
Paramaguru,10289905,18
Paramguru,10289905,18
Bonnie,10820768,19
Leila,10820768,3
Jensen,10820768,3
Gary,10820768,17
Murray,10820768,5
Andy,10820768,16
Bailly,32895653,24
Marguerite,32895653,21
Priscilla,10483327,4
Cassie,10483327,3
Sean,10483327,23
Trish,1958896,17
Carmen,1958896,20
Jimmy,1958896,17
Jack,1958896,17
Rosa,1958896,3
Grant,1192473,3
Marcus,1192473,21
Nichols,1192473,6
Sterling,1192473,23
Hunter,1192473,20
Regis,1192473,24
Romero,1192473,16
Scott,1192473,21
Marlene,1192473,23
Ariel,1192473,13
Em,1192473,16
Reinhardt,1192473,3
Rush,1192473,10
Maia,1192473,21
Janice,1192473,6
Invid,1192473,21
Bernard,1192473,17
Cyril,2836801,0
Shirley,2836801,19
Hugo,32549192,10
Manya,26614192,17
Karthik,26614192,23
Dileep,26614192,5
Shenbagam,26614192,18
Vautier,35013505,7
Arab,7940626,16
Augustin,7940626,4
Napoleon,7940626,22
Venture,7940626,2
Robert,7940626,3
Paradis,7940626,5
Spungen,265975,21
Chelsea,265975,21
Rotten,265975,21
Vicious,265975,3
Grant,1897463,18
Compton,1897463,10
Valente,18015352,24
Bianco,18015352,19
Charley,19082345,3
Pearl,19082345,6
Horner,19082345,1
Bugsy,19082345,16
Vicki,19082345,3
Anderson,19082345,12
Siegel,19082345,1
Cynthia,1026994,4
Tudeski,1026994,8
Jill,1026994,17
Gogolak,1026994,6
Jimmy,1026994,17
Perry,1026994,10
Jules,1026994,7
Whittaker,25276910,20
Harley,25276910,20
Junelle,25276910,23
Mattson,25276910,19
Bo,25276910,14
Hudson,6048468,3
God,6048468,1
Emily,6048468,4
Micah,6048468,6
Lee,6048468,24
Samuelson,6048468,6
Smith,6048468,14
Andrews,13919299,3
Adrienne,13919299,6
Michael,13919299,10
Susan,13919299,21
Johnson,13919299,24
David,13919299,6
Riley,11285083,18
Larry,11285083,6
Weathers,23911530,8
McComb,1493527,4
Fielding,1493527,16
Melissa,1493527,17
Parker,1493527,8
Atwood,1493527,7
Walker,1493527,3
Matuzak,1493527,0
Sabrina,1356971,21
Williams,1356971,11
Piaf,1356971,18
Elizabeth,1356971,1
Linus,1356971,3
Thomas,1356971,18
Larrabee,1356971,4
Fairchild,1356971,13
Hepburn,1356971,3
DeNatalie,1808570,22
Tucci,1808570,11
Sardu,1808570,6
Silo,1808570,22
Maverick,1808570,17
Santhanam,27988012,8
Chakravarthy,27988012,21
Saroja,27988012,16
Karpooram,27988012,23
Lakshmi,27988012,2
Raja,27988012,13
Shivaram,27988012,3
Laasya,27988012,13
Khan,27988012,20
Seenu,27988012,24
Zara,27988012,2
Ganesh,27988012,0
Bharath,27988012,24
Rahim,27988012,21
Jenny,10374164,23
Juno,10374164,21
Danny,13308646,15
Trumbo,13308646,11
Quintero,13308646,8
Sondergaard,13308646,17
Geer,13308646,18
Wilson,13308646,14
Kaye,13308646,16
Revueltas,13308646,16
Crain,2967223,18
Ruff,6961032,18
Parkyn,6961032,9
Mainwaring-Brown,6961032,5
Johnny,6961032,23
Jean,6961032,12
Damina,6961032,18
Ovis,6961032,5
Brian,9843384,15
Nicole,9843384,23
Robbie,9843384,2
Kingsley,17451938,7
Broome,17451938,18
Barton-Barrington,17451938,16
Bancroft,17451938,20
Lea,17451938,22
Blaise,6335006,9
Garvin,6335006,9
Fothergill,6335006,7
Geeta,8626614,3
Rohit,8626614,14
Ketu,8626614,10
Patel,8626614,15
Vishali,8626614,9
Raju,8626614,3
Desai,8626614,7
Hassan,8626614,10
Kutty,8626614,12
Vikram,8626614,17
Jennie,12632216,3
David,12632216,17
Elizabeth,12632216,23
Pamela,12632216,4
Lauren,12632216,9
Michael,12632216,3
Jenny,12632216,13
Logan,12632216,12
Reynolds,12632216,12
Harrington,12632216,1
Bates,12632216,3
Chelsea,2592877,14
Seth,2592877,6
Paul,2421509,15
Marion,2421509,16
Claire,2421509,0
Ken,2421509,9
Shroff,30372222,10
Sven,1050541,5
Karl,1050541,5
Quixote,4859230,3
Sheerluck,4859230,6
Don,4859230,9
Doylie,4859230,14
Bob,4859230,3
Larry,4859230,6
Claude,4859230,12
Watson,4859230,6
Garrick,25412008,21
Ingot,25412008,5
Dorian,4259091,21
Nick,4259091,6
Bache,30863819,8
Shawn,30863819,3
Hill,30863819,10
Kerby,30863819,3
Dwyer,30863819,16
Moreland,30863819,6
Auden,30863819,17
Mansoor,31153256,6
Khader,31153256,3
Vasu,31153256,0
Subaida,31153256,24
Muentzer,31686339,4
Pfeiffer,31686339,12
Miller,26759941,10
Nazrullah,26759941,16
Jasper,26759941,24
Miller,18023344,1
Serafina,18023344,3
Rosario,18023344,21
Hunter,18023344,1
Rosa,18023344,3
Rose,18023344,6
Jack,18023344,13
Leo,18023344,24
Estelle,18023344,6
Bessie,18023344,13
Alvaro,18023344,3
Grose,10243437,6
Jessel,10243437,6
Veigh,10243437,3
Quint,10243437,2
Laing,10243437,12
Kumar,4762122,20
Duniya,4762122,9
Ramu,4762122,6
Raju,4762122,6
Silveira,17597134,16
Jane,36037575,17
Bonds,36037575,7
Bobby,36037575,6
Clark,36037575,3
Hilary,36037575,2
Parker,36037575,13
Mary,36037575,14
Grant,34050487,0
Yates,34050487,21
Martin,34050487,3
Sarah,34050487,21
Rische,34050487,12
Lily,34050487,8
Owens,34050487,19
Jill,2170376,3
Bloom,2170376,15
Hubbs,2170376,16
Warren,2170376,3
Hankey,2170376,16
Muldoon,2170376,17
Joe,2170376,6
Roeser,2170376,9
Lanie,2170376,6
Crump,2170376,6
Verdes,2170376,9
Teja,7483495,17
Manisha,7483495,6
Gemini,7483495,21
Jang-mi,20407039,10
Dae-yeong,20407039,18
Sam,558336,21
Albert,558336,13
Andrew,558336,23
Mark,558336,6
Jesse,558336,3
Burns,558336,10
Largeman,558336,3
Wadsworth,25529530,12
Gentry,25529530,19
Ann,25529530,14
Allenbury,10335706,9
Gordon,10335706,6
Cambaretti,10335706,11
Dick,10335706,3
II,10335706,7
Ferdi,10335706,21
Harriet,10335706,22
Nora,10335706,3
Johnson,10335706,1
Farro,10335706,11
Cugat,10335706,12
Deborah,10335706,1
Herald,10335706,21
Angelica,27359584,16
William,27359584,4
Holmes,27359584,17
McFlannel,27359584,10
Gertrude,27359584,3
Fritz,27359584,10
Maxie,27359584,16
Hector,27359584,10
Hortense,27359584,3
Gaston,27359584,3
Winnie,27359584,14
Molly,27359584,3
Meanstreak,27359584,10
Dirk,27359584,24
Bradbury,27359584,11
Bernice,27359584,3
Jeremy,27359584,2
Kirk,27359584,20
Marquise,24041333,6
Irene,24041333,22
Ombeline,24041333,3
Theo,24041333,3
Laetitia,24041333,23
Robertson,24041333,6
Robinson,24041333,17
Iris,24041333,13
Laborde,24041333,3
Bosko,1985854,3
Lane,14716766,18
Peter,14716766,8
Zane,14716766,22
Walichek,14716766,6
Margaret,14716766,6
Garrison,14716766,19
Fisher,156632,4
Pendlebury,156632,17
Holland,156632,5
Azhagiri,25430579,5
Santhanam,25430579,20
Amirthalingam,25430579,15
Baskar,25430579,0
Shanmughapriya,25430579,23
Joan,3195724,6
Jo,3195724,8
Peterson,3195724,23
Evans,3195724,18
Claudius,3195724,18
Ewing,3195724,9
&#39;,3195724,18
Steven,3195724,22
Forsythe,3195724,11
Shapiro,3195724,7
Locklear,3195724,3
Esther,3195724,6
Spelling,3195724,1
Richard,3195724,6
Alexis,3195724,2
Terry,3195724,11
Carrington,3195724,24
Subbalaxmi,24283167,6
Murthy,24283167,3
Rishi,30456652,2
Bhupathi,30456652,24
Simhadri,30456652,14
Deepali,30456652,17
Stephen,30456652,10
Agasa,8830252,13
Conan,8830252,3
Joel,8830252,9
Jimmy,8830252,13
Rachel,8830252,23
Roja,20789060,21
Murali,20789060,14
Rajendar,20789060,4
Sylvester,31749363,3
Granny,31749363,3
Shiroishi,23605276,3
Dai,23605276,21
Ching,1848829,3
Wai,1848829,6
Ling,1848829,6
Otterlake,4829422,22
Pister,4829422,22
Kodar,4829422,3
Hannaford,4829422,6
Meyer,4829422,11
Huston,4829422,17
David,4829422,18
Riche,4829422,20
Boyle,4829422,3
Pat,4829422,3
Dale,4829422,3
Hemingway,4829422,0
Carroll,4829422,11
Ali,12112868,6
Marker,22277244,20
Dennis,1040965,18
Gordon,1040965,11
Dana,1040965,2
Dee-Dee,1040965,24
Jokerz,1040965,5
Batman,1040965,17
McGinnis,1040965,3
Amy,1040965,4
Quinn,1040965,20
Jack,1040965,14
Bruce,1040965,6
Tim,1040965,23
Barbara,1040965,6
Robin,1040965,15
Wayne,1040965,12
Erh,14073116,24
mother,1260445,0
Lloyd,1260445,6
Bright,1260445,7
Gus,1260445,10
Rose,1260445,12
Chasseur,1260445,6
Murray,1260445,4
Jesse,1260445,24
Gary,1260445,20
Caroline,1260445,7
Vincent,3652373,3
Rubio,3652373,13
Watson,3652373,18
Sam,22537025,3
Tate,22537025,15
Mimsey,22537025,13
Hubley,22537025,6
McCormack,22537025,9
Muriel,22537025,21
Karen,22537025,23
Kiplinger,22537025,1
Nash,22537025,10
Lulu,25221701,2
Cole,28252265,11
Mills,28252265,15
Wong,13073735,11
Chun-Chi,13073735,18
Shu-Hoi,13073735,15
Rother,4861656,12
Inga,4861656,2
Herbert,4861656,1
Marie,4861656,23
Karl,4861656,15
Gayle,33556313,15
Jennifer,33556313,6
Loren,33556313,21
Agnes,33556313,3
Hollis,33556313,13
Langley,33556313,23
Turner,6030184,3
Karloff,6030184,8
Hart,6030184,11
Winifred,6030184,6
Stein,6030184,17
Walker,6030184,3
Malcomb,6030184,6
Eddie,6030184,23
Cook,2387930,22
Weismeyer,2387930,10
Griffin,2387930,4
Jack,2387930,10
Chastain,2387930,4
Anu,2853092,8
Vijay,2853092,13
Madhu,2853092,21
Diggs,386476,2
Avram,386476,3
Jones,386476,7
Lillard,386476,10
Belinski,386476,17
Tommy,386476,21
Bender,386476,1
Hassan,12113716,20
McClaren,12113716,10
Jennefer,12113716,17
Christine,21082878,20
MacGruder,21082878,13
Jill,32556787,17
Nick,32556787,23
Bozeman,32556787,6
Billy,32556787,13
McCoy,32556787,3
Massey,32556787,9
Ames,32556787,6
Hood,32556787,13
Molly,32556787,3
Conway,32556787,13
Richard,26303157,7
Parker,26303157,7
Brunton,26303157,7
Arlene,18734158,6
Frog,18734158,2
Jon,18734158,6
Freddy,18734158,6
Ramon,18734158,21
Garfield,18734158,3
Odie,18734158,3
Nermal,18734158,17
Bond,18734158,21
Bear,18734158,22
Muff,35008916,22
Dangerfield,35008916,15
Muff-Dangerfield,35008916,13
Orchid,35008916,10
Bind,35008916,11
Priscilla,8013000,3
Penguin,8013000,6
Pig,8013000,6
Humduck,8013000,24
Jr.,8013000,7
Daffy,8013000,6
Prem,4980349,6
Anand,4980349,21
Seelabathi,31156893,22
Sheelabathi,31156893,14
Randall,17949718,11
French,36445964,9
Hegstrom,36445964,17
Lucy,3990322,13
Wesley,3990322,17
Charles,3990322,15
Garfield,3990322,11
Duncan,3990322,17
Morgan,3990322,3
Park,3990322,19
Juan,35342638,3
Leo,35342638,21
Teodora,35342638,8
Beto,35342638,6
Yoltzin,35342638,24
Alebrije,35342638,4
Tello,35342638,11
Moribunda,35342638,4
Andres,35342638,4
Pecas,35342638,10
Llorona,35342638,13
Anjali,33269968,2
Sundaram,33269968,18
don,33269968,22
Morales,33474657,4
Shabal,33474657,0
Miller,33474657,18
Cristo,33474657,23
Ross,33474657,15
Weimy,33474657,16
Sonny,33474657,17
Christo,33474657,6
Dave,33474657,17
Rorke,33474657,16
Mikey,33474657,4
Amy,6618673,6
Neilson,6618673,14
Mecico,6618673,21
Vince,6618673,3
Bradley,6618673,6
Downey,6618673,22
Zack,6618673,2
Iqbal,6618673,6
Porpis-Gunders,6618673,19
Renfro,6618673,9
Lon,6618673,8
Trofimov,1586285,0
Lenin,1586285,13
Ilyich,1586285,3
Yutkevich,1586285,16
Armand,1586285,19
Jade,1586285,16
Kayurov,1586285,12
Boulogne,3196252,24
Agnes,3196252,23
Jean,3196252,3
Naseem,13550268,21
Jack,3477618,5
Nero,25374749,14
Andrews,18968817,4
Lucy,18968817,19
Carlyon,18968817,24
Sudama,29528984,13
Mohanty,29528984,2
Chakraborty,29528984,5
Holmes,13830756,0
Panzram,13830756,22
Lesser,13830756,1
Borowski,13830756,4
Malky,17455460,20
Conway,17455460,11
Phtia,323715,8
Aeneas,323715,16
Menelaus,323715,3
Briseis,323715,24
Nestor,323715,13
Priam,323715,17
Odysseus,323715,17
Hector,323715,17
Cox,323715,24
Helen,323715,12
Achilles,323715,3
Hyde,7884497,23
Utterson,7884497,13
Jekyll,7884497,13
Alice,7884497,4
Lanyon,7884497,13
Porky,6410861,3
Murphy,5734461,0
Mara,5734461,3
Kimberly,5734461,3
Nina,5734461,24
Dale,5734461,17
Washington,5734461,11
Amber,5734461,17
Papas,5734461,22
Elena,5734461,3
Spencer,19103721,19
Simpson,19103721,11
Loomis,19103721,13
Fisher,19103721,2
Dotty,19103721,12
Alice,19103721,6
Bill,19103721,2
Scott,19103721,10
Manning,67441,10
Claire,67441,6
Nettles,67441,3
Glass,67441,17
Swann,67441,6
Essler,26273354,2
Talbot,26273354,10
Gorshin,26273354,24
Merrill,26273354,18
Jeff,26273354,11
Lisa,26273354,13
Nelson,26273354,4
Moriarty,3194438,14
Mitch,5444637,3
Leprechaun,5444637,17
Tammy,5444637,17
Gupta,5444637,3
Loretta,5444637,16
McCoy,5444637,3
Scott,5444637,3
Fazio,5444637,21
Jumba,164754,6
Stitch,164754,21
Pleakley,164754,11
Nani,164754,3
Jookiba,164754,16
Lilo,164754,3
Pelekai,164754,23
Gantu,164754,17
Presley,164754,9
David,164754,6
Gregory,5718787,24
Elder,5718787,1
Jennings,5718787,20
Curley,5718787,17
Matt,5718787,11
Bass,5718787,17
John,5718787,21
Hastings,5718787,6
Wright,5718787,20
Pappu,11720304,6
Reshma,11720304,13
Bhai,11720304,6
Arif,11720304,15
Farha,11720304,9
Anwar,11720304,15
Nazma,11720304,6
Munna,11720304,3
Suri,11720304,3
Tehzab,11720304,3
Rosaleen,1495709,3
Warner,1495709,9
Silberg,1495709,10
Oswald,32175790,3
Live,27471672,15
Nino,27471672,7
Tony,11151407,21
Tom,11151407,13
Perreira,11151407,1
Rosie,11151407,0
Braganza,11151407,19
Sabhi,11151407,9
Nancy,11151407,6
Niles,315035,3
Angelini,315035,7
Winnie,315035,7
Rowe,315035,9
Perry,315035,18
Russell,315035,21
Holland,315035,6
Mussolini,3327607,10
Stimson,3327607,9
Hitler,3327607,1
Capra,3327607,24
FoundationGerman,3327607,9
Wallace,3327607,9
Ram,81503,5
Willie,81503,4
Scott,81503,22
Karan,11257726,3
Rai,11257726,0
Sardarilal,11257726,3
Shankarlal,11257726,6
Asha,11257726,3
Kishori,11257726,23
Jumman,11257726,23
Mehta,11257726,18
Jane,19098625,3
Tse,19098625,1
Fung,19098625,6
Brian,19098625,3
Margie,23691085,21
Brooks,23691085,21
Madden,23691085,2
Rogers,23691085,20
Walter,2461103,17
Marco,2461103,13
Silvana,2461103,21
Francesca,2461103,21
Cooper,981884,6
Steve,981884,3
Jenny,981884,3
O'Connell,981884,23
Brett,981884,6
Ricky,981884,15
Adam,981884,21
Paige,981884,3
Kumar,28190294,18
Geeta,28190294,3
Pratap,28190294,3
Sidhant,28190294,5
Chaturvedi,28190294,18
Ajatshatru,28190294,3
Singh,28190294,18
Brooks,20929541,8
Tucker,20929541,7
Lucy,3901356,16
Dolan,3901356,23
Dodgson,3901356,2
Liddell,3901356,2
Alice,3901356,3
Uhlenhorst,35607621,6
Lotz,35607621,17
Basaglia,29752380,13
Janessa,2269465,5
Adrienne,2269465,24
Rowan,2269465,17
Lou,2269465,9
Wimmer,2269465,9
Waylander,2269465,2
Jason,2269465,17
LaFontaine,2269465,23
Johnson,2269465,22
Stoney,2269465,22
Kinsa,2269465,20
Perez,2269465,23
Voorhees,2269465,4
Lowe,2269465,17
Necro,16100186,15
Ed,16100186,15
Melech,16100186,12
Jen,16100186,7
Amy,1842500,6
Cook,1842500,3
Ross,1842500,3
Nikki,1842500,17
Mike,1842500,6
Janine,11522190,21
Caliso,18805258,10
McHale,1252914,14
Williams,1252914,22
Oxley,1252914,23
Indiana,1252914,24
Jones,1252914,4
Ravenwood,1252914,7
III,1252914,12
Spalko,1252914,16
Orellana,1252914,8
Sivamani,24873655,19
Madhi,24873655,19
Paari,24873655,7
Madhu,24873655,8
O'Brien,27880051,4
Jr.,27880051,14
Marsh,23624549,11
Forester,23624549,10
Carla,23624549,24
Roper,23624549,4
Orhan,28301538,14
Beth,14705670,3
Sally,14705670,3
Robert,14705670,23
Kate,14705670,12
Emanuelle,16090959,22
Francene,16090959,4
Cardi,16090959,23
Eastman,16090959,0
Aaron,17137344,21
Lampwick,187010,4
Geppetto,187010,13
Monstro,187010,10
Gideon,187010,14
Pinocchio,187010,6
Stromboli,187010,3
John,187010,21
Cleo,187010,10
Lawrence,28680396,15
Penelope,28680396,21
Antonia,28680396,8
Cassandra,27903314,4
Lolita,27903314,6
Brewster,27903314,19
Milton,27903314,23
Steven,27903314,16
Halevy,33024214,20
Rosson,33024214,16
Dominic,15380455,0
Nancy,15380455,19
Hamilton,4150178,18
Hawkins,4150178,9
Hamill,4150178,10
Timo,5312972,3
Julian,5312972,8
Diana,5312972,14
Alex,5312972,21
Hudgins,1365630,24
Romero,1365630,4
Manville,1365630,12
Blake,1365630,9
Martin,1365630,6
Louise,1365630,6
Dave,1365630,22
Annie,1365630,2
Queenie,1365630,8
Stefania,13504835,9
Shahanna,35546918,13
Mindville,35546918,2
Nigel,35546918,0
Klaus,35546918,4
Celene,13501099,13
Paul,13501099,3
Moll,1338432,18
Taiki,1338432,19
Desghidorah,1338432,24
Leo,1338432,5
Mothra,1338432,5
Belvera,1338432,23
Wakaba,1338432,19
Lora,1338432,18
Henry,2823668,22
Jake,2823668,21
Lenny,2823668,13
Weisser,26970821,11
Witwicky,12319832,3
Lennox,12319832,20
Banes,12319832,10
Simmons,12319832,0
Galloway,12319832,20
Spitz,12319832,2
Mikaela,12319832,3
Jetfire,12319832,7
Devastator,12319832,9
Sam,12319832,4
Epps,12319832,9
Alice,12319832,14
Hsiao,29042331,17
Wu,29042331,3
Francois,8504201,12
Dandieu,8504201,3
Takuya,26816024,4
Murmuxmon,26816024,10
Digimon,26816024,18
Joan,18569735,14
Smudge,18569735,16
Muir,18569735,12
Susan,18569735,21
Merrill,18569735,1
Hornblow,18569735,23
Bob,18569735,21
Trudy,18569735,1
Bailey,18569735,17
Tom,18569735,1
Harper,18569735,17
Alejandro,12603065,17
Goyita,12603065,24
Clayton,5512355,11
Jane,5512355,23
Porter,5512355,17
Yuk,10800668,9
Kang,10800668,1
Kuan,10800668,10
Hickman,4031078,11
Sye,22778316,11
Sadie,16796753,12
Bob,16796753,15
Mae,16796753,12
Jones,16796753,12
Fung,659378,13
Leaguer,6386227,3
Spencer,6386227,20
Sloan,6386227,23
Ray,6386227,21
Mark,6386227,21
Daniel,6386227,2
Tomas,6386227,16
Grace,6386227,6
Bruce,6386227,12
Alex,6386227,6
Humbird,10299953,0
Packert,10299953,3
Brenda,10299953,2
Carlucci,10299953,2
Shea,10299953,21
Lisa,10299953,12
Pam,12883423,6
Chris,12883423,21
Richelieu,11654754,6
Sutton,11654754,11
Gascon,11654754,17
Bonacieux,11654754,3
Anne,11654754,5
Milady,11654754,5
Danny,2421409,17
Rose,2421409,20
Canova,2421409,2
Tina,2421409,12
Berle,2421409,22
Laura,12635192,5
Eric,12635192,3
Martin,12635192,17
Vermeer,12635192,3
Ruysdael,12635192,3
Visser,12635192,3
Anneke,12635192,8
John,12635192,14
Potter,12635192,11
Sound,22718776,20
Kimberly,9316781,4
Shirozuki,14077474,6
Ivan,6077443,21
Jessica,12251711,23
Alexander,12251711,5
Simmonds,12251711,12
Hargreaves,12251711,11
Sathyamoorthy,9015927,3
Flor,24828951,3
Amantes,24828951,3
rnaga,24828951,3
Tucita,24828951,6
Pedro,24828951,3
Pablo,24828951,3
Rosa,24828951,6
Bill,14034821,1
Friedman,14034821,3
Bryan,14034821,20
White,17863395,15
Ronnie,17863395,20
Nikki,17863395,20
Ellington,17863395,18
Hardy,17863395,5
Johan,23307519,16
Haim,3417532,12
Chamberlain,3417532,23
Harper,3417532,17
Davis,3417532,6
Ropsi,14107430,7
Sibul,14107430,20
Kattai,14107430,18
Ekstr,14107430,20
Jackie,5221632,21
Yoshiko,21153277,0
Miller,18290644,15
Morais,18290644,20
Borgens,18290644,22
Dumont,18290644,15
Ramos,18290644,22
Claudio,18290644,10
Gasparini,18290644,15
Grandin,18290644,15
Mary,18290644,5
Drumont,18290644,15
Souza,18290644,2
Holt,18290644,15
Portella,18290644,15
Peggy,22465691,23
Larry,22465691,3
Ann,22465691,8
Cathy,8557673,3
Palmer,8557673,12
Alan,8557673,3
Victor,8557673,3
McMann,8557673,24
Ryan,8557673,11
Marchand,8557673,24
Kevin,8557673,3
Rebecca,8557673,6
Vita,6476067,9
Nottola,6476067,15
Bianca,2920744,6
Kohlmar,2920744,13
Arden,2920744,6
Ellen,2920744,21
Nick,2920744,21
Burkett,2920744,23
Stephen,2920744,13
Bryson,2920744,1
Stalin,29063525,21
Hitler,29063525,23
Max,5131440,17
Euchariah,5131440,3
Kavita,11440428,6
Rai,11440428,10
Nandita,11440428,21
Neha,11440428,6
Kishore,11440428,0
Anand,11440428,3
Daisy,24652963,2
Loy,24652963,5
Red,24652963,6
Sage,24652963,9
Tom,24652963,21
Cecilia,24652963,6
Hamilton,24652963,13
Collier,24652963,9
Cornelius,19744710,7
Carter,21127928,10
Jerry,21127928,8
Hunter,21127928,9
Dina,21127928,16
Cosby,1246480,0
Parker,1246480,11
Taylor,25121615,17
Cutler,25121615,6
Schiffron,25121615,17
Adell,25121615,10
Jack,25121615,23
Larry,25121615,4
Rafferty,25121615,6
Jeremy,25249826,21
Yoo,25249826,10
Woo,25249826,2
Kyung,25249826,21
Nam,25249826,7
Tim,20326029,21
Dennis,20326029,12
Wenger,20326029,3
Marco,20326029,3
Dawson,20326029,15
Mona,20326029,6
Einstein,12565531,4
Nefron,6818007,21
Pletchick,6818007,13
Murphy,7865056,24
McGee,7865056,8
Freeman,7865056,3
Leith,24464033,4
Jane,24464033,10
Wilkins,24464033,17
Akhil,26011265,4
Giri,26011265,3
Uma,26011265,2
Krishnagudi,26011265,23
Renji,26011265,23
Meenakshi,26011265,14
Jose,26011265,23
Haskell,9312752,7
Landon-Higgins,9312752,23
Loco,2864939,24
Pauline,2864939,5
Ratnam,26235035,9
Sambayya,26235035,23
Venu,26235035,21
Bharathi,26235035,13
Sagarayya,26235035,23
Radha,26235035,2
Majors,1963352,10
Williams,1963352,3
Scellenda,1963352,14
Peter,1963352,23
Jones,1963352,5
Suzy,1963352,10
Fay,1963352,3
Jane,1963352,3
Ross,1963352,18
Lodge,1963352,13
Weissburger,1963352,19
Paul,10690553,17
Steven,10690553,14
Jennifer,10690553,15
Steve,10690553,3
Mary,10690553,17
Anne,10690553,23
Brown,10690553,3
Brian,10690553,8
Rob,10690553,6
Tigger,22904128,6
Radcliffe,179351,9
Cruella,179351,16
Hall,179351,23
Anita,179351,10
Perdita,179351,3
Tibbs,179351,6
Roger,179351,6
Pongo,179351,3
Badun,179351,8
Vil,179351,24
White,497870,3
Eddy,497870,3
Janice,497870,2
Wilson,497870,15
Scotty,497870,20
Dolan,1365409,16
Copeland,1365409,0
Maria,1365409,10
Paula,1365409,2
Marsh,1365409,21
Ives,1365409,9
Boyd,1365409,4
Garr,1365409,10
Arnold,1365409,24
Lew,1365409,6
Diamond,1188061,17
Javier,1188061,9
Stern,1188061,12
Robles,1188061,16
Dolores,1188061,10
Muthulakshmi,35790651,21
Malaisamy,35790651,16
Bhoothnath,7150525,23
Nath,7150525,10
Anthony,7150525,20
Anjali,7150525,3
Banku,7150525,14
Jackson,28150777,19
Hall,28150777,15
Burke,28150777,6
Bennett,28150777,13
Dorothy,28150777,13
Roberts,1587300,21
Henri,1587300,8
Lise,1587300,6
Mulligan,1587300,14
Adam,1587300,9
Baurel,1587300,14
Joan,23734952,6
Linda,23734952,6
Mark,23734952,2
Christie,23734952,2
Darlene,23734952,6
Chadford,23734952,9
Delvecchio,23734952,8
Karney,23734952,10
Shari,23734952,3
Holland,23734952,23
Roelf,14899853,14
Dirk,14899853,2
Jong,14899853,6
Selina,14899853,21
Peake,14899853,18
O'Mara,14899853,12
Hemple,14899853,18
Eva,28369046,1
Hasekawa,16796383,17
Kanemura,16796383,4
Suzimura,16796383,6
Yamada,16796383,4
Haruko,16796383,20
Massey,20834852,19
Waters,20834852,11
Provo,27439224,23
Susan,27439224,12
Burgade,27439224,17
Bridget,33295707,13
Monroe,33295707,20
Charlie,2543976,3
Shaukat,1759292,14
Yash,1759292,2
Gill,18254543,6
Adams,20850141,17
French,6168268,10
Kidd,6168268,14
DiCarlo,6168268,8
Freelander,6168268,12
Pryor,6168268,1
Dern,6168268,12
Ritchie,6168268,14
Hudson,6168268,6
Shears,6168268,7
Feldon,6168268,11
Love,6168268,10
Gibson,6168268,5
Jim,8069903,3
Ryder,8069903,22
Alfred,8069903,11
Grace,8069903,3
Halsey,8069903,19
Minnie,570491,13
Pete,570491,24
Mickey,570491,3
Mouse,570491,19
Puri,10699774,18
Vijay,10699774,14
Rekha,10699774,10
Statler,4298868,7
Mothersbaugh,4298868,15
Hendrix,4298868,22
Casale,4298868,19
Pam,2918617,18
Marshetta,2918617,3
Sekhar,35485633,3
Brahmin,35485633,24
Jayanthi,35485633,8
Meena,35485633,4
Thirumoorthy,35485633,14
Cruz,6808679,11
Bello,6808679,24
Jude,6491526,6
Clay,6491526,17
Roxy,6491526,17
Callie,6491526,12
Fernando,24044707,14
Novalee,44366,3
Pickens,44366,24
Brownie,44366,2
Ann,44366,23
Hull,44366,19
Forney,44366,3
Willy,44366,1
Meyers,44366,11
Coop,44366,19
Mississippi,44366,5
Jack,44366,6
Whitecotton,44366,6
Lexie,44366,23
Dukane,29017453,21
Crofton,29017453,5
Sathya,33618937,15
Bilwangal,24076652,12
Krishna,24076652,15
Karnamritam,24076652,8
Bilwamangal,24076652,10
Chintamani,24076652,16
Amanda,772823,17
Baker,772823,13
Timothy,772823,8
Sharpe,772823,9
Strauss,772823,16
Church,772823,9
Pete,772823,3
Inga,772823,6
Frankie,772823,17
Roman,772823,4
Carlisle,772823,4
Margaret,772823,1
Mike,772823,3
Franklyn,772823,2
Yuriko,18080210,13
Fumiko,18080210,2
Eiichirou,18080210,12
Teramoto,18080210,6
Kohayagawa,18080210,7
Tsune,18080210,3
Kitagawa,18080210,14
Manbei,18080210,3
Akiko,18080210,13
Noriko,18080210,14
Raja,34901992,13
Isaac,34901992,6
Shivadas,34901992,10
Balan,34901992,11
Kothamangalam,34901992,12
Kari,34901992,21
Samuel,34901992,16
Gopalan,34901992,11
Colin,3296253,21
Robert,3296253,6
Caroline,3296253,21
Mary,3296253,21
Paul,3623103,17
Grove,3623103,0
Mason,3623103,1
Klok,3623103,8
Laurie,3623103,23
Wesley,3623103,10
Michael,3623103,3
Brackett,3623103,17
Tommy,3623103,15
Bob,3623103,1
Forsythe,3623103,20
Cynthia,3623103,1
Myers,3623103,14
Loomis,3623103,13
Deborah,3623103,2
Strode,3623103,19
Annie,3623103,2
Wallace,3623103,11
Lindsey,3623103,4
Leela,24470088,21
Panna,24470088,10
Irani,24470088,1
Singh,24470088,0
Thakur,24470088,18
Rangilibai,24470088,22
Swarupbai,24470088,5
Kaushalya,24470088,21
Denno,16647548,18
Earl,22140210,10
Jackson,22140210,21
Green,18112571,15
Vaughn,18112571,9
Cole,18112571,3
Lalor,32986436,19
Bourdelle,26057633,0
Trevor,29526153,15
Fleming,29526153,0
Kranski,25187012,8
Kristen,25187012,6
Vince,25187012,8
Belinda,25187012,6
Iwaki,32402164,17
Kurawaki,32402164,20
Nayoko,32402164,23
Kurowaki,32402164,17
Tetsu,32402164,24
Yakuza,32402164,2
Cherrywood,864217,21
Jason,864217,4
Mr.,864217,21
Nicholas,864217,21
Fettucini,864217,22
Kim,864217,12
Dora,6777103,21
Swope,6777103,6
Dink,6777103,21
Fallon,6777103,18
Earp,6777103,0
Kelby,6777103,17
George,6777103,17
Wells,6777103,23
Harold,6777103,3
Jr.,6777103,17
Santi,5523710,3
Carlos,5523710,3
Jaime,5523710,3
Carmen,5523710,17
Noriega,5523710,9
Jacinto,5523710,3
Galvez,5523710,23
Conchita,5523710,3
Casares,5523710,2
Kang,18794321,11
Turnquist,33689385,9
Schoonover,33689385,24
Garritee,33689385,24
Norma,33689385,21
Steven,33689385,21
Wilson,33689385,10
Brodsky,33689385,18
John,33689385,8
Nora,33689385,3
Angelica,13263490,19
Paolo,13263490,5
Davide,13263490,2
Neval,13263490,11
Lorenzo,13263490,21
Roberto,13263490,6
Yau,10815122,3
Leung,10815122,20
Yi,10815122,3
Ti,10815122,4
Geetha,22276930,15
Aparna,22276930,14
Nair,22276930,10
Abhimanyu,22276930,7
Moe,14609895,20
Rogers,23690966,5
Jenks,19410386,5
Kitty,146908,21
Johnny,146908,16
Janeway,146908,18
Adele,146908,16
Hogarth,146908,6
Higgins,146908,6
Chris,146908,3
Molly,2692675,6
Carter,2692675,6
Joel,2692675,19
Rose,2692675,20
Jim,2692675,19
Kingdon,2692675,2
Gillray,2692675,20
Wade,2692675,19
Louis,19741056,14
Rogers,23691191,4
Negar,4081959,21
Butler,77647,24
McClosky,77647,6
Hirohito,77647,18
Cameron,77647,6
Goebbels,77647,3
Roosevelt,77647,0
Cynthia,77647,12
Prescott,77647,20
Caton,77647,3
Lewis,77647,13
Doyle,77647,22
Patrick,77647,4
Randall,77647,6
Horn,3576873,4
Red,3576873,24
Gates,3576873,9
Charlie,3576873,21
Annabelle,3576873,13
Barkin,3576873,18
Sasha,3576873,13
Fleur,3576873,9
David,3576873,21
Saul,9725560,10
Magdalena,9725560,5
Erasmo,9725560,21
McKinney,36478252,11
Cox,36478252,15
Monk,27459231,12
Barnes,27459231,23
Henry,133622,2
Paul,133622,15
Bast,133622,17
Schlegel,133622,6
Charles,133622,6
Juley,133622,17
Ruth,133622,5
Margaret,133622,6
Alvin,9489041,3
Seville,9489041,9
Sam,9489041,18
Tyler,9489041,21
Lou,9489041,13
Jeanette,9489041,6
Theodore,9489041,6
Brittany,9489041,6
Pan,9489041,19
Gilda,9489041,3
Eleanor,9489041,23
Dave,9489041,17
Lalu,9489041,6
Whistler,225505,7
Murdock,225505,13
Lewly,225505,9
Hugo,225505,6
Pinson,225505,3
Saunders,225505,3
Salma,21548126,3
Talash,21548126,20
Resham,21548126,6
Shaan,21548126,20
Khushboo,21548126,14
Suad,21548126,17
Muslims,21548126,10
Askari,21548126,8
Saud,21548126,2
Phears,17595645,3
Nicky,17595645,3
Doyle,17595645,3
Traci,17595645,6
Tara,17595645,4
Colin,17595645,0
Roland,17595645,21
Ulof,6690845,1
Maria,6690845,10
Faust,6690845,6
Matson,6690845,19
Krenner,6690845,6
Enos,168958,1
Jason,168958,6
Steve,168958,4
Christy,168958,24
Barry,168958,10
Ralph,168958,12
Ned,168958,3
Voorhees,168958,7
Brenda,168958,3
Claudette,168958,10
Jack,168958,2
Marcie,168958,2
Bill,168958,2
Annie,168958,3
Sherman,7151179,3
Benjamin,7151179,13
Wills,19817250,7
Murray,19817250,12
Vaithy,32250175,6
Mohana,32250175,21
Sundaram,32250175,3
Maharani,32250175,2
Stuart,3785094,11
Chamberlain,3785094,9
Murdoch,3785094,9
Elvis,3785094,4
Devaney,3785094,12
O'Sullivan,3785094,9
MacKenzie,30489874,9
Steinz,19049168,24
Michal,19049168,4
Michael,19049168,3
Dreyer,19049168,18
Ruth,19049168,3
Nazis,19049168,1
Shokof,25211245,21
Farzan,25211245,9
Lars,25211245,2
Glowna,25211245,3
Karlsson,25211245,11
Atossa,25211245,16
Kiwitt,25211245,1
Robespierre,24089292,18
Schama,24089292,19
Singh,6701484,5
Dhanush,6701484,21
Bouvet,901421,19
Weyland,901421,12
Woods,901421,10
Alexa,901421,17
Jarmon,3232438,0
McKay,3232438,3
Lucas,3232438,9
Ralph,13727751,2
Tucker,13727751,16
Lenny,13727751,1
Novak,13727751,22
Yohn,13727751,15
Pop,13727751,12
Vito,13727751,24
Margera,13727751,1
Gee,13727751,22
Lynn,13727751,8
Ponce,13727751,1
Bruno,13727751,10
Hasselhoff,13727751,12
Ginsburg,13727751,4
Libby,13727751,8
Frantz,13727751,14
Ru,13727751,4
Terry,13727751,9
Marciano,153435,14
Tony,153435,6
Gunn,153435,3
Rocky,153435,3
Adrian,153435,6
Drago,153435,17
Paulie,153435,2
Tommy,153435,6
Evers,153435,24
Robert,153435,10
Goldmill,153435,14
Duke,153435,6
Bernardo,10638027,3
Pedro,10638027,3
Manuel,10638027,24
Teresa,10638027,16
Daniel,4762538,19
Felix,4762538,7
Gagnon,7882413,18
Marie-Anne,7882413,3
Oreus,7882413,17
Lemay,7882413,4
Aurore,7882413,3
Marie-Jeanne,7882413,23
Leduc,7882413,17
Martin,28858045,20
Borowicz,28858045,21
Joseph,28858045,19
Raghupathi,7319913,22
Rajaram,7319913,3
Kumari,7319913,7
Raghava,7319913,15
Jax,30991660,19
Fallon,33617254,8
Hamilton,11594316,17
Carl,11594316,0
Stevens,11594316,24
Christ,29629806,12
Sarah,29629806,3
Cominsky,29629806,4
Higgins,21843986,22
Jim,5467622,23
Cim,5467622,18
Adamson,4822531,10
George,4822531,0
Fitzjohn,4822531,13
Siva,31157082,12
Latha,31157082,6
Vasanthi,31157082,24
Chakrapani,31157082,20
de,1797028,5
Henri,1797028,24
III,1797028,9
Margot,1797028,13
Catherine,1797028,5
Charles,1797028,15
Catholics,1797028,17
Medici,1797028,19
King,1797028,9
Nejat,13399638,17
Abraham,13399638,13
Aksu,13399638,14
Ayten,13399638,16
Isaac,13399638,15
Lotte,13399638,21
Susanne,13399638,6
Yeter,13399638,5
Ishmael,13399638,21
Blackie,17619092,24
Gulio,17619092,6
Margaret,17619092,24
Lisa,17619092,3
tom,17619092,22
Shreya,32361431,10
Singh,32361431,18
Harry,18983347,4
Faversham,18983347,22
Gordon,18983347,20
Burroughs,18983347,12
Durrance,18983347,4
Sutton,18983347,13
Harraz,18983347,12
Willoughby,18983347,4
Dennis,26723019,12
Gamble,26723019,17
Len,26723019,17
McGuire,26723019,6
Connor,26723019,3
Lehman,21859154,16
Jane,29333670,23
Rory,29333670,20
Sarah,29333670,6
Erica,29333670,23
Benny,29333670,17
Morgan,29333670,10
Black,29333670,24
Ethan,29333670,17
Sam,30955995,6
Spears,30955995,0
Fisher,30955995,13
Rhodes,30955995,12
Lance,30955995,23
Speedman,30955995,1
Wuterich,14071897,2
Ballard,240371,12
Henri,240371,13
Benjamin,240371,24
Lewis,240371,13
Judy,240371,16
Tremont,240371,15
Azad,20088496,6
Pavi,28493001,2
Williams,20798704,18
Marion,20798704,6
Johnson,20798704,12
Gina,20798704,3
Pat,20798704,3
Frankie,20798704,2
Elliot,20798704,19
Geraldine,2450188,17
Joe,2450188,15
Bradell,2450188,11
D'Arbanville,2450188,8
Smith,2450188,23
Brown,2450188,5
Holmes,2996966,16
Downe,2996966,6
Odin,2996966,6
Tyler,2996966,9
Rachtman,2996966,15
Gazzarri,2996966,22
Cooper,2996966,10
Lemmy,2996966,13
Spheeris,2996966,23
Kilmister,2996966,13
Stanley,2996966,15
Duncan,2996966,15
Serra,19699124,13
Condi,19699124,5
Paylin,19699124,1
Tigger,6284586,23
Robin,6284586,13
Pooh,6284586,3
Hansen,18057739,21
Tom,18057739,5
Rachel,18057739,18
McKenzie,18057739,23
Goodlittle,3291573,4
Amos,3291573,4
Mason,3291573,20
Edwards,3291573,24
Caliban,3291573,21
Betty,3291573,4
Dan,3291573,24
James,3291573,24
Rugg,3291573,9
Watson,3291573,13
Bowman,3291573,12
Johnny,3291573,4
Jo,20469847,6
Pica,20469847,16
Quentin,376485,17
Holloway,376485,2
Kazan,376485,3
Woyzeck,8523165,16
Marie,8523165,4
Ames,14353418,8
Cliff,14353418,13
Martin,14353418,18
Sybil,14353418,3
Hunter,14353418,0
Young,14353418,9
Hubbard,14353418,11
Ravier,14353418,0
Bannerman,14353418,10
Maisie,14353418,3
Blake,1199985,9
Shirley,1199985,21
Dunn,1199985,21
Wellington,1199985,22
Merritt,1199985,22
Terry,1199985,19
Mary,1199985,13
Wilson,1199985,8
Ned,1199985,14
Daniel,11544346,4
Thompson,13776894,12
Rezai,6841189,3
Hossein,6841189,0
Cooper,4430454,2
Kovac,4430454,16
Andy,4430454,6
Gus,4430454,4
Petrovic,4430454,0
Venner,4430454,0
Stepjan,4430454,15
Terry,9877595,1
Penelope,2711926,13
Anticlea,2711926,17
Telemachus,2711926,3
Odysseus,2711926,3
Tiresias,2711926,4
Poseidon,2711926,6
Danny,3717069,2
Dennis,3717069,6
Ball,3717069,17
Clay,3717069,20
Virgil,3717069,20
Bocci,3717069,19
Gunner,3717069,22
Sinclair,3717069,18
Derringer,3717069,16
Dearborn,3717069,4
Lowenthal,3717069,1
Phil,3717069,21
Richard,3717069,6
Luke,3717069,17
Harriman,3717069,7
Belle,3717069,7
Virge,3717069,14
Tyler,31441464,20
Nina,31441464,24
Tom,31441464,17
Schreck,31441464,13
Henry,31417999,6
Julie,31417999,8
Rigaut,10593888,12
Kiki,10593888,13
Hockersmith,4620459,17
Coombs,16183078,9
Gretel,16183078,13
Albie,16183078,7
Mason,16183078,13
Christopher,16183078,3
Forrest,16183078,24
Grange,16183078,19
Roo,16183078,3
Harrison,16183078,3
Benton,16183078,7
Katharine,16183078,13
Clarine,16183078,18
Katy,16183078,13
Willoughby,16183078,18
Williams,5676296,11
Tollman,5676296,18
Victor,5676296,23
Joe,5676296,23
Russell,5676296,19
Wallace,5676296,1
Alex,5676296,10
Roberta,142262,24
Greenfield,142262,21
Benton,142262,4
Tony,142262,8
Biddle,142262,7
Bradly,142262,13
Debbie,142262,20
Ashly,142262,0
Tammy,142262,3
Pat,142262,15
Rikki,142262,6
Hamilton,142262,8
Annie,142262,6
Tim,142262,16
Hardwick,142262,12
Donna,142262,23
Lisa,142262,23
Alassane,35014091,13
Mannu,18056742,13
Arjun,18056742,6
Zoheb,18056742,3
Atim,12083008,4
Nassara,12083008,17
Young,12083008,8
Cathy,304428,3
Mitch,304428,19
Daniels,304428,21
Brenner,304428,6
Lydia,304428,16
Annie,304428,22
Hayworth,304428,15
Melanie,304428,3
Roth,31016807,12
Tanaka,31016807,20
Azuma,748858,21
Kitano,748858,11
Patty,3080716,17
Jackson,3080716,8
Turner,3080716,19
Ray,3080716,3
Eric,3080716,3
Jonathan,3080716,8
Tammy,3080716,14
Sawyer,3080716,18
Rachel,3080716,3
Eden,3080716,3
Sean,3080716,3
Elvira,32910716,15
Giovanni,32910716,6
get,32910716,19
Julie,32910716,2
Charles,32910716,15
Alphonse,32910716,20
Augustus,26639555,6
Brockdorff,26639555,13
Constantia,26639555,6
Kavita,3030811,9
Shambhu,3030811,18
Ranade,3030811,0
Dhaan,3030811,4
Babban,3030811,4
Singh,3030811,12
Durga,3030811,14
Narsimha,3030811,18
Minetti,28442087,6
Anton,28442087,4
Garrie,28442087,5
Joan,14318573,4
Wallingham,14318573,12
Martin,14318573,23
Corrigan,14318573,16
Kennedy,23266854,11
Kennedys,23266854,17
Kim,23266854,19
Karan,10965647,6
Khanna,10965647,13
Yatinder,10965647,13
Hoshi,10965647,22
Ziesha,10965647,23
Malhotra,10965647,21
Tom,11341340,23
Jerry,11341340,3
Michael,7070629,24
Mickey,7070629,2
Mouse,7070629,14
Elmo,21089272,7
Amy,21055071,3
Martinescu,21055071,3
Harry,21055071,6
Chelarin,21055071,18
Cody,21055071,21
Martin,21055071,6
Lorne,21055071,11
Celia,21055071,24
Johnson,21055071,15
Eli,21055071,3
Butch,21055071,23
Puckett,21055071,3
Horn,4201066,16
LaLanne,30919182,23
Martin,30919182,11
Grey,30919182,9
Tokuda,30919182,4
Wexler,30919182,6
Somers,30919182,23
Pendleton,5892358,19
Veerababu,18895294,14
Rajeswari,18895294,23
Bullabbayi,18895294,21
Ueli,22871566,8
Pascal,22871566,20
Ricky,22871566,9
Mariana,525305,0
Kalfus,525305,4
Aurelio,525305,15
Daniel,525305,23
nchez,525305,0
Rayburn,525305,15
Creasy,525305,17
Manzano,525305,8
Ramos,525305,4
Lisa,525305,19
Skinner,18676578,10
Cowboy,18676578,4
Dooley,18676578,24
Megan,159980,3
Dobbs,159980,17
Miller,159980,20
Don,159980,6
Jindrake,159980,18
Keeble,159980,13
Jenna,159980,7
McGinty,159980,20
Max,159980,21
Fisher,159980,1
Troy,159980,17
Johnny,26364077,16
Higgins,26364077,23
Boomer,26364077,12
Lee,2387927,4
Billy,2387927,14
Michael,2387927,13
Terri,2387927,19
Bill,2387927,8
Dean,2387927,23
Allie,2387927,19
Johnson,2387927,0
Heard,2387927,18
Carrie,2387927,14
Charlie,2387927,18
Bratley,2387927,20
Curtis,2387927,18
Moranis,2356721,20
Kennedy,2356721,22
Seymour,2356721,19
Jack,2356721,21
Issel,2356721,3
Nixon,2356721,17
Jane,2356721,21
Sal,2356721,15
DeVito,2356721,20
Dantley,2356721,15
Rachel,2356721,23
Hoover,2356721,9
Steadman,2356721,10
Hudson,2356721,11
Gross,2356721,10
Sanchez,2356721,10
Helmes,2356721,3
Palmer,10746393,15
Paula,10746393,9
Nick,10746393,3
Kate,10746393,3
Armstrong,10746393,18
Zoe,10746393,5
Martha,10746393,8
Beau,5440306,6
Ruse,5440306,5
Dagineau,5440306,6
Zinderneuf,5440306,12
John,5440306,15
Macky,20863875,21
Aira,20863875,4
Palmer,24390203,12
Gibb,24390203,3
Brett,24390203,1
Ally,24390203,16
Seetha,35281444,6
Mani,35281444,21
Balu,35281444,22
Arun,35281444,23
Lane,1059280,8
Superman,1059280,23
Kent,1059280,2
Luthor,1059280,17
Zod,1059280,3
Lara,1059280,19
Lois,1059280,4
Jaibo,3649527,3
Pedro,3649527,3
n,3649527,3
Meche,3649527,0
Corey,3010124,16
Bosworth,3133545,17
Tim,3133545,17
Morse,3133545,9
Albert,3133545,7
Breyers,3133545,9
Cornell,3133545,15
Chandler,3133545,11
Wally,3133545,17
Nancy,3133545,3
Nora,3133545,23
Manlio,5627729,8
Rossi-Chaillet,5627729,15
Iacovoni,5627729,23
Daniela,5627729,21
Fabietto,5627729,15
Agata,5627729,24
Caterina,5627729,14
Margherita,5627729,6
Germano,5627729,4
Gordon,2581818,19
Hans,28602603,17
Gertrud,28602603,24
Richy,28602603,2
Flo,225481,9
Faye,225481,2
Vera,225481,18
Hyatt,225481,6
Audrey,225481,16
Ben,225481,19
Tommy,225481,10
Alice,225481,2
David,225481,5
Sai,13444065,21
Iht,13444065,3
Mhok,13444065,23
Maek,13444065,6
God,1267905,6
Merritt,1267905,4
Barney,1267905,4
Imoto,1267905,13
Siegle,1267905,20
Mahoney,1267905,6
Krauss,1267905,15
Boop,27960819,4
Grable,27960819,22
Winthrow,14830123,9
Maria,18601112,12
Suzanne,18601112,9
Dina,18601112,12
Bambi,18601112,2
Johny,13578633,3
Johnny,13578633,8
Verma,13578633,0
Govinda,13578633,14
Mary,13578633,19
Kennedy,5964302,11
Wyatt,5964302,13
Carson,5964302,17
Wells,5964302,6
Matt,5964302,2
Boyd,5964302,12
Oswald,5964302,8
Babs,9144986,21
McCloud,9144986,16
Merritt,9144986,6
Louise,9144986,3
Davis,9144986,12
Burgess,9144986,7
Nami,5485644,6
Soichi,5485644,1
Shinichi,5485644,24
Kohei,5485644,6
John,5485644,22
Lupo,29005690,22
Bradley,29760380,17
Loring,29760380,17
Logan,29760380,14
Robson,29760380,1
Martin,31718616,17
Grabow,31718616,12
Zimmer,31718616,24
XII,2008260,15
B,2008260,1
Fontana,2008260,10
Gerstein,2008260,6
Lincoln,5776001,0
Muthallali,26731746,15
Induchoodan,26731746,4
Trixie,22175264,21
Gripullon,22175264,17
Timmy,22175264,3
Jipjorrulac,22175264,5
Mark,22175264,13
Organa,22175264,1
Yugopotamia,22175264,16
Vicky,22175264,7
Skywalker,22175264,18
Simmons,22175264,8
Grippulon,22175264,23
Crocker,22175264,3
Jorgen,22175264,6
Vader,22175264,22
Tang,22175264,0
Wanda,22175264,13
Chester,22175264,21
Cave,22175264,23
Coszilla,22175264,10
Dimmsdale,22175264,21
Menville,105972,13
Madeline,105972,3
Ashton,105972,19
Sharp,105972,12
Ernest,105972,3
Helen,105972,21
Ipsilanti,17607081,13
Fitzgerald,17607081,4
Tchilibia,17607081,20
Proust,17607081,5
Dumitriu,17607081,8
Simon,17607081,6
Debretsy,17607081,20
Ellis,2259349,24
Stella,2259349,3
Stanton,2259349,6
Madley,2259349,16
Clara,2259349,21
Mills,2259349,8
Walton,2259349,4
Judd,2259349,17
Atkins,2259349,0
Pike,32987673,21
Saroja,23989204,3
Gundamma,23989204,2
Lakshmi,23989204,21
Raja,23989204,3
Padma,23989204,9
Bhupati,23989204,15
Ramabhadraiah,23989204,14
Gantaiah,23989204,9
Anji,23989204,7
Pete,26314659,13
Shekhar,5960014,21
Aarti,5960014,14
Kottai,5209755,10
Muthappa,5209755,5
Haddock,11400848,3
Castafiore,11400848,8
Salaad,11400848,1
Silk,11400848,20
Hall,11400848,8
Francis,11400848,9
Sakharine,11400848,13
Allan,11400848,19
Rackham,11400848,10
Sark,312757,16
Ram,312757,22
Warner,312757,9
Dillinger,312757,13
Flynn,312757,6
Bradley,312757,24
Baines,312757,12
Ratanlal,11943293,15
Sylvie,11943293,22
Mala,11943293,14
Mangal,11943293,3
George,32777123,17
Claire,32777123,9
Dominique,32777123,24
Kiran,4459597,6
Amma,4459597,17
Rajan,4459597,16
Clarke,326982,22
Lawrence,326982,10
Chris,326982,6
Harper,326982,13
Leno,326982,20
Annie,326982,23
Alice,11872722,24
Emile,11872722,1
Hire,11872722,15
Yoko,2382272,21
John,2382272,21
Howard,6004372,21
Steed,6004372,19
Roger,6004372,6
Denise,6004372,3
Phillips,6004372,16
Matthew,6004372,8
Buxton,6004372,1
Edna,6004372,3
Shelley,6004372,10
Cheryl,6004372,6
Milner,6004372,21
Murray,6004372,11
Doris,6004372,19
Caszatt,6004372,19
Porter,6004372,19
Vandeteer,34115178,14
Elsie,34115178,5
Blabb,34115178,17
Thacker,34115178,8
Dodge,34115178,12
Brown,34115178,17
Ned,34115178,21
Rachel,31708392,16
Erickson,31708392,10
Aleksei,21917672,7
Timati,21917672,3
Artur,21917672,4
Konstantin,21917672,16
Nastya,21917672,19
Kendrick,2460499,6
Forrest,2460499,22
Carol,2460499,19
Petrie,4574509,13
Tang,4574509,1
Manchu,4574509,1
Smith,4574509,24
Pashu,4574509,10
Manilow,2221417,14
Simpson,2221417,5
Beasley,2221417,15
Raphael,2221417,15
Andrew,2221417,21
Fox,2221417,9
Victor,2221417,17
Dirk,2221417,14
Maudey,2221417,16
Max,2221417,6
Grace,2221417,21
Henry,28744945,11
Hennessey,28744945,12
Lord,28744945,3
Barclay,6558325,8
Bowden,6558325,9
Singletery,6558325,24
Bledsoe,6558325,9
Sauvage,6558325,14
Tamara,6558325,23
Chun,10814964,24
Kwong,10814964,4
Yen,10814964,10
Wei,10814964,7
Yeung,10814964,17
Baker,10378192,9
Mason,10378192,3
VI,10378192,17
Pam,10378192,2
Hunter,10378192,0
Brown,10378192,3
Greeno,10378192,16
Grossman,31499768,11
Yehudit,31499768,0
Shkolnik,31499768,5
Eliezer,31499768,13
Uriel,31499768,13
Ramlie,8144777,15
Klon,8144777,9
Sandha,8144777,23
Apek,8144777,4
Halim,8144777,20
Hairi,8144777,16
Khan,33354076,15
Chun,4467106,6
Ho,4467106,6
Yesan,4467106,16
Pak,4467106,3
Wan,4467106,9
Yat-sen,4467106,12
Tung,4467106,24
Ma,4467106,3
Li,4467106,23
Harg,28712530,21
Bernice,31312052,7
Lymon,31312052,12
Sutter,31312052,8
Willy,31312052,6
Berniece,31312052,23
Genevieve,18501121,21
Christ,18501121,12
Schomberg,18501121,16
Schomburg,18501121,21
Murcie,18501121,16
Martial,18501121,6
Isabelle,18501121,3
Werster,18501121,13
Novalic,18501121,19
Jean,18501121,4
Bolin,18501121,16
Saxena,10891439,12
Saigal,10891439,9
Karan,10891439,6
Shashi,10891439,12
Nisha,10891439,6
Ritu,21206905,23
Varsha,21206905,21
Varma,21206905,3
John,21206905,7
Shaun,4362616,16
Christoffel,31191566,3
Catherine,31191566,5
Duane,24578244,22
Barry,24578244,9
Booth,24578244,13
Anna,7418189,8
Singh,7418189,4
Bim,7418189,23
Nan,1750723,7
Vena,1750723,7
Didi,1750723,7
Raphaella,1750723,2
Theo,1750723,24
Morna,1750723,7
Deucalion,1750723,17
Cyrnan,1750723,24
Ian,6492028,21
Howard,6492028,16
Terry,6492028,3
Stark,6492028,19
Higgins,6492028,2
Burns,6492028,12
Lawrence,5746114,1
Fiennes,5746114,10
Samantha,26561184,12
Paul,23923137,7
Hitler,23923137,4
Hymer,23923137,20
Erickson,23923137,15
Hicks,23923137,11
Watson,23923137,9
Genet,1328186,12
Donald,1328186,4
Davenport,1328186,7
Gator,1328186,1
Dasher,1328186,9
Peterson,1328186,6
Krishna,1328186,3
Ida,1328186,2
Donna,1328186,4
Chicklette,1328186,3
Franz,23675212,21
Eetvi,23675212,16
Mertsi,23675212,6
Ville,23675212,6
Veer,6608849,4
Riya,6608849,4
Vicky,6608849,4
Karna,6608849,9
Malhotra,6608849,2
Vikatan,4851596,8
Gayatri,4851596,21
Aadi,4851596,15
Ajith,4851596,10
Cheeni,4851596,8
Rock,10910275,12
Taylor,10306502,24
Will,10306502,21
Ichi,33064104,7
Webb,19931769,11
Hogan,19931769,21
Wolodarsky,1075838,12
Santos,1075838,18
Plantier,1075838,7
Ray,1075838,1
Drakoulias,1075838,1
Sakowitz,1075838,1
Ubell,1075838,10
Zissou,1075838,16
Plimpton,1075838,3
Ogata,1075838,20
Winslett-Richardson,1075838,17
Hennessey,1075838,9
Belafonte,1075838,16
Eleanor,1075838,2
Pietro,1075838,22
Pel,1075838,6
Daimler,1075838,16
Lester,8856020,6
Joel,8856020,16
Bobbie,8856020,23
Mary,8856020,13
Nancy,8856020,17
Donald,3602322,9
Hartley,13445119,23
Leigh,13445119,6
Dainton,13445119,8
Miles,21875242,15
Andrew,21875242,15
Duncombe,21875242,20
Malachi,34169145,10
Don,34169145,16
Julius,16618557,21
Rita,16618557,14
Peter,16618557,23
Boyle,16618557,19
Hoskins,16618557,14
Cardwell,61530,6
Patricia,61530,21
Frost,61530,6
Patsy,61530,3
Stokowski,61530,6
Juliet,23393578,6
Julie,23393578,5
Flo,22660896,4
Kelly,22660896,0
Becker,22660896,9
Fandango,22660896,14
Chau,21429198,14
Pitkin,12595470,6
Lauren,4158862,12
Chris,4158862,23
David,4158862,23
Chola,19753877,0
Ambikapathy,19753877,13
Kambar,19753877,15
Bertille,19498936,13
Flanagan,1713997,11
Rose,1713997,6
Dolan,7788006,17
Hardin,7788006,6
Gilbert,7788006,20
Brickley,7788006,12
Hamilton,7788006,17
McCready,7788006,20
Harley,5501312,0
Yann,26099181,16
Thomas,26099181,16
Vincent,26099181,16
Ammu,31200386,2
Jayakrishnan,31200386,6
Vijayakrishnan,31200386,6
Madhumita,36093115,6
Venkat,36093115,6
Saga,4704156,12
Luffy,4704156,17
Kaplan,27525185,22
Miriam,27525185,4
Craig,27525185,11
Jenkins,7301722,12
Probert,7301722,17
Liz,7301722,6
Lewis,7301722,6
Jean,7301722,21
Gruffydd-Williams,7301722,19
Vida,6231069,6
Show,6231069,9
Foudroyant,6231069,15
Wally,6231069,16
Wallace,6231069,3
Savithri,9633777,14
Swapna,9633777,3
Gokulan,9633777,6
Vignesh,9633777,17
Krishnan,9633777,3
Pillai,18340475,6
Madhavan,18340475,8
Siddique,18340475,23
Walewska,28846185,14
Beranger,28846185,3
Bonaparte,28846185,20
Madhu,5044905,1
Siva,5044905,4
Harron,37257312,9
Jenks,37257312,6
Howard,37257312,2
Phoebe,37257312,1
Peter,557036,7
Nadia,557036,11
Sylvia,557036,6
Riccardo,557036,6
Paola,557036,14
Patricia,557036,9
Nico,557036,3
Bach,557036,21
Maddalena,557036,13
Robert,557036,3
Gherardi,557036,6
Steiner,557036,2
Maddelena,557036,2
Sutri,557036,22
Prado,557036,9
Kezich,557036,6
Madonna,557036,16
Alpert,557036,11
Bondanella,557036,6
Emma,557036,3
Pete,693163,21
LefcowitzMonkeemania,693163,15
Rafelson,693163,3
Monkees,693163,18
Yun-bok,23680379,8
Kevin,897481,1
Sandy,897481,10
Rick,897481,3
Greg,897481,3
Terri,897481,6
Denise,897481,10
Tolan,897481,4
Griffith,897481,18
Muslims,35014220,2
Haidara,35014220,14
Mallard,23634493,15
Winston,441353,5
Hitler,441353,1
Stalin,441353,14
Roosevelt,441353,0
Hans,441353,21
Ollie,4751590,6
Stan,4751590,3
Framton,21825241,6
Vera,21825241,10
Sappleton,21825241,6
Starr,904125,9
Tonda,904125,18
Lana,904125,0
Lennon,904125,11
Atouk,904125,23
Hoarau,35004541,15
Waro,35004541,4
Max,8936009,14
Doe,4083138,7
Hardy,6183117,11
Howitt,10572926,16
Nature,10572926,19
Arkwright,10572926,8
Johns,10572926,7
Kirstin,10572926,2
Kitty,28422883,5
George,28422883,6
Greenwood,28422883,1
Ingrid,3175656,9
Martyn,3175656,2
Anna,3175656,21
Stephen,3175656,6
Peter,3175656,6
Sally,3175656,23
Fleming,3175656,13
Barton,3175656,10
Bottman,1496622,13
Clark,1496622,6
Barrett,1496622,12
Napier,1496622,13
Joe,1496622,12
Levias,1496622,12
Sams,1496622,6
Richard,7644867,22
Barbara,7644867,16
Suicide,7644867,1
bera,33837037,16
Kiyoshi,3004593,21
Takuya,3004593,23
Pasolini,3004593,5
Yamazaki,3004593,23
Sykes,4979704,15
Said,4979704,15
Cathy,1342884,6
Ricks,1342884,21
Sandy,1342884,3
Flipper,1342884,23
Moran,1342884,10
Dirk,1342884,5
Pete,1342884,21
Field,1342884,15
Kim,1342884,16
Marvin,1342884,24
Porter,1342884,3
Ohara,32382851,10
Tomoko,32382851,18
Kharbanda,20904682,7
Sridevi,20904682,5
Pathak,20904682,9
Rajaa,20904682,2
Hassan,20904682,19
Mehna,20904682,21
Madhukar,20904682,11
Saawan,20904682,20
Dev,20904682,15
Palekar,20904682,5
Kahan,20904682,5
Tyler,1468099,14
Tony,1468099,22
Gordon,1468099,3
Ray,1468099,17
Kate,1468099,11
Joe,1468099,24
Charlie,1468099,11
Moore,1468099,1
Sara,1468099,3
Toombes,7146876,21
Dorothy,7749729,3
Aiko,22951467,23
Yoshioka,22951467,2
Finnigan,30366479,8
Go,30366479,9
Cook,5565430,4
David,5565430,3
Fowlie,5565430,9
Haider,13268401,14
Saif,13268401,15
Jackson,2906780,9
Hormel,2906780,2
Kopple,2906780,8
Rogers,2906780,5
Mortensen,9409095,0
Tony,9409095,23
Gajapathy,34420928,5
Amutha,34420928,2
Kadhir,34420928,23
Arzai,13687674,10
Iyer,13687674,13
Pundit,13687674,6
Rosemarie,459801,24
Solek,459801,3
Perel,459801,21
Hitler,459801,14
Peters,459801,16
Stalin,459801,14
Youth,459801,3
Nazis,459801,17
Dzhugashvili,459801,15
Gerd,459801,9
Robert,459801,24
Leni,459801,3
Isaak,459801,4
Leung,28443267,17
Yen,28443267,8
Peter,28443267,4
Fox,28443267,5
Yeung,28443267,3
Woods,28443267,4
Salvitti,28443267,23
Ming,28443267,6
Wong,28443267,17
Michael,28443267,3
Donnie,28443267,17
Madam,28443267,6
Berwick,28443267,23
Luk,28443267,17
Robinson,28443267,7
Bilidikid,33974026,10
Lola,33974026,21
Osman,33974026,16
Murat,33974026,6
Billy,33974026,3
Sharon,21197117,21
Cannon,21197117,3
Tiare,21197117,10
Mikhail,21197117,24
Diana,21197117,10
Mickey,21197117,23
Sweigert,21197117,9
Santelli,21197117,0
Emily,23517727,19
Paul,468326,3
Jordan,468326,23
Peck,468326,15
Jack,468326,17
Rivers,468326,2
Cristina,468326,3
Dixit,15479813,20
Chutki,15479813,5
Amy,2771792,1
Sloan,2771792,16
Sinatra,2771792,3
Burke,2771792,16
Tuttle,2771792,19
Barney,2771792,21
Laurie,2771792,1
Alex,2771792,1
Kalidor,30854972,6
Brytag,30854972,15
Falkon,30854972,14
Tarn,30854972,21
Sonja,30854972,3
Gedren,30854972,17
Murphy,10812453,15
Monger,10812453,20
Susan,10812453,3
Dietl,10812453,21
Gallaxhar,10812453,17
Cockroach,10812453,13
Insectosaurus,10812453,17
Sam,8407838,3
W.C.,584261,21
Hulke,584261,19
Plummer,584261,2
Spanner,584261,0
Beattie,584261,5
Withering,584261,15
Boggs,584261,21
Coote,584261,17
Hawtrey,584261,12
Chloe,584261,21
Moore,584261,20
Okono,9442685,13
Hime,9442685,22
Gishiro,9442685,22
Matsuemon,9442685,14
Ashio,9442685,17
Yuki,9442685,3
Kobue,9442685,13
Tokuichi,9442685,17
Shirayama,9442685,17
Banz,9442685,18
Sayo,9442685,17
Gishir,9442685,17
Stevens,2861197,19
Forbes,2861197,22
Mona,2861197,8
Kang,11065327,18
Tommy,11065327,17
Daigo,32934800,3
Kyoko,32934800,5
Kiriko,32934800,6
Kohei,32934800,8
Rico,492158,23
Maggie,492158,21
Dixon,492158,7
Calloway,492158,7
O'delay,492158,7
Grace,492158,15
Slim,492158,4
Jack,492158,10
Buck,492158,4
Cortez,12320219,18
Burke,12320219,14
Tom,22154516,6
Jerry,22154516,18
Munch,22154516,21
Courtney,22154516,15
Schneider,22154516,15
Gloria,22154516,18
Burt,22154516,16
Roderick,22154516,6
Messina,22154516,20
Garnett,22154516,5
Farlander,22154516,13
Lily,22154516,19
Hamilton,22154516,10
Lowell,22154516,19
Khan,33588763,5
Kapoor,33588763,13
Bansiram,33588763,13
Chotu,33588763,12
Zindagi,33588763,22
Naaz,33588763,5
Kumar,28713362,13
Shetty,28713362,6
Rawal,28713362,11
Hariya,28713362,6
Bahl,28713362,7
Raju,28713362,6
Joshi,28713362,3
Vikram,28713362,3
Devgan,28713362,22
Tremayne,34149732,2
Randalph,34149732,22
Magori,35012839,22
Stanton,1380766,24
Mendes,1380766,1
Wilson,1380766,7
Edward,22614516,21
Lamasan,22614516,9
Haber,9210138,18
Johann,9210138,4
Laverne,9210138,1
Kitty,9210138,16
Jackson-Greer,9210138,7
Max,9210138,14
King,9210138,12
Khan,29377933,22
Mulan,29377933,9
Taylor,13048786,10
Fulton,13048786,19
Carson,13048786,19
Melanee,13048786,17
Gilbert,13048786,12
Jenny,13048786,7
Lois,13048786,19
Anderson,13048786,15
Anne,13048786,21
Dorothy,13048786,13
Francis,16486542,7
Clare,16486542,2
Judas,36132020,3
Jennifer,36132020,23
Liz,36132020,19
Nicole,36132020,3
Barlow,36132020,13
Eva,36132020,13
Stevie,36132020,12
Glick,36132020,22
Annie,36132020,3
Creek,36132020,1
Simone,3645005,6
Dreyfus,3645005,3
Algo,3645005,12
Douvier,3645005,6
Rousseau,3645005,10
Scallini,3645005,22
Clouseau,3645005,18
LeGree,3645005,11
Chong,3645005,7
Ragusa,18070657,23
Dr,18070657,7
Maroje,18070657,18
de,18070657,15
Zamagna,18070657,17
Vetranovi,18070657,7
Medici,18070657,19
De,18070657,1
i,18070657,16
Cabrera,18070657,24
Lukarevi,18070657,4
Chomsky,21065038,12
Troshkin,3504856,23
Alexander,3504856,19
Merrick,4717823,6
Hudson,4717823,18
Helen,4717823,16
Rizzi,8152402,17
Jones,9830383,6
Leibniz,9830383,12
Sautoy,9830383,10
Hiroko,9901123,16
Maki,9901123,3
Kanae,9901123,23
Rina,9901123,3
Arjun,27876763,8
Lisa,27876763,3
Lucy,2297089,3
Anna,2297089,13
Muir,2297089,19
Gregg,2297089,6
Fairley,2297089,24
Paul,16235196,6
Cassidy,16235196,17
Viaduct,16235196,11
Frankie,16235196,3
Rosemary,16235196,21
Tommy,16235196,6
Callow,16235196,3
Frances,16235196,13
Rees,25245866,15
Kathryn,25245866,6
Ward,25245866,19
Bolkovac,25245866,5
Kagan,2278569,17
Rayne,2278569,6
Katarin,2278569,17
Sebastian,2278569,22
Elrich,2278569,11
Vladmir,2278569,24
Vladimir,2278569,16
Patty,2916428,3
DeLuca,2916428,17
Ava,2916428,17
Jerry,2916428,17
Vicky,2916428,3
Donwynn,2916428,6
Rubinsky,2916428,15
Boris,2916428,10
Heller,2916428,17
Derber,2916428,23
Sam,2916428,16
Marshall,2916428,17
Charlie,2916428,23
Isaac,2916428,17
Emma,2916428,23
Jackie,2916428,3
Lucie,18580314,13
Duverger,18580314,24
Louise,18580314,5
Verne,18580314,5
Kathy,1245870,6
Kyle,1245870,5
Ween,1245870,1
Jacobsen,1245870,3
Pat,1245870,6
Riley,1245870,18
Chris,1245870,8
Samarpur,1324910,24
Rehman,1324910,17
Shagun,1324910,3
Sarah,1324910,3
Mathur,1324910,5
Nikhil,1324910,6
Portmann,24518077,3
Prokoff,24518077,4
Vespucci,24518077,14
Yoshida,24518077,17
Bruckner,24518077,4
Lindbergh,24518077,24
Decker,24518077,24
Rhea,24518077,9
Lacroix,24518077,2
Potts,1001727,4
Varghese,23410614,21
Latha,23410614,2
Unni,23410614,21
Jose,23410614,16
Savage,26177915,4
McDaniel,23949470,5
Cooper,23949470,10
Woody,23949470,7
Evelyn,23949470,21
Johnson,23949470,2
Cagney,23949470,20
Johnny,11293485,17
Ross,11293485,14
Anderson,11293485,24
Pearson,11293485,17
Graham,11293485,18
Bosco,25399151,3
Mazie,25399151,24
Carlos,25399151,14
Giuseppe,25399151,24
Twombly,25399151,14
Marmaduke,25399151,21
Buster,25399151,13
Chupadogra,25399151,19
Phil,25399151,3
Jezebel,25399151,24
Seva,33743708,3
Santha,33743708,3
Rajaguru,33743708,13
Vishnu,33743708,23
Jeevudu,33743708,21
Bhavudu,33743708,15
Sridevi,33743708,5
Guiton,15449599,6
Glycia,15449599,19
Veronique,15449599,0
Gastier,15449599,4
Malaquet,15449599,11
Pierre,15449599,3
Lisa,15449599,6
Marsalis,12596990,13
Abhay,30613718,17
Sanjana,30613718,17
Rana,30613718,1
Singh,30613718,24
Rambotham,20920299,16
Evelyn,20920299,3
Wood,752155,12
Nick,752155,8
Fitch,752155,6
Easter,752155,5
Coleman,752155,17
Brandt,752155,15
Marlee,752155,6
Celeste,752155,23
Herrera,752155,14
Kerr,752155,10
Rohr,752155,21
Harkin,752155,1
Doyle,752155,16
Janovich,752155,16
Benjamin,7944229,11
Harris,7944229,5
Fox,7944229,4
Bogdanovi,7944229,18
Srdjan,7944229,24
Boris,7944229,18
Hunt,7944229,23
Simon,7944229,20
McGregor,25833783,16
Hayes,25833783,17
Hunter,25833783,23
Coleman,25833783,12
Stahl,25833783,5
Henry,24437207,16
William,24437207,6
Martin,24437207,19
Johnson,24437207,11
Decker,24437207,21
Martha,24437207,6
Tommy,24437207,3
Terwilliger,24437207,22
Doug,8461710,8
Louise,8461710,19
Julia,8461710,14
Sandburg,8461710,16
Chris,8461710,15
Bruce,64291,4
Lenny,64291,14
Singler,16434354,23
Saiful,18475018,23
Mazlan,18475018,8
Rahman,18475018,21
Ratnapuri,18475018,0
Azlee,18475018,18
Broad,14734726,9
Montgomery,14734726,9
Prince,14734726,9
Joe,14734726,5
Moe,14734726,22
Larry,14734726,22
Fox,5564328,11
Keaton,5564328,11
Arun,18089114,21
Jack,961937,3
Lawrence,961937,23
Putley,961937,3
Angelica,74979,22
Gray,74979,11
Cornelia,74979,3
Molly,74979,13
Irene,74979,6
Godfrey,74979,6
Carlo,74979,11
Rumple,74979,18
Bullock,74979,6
Tommy,74979,6
Bullocks,74979,14
Althea,16546354,23
Jennifer,16546354,10
Nikolaevich,32565925,15
Rasputin,32565925,9
Broward,1371186,12
Pollock,1371186,10
Hancock,1371186,24
Hust,6253823,12
Conan,6253823,16
Obruchev,6253823,12
Bejval,6253823,12
Pauline,572255,17
Pusser,572255,23
Orin,67431,6
Kellogg,67431,24
Taggert,67431,14
Sarah,67431,4
Sr.,67431,3
Jr.,67431,11
Lang,67431,15
Peter,22561914,21
Zeke,22561914,13
Dholak,29865278,3
Tony,29865278,6
Kishen,29865278,3
Breganza,29865278,6
Verma,29865278,0
Goonga,29865278,5
Bhende,29865278,18
Radha,29865278,2
Daya,14288749,3
Mouli,14288749,21
Jose,14288749,14
Balu,14288749,15
Vivek,14288749,21
Sreenivasan,14288749,9
Siddique,14288749,6
Menon,31156941,13
Raj,29540150,6
Don,29540150,24
Ronnie,29540150,17
Victor,29540150,6
Bashir,29540150,0
Naina,29540150,21
Charlie,29540150,1
Riya,29540150,6
Mascarenhas,29540150,18
Braganza,29540150,24
Arous,9031555,10
Gor,9031555,18
Napoleon,917363,4
Grushenko,917363,5
Sonja,917363,4
Blow,6811293,10
Sterling,6811293,19
Brooke,6811293,6
Casey,6811293,22
Delamo,6811293,6
Brokaw,6811293,17
McGruder,6811293,2
Franzese,6811293,9
Capone,6811293,22
Robinson,6811293,1
Kutash,6811293,15
Troy,6811293,3
Basha,15157654,23
Godolphin,15157654,15
Tressilian,15157654,12
Rosamund,15157654,1
Lionel,15157654,15
Mahia,6690496,8
Jim,6690496,6
Johnston,6690496,16
Fuyuki,6790911,3
Kululu,6790911,4
Tamama,6790911,10
Keroro,6790911,6
Kururu,6790911,20
Mirara,6790911,3
Giroro,6790911,16
Natsumi,6790911,16
Kiruru,6790911,10
Sun-hee,7362782,24
Chang-wook,7362782,6
Mun-suk,7362782,2
Xiazi,5324002,18
Tandyabhai,11132239,10
Arjun,11132239,17
Shankar,11132239,21
Lukkabhai,11132239,23
Vivek,11132239,22
don,11132239,15
Davidovich,1977161,19
Landau,1977161,18
Gere,1977161,7
Selby,1977161,9
Morrison,1977161,19
Marshak,1977161,8
Eastman,1977161,15
Katumbi,35336357,7
Seko,35336357,7
Kearney,14686017,18
Curren,14686017,17
Frye,18692364,5
Karuppu,6575187,12
Srimathy,6575187,14
Eswari,6575187,24
Ganesh,6575187,14
Saikumar,26665823,21
Sumitra,26665823,8
Balan,26665823,4
Maurier,26665823,8
Kutty,26665823,2
Jayasudha,11143138,19
Lakshmi,11143138,11
Jayabharathi,11143138,11
Jeevan,11143138,5
Ganesan,11143138,5
Hassan,11143138,19
Carless,30848600,15
Wayne,30848600,23
Tom,9057972,23
Jerry,9057972,23
bush,9057972,17
Polivanova,24858123,23
Deryugin,24858123,9
Jellystone,19994247,6
Mayor,19994247,7
Jones,19994247,6
Rachel,19994247,6
Smith,19994247,6
Brown,19994247,6
Boo,19994247,4
Yogi,19994247,6
Sergey,10531330,16
Salikh,10531330,17
kotha,12515074,19
Gujjar,12515074,6
Rana,12515074,4
Shareef,12515074,6
Maulvi,12515074,20
Pola,12515074,17
Clay,5266051,1
Hale,5266051,9
Griffin,5266051,21
Mary,5266051,17
Jay,1325571,22
Shua,1325571,13
Serena,35168221,19
Kurtz,35168221,7
Rolf,924038,24
Stefan,924038,19
Lasse,924038,1
Anna,924038,12
Eva,924038,24
Stanic,3493556,17
Slavko,3493556,8
Vlado,3493556,22
Selimovi,3493556,9
Mitch,3367826,14
Stella,3367826,3
Grey,3367826,8
Mitchell,3367826,12
Auriol,3367826,5
Kowalski,3367826,3
DuBois,3367826,9
Blanche,3367826,3
Tan,27839884,21
Jiang,27839884,19
Master,27839884,0
Cixi,27839884,12
Ren,27839884,21
Jinglun,27839884,0
Liu,27839884,4
Dowager,27839884,12
Wallace,27839884,4
Jackson,15491650,10
Allen,15491650,8
Dunnigan,15491650,23
Walker,15491650,15
Dobbs,15491650,6
Pickett,15491650,7
McCrae,15491650,12
F.,15491650,4
Cimino,73425,4
Nick,73425,17
Mike,73425,3
Ebert,73425,10
Mildred,6309125,8
Harold,6309125,17
Farley,4207557,6
Muggins,4207557,9
Hugo,4207557,4
Amour,4207557,4
Rupp,4207557,15
Amelia,4207557,3
Minkey,4207557,4
Dr.,4207557,4
Mike,4207557,17
Edith,4207557,6
Johnson,32484499,22
Calgary,26177719,13
Jack,26177719,10
Argyle,26177719,23
How-Come,2317139,10
Kiki,2317139,9
Manning,2317139,14
Clo-Clo,2317139,3
Flicka,28051279,10
Amy,28051279,21
Toby,28051279,5
Carrie,28051279,4
Hank,28051279,21
Walker,28051279,23
Katy,28051279,14
McLaughlin,28051279,18
Jerry,7194623,9
Perrault,16731190,1
Somera,3387343,8
Mictlantecuhtli,3387343,10
Maria,3387343,17
Diego,3387343,24
Tezcatlipoca,3387343,8
Ambleton,24080238,2
Miller,24080238,5
Larissa,1511848,1
Angela,1511848,10
Ferreira,8893746,23
Vasili,8893746,10
Vila,8893746,0
Krazy,33339970,3
Kat,33339970,15
Hardy,33339970,23
Hanson,12425109,11
Kelly,12425109,21
Jim,26139359,21
Vicky,35137638,3
Siddharth,35137638,6
Kaavya,35137638,6
Dhanrajgir,35137638,5
Antonio,14107883,21
Charo,14107883,12
Lou,3151857,13
Krank,3151857,22
Helperman,3151857,14
Scott,3151857,15
Gray,13408805,20
Medea,13408805,6
Ian,13408805,3
Jenny,13408805,16
Walker,13408805,8
Stone,13408805,0
Kumar,8160070,4
Devi,8160070,9
Soniya,8160070,24
Singh,8160070,18
Chaudhary,8160070,0
Thakur,8160070,21
Radha,8160070,23
Vijay,8160070,2
Danilo,35592739,5
Dean,3985740,19
Chloe,3985740,9
Abaca,383455,3
Justine,383455,19
Jones,383455,21
Spelvin,383455,4
Ulysses,23666508,17
Diogenes,23666508,6
Hercules,23666508,4
Diana,23666508,14
Petra,23666508,17
Hoover,3210646,12
Parker,11875853,23
Kennedy,2165639,24
Baile,2165639,21
McLyntock,2165639,12
Laurie,2165639,1
Hendricks,2165639,17
Wilson,2165639,10
Cole,2165639,6
Catty,5565338,19
Feeny,5565338,20
Torkel,5565338,3
Harvey,5565338,2
Pembrook,5565338,19
James,5565338,19
Stroker,5565338,21
Patroni,1076567,14
Stevens,1076567,22
Gallagher,1076567,17
Wallace,1076567,17
Wilson,1076567,23
Chambers,1076567,17
Dunne,5379364,4
Sarah,5379364,3
Ridge,5379364,5
Mann,5379364,2
David,5379364,3
Stu,5606124,6
Howard,5606124,8
Cam,5606124,6
Wexler,5606124,22
Chuck,5606124,3
Carol,5606124,3
Anisha,5606124,13
Beni,35942294,8
Mae,35942294,3
Rendy,35942294,21
Eman,35942294,3
Guntoro,35942294,8
Vivi,35942294,22
Bachman,18046658,19
Jefferson,18046658,23
Jones,18046658,24
Johnson,18046658,23
Jack,18046658,3
James,18046658,24
Mitil,19144344,6
Kanchan,19144344,6
Avik,19144344,6
Beau,6061594,21
Goodwin,6061594,12
Edson,6061594,1
Jones,6061594,12
Naomi,6061594,20
Derrick,6061594,2
Preston,6061594,11
Webb,6061594,6
Yunus,2782527,1
Abraham,2782527,11
John,2782527,3
Dass,3343805,14
Minchin,3343805,3
Victoria,3343805,5
Hunter,3343805,0
Crewe,3343805,4
Sara,3343805,3
Lato,5638547,7
Morawska,5638547,21
Lansing,5638547,20
Faisal,5638547,18
Anita,28374339,10
Alice,28374339,14
Eva,28374339,24
Bailey,4515733,11
Sarita,4515733,19
Benteen,4515733,17
McRose,4515733,20
Hackett,4515733,15
Moe,3261506,15
Johnny,7961608,14
Lippy,7961608,13
Winslow,7961608,14
Lurcio,22812968,7
Sextus,22812968,12
Udaas,13473149,8
Puneet,13473149,14
Rangeela,13473149,3
Sonia,13473149,13
Mika,13473149,3
Singh,13473149,6
Bonnie,86533,14
Bailey,86533,0
Sarah,86533,3
Lizzie,86533,2
Nancy,86533,16
Chris,86533,21
Arthur,1285796,17
Garrett,1285796,4
Kayley,1285796,21
Julianna,1285796,14
Bladebeak,1285796,10
Ruber,1285796,20
Devon,1285796,16
Lionel,1285796,22
Excalibur,1285796,4
Merlin,1285796,17
Wolf,1031292,4
Chastel,1031292,9
Marquis,1031292,14
Beauterne,1031292,4
Thomas,1031292,24
Mani,1031292,16
Sylvia,1031292,17
XV,1031292,17
de,1031292,24
Morangias,1031292,17
d'Apcher,1031292,18
Sardis,1031292,4
King,1031292,18
Duhamel,1031292,4
Mundy,3874380,20
Connie,3874380,12
Muzz,3874380,10
Streebek,3874380,12
Swail,3874380,5
Whirley,3874380,7
Caesar,3874380,12
Gannon,3874380,4
Naciye,18296435,6
Mo-kei,9362866,22
Chan,9362866,13
Chiu,9362866,16
Nithya,27148466,19
Harikrishnan,27148466,24
Phillip,27148466,10
Amala,35485636,9
Durai,35485636,8
Devi,35485636,8
Raja,35485636,17
Valli,35485636,2
Gowri,35485636,2
Arumugam,35485636,17
Manikkam,35485636,3
Carmen,203841,24
Flores,203841,19
Dizzy,203841,3
Carl,203841,6
Rasczak,203841,10
Rico,203841,6
Jenkins,203841,12
Klendathu,203841,9
Zim,203841,17
Barcalow,203841,14
Watkins,203841,4
Deladier,203841,4
Bobby,2237779,11
Pendlesmythe,2237779,1
Napier,2237779,12
Ernest,2237779,3
Lyle,2237779,10
Chuck,2237779,11
Nash,2237779,23
Billy,9443129,21
Lester,17833519,15
Elizabeth,17833519,11
Pamela,17833519,12
Patrick,17833519,17
Kelly,17833519,2
McKinley,17833519,2
Sally,17833519,3
Plotkin,17833519,12
Ben,17833519,21
Marie,17833519,21
Alice,17833519,3
Cole,17833519,7
Eddy,9751939,10
Brown,9751939,7
Kingsley,9751939,0
Max,9751939,10
Samantha,7258552,21
Nadine,7258552,3
Jacques,7258552,12
Evelyne,7258552,19
Ang,7258552,3
Antoine,7258552,3
Taylor,2324795,0
Cravat,2324795,20
Lena,5470432,1
Zainab,33416405,19
Hamid,33416405,17
Derns,21958806,10
Bolin,21958806,22
Komack,23237090,12
Stephanie,23237090,13
Works,29413725,1
Tom,6900648,3
Jerry,6900648,23
Choo,6900648,16
Sadasivan,26681550,14
Sivan,26681550,16
Ibro,16193923,2
Armin,16193923,15
Varela,5959523,19
Cedeyra,5959523,23
Ganz,5959523,7
Baldini,5959523,24
Santal,5959523,21
Duval,5959523,21
Irala,5959523,6
Escofet,5959523,6
Bordiola,5959523,17
Tabita,5959523,20
Zacar,5959523,20
Mark,17998430,19
Nico,17998430,3
Julie,17998430,6
Carolyn,17998430,6
Pete,17998430,19
Joe,17998430,21
Bruce,17998430,3
Billy,17998430,3
Cecil,17998430,6
Harper,12087313,22
Paige,12087313,9
Cella,32316536,9
Durham,32316536,7
Hagan,32316536,4
Coleman,32316536,4
Fletcher,676660,1
Shaft,1395487,4
Superman,28001277,3
Kent,28001277,6
Tawny,28001277,6
Teth-Adam,28001277,18
Batson,28001277,23
Adam,28001277,3
Billy,28001277,3
Wilfred,21651686,9
French,21651686,7
Robarts,21651686,9
Vole,21651686,9
Tom,11029102,3
Jerry,11029102,3
Mammy,11029102,3
Ivasyuk,17330137,10
Rotaru,17330137,2
Pooja,2712888,13
Deepak,2712888,9
Lakhan,2712888,3
Prem,2712888,6
Rupali,2712888,6
Challenger,4194975,6
Kerr,4194975,7
Achille,4194975,17
Pithecanthropus,4194975,23
Agnes,4194975,14
Edward,4194975,3
Roxton,4194975,22
Mendoz,4194975,8
Maree,4194975,17
Malone,4194975,22
Summerlee,4194975,5
Gladys,4194975,12
Oliver,5164582,16
Montpelier,5164582,22
Adams,5164582,4
Roderick,5164582,12
Lansdowne,5164582,20
Hastings,5164582,6
Smallwood,21740728,14
Zach,21740728,14
Welles,28288471,7
Slater,28288471,12
Tsui,28288471,23
Noble,28288471,15
Calder,28288471,15
Vance,28288471,2
Guest,28288471,9
Brennan,28288471,9
Yuk,28288471,9
Braunstein,28288471,15
McHattie,28288471,23
Buza,28288471,0
Shaw,28288471,9
Mayron,28288471,22
Moon,28288471,8
Stoler,28288471,9
Kemp,28288471,1
Gautreau,28288471,1
Kane,28288471,19
Hipp,28288471,15
Rudin,28288471,11
Bennett,28288471,15
Cortez,28288471,16
Westmar,11785553,13
Archer,15075256,10
Borriello,15075256,9
Mai,8777319,21
Long,8777319,14
Lai,8777319,15
Ulvik,20529023,13
Luke,20529023,12
Michael,20529023,8
Nidaros,20529023,21
Stav,20529023,5
Borch,20529023,16
Sirena,20529023,21
Sonja,20529023,21
Kristi,20529023,21
Bell,20529023,14
Dennis,19258217,17
Belzer,19258217,21
Polly,19258217,16
Belisle,19258217,6
Frankel,19258217,17
Farell,19258217,17
Cowan,27127942,14
Polley,2053414,11
Jennifer,2053414,23
Burroughs,2053414,10
Patrick,2053414,14
Craig,2053414,22
Sandra,2053414,2
Duncan,2053414,12
Kichi,1134154,19
Ishida,1134154,23
Abe,1134154,23
Crosbyana,12848824,4
Crosby,12848824,22
Bingo,12848824,1
Walter,22810764,15
Duroy,22810764,6
Suzanne,22810764,19
Madeleine,22810764,6
Forestier,22810764,6
Ami,22810764,5
Laroche,22810764,21
Marelle,22810764,15
Oswald,31497668,3
Wilson,9535585,6
Pirandello,9535585,21
Pillbox,9535585,11
Grimaud,23531909,19
Sherman,23531909,17
Boyd,23531909,3
Grushenko,23531909,11
Hoop,3095818,22
Amy,3095818,3
Polly,3095818,23
Jill,3095818,24
Suzie,3095818,6
Canady,3095818,10
May,3095818,3
Lupe,3095818,17
Jack,3095818,24
Adam,3095818,3
David,3095818,10
Harper,18295339,11
Mendelssohn,17945020,24
Galbraith,25848448,22
Daya,3403010,20
Valenteen,14474214,14
Smith,14474214,0
Fiori,14474214,15
Zorro,1830431,3
Beauregard,1830431,16
Joaquin,1830431,17
Felipe,1830431,13
Alejandro,1830431,3
McGivens,1830431,17
Ferroq,1830431,17
Cortezes,1830431,1
Armand,1830431,17
Vega,1830431,24
Guillermo,1830431,17
Po,1047463,6
Trish,1047463,17
Han,1047463,17
Kai,1047463,10
Colin,1047463,23
Day,1047463,5
Paul,7218888,21
Khalid,7218888,6
God,7218888,16
Ivan,7218888,3
Sarah,7218888,10
Adam,7218888,21
Franklin,5181558,2
Hayes,5181558,3
McDonald,5181558,2
Royko,5181558,3
Sean,5181558,17
Wolf,9302816,3
Colonna,9302816,12
Redfern,74871,6
McPherson,74871,3
Laura,74871,3
Diane,74871,17
Carpenter,74871,19
Hunt,74871,22
Lydecker,74871,5
Clary,74871,8
Luke,24482029,10
Dan,24482029,10
Tony,26996202,4
Gupta,26996202,16
Mary,26996202,2
Kathleen,3990377,14
Valerie,3990377,13
Noah,3990377,14
McAllister,3990377,16
Gondorff,16385924,19
Veronique,16385924,16
Macalinski,16385924,15
Lonnegan,16385924,4
Veronica,16385924,10
Hooker,16385924,3
Bi,664402,8
Mehra,664402,15
Sharma,664402,12
Khanna,664402,13
Aman,664402,21
Anjali,664402,21
Xavier,664402,22
Tina,664402,13
Malhotra,664402,7
Miller,7897498,20
Mathers,7897498,10
Ray,7897498,17
Lena,7897498,6
Norman,7897498,22
Reardon,7897498,3
Balabhadra,32294620,15
Jagannath,32294620,15
Gajapati,32294620,21
Manika,32294620,6
Larita,31170541,11
Victor,31170541,24
Hemingway,31170541,0
Presley,31170541,9
Curtis,31170541,20
Marsh,16201787,9
Blazier,16201787,9
Camrose,16201787,0
Steele,16201787,15
George,16201787,6
Caroline,16201787,3
Linnet,16201787,0
Bragg,16201787,6
Lestrade,16201787,0
Overmire,16201787,21
Marta,16201787,8
Stuart,16201787,22
Logan,16201787,3
Kranski,25903651,8
Kristen,25903651,6
Vince,25903651,8
Belinda,25903651,6
Chernodrinski,12362193,2
Cveta,12362193,10
Silverman,10577512,20
Rosen,10577512,18
Collin,10577512,15
Feldman,10577512,13
Miguel,29082911,14
Blanco,29082911,24
MacGraw,3816108,14
Burstein,3816108,10
Shearer,3816108,11
Zanuck,3816108,9
Evans,3816108,4
Radin,3816108,5
Steve,149815,6
Karel,149815,3
Jim,149815,3
Raoul,149815,24
Murray,149815,3
Malik,149815,3
Triloki,10619221,3
Banaraswali,10619221,13
Prasad,10619221,6
Gupta,10619221,7
Ashok,10619221,20
Alok,10619221,6
Tillie,10376197,3
Rollo,10376197,10
Missy,10376197,2
Eric,10376197,13
Farnsworth,10376197,6
Pete,10376197,8
Jebediah,10376197,24
Taylor,15096320,5
lez,15096320,21
Bow,15096320,8
Bruno,27755114,23
Beatrice,27755114,17
Alan,27755114,13
Paul,27755114,21
Bosworth,9079357,24
Cunningham,9079357,2
Cooper,9079357,10
Hensley,9079357,18
Whipperton,9079357,22
Nancy,9079357,21
Huff,9079357,17
Stone,9079357,11
Lance,9079357,0
Karunakaran,9650057,21
Nisha,9650057,4
Fumo,785210,21
Cathy,3823100,3
Lockwood,3823100,13
Linton,3823100,6
Hindley,3823100,13
Ellen,3823100,21
Earnshaw,3823100,12
Heathcliff,3823100,3
Isabella,3823100,19
Crag,3823100,20
Kenneth,3823100,13
Kenobi,3871205,22
Marion,3871205,10
Howard,3871205,10
Lucas,3871205,21
Amy,29657080,6
Niles,29657080,0
Heddon,29657080,17
Jeremy,29657080,23
Burke,29657080,17
Sumner,29657080,3
Charlie,29657080,3
Janice,29657080,14
Venner,29657080,18
Norman,29657080,17
David,29657080,3
Jin,25202309,3
Esther,9302005,16
Jessie,9302005,6
Jodi,9302005,3
Sasi,7699027,6
Julie,7699027,21
Warrier,7699027,21
Morris,7699027,20
Tinker,7997390,7
Dale,7997390,10
Kekoa,7997390,18
Griffin,7997390,2
Asha,7997390,23
Morgan,3947408,3
Ruth,3947408,3
Spurlock,15210434,13
Laden,15210434,7
Jobe,672934,20
Angelo,672934,3
Timms,672934,6
Parkette,672934,19
Peter,672934,3
Terry,672934,16
McKeen,672934,5
Jake,672934,16
Marnie,672934,24
Harold,672934,12
Smith,672934,3
Carla,672934,20
Penelope,3261501,2
Indigo,3261501,15
Greg,3261501,4
Matt,3261501,5
Lombard,3261501,7
Ben,3261501,3
Jerry,8285987,22
Mary,8285987,13
Morris,8285987,10
Boyle,8285987,4
Madigan,8285987,12
Bentham,8285987,18
Joxer,8285987,6
Paycock,8285987,4
Fitzgerald,8285987,5
Johnny,8285987,24
Jannings,19859572,24
Madigan,19859572,20
Madeleine,19859572,21
Dalton,19859572,22
Jennings,19859572,13
Geeta,3888422,3
Vinod,3888422,21
Chaudhri,3888422,20
Pitamber,3888422,6
Sunil,3888422,17
Meera,3888422,13
Murphy,2556838,14
Tunstall,2556838,24
Chisum,2556838,24
Baxter,2556838,24
Billy,2556838,3
Axtell,2556838,9
Bonney,2556838,18
Garrett,2556838,17
Brady,2556838,17
McSween,2556838,16
Wallace,2556838,20
Nodeen,2556838,24
Liam,30879290,1
Dave,30879290,7
Patrick,30879290,7
Herzog,1714514,17
Bailey,1714514,11
Ness,1714514,9
Penn,1714514,7
O'Meara,1714514,21
Karnow,1714514,17
Kitana,1714514,23
Dolly,931869,4
Painter,931869,20
Shirley,931869,12
Mythili,4944730,11
Kumaran,4944730,21
Mahalakshmi,4944730,19
Anand,4944730,14
Gwen,14174980,22
Murphy,21673015,13
Paul,21673015,3
Lepi,21673015,6
Jimmy,21673015,6
Franner,21673015,6
Dusan,21673015,6
Ratter,21673015,6
Brennan,21673015,24
Mobey,21673015,6
Pam,21673015,6
George,21673015,12
Thompson,21673015,6
Debbie,21673015,6
Leo,21673015,3
Ged,21673015,3
Ritchie,21673015,6
Keith,21673015,24
Deb,21673015,3
Hom,21673015,15
Dermot,21673015,16
Bobby,33770950,19
Rose,33770950,20
Luke,17657295,11
Dixon,17657295,9
Jenny,17657295,5
Chris,17657295,14
Morgan,17657295,17
Hamp,17657295,9
Scott,17657295,8
Glacier,27405104,1
Howard,27405104,24
Bowie,5852488,9
Pegg,5852488,1
Tyler,7299034,2
Jill,7299034,6
Justin,7299034,3
Eric,7299034,3
Myers,7299034,23
Catherine,7299034,3
Doris,7299034,6
Stephanie,7299034,3
Rob,7299034,6
Kroll,24525848,3
Barbara,24525848,20
Clara,24525848,17
Donald,358598,6
Gummer,2490812,17
Shriekers,2490812,3
Earl,2490812,3
Kate,2490812,17
Ortega,2490812,6
Grady,2490812,13
Pedro,2490812,9
Hoover,2490812,24
Julio,2490812,17
Reilly,2490812,9
Comfort,6031488,20
Nalo,6031488,8
Parris,6031488,1
don,10774223,15
Dinesh,10774223,6
Mehra,10774223,23
Verma,10774223,12
Bakshi,10774223,0
Jaggu,10774223,11
Baba,1620318,14
Popeye,1620318,23
Wimpy,1620318,3
Hassan,1620318,0
Tan,9278733,21
Jonah,9278733,15
Liz,9278733,20
Ali,9278733,11
Heyl,3710183,3
Stander,3710183,3
Deventer,3710183,21
McCall,3710183,3
Krueger,3038038,4
Kincaid,3038038,3
Freddy,3038038,17
Sheila,3038038,16
Jason,3038038,18
Stevens,3038038,2
Kopecky,3038038,19
Rick,3038038,17
Jordan,3038038,23
Johnson,3038038,2
Kristen,3038038,3
Joey,3038038,17
Alice,3038038,3
Debbie,3038038,17
Harry,12252072,20
Rice,12252072,15
Nick,12252072,16
Herncastle,12252072,17
Burrard,12252072,10
Durai,1072373,14
Deva,1072373,8
Raj,1072373,0
Priya,1072373,2
Bhadra,28877820,0
Sastrigal,28877820,13
Chandran,28877820,11
Warner,2235129,9
Travis,2235129,10
Leonardo,2235129,5
Heinlein,2235129,9
Vinci,2235129,9
Miller,24350557,9
Fuld,24350557,2
Paulson,24350557,2
Thain,24350557,3
Maguni,19999060,13
Sienna,19411945,21
Nate,19411945,17
Eddie,19411945,2
Darick,19411945,12
Kevin,19411945,17
Chris,19411945,6
Jackson,12015098,3
Moon,12015098,12
Carson,12015098,24
Toynelle,12015098,5
Carnes,12015098,2
Worthy,12015098,22
Penndragin,12015098,5
Holmes,4325767,6
Slasher,4325767,14
Watkins,4325767,13
Kaun,32015056,14
Denzongpa,32015056,20
Chakraborty,32015056,5
Emil,4986536,24
Kruger,18792471,24
McNeil,18792471,18
Blangis,215522,12
Jesus,215522,22
Gurumurthy,28869194,3
Thirumurthy,28869194,17
Annachi,28869194,3
Jayanthi,28869194,8
Vasanthi,28869194,2
William,12130531,17
Richard,12130531,19
Donald,12130531,17
Elizabeth,12130531,23
Victoria,12130531,23
Colin,12130531,3
Martha,12130531,13
Hattie,12130531,3
Veronica,12130531,23
Robert,12130531,3
Malo,6616626,22
Garou,6616626,10
Matrac,6616626,17
Paula,6616626,2
Petit,6616626,10
Sokoloff,6616626,12
Ali,10873999,13
William,142476,17
Meredith,142476,6
Parks,142476,3
Lavinia,142476,8
Mr.,142476,7
Wilson,142476,2
Weissman,142476,14
Jennings,142476,4
Louisa,142476,1
Elsie,142476,15
Croft,142476,12
Thomson,142476,6
Nesbitt,142476,7
Dexter,142476,20
Blond,142476,19
Bertha,142476,12
Trentham,142476,8
Standish,142476,15
McCordle,142476,3
Barnes,142476,13
Mabel,142476,12
Lester,29139393,6
Iovenko,29139393,6
Josh,29139393,3
Kovacs,29139393,9
Henderson,29139393,23
Denham,29139393,6
Shaw,29139393,2
Enrique,29139393,10
Fitzhugh,29139393,6
Bukovski,1526756,22
Caine,1526756,4
Carlsen,1526756,6
Fallada,1526756,17
Karmali,9001861,8
Aamir,9001861,6
Kapoor,9001861,23
Neeta,9001861,15
Megan,9468730,3
Nick,9468730,6
Leonard,9468730,17
Malin,9468730,23
Sophie,9468730,4
Normy,511622,2
Ellen,511622,2
Walley,511622,14
Edna,511622,12
Clark,511622,6
Catherine,511622,5
Lasky,511622,22
Griswold,511622,2
Eddie,511622,8
Nikhil,4582680,3
Reva,4582680,2
Halsman,19009754,16
Loretta,6664640,6
Gerard,6664640,10
Bella,6664640,5
Tiwana,35291040,18
Jass,35291040,21
Dhillon,35291040,3
Preet,35291040,13
Grabovsky,19785979,24
Garnier,19785979,21
Lucienne,19785979,13
Andre,19785979,3
Grandma,7060705,6
Michelle,7060705,12
Chang,7060705,3
Daniel,7060705,21
Robert,7060705,23
White,1060418,13
Tony,1060418,16
Wolf,1060418,23
Huntsman,1060418,10
Prince,1060418,10
Lewis,1060418,15
Wendell,1060418,13
Virginia,1060418,4
Sandys,7690397,5
Henshaw,7690397,4
Lindemann,7690397,5
Bradley,7690397,17
Bamford,7690397,10
Johnson,7690397,7
Churchill,7690397,0
Reitsch,7690397,6
Frieda,7690397,13
Nora,7690397,17
Curtis,7690397,20
Shigematsu,3608663,16
Yasuko,3608663,19
Yuichi,3608663,10
Richard,32974145,4
Fane,32974145,2
O'Hara,32974145,6
Bobbie,32974145,2
Alert,32974145,1
Mrs,32974145,0
Larsen,2955789,14
Newton,2955789,13
Wayne,2955789,8
Martine,12427020,0
Marcelle,12427020,9
Claire,12427020,24
Louis,12427020,21
Ankineedu,7153331,18
Lakshmi,7153331,17
Sirisha,7153331,22
Swamy,7153331,15
Jagannivasan,5916229,24
Varier,5916229,15
Khureshi,5916229,17
Parameshwaran,5916229,4
Krishna,5916229,17
Viradiyar,5916229,14
Viradiar,5916229,14
Rajarathnam,5916229,11
Mehmood,10770994,6
Webman,32299617,1
Miss,20845951,6
Stanley,20845951,20
Garth,20845951,10
Tamiko,36027395,16
Toshio,36027395,3
Haruo,36027395,5
Yoshie,36027395,13
Tajima,36027395,12
Pratt,2427210,17
Pendlebury,2427210,0
Poulgrain,2427210,10
Cray,2427210,11
Bale,2427210,17
Wick,2427210,17
Northey,2427210,17
Eleanor,2427210,19
Gillespie,2427210,17
Kinnear,2427210,24
Tacy,2268241,3
bush,2268241,11
Collini,2268241,14
Dagwood,34363336,3
Blondie,34363336,7
Ting-Pei,7117584,19
Wei,7117584,10
Lee,7117584,2
Satyapalan,27415086,2
Velappan,27415086,16
Latha,27415086,23
Pillai,27415086,3
Kavya,27415086,19
Kincaid,5533243,0
Michael,5533243,17
Carolyn,5533243,16
Johnson,5533243,19
Francesca,5533243,3
Ella,23694916,3
Muggins,23694916,3
Hitler,23694916,7
Weber,23694916,4
Haw-Haw,23694916,15
Greta,23694916,4
Joyce,23694916,20
Hess,23694916,10
Grete,23694916,4
Walthers,23694916,12
Uday,35471098,1
Vikram,35471098,2
Bissonath,35471098,21
Aparna,35471098,23
Long,30706071,12
Yu,30706071,2
Tang,30706071,4
Xu,30706071,21
Jinxi,30706071,9
Dongsheng,30706071,17
Liu,30706071,23
Baijiu,30706071,15
Suskind,10370634,0
Dietrich,10370634,18
Hughes,10370634,11
Pallandt,10370634,9
Irving,10370634,6
Nixon,10370634,6
Hory,10370634,9
Edith,10370634,2
Seenu,16606105,17
Abhi,16606105,21
Janaki,16606105,6
Marialena,33459556,5
Parlavatzas,33459556,2
Nakos,33459556,3
Noori,33459556,4
Tsibitzidis,33459556,7
Stavromathiakakis,33459556,16
Rai,11684183,0
Sonia,11684183,2
Vicky,11684183,6
Seth,11684183,8
Malhotra,11684183,15
Gallo,23310072,17
Irons,23310072,10
Woo,23310072,0
Pezzini,23310072,5
Jack,329338,23
Norman,329338,24
John,12224039,21
Misha,12224039,5
Peter,1944643,7
Ripkuna,1944643,12
Xan,1944643,13
Sutter,13378321,17
Norton,13378321,8
Chambliss,13378321,23
Jenny,13378321,3
Edna,13378321,3
Lisa,13378321,21
Deva,9522233,5
Harish,9522233,16
Arumugam,9522233,5
Iyer,9522233,3
Venkatraman,9522233,23
Smeljanski,9225896,8
Zupping,9225896,10
Eelmaa,9225896,18
Vaarik,9225896,1
Veerm,9225896,19
Gens,9225896,0
Feigl,9225896,8
Tom,11699374,17
Ray,11699374,0
Lakshman,3050395,3
Ramaswamy,3050395,17
Chitra,3050395,17
Sanjay,3050395,6
Sabaha,3750194,5
Milo,3750194,6
Jadranka,3750194,11
Paul,9334904,6
Marcel,9334904,19
Malita,9334904,24
Lavond,9334904,14
Lorraine,9334904,19
Gordon,433285,18
Delgetti,433285,20
Rennick,433285,12
Daniels,433285,21
Willard,433285,13
Simmons,433285,15
Stanton,433285,18
Ross,433285,17
Cathy,433285,5
Bullitt,433285,3
Baker,433285,4
Chalmers,433285,6
Leigh,22211229,0
Cooper,5798540,21
Nate,5798540,13
Wulrich,5798540,4
Arno,5798540,15
Abbott,5798540,19
Cristabel,5798540,6
Henessy,690042,20
Waldman,690042,17
Henessey,690042,2
Baltimore,690042,16
Morse,690042,9
Daedelus,690042,17
King,690042,20
Caitlin,690042,17
Jack,690042,17
Cox,690042,24
Timothy,690042,21
Hennessy,690042,16
Caine,690042,16
Luke,690042,1
Perkins,690042,18
John,10279413,19
Juan,12987917,11
Abel,12987917,7
Clarisse,12987917,17
Bradley,8168406,17
Stanton,8168406,23
Meredith,8168406,11
Shamba,8168406,22
rai,12907889,12
Juhi,12907889,6
Adil,12907889,14
Rice,32992974,6
Norton,32992974,9
Sebastian,32992974,10
Connors,32992974,19
Luntz,32992974,24
Grenier,32992974,11
Ratray,32992974,9
Upchurch,32992974,6
Clovis,12531137,8
Gertie,12531137,3
Woody,20533983,10
Dooley,20533983,8
Dapper,20533983,16
Woodpecker,20533983,12
Jan-Erik,12591488,21
Bertha,12591488,6
Turati,51563,6
Katkov,51563,3
Valentinov,51563,13
Luzhin,51563,3
Henry,24212105,20
Amalia,24212105,14
Carlos,24212105,23
Pedro,24212105,3
Manolo,24212105,19
Petrie,6410239,20
Guido,6410239,23
Spencer,2965435,14
Heather,2965435,19
Tate,2965435,18
Reagan,2965435,1
Lauren,2965435,12
Kenny,2965435,1
Goldwater,2965435,5
Harold,2965435,8
Brenda,2965435,1
Drew,2965435,21
Francis,2965435,12
Jenns,703963,14
Watts,703963,6
Jones,703963,0
Amanda,703963,16
Nelson,703963,13
Hardy,703963,6
Keita,19062950,18
Ke,19062950,22
Kouyate,19062950,11
Riyada,33061601,21
Andi,33061601,3
Dog,33061601,17
Tama,33061601,17
Rama,33061601,6
Jaka,33061601,17
Bowo,33061601,17
Wahyu,33061601,17
Dagu,33061601,17
Trude,28326873,12
Rod,28326873,1
Kenny,28326873,22
Jay,8038811,21
Thomas,8038811,0
Fiasco,8038811,21
Michael,5109680,23
Jan,9674290,4
Ail,9674290,1
Imri,16832191,22
Archer,24050808,11
Larabee,24050808,13
Westlake,24050808,0
Peary,7158571,12
Nelson,7158571,1
Leander,4948256,8
Patterson,4948256,1
Sargeant,4948256,6
Willie,4948256,9
Emma,4948256,6
Bronson,1853699,2
Blanchard,1853699,1
Susan,1853699,1
Marilyn,1853699,24
Gerard,1853699,23
Simpson,20502309,2
Fuhrman,20502309,18
Skakel,20502309,11
Moxley,20502309,19
Carroll,20502309,24
Palani,11140514,2
Gounder,11140514,13
Arun,11140514,2
Anand,11140514,15
Jyotiba,35194428,10
Kulkarni,35194428,21
Raghoo,35194428,14
Jayawanta,35194428,3
Anu,35194428,3
Han,34595521,21
Berger,34595521,0
McGarricle,34595521,21
Spirou,34595521,21
Kenny,34595521,14
Morgan,34595521,5
Phil,34595521,16
Jamie,34595521,21
Ice,34595521,2
McNally,34595521,8
Chad,34595521,14
Donny,34595521,3
Tuke,34595521,4
Takashi,430394,17
Ichiro,430394,1
Marina,23961694,3
Sherman,23961694,3
Richie,23961694,3
Glenn,23961694,5
Mendel,23961694,21
Mugsy,17549642,20
Liszt,17549642,10
Woody,17549642,17
Dora,32002101,6
Jansen,32002101,12
Rory,32002101,6
Cutler,32002101,14
Daniella,32002101,17
Celia,32002101,3
Irons,32002101,19
Barnes,32002101,2
Jack,32002101,10
Hammond,32002101,13
Hannah,32002101,11
Mousey,2476119,4
Fievel,2476119,3
Nellie,2476119,6
Tanya,2476119,24
Mousekewitz,2476119,7
Reed,2476119,23
Reigert,6187665,15
Christ,6187665,12
Hall,6187665,11
Arsenio,6187665,17
Flack,6187665,15
Omocchama,19111251,18
Takada,19111251,10
Yatterman,19111251,10
Shoko,19111251,4
Tonzra,19111251,24
Kaminari,19111251,19
Dokurebei,19111251,24
Ai,19111251,13
Roader,19111251,11
Kaieda,19111251,16
Gan,19111251,13
Doronjo,19111251,9
Dokurobei,19111251,2
Boyacky,19111251,18
Mills,26190838,13
Julia,26190838,24
Schnitzer,34146122,4
Guez,34146122,16
Peretz,34146122,4
Wood,34146122,9
Strahl,34146122,19
Livny,34146122,13
Barnaby,3904788,5
Carmen,3904788,21
Miriam,6090379,4
Florian,6090379,3
Rabbi,6090379,16
Loew,6090379,3
Luhois,6090379,13
Paul,6080251,19
Ravi,6080251,23
Mani,6080251,20
Rangayan,6080251,17
Marquez,2149376,16
Elliot,2149376,4
Jenson,2149376,17
Dr.,2149376,9
Jack,2149376,17
Lily,2149376,17
Wallach,2149376,23
McKee,2149376,9
Paul,2035081,24
Zena,2035081,2
Maria,2035081,4
Dracula,2035081,4
Dietrich,7419883,19
Hinckley,7419883,0
Fiabe,7419883,20
Komenko,21888940,16
Maria,21888940,12
Eric,21888940,3
Lori,21888940,3
Cristofuoro,21888940,0
Karmen,36406869,17
Gavyn,36406869,3
Ashley,36406869,21
Roback,36406869,3
Bruce,36406869,3
Matrosen-Karl,25269961,0
Leo,25269961,1
Ballhaus-Else,25269961,4
Lee,9425270,20
Hogg,9425270,16
Strate,9425270,14
Lees,9425270,6
Jesse,9425270,16
Bo,9425270,21
Bushmaster,9425270,0
Keith,9425270,7
Coltrane,9425270,0
Sarah,17538648,12
Ducky,17538648,2
Wong,28745539,22
Yeuk,28745539,21
Lee,28745539,3
Richard,8150596,6
Depardieu,8150596,6
Jaggi,10418730,2
Kishan,10418730,21
Kapoor,10418730,16
Durga,10418730,6
Amit,10418730,17
Pascal,10418730,20
Odone,538180,0
Lorenzo,538180,21
Nikolais,538180,12
Ackar,22284927,23
Teridax,22284927,4
Nui,22284927,3
Strakk,22284927,5
Glatorian,22284927,16
Metus,22284927,23
Raanu,22284927,11
Tajun,22284927,12
Kiina,22284927,6
Tuma,22284927,17
Gresh,22284927,23
Skrall,22284927,17
Magna,22284927,7
Chino,4608223,5
Tony,4608223,3
Wycek,4608223,20
Krupke,4608223,13
Maria,4608223,6
Bernardo,4608223,17
Anita,4608223,3
Riff,4608223,6
Anybodys,4608223,17
John,4608223,4
Schrank,4608223,3
Lorton,4608223,0
Doc,4608223,23
Sherry,2759477,8
Turner,2759477,7
Hudson,2759477,15
Molly,2759477,3
Tom,2759477,9
Keneally,2759477,6
Crawford,2759477,6
Pierce,2759477,2
Fuller,2759477,17
Malcolm,2759477,6
Antonio,30875295,20
Luciana,30875295,21
Lavoro,30875295,14
Vijaya,11143048,22
Pillai,11143048,5
Kamal,11143048,9
Haasan,11143048,19
Moumouni,35004617,0
Jin-Gwang,7081597,20
Deux-Deux,35008182,6
Maria,35008182,12
Tom,35008182,22
Pierre,35008182,3
Zikri,903776,16
Molini,903776,24
Zahra,903776,2
Masri,903776,5
Bush,903776,0
Cheney,903776,0
Norton,903776,9
Claybon,903776,0
Shikha,31969018,14
Damadamm,31969018,23
Sameer,31969018,3
Sanjana,31969018,3
Alf,9951119,17
Melissa,9951119,2
Evans,9951119,18
Hillary,2637077,16
Geddes,2637077,3
Victor,2637077,6
O'Neil,2637077,20
Hilary,2637077,6
Klimt,2637077,12
Takuma,29258343,6
Teru,29258343,5
Mayu,29258343,21
Kou,29258343,13
Bertram,15881207,3
Frank,15881207,6
Herlihy,15881207,24
Gwen,15881207,3
Pincus,15881207,4
Binya,14312128,16
Tonet,33477328,18
Rodrigo,33477328,21
Fabiana,33477328,21
Mu,33477328,24
Marcela,33477328,16
Maria,3359825,21
Sandrelli,3359825,1
Papas,3359825,5
Joana,3359825,3
Josiah,12877907,13
Cain,12877907,11
Sarah,12877907,6
Mae,12877907,19
Lyddie,12877907,2
Hannah,12877907,21
Bill,12877907,9
Madison,12877907,4
Caleb,12877907,1
Bryan,12877907,4
Elvitigala,17107836,23
Abeywickrema,17107836,14
Abeywicrema,17107836,14
Peris,17107836,11
Abeysekara,17107836,10
Nihalsingha,17107836,4
Mudalali,17107836,11
Fonseka,17107836,9
Samudura,17107836,10
Yashpal,30862978,21
Suraj,30862978,23
Minni,30862978,6
Dutt,30862978,10
Vijay,30862978,8
Agastya,29769807,2
Barrington,7998296,1
Jeremy,7998296,13
Penfield,7998296,24
Ann,7998296,0
Fox,7998296,10
Susan,7998296,3
Thatcher,7998296,13
James,7998296,3
Hancock,7998296,12
Arjun,5915777,8
Menon,5915777,18
Peethambaran,5915777,3
Sahadevan,5915777,6
Dumaine,12696872,3
Reichendorf,12696872,8
Dietrich,12696872,16
Axelle,12696872,6
Amy,2399430,3
Aaron,2399430,13
Jennie,2399430,9
Adamson,2399430,24
Virgil,2399430,3
Benic,2399430,11
Webster,2399430,6
Borscht,14491356,7
Molly,4783203,2
Johnny,4783203,2
Bart,4783203,13
Sylvia,4783203,13
Ken,4783203,4
Helen,4783203,17
Christine,12839024,3
Ninonu,12839024,19
Tim,17082042,3
Katherine,17082042,24
Ellison,17082042,21
Grey,17082042,13
Kessler,17082042,13
Martha,17082042,21
Mary,17082042,3
Borden,17082042,21
Mike,17082042,3
Katharine,17082042,1
Kuba,10945488,12
Mirai,21867447,0
Muthalali,28193880,5
Unnithan,28193880,17
Santhedatthi,28193880,14
Suhara,28193880,24
Girija,28193880,21
Iyer,28193880,12
Antony,28193880,14
Murrell,1167186,7
Stolberg,1167186,6
Schwaffer,1167186,10
Haynes,1167186,17
Parks,3306822,1
King,3306822,8
Masami,20390730,3
Takasu,20390730,10
Asakura,20390730,9
Amala,26695566,23
Carlos,26695566,5
Panickar,26695566,11
Ezhuthachan,26695566,18
Kaliyar,26695566,12
Gina,25673210,10
Krebs,25673210,10
O'Barry,3565169,21
Krunk,29181041,14
Sullivan,29181041,24
O'Conner,29181041,13
Tom,5715746,18
Green,5715746,17
Chan,1398485,24
Wang,1398485,5
Yat-fei,1398485,8
Ritter,7954624,3
Conover,7954624,9
Brent,7954624,2
Lily,7954624,16
Alice,7954624,17
David,7954624,13
Genevieve,7230428,6
Blaire,7230428,20
Susan,7230428,6
Francesca,7230428,6
Matt,7230428,6
Howells,7230428,6
Dan,7230428,23
Dr.,7230428,1
Freeman,7230428,1
Howell,7230428,13
Alex,7230428,14
Oswald,31495191,3
Munday,26518930,5
Sun,6085266,4
Cardo,6085266,24
Alex,6085266,16
Collins,24379388,4
Quincey,17673063,15
Alexander,24008579,15
James,24008579,3
Sudin,18501770,14
Sapiah,18501770,13
Normah,18501770,14
Zaiton,18501770,13
Ramli,18501770,3
Ayu,18501770,3
Smiley,23015014,21
Ron,23015014,3
Yang,23015014,3
Lynne,23015014,3
Harper,34193151,17
Mary,34193151,19
Kevin,34193151,17
Billy,34193151,4
Lynn,34193151,3
Chris,34193151,20
Littlefoot,3274109,21
Petrie,3274109,16
Spike,3274109,11
Ducky,3274109,11
Simpson,5258501,19
Schoendoerffer,5258501,19
Phu,5258501,1
Kerveguen,5258501,24
II,8379662,4
Hamilton,17917662,9
Noah,17917662,6
Allie,17917662,3
Jr.,17917662,19
Connolly,17917662,4
Calhoun,17917662,5
Lon,17917662,23
Hammond,17917662,14
Jackson,169788,12
Felisha,169788,20
Rita,169788,24
Smokey,169788,3
Jones,169788,6
Parker,169788,12
Dana,169788,2
Joi,169788,1
Debbie,169788,11
Hooper,8357847,17
Reagan,8357847,1
Craven,8357847,17
Jane-Mary,4056040,3
Peter,4056040,6
Piper,4056040,3
Robin,4056040,6
Mary,4056040,17
Batman,4056040,6
Koko,7210701,18
Armstrong,7210701,5
Betty,7210701,5
Lee,7677914,17
Pathirana,12833694,13
Nirmala,12833694,3
Ranjith,12833694,20
Kobbekaduwa,12833694,8
Atapattu,12833694,2
Watt,264103,23
Grunwald,264103,21
Lou,264103,19
Drago,264103,16
Hilda,264103,4
Mogue,264103,10
Bellamy,24304179,14
Jukes,24304179,4
Terence,24304179,10
Dyson,24304179,2
Aldrich,9938476,11
Mallory,9938476,21
Holly,9938476,24
Mitchell,9938476,15
Simpson,872912,22
Justin,872912,9
Carter,872912,11
Prestwick,872912,22
Doris,872912,8
Berlin,3732839,13
Taylor,3732839,6
Margie,3732839,17
Ross,3732839,15
Helena,3732839,23
Citrine,3732839,6
Amber,3732839,7
Robertson,3732839,15
Brewster,32005795,3
Sally,32005795,15
Josh,32005795,2
Sam,33284097,1
Sang,33284097,8
Cheung,33284097,20
Lau,33284097,17
Kin,33284097,18
Chow,33284097,17
Wai,33284097,18
Nichols,2466810,9
Barney,2466810,9
Bernadette,2466810,5
King,2466810,23
Wilcox,15016005,15
Hershey,15016005,11
Ray,21150037,3
Kate,21150037,3
Jimmy,21150037,3
Savage,21150037,11
Traci,21150037,21
Jane,2046252,6
Costello,2046252,3
Rey,2046252,22
Martey,2046252,19
rie,2046252,13
Silva,19979259,9
Lindu,19979259,16
Lula,19979259,21
Santos,19979259,15
Mocinha,19979259,14
Aristides,19979259,0
Gunderson,76040,10
Jim,76040,3
Stark,76040,21
Judy,76040,2
Plato,76040,3
John,76040,11
Arthur,12772332,3
Cousteau,12772332,20
Curry,12772332,6
Katey,12772332,4
Serling,12772332,11
King,12772332,13
Rayudu,12049928,18
Reddy,12049928,15
Gold,10240061,20
Maurizio,31568441,12
Davide,31568441,3
Marco,31568441,3
Nina,31568441,3
Kelly,34149562,4
Rutledge,34149562,8
Roy,9169267,16
Keya,9169267,6
Singh,9169267,16
Kaju,9169267,3
Gandhi,9169267,5
Kabir,9169267,13
Shiraishi,3566967,3
Mysteriod,3566967,9
Hiroko,3566967,21
Atsumi,3566967,23
Etsuko,3566967,23
Adachi,3566967,5
Mogera,3566967,8
Spackneys,6928503,21
Stilano,6928503,5
Linda,5860129,10
Rasmeth,5860129,22
Lenny,5860129,2
Sandy,5860129,20
Lennie,5860129,21
Mike,5860129,2
Vega,5860129,20
Ross,5860129,24
Lake,5860129,16
Rickey,5860129,10
Pike,5860129,18
Jim,5860129,19
Bronco,5860129,13
Kenworthy,5860129,22
Kaira,12234690,19
Codille,12234690,1
Munkar,12234690,10
Deathstalker,12234690,4
II,27429846,22
Charbonnier,27429846,23
Abramich,27429846,22
Chaibat,1024792,17
Yang,1024792,6
Stowe,19923267,18
Milly,19923267,15
Mort,19923267,7
Martinez,19923267,5
Kondracke,19923267,9
Roberts,2314982,13
Cindy,2314982,4
Eric,1088952,6
Olga,1088952,21
Peerzada,33082250,4
Soniya,33082250,3
Adeeb,33082250,17
Sharif,33082250,20
Arthur,8788175,20
Tepes,8788175,6
Mina,8788175,0
Seward,8788175,13
Dracula,8788175,16
Valenzi,8788175,13
Harker,8788175,2
Morris,8788175,1
Katie,24749634,6
Wolf,24749634,9
Eric,24749634,13
Nicole,24749634,21
Mike,24749634,21
Salim,1428955,3
Nasser,1428955,3
Johnny,1428955,3
Omar,1428955,23
Ali,1428955,21
Rachel,1428955,2
Tania,1428955,3
Hussein,1428955,0
Lowe,33010903,4
Marie,33010903,5
Marr,33010903,4
Dana,24659042,7
Sean,24659042,7
Neelakandan,35790647,16
Azhagesan,35790647,17
Sekhar,35790647,16
Nandini,35790647,21
Chandra,35790647,2
Govinda,35790647,12
Sharda,27989050,19
Dharamraj,27989050,6
Tilak,27989050,2
Rani,27989050,1
Vishnupratap,27989050,10
Bharati,27989050,21
Reddy,27989050,21
Rajeshwar,27989050,12
Hughes,770083,20
Cline,770083,16
Patsy,770083,3
Dick,770083,19
Stelios,2465797,4
Carnea,2465797,12
Gorgo,2465797,4
Leonidas,2465797,3
Dilios,2465797,6
Ephialtes,2465797,13
Stok,30040998,10
Acosta,30040998,2
Polk,3055575,0
Carstair,3055575,14
Stroganovsky,3055575,13
Johnny,3055575,7
Frost,3055575,8
Latham,3055575,15
Caroline,3055575,3
Leoni,25256434,6
Debdutta,21391687,14
Binod,21391687,16
Deb,21391687,17
Kajol,21391687,2
Kabita,21391687,14
Arun,21391687,3
Gordon,29083380,5
Irene,29083380,19
Caswell,29083380,1
Helen,29083380,16
Emma,13295537,16
Norman,13295537,8
Kung,665883,24
Yau,665883,10
Barbara,665883,10
Tsui,665883,10
Ma,665883,10
Beshkempir,4462341,21
Sam,25121570,17
Jie,21292979,16
Bo,21292979,14
Chong,21292979,19
Venkman,205013,19
Zuul,205013,23
Gozer,205013,4
Barrett,205013,2
Stantz,205013,21
Dana,205013,4
Peck,205013,15
Zeddemore,205013,0
Clortho,205013,23
Shandor,205013,18
Tully,205013,17
Maria,142482,3
Agnes,142482,6
Karin,142482,6
Anna,142482,4
Alice,24168707,23
Madeline,24168707,22
Redbird,5134517,19
Benjiman,19248783,5
Eastlake,19248783,20
Beckman,19248783,4
Falconer,19248783,1
Rossi,19248783,20
Cindy,18040146,22
Steve,18040146,18
Caan,18040146,21
Hate,18040146,17
Goodwin,33835161,15
Lanny,33835161,6
Grace,33835161,21
Noel,33835161,21
Wayne,33835161,6
Murphy,18793682,11
Gammon,18793682,9
Becker,18793682,20
Tony,1086034,2
Vera,1086034,19
Susan,1086034,1
Barrett,1086034,20
Maugham,1086034,5
Anderson,1086034,14
Joseph,1086034,14
Jiangbei,10931758,19
Jin,10931758,8
Yongzhen,10931758,12
Xiao,10931758,9
Ma,10931758,21
Jo,9326561,3
Ingham,9326561,21
Jimmy,9326561,23
Smith,9326561,19
Helen,9326561,21
Kelly,18963921,14
Rooney,18963921,0
Joe,18963921,18
James,18963921,15
Annie,18963921,5
Derrida,401529,21
Mandela,401529,2
Kofman,401529,6
Ryoko,20286230,6
Ema,20286230,11
Sirico,12213245,1
Hanna,12213245,24
Morgan,12213245,6
Giordano,12213245,15
Taylor,320401,24
Goodman,320401,11
Earle,320401,21
Lipnick,320401,23
Audrey,320401,6
Geisler,320401,13
Fink,320401,21
Mayhew,320401,3
Meadows,320401,18
Lerner,320401,14
Constance,36389655,10
Zelden,36389655,15
Lemmy,36389655,6
VII,254991,12
Spiller,254991,24
Hatton-Jones,254991,14
Gregg,254991,5
Ben,254991,12
Straker,254991,5
Pemberton,254991,0
Helen,28280207,10
Julia,18497259,20
Lor,17016725,6
Walt,17016725,3
Kowalski,17016725,4
Janovich,17016725,8
Thao,17016725,4
Lazlo,1843114,9
Harris,1843114,6
Lewis,1843114,21
Thompson,1843114,3
Stoev,33117374,22
Gu,13901892,21
Barratt,13901892,21
Aristide,13901892,1
Aloin,13901892,13
Marie-Noel,13901892,19
Brown,13901892,11
Sands,17455543,6
Gerry,17455543,24
Dom,17455543,8
Lohan,17455543,13
Gillen,17455543,17
Jonathan,20703482,12
Brenda,20703482,12
Blake,24872588,2
Penelope,24872588,14
Hellerman,24872588,10
Plenkov,24872588,12
Brittany,24872588,17
Paterson,24872588,18
Brandon,24872588,14
Alex,24872588,23
Pudgy,7588268,2
Betty,7588268,23
Sam,1039871,6
Georgie,1039871,3
Chapman,1039871,4
Julie,1039871,2
Hung,1039871,10
Frankie,1039871,24
Wai-Man,1039871,24
Chow,1039871,20
Mickey,3058148,3
Minnie,3058148,1
Mischa,3574823,24
Lina,3574823,2
Jakob,3574823,6
Janice,24507760,13
Prescott,10806577,9
Shirley,10806577,19
Lee,10806577,16
Langham,8320446,24
Lewis,8320446,0
Bobbie,8320446,21
Gus,24723960,21
Delores,24723960,2
Savitri,6641186,10
Tamanna,6641186,9
Gates,6641186,0
Namitha,6641186,22
Cid,27383563,4
Suzie,27383563,14
Jesse,27383563,7
Joe,27383563,6
Seth,27383563,13
Simmons,27383563,18
Sara,27383563,5
Bruno,13538989,16
Sandra,13538989,10
Linda,13538989,8
Steffie,692661,18
Guajiro,692661,17
Brigante,692661,4
Carlito,692661,3
Benny,692661,17
Anthony,692661,7
Frankie,692661,8
Saso,692661,10
Taglialucci,692661,20
Blanco,692661,10
Webber,26428365,14
Harrison,26428365,15
Brumfield,26428365,9
Buster,14007128,24
Keaton,14007128,11
Stroheim,14007128,15
Merrick,4717779,21
Randolph,4717779,17
Robby,4717779,12
Phillips,4717779,21
Helen,4717779,3
Jane,15314660,21
Gunny,15314660,16
Holman,15314660,17
McCloud,15314660,21
Jack,15314660,21
Alexis,14790659,6
Josh,14790659,10
Rachel,14790659,2
Ami,14790659,7
Dustin,14790659,6
Earp,73444,23
Hopper,73444,13
Fonda,73444,13
Billy,73444,17
Jackson,2493274,0
Maestro,2493274,3
Holmes,5777111,19
White,5777111,22
Roxton,5777111,13
Gomez,5777111,24
Malone,5777111,9
Summerlee,5777111,9
Kadir,13878443,4
Thampuran,21960983,13
Dirhagen,5094861,7
Johannes,5094861,4
Papen,5094861,10
Putsch,5094861,11
Liebknecht,5094861,2
Quadde,5094861,23
Lenin,5094861,12
Jansen,5094861,4
McFuller,5094861,17
Pieck,5094861,14
Hindenburg,5094861,15
Stalin,5094861,14
Krista,32207543,9
Belcher,32207543,24
Kalsan,28692590,3
Elena,28692590,11
Phan,36590116,17
Jane,36590116,3
Johnny,36590116,17
Mollie,36590116,14
Nikki,2843663,23
Walker,2843663,19
Griffith,2843663,24
Makoto,3924766,3
Yoshito,3924766,8
Susumu,3924766,24
Jinguji,3924766,17
Shindo,3924766,12
Atragon,3924766,8
Kusumi,3924766,11
Weiss,12896610,20
Hilary,12896610,13
Gwen,12896610,7
Adams,12896610,7
Mann,12896610,18
Sam,6650769,3
Jones,6650769,5
Laughton,6650769,12
Bligh,6650769,4
Daniel,30927581,24
McNeil,30927581,4
Mengele,4094105,0
Rohm,4094105,21
Philippose,24551069,23
Menon,24551069,0
Mammootty,24551069,11
Aminah,1975043,3
Bluetooth,1975043,17
Mansuh,1975043,15
Harold,1975043,17
Rolfe,1975043,6
Natasha,32708834,14
Schmidt,25524699,14
Wigman,25524699,13
Cain,25524699,15
Hennig,25524699,15
Appelt,25524699,24
dare,946737,17
Crow,946737,3
Tom,946737,2
Robot,946737,18
Mike,946737,8
Forrester,946737,4
Nelson,946737,6
Gray,2880326,19
Helena,2880326,19
Nadia,2880326,11
Morozov,2880326,11
Karpovich,2880326,8
Blais,2880326,12
Meehan,2880326,0
Morte,7589186,19
Goforth,7589186,12
Manorama,9689645,16
Sivakumar,9689645,3
Bhai,29871604,9
Hyde,7856323,7
Jekyll,7856323,18
Cruze,7856323,21
Tyler,2820813,4
Schoenvorts,2820813,12
McClure,2820813,1
Clayton,2820813,4
Caprona,2820813,3
Deitz,2820813,16
Lisa,2820813,4
Dietz,2820813,3
Suraj,10778690,14
Jhumri,10778690,17
Ratna,10778690,10
Prakash,10778690,15
Malhotra,10778690,24
Sascha,11003593,8
Edith,11003593,21
Karl,11003593,22
Niepas,11003593,7
Taylor,15943379,24
Rico,15943379,17
Monica,15943379,16
Vicki,15943379,6
Jerry,15943379,16
Sarno,15943379,0
Nina,21722278,9
Kate,21722278,6
Boht,21722278,12
Dan,21722278,23
Emma,21722278,2
Ronnie,7363831,22
Abdullah,7363831,14
Lefevre,12429128,23
Verjeat,12429128,3
Lardatte,12429128,2
Joe,19299640,12
Mickey,19299640,4
Mary,19299640,6
Miller,10874751,15
Kent,10874751,17
Collins,10874751,10
X.,10874751,13
Morrell,10874751,13
Abhirami,21652487,17
Roopa,21652487,20
Felix,21652487,12
Venki,21652487,15
Menon,21652487,20
Collins,24034499,0
Kovilakam,28275468,18
Seema,28275468,2
Perumal,28275468,8
Chacko,28275468,8
Sathya,6852645,12
Karthik,6852645,17
Siva,6852645,10
Hall,22304155,17
Varadharajan,20751303,16
Saroja,20751303,21
Jallikattu,20751303,15
Bhuvana,20751303,2
Vivek,20751303,15
Kaalaiyan,20751303,23
Tessa,32580351,3
Ears,21547924,6
Smith,21547924,6
Morton,21547924,20
Houston,21547924,8
Ferrow-Smith,30676570,14
Derien,30676570,20
Anthea,30676570,9
McCall,30676570,8
Sam,6471903,18
Sanders,6471903,3
Tanaka,6471903,4
Jimmy,6471903,17
Jeff,6471903,23
Yung,6471903,17
Kim,6471903,13
Adam,6471903,4
Vales,34521846,23
Nathan,34521846,23
Sherry,5465765,18
Parker,3156434,22
Coward,11471331,3
Shurik,11471331,3
Fedya,11471331,6
Baboushka,11471331,21
Yeung,7280584,12
Lee,7280584,16
Bolo,7280584,10
Minaar,4306160,19
Samaresh,4306160,21
Stoneham,4306160,23
Nandita,4306160,13
Violet,4306160,14
Ladd,9881864,6
Towler,9881864,17
Poitier,9881864,11
Richards,9881864,15
Carter,2502447,12
Long,2502447,1
Snow,2502447,18
Potter,2502447,22
Joe,2502447,4
Callaway,2502447,4
Al,15622632,22
Mike,15622632,6
Jango,15622632,3
Flux,15622632,9
Blake,8022263,17
Allen,8022263,23
Bennett,8022263,4
Carla,8022263,20
Morgan,34704146,13
Cleopatra,32129242,1
Melcior,32129242,18
Inge,32129242,10
Lubanski,32129242,22
Irma,32129242,18
Grossig,32129242,11
Claus,32129242,7
Jackson,1482772,6
Taylor,1482772,9
Rowdy,1482772,3
Peggy,1482772,13
Webster,1482772,12
Randolph,1482772,23
O'Neal,1482772,9
Conroy,1482772,24
C.,1482772,11
Rachel,1482772,9
John,1482772,3
Timberlake,1482772,3
Eaton,1482772,4
Roosevelt,29570679,0
Kamini,11055898,13
Mehra,11055898,19
Prakash,11055898,14
Radhika,11055898,14
Rollerboy,3527643,14
Haim,3527643,11
Griffin,3527643,16
Douglas,28478510,15
Harry,28478510,9
Welch,28478510,4
Manning,28478510,15
Ed,28478510,3
Ruth,28478510,21
Willie,28478510,21
Jr.,28478510,20
Sage,28478510,4
Wetzchahofsky,28478510,9
Bugsy,28478510,21
Nixon,3575300,11
Morris,24331848,22
Telefair,2424380,2
Boone,2424380,22
Peggy,2424380,3
Pepoire,2424380,0
Tamika,14777614,19
Shoko,14777614,8
Shalimar,1769282,8
Aishah,1769282,12
Tyrone,1769282,4
Gonzar,6231202,24
Stock,6231202,9
VI,6231202,0
Maria,6231202,19
Ross,6231202,10
Peter,6231202,17
Pisani,6231202,5
Cross,6231202,0
Lakshman,9514261,23
Chandu,9514261,4
Prasad,9514261,15
Padma,9514261,2
Kasthuri,9514261,12
Adrian,14729728,21
Lara,14729728,12
Thatcher,26187835,1
Ann,26187835,6
Mitchell,26187835,4
Hod,26187835,6
Sanger,26187835,14
Mary,26187835,20
McKay,26187835,13
Freeman,26187835,3
Donny,26187835,6
Stillwell,26187835,15
Ivy,16661239,0
Daniel,16661239,12
Mandiargues,16661239,24
Rebecca,16661239,2
Junior,1853200,13
Salamander,1853200,24
Irving,1853200,6
Carlos,16027849,19
Yann,16027849,5
Souli,16027849,15
Abi,16027849,9
Claudia,31409517,2
Ryan,31409517,20
Mastorna,32190033,9
Goldfarb,32190033,1
Satyricon,32190033,20
Kezich,32190033,0
Adam,2557469,3
Alice,2557469,3
Deborah,2557469,17
Charlie,12006795,6
Porky,12006795,6
McMutt,12006795,10
Charlie,2546884,12
Alydon,359005,18
Barbara,359005,0
Temmosus,359005,24
Ian,359005,3
Geiger,359005,12
Dalek,359005,18
Dyoni,359005,14
Susan,359005,4
Antodus,359005,0
Dr.,359005,8
Daleks,359005,3
Marian,11634528,10
Caldwell,11634528,1
Jordan,11634528,18
Susan,11634528,17
Washburn,11634528,22
Busacca,10460270,21
Jacovacci,10460270,21
Grant,2306908,3
Gunn,2306908,21
Starla,2306908,4
Kylie,2306908,17
Pardy,2306908,17
Brenda,2306908,11
MacReady,2306908,13
Phantoms,4164156,9
Collier,4164156,4
Gabriel,31243901,3
Simon,31243901,17
Sangita,15464779,2
Gautam,15464779,18
Srivastav,15464779,4
Rajni,15464779,23
Bharat,15464779,7
Mercutio,202652,19
Lawrence,202652,21
Balthasar,202652,6
Prince,202652,4
Romeo,202652,3
Montague,202652,0
Fulgencio,202652,3
Caroline,202652,22
Hugo,31981493,8
Elisabeth,31981493,6
Uuno,31981493,6
Tuura,31981493,21
Goodman,2988222,6
Owen,19766878,3
Lilly,19766878,8
Clark,12075306,22
Linda,11728170,4
Eberstein,11728170,14
Dietrich,11728170,14
Ed,11728170,3
Leland,11728170,18
Friedrichs,11728170,15
Voss,11728170,8
Benbow,8119369,1
Simpson,8119369,19
Jones,8119369,12
Wooley,8119369,6
Frame,8119369,11
Chester,8119369,17
Hawkins,8119369,7
Kyle,35456573,15
Alfie,35456573,3
Talbot,35456573,20
Absalum,35456573,5
Joanne,35456573,6
Phillips,35456573,20
Joanna,35456573,15
Deanna,35936621,3
Leanne,35936621,9
Trevor,35936621,24
Leanna,35936621,10
Tyson,35936621,3
McBride,26442946,7
Ellen,26442946,23
Joel,26442946,21
Red,26442946,3
Reynolds,26442946,4
Moresby,26442946,6
Curley,26442946,18
Curtis,26442946,20
Hannah,18769044,11
Marion,18769044,2
Shimesu,4254373,3
Kisaragi,4254373,4
Roland,18185668,1
Nanette,18185668,4
McDougall,18185668,1
Raoul,18185668,10
Challoner,18185668,3
O'Connor,18185668,4
Buck,18185668,4
Tichkule,23388058,21
Vichare,23388058,11
Bhagat,23388058,3
Rana,23388058,10
Rao,23388058,22
Ganpule,23388058,4
Anjali,23388058,23
Sachin,23388058,24
Henry,11958947,3
Wiggen,11958947,6
Woods,11958947,5
Pearson,11958947,2
Bruce,11958947,14
Carter,35916354,17
Julian,35916354,3
Angela,35916354,3
Gus,35916354,24
Cruz,35916354,4
Lita,35916354,3
Billy,35916354,6
Maynard,35916354,3
Martin,15068907,3
Carotenuto,9443302,21
Mirziano,9443302,24
Stelluti,9443302,17
Annarella,9443302,3
Sica,9443302,24
Ritis,9443302,5
Sagliena,9443302,10
Karl,677394,23
Koch,677394,3
Celine,677394,7
David,677394,1
Karen,1436343,18
McCoy,1436343,10
J.T.,1436343,24
ganesan,20554814,0
Karthick,20554814,21
raja,20554814,17
Ickenham,18756704,0
Lawrence,18756704,1
Stubbs,18756704,5
Frisby,10759485,20
Venus,10759485,14
Marvin,10759485,6
Roche,709391,17
Fogg,709391,15
Edison,709391,18
Monique,709391,6
Thomson,709391,20
Victoria,709391,14
Hapi,709391,13
Kelvin,709391,6
Xing,709391,14
Fang,709391,20
Phileas,709391,3
Hazel,1295735,5
Bellamy,15313145,1
Gallo,15313145,15
Hucklebee,15313145,1
Matt,15313145,21
Luisa,15313145,21
Albertson,15313145,9
Mohan,31087319,8
Nichol,23524959,21
Arthur,33902886,17
Meade,33902886,13
Mary,33902886,21
Bill,33902886,18
Harrington-Smith,10540961,21
James,10540961,3
Clive,10540961,21
Julian,10540961,3
Jules,10540961,19
McLaren,10540961,21
Jacki,10540961,6
Barstowe,10540961,24
Dewar,10540961,8
Denise,10540961,17
Mitch,229047,3
Ginny,229047,3
Joe,229047,7
Hiller,229047,10
Darcelle,229047,10
Slim,229047,6
Shleeter,229047,15
Maga,229047,3
Cecil,1494429,20
McLemore,32165121,10
Rundle,33110821,17
Fallon,33110821,8
Ted,33110821,1
Ye,26967810,8
Cherg,26967810,24
Fayattia,26967810,14
Christian,26967810,22
Tasuku,1288086,20
Shoko,1288086,2
Zou,4224372,19
Elvira,4224372,21
Budderball,21012631,5
Eddy,21012631,4
Eli,21012631,10
Cruge,21012631,13
Rambova,4472408,4
Armand,4472408,13
Marguerite,4472408,6
Deco,4472408,18
Oboro,3577050,4
Gennosuke,3577050,13
Ieyasu,3577050,8
Yu,17516655,15
gi,17516655,8
Suguru,17516655,9
Ami,17516655,17
Kimura,17516655,19
Sho,17516655,17
Sugihara,17516655,4
Choong-nyung,34420393,13
Ana,844315,16
Marcel,844315,17
Ren,844315,19
Husson,844315,6
Pierre,844315,6
Henrietta,844315,8
Serizy,844315,19
Mahalingam,23654460,6
Mayil,23654460,17
Ravi,23654460,13
Duraisingam,23654460,16
Singam,23654460,6
Kavya,23654460,19
Vaaganam,23654460,1
Flynn,27662044,22
Pam,27662044,3
Smart,27662044,3
Gregg,27662044,17
Halen,27662044,9
Cecelia,27662044,21
Pierce,27662044,21
Billy,27662044,3
Castille,21908706,17
Dumoulin,21908706,9
Marie-Octobre,21908706,15
Lan,8703922,6
Puteh,8703922,2
Ahmad,8703922,2
Osman,8703922,13
Rule,16395026,8
Hilary,16395026,6
Eleanor,16395026,8
Grange,16395026,22
Webb,16395026,20
Shepherd,258732,6
McInerney,258732,14
A.J.,258732,15
MacInerney,258732,9
Rumson,258732,16
Wade,258732,21
Boti,1301663,9
Khan,1301663,7
Maqbool,1301663,23
Nimmi,1301663,4
Shakespeare,1301663,20
Shah,1301663,10
Ji,1301663,22
Callan,9229395,10
Yealland,9229395,22
Sarah,9229395,21
Sassoon,9229395,13
Owen,9229395,15
Graves,9229395,9
Rivers,9229395,13
Larter,12592136,14
Woods,32541723,9
Shigehiko,15442703,8
Danny,6103726,23
Sylvia,6103726,4
Morley,6103726,17
Usmaan,3946762,15
Megha,3946762,24
Ajay,3946762,2
Mal,3946762,18
Tabrez,3946762,3
Khan,3946762,9
Alam,3946762,13
Singh,3946762,23
Shastri,3946762,3
Ranjan,3946762,17
Gnorga,3028394,4
Rosie,3028394,4
Gus,3028394,3
Llort,3028394,17
Stanley,3028394,10
Bartlett,8137655,10
Dunross,8137655,23
Struan,8137655,16
Tcholok,8137655,19
Gornt,8137655,0
Wu,8137655,11
Gant,8109596,3
Stricker,8109596,3
Fraden,8109596,13
Chafee,8109596,20
Benson,8109596,1
Anne,8109596,16
Canfield,8109596,17
Judge,8109596,17
Luke,8109596,6
Chaffee,8109596,17
Reeger,8109596,4
Pierce,8109596,17
Hastings,8109596,17
Buck,8109596,6
Dylan,10597228,23
Johnny,10597228,23
Cass,10597228,20
Poland,10597228,2
Robson,10597228,24
Vicky,10597228,12
Billy,10597228,3
Huo-tu,1392287,4
Huang,1392287,3
Richter,1392287,11
Kevin,1392287,4
Travis,683428,10
Malik,683428,10
Max,683428,3
Kazaam,683428,17
London,24665904,23
Charlie,11451211,17
Blackbeard,28314445,4
Kelly,28314445,19
Noble,28314445,18
Winkle,28314445,8
Larmor,33155930,18
Tarquin,33155930,10
Juan,2428862,9
Ana,2428862,3
Pilar,2428862,6
Antonio,2428862,6
Gloria,2428862,15
Toledo,2428862,3
Keith,1573570,20
Ray,1573570,13
O'Donnell,1573570,1
Marie,1573570,3
Alice,8275826,21
Thomas,8275826,23
Elsa,8275826,11
Franck,8275826,19
Kumar,9311456,3
Kabak,225487,20
Marshall,225487,9
Charles,225487,3
Rupert,225487,21
Price,225487,6
Jim,28138586,3
Fletcher,28138586,14
Shaw,35943142,12
Ilson,35943142,12
Miguel,35943142,14
Rogers,35943142,13
Conde,19837210,24
Romasanta,19837210,21
Taylor,5743048,15
Jessica,5743048,3
Nick,5743048,19
Jinx,5743048,8
Simon,5743048,13
Gepse,5743048,13
Weiss,4696764,9
Glut,4696764,9
Corday,4696764,13
Schmidt,4696764,24
Harmon,4696764,19
Shaitan,4696764,22
Shaheen,4696764,6
McFarland,4696764,22
Clancy,4696764,24
Renard,4696764,24
Goodgold,4696764,0
Wayne,4696764,24
Kousalya,16166150,5
James,16166150,10
Ravi,16166150,17
Paandu,16166150,12
Smart,3828072,3
Crableigh,3828072,16
Brown,3828072,23
Satou,21028971,18
Hattori,21028971,7
Conan,21028971,3
Agasa,21028971,12
Kazuki,21028971,6
Matsumoto,21028971,17
Mizutani,21028971,17
Pisco,21028971,4
Takagi,21028971,24
Nanako,21028971,19
Korn,21028971,17
Honjou,21028971,3
Woods,21028971,12
Strang,6461734,18
Dysart,6461734,18
Kiran,8774064,6
Saxena,8774064,21
Suraj,8774064,3
Asha,8774064,1
Choudhary,8774064,13
Arthur,5553187,1
Sam,5553187,21
Leibman,5553187,13
Charles,5553187,17
Gwen,5553187,6
Anderson,5553187,24
Eddie,5553187,6
Megan,3528700,6
Darla,3528700,3
Rich,3528700,6
Anderson,3528700,11
Wes,3528700,5
Cy,3528700,6
Carrie,6584119,6
Meeber,6584119,18
Fitzgerald,6584119,22
Jones,6584119,19
Drouet,6584119,3
Hurstwood,6584119,6
Laverna,4622889,4
Berry,4622889,3
Delphine,4622889,6
Elina,4622889,3
Fungi,4622889,17
Matt,24321248,7
Schultz,24321248,23
Blomkvist,28387289,17
Harald,28387289,12
Anita,28387289,4
Berger,28387289,3
Gottfried,28387289,17
Salander,28387289,13
Bjurman,28387289,10
Martin,28387289,17
Harriet,28387289,17
Frode,28387289,6
Vanger,28387289,22
Jethu,33384148,20
Kajro,33384148,20
Ghumroo,33384148,21
Bouquet,20181860,14
Muggs,1530068,10
Holly,20842172,3
Hughes,20842172,11
Firwood,20842172,14
Wallace,11593294,16
Khanna,2782511,21
Jaideep,2782511,4
Neha,2782511,21
Boxer,9234287,16
Majid,3035900,3
Pierre,3035900,1
Pierrot,3035900,3
Anne,3035900,6
Laurent,3035900,9
Georges,3035900,6
Parker,33777630,18
Rayfield,33777630,19
Irene,36354703,5
Michael,36354703,6
Aram,36354703,6
Millie,36354703,6
Billie,36354703,24
Katourian,36354703,6
Christophe,25344779,4
Hicham,25344779,0
Olivier,25344779,2
Marc,25344779,18
Ahab,9782429,6
Wiscasset,9782429,13
Derek,9782429,3
Esther,9782429,24
Guerin,1419414,13
Graham,1419414,19
Traynor,1419414,11
Cathal,1419414,7
Gilligan,1419414,15
Hutch,1419414,24
Goose,31232694,9
Rey,31232694,1
Cavendish,31232694,23
Mitchell,31232694,9
Zachry,31232694,21
Meronym,31232694,20
Sonmi,31232694,11
Frobisher,31232694,11
Sixsmith,31232694,19
Ewing,31232694,13
Eramus,3978347,10
Angela,3978347,23
Luna,3978347,19
Shadmock,3978347,11
Spritzel,2481282,10
Russ,2481282,14
Robert,2481282,21
Noreen,2481282,21
Dave,2481282,3
Spritz,2481282,18
Bansi,35272722,3
Ram,35272722,6
Chameli,35272722,17
Laali,35272722,24
Phumman,35272722,21
Lal,35272722,18
Lajwanti,35272722,23
Lama,174437,18
French,174437,12
Smith,174437,22
Josef,174437,13
Chaplin,174437,16
II,174437,2
Grey,174437,18
Jack,174437,3
Ferdinand,174437,10
Haig,174437,5
Pankhurst,174437,9
Shyamlal,574342,21
Mahesh,574342,4
Chote,574342,17
Khan,574342,2
Pathan,574342,23
Baban,574342,17
Mohini,574342,3
Singh,574342,17
Lotiya,574342,17
Munna,574342,4
Jyoti,574342,23
Deshmukh,574342,10
Holly,12555863,6
Baby,12555863,6
Nick,12555863,6
DeMarco,12555863,6
Kinlaw,12555863,23
Escalante,12555863,15
Osgood,12555863,16
Kinnick,12555863,7
Cassie,12555863,0
Melissa,11202210,4
Rosita,20329839,3
Diego,20329839,17
Muller,5644608,7
Manchu,5644608,24
Smith,5644608,24
Heinrich,19097116,13
Rastchuk,19097116,4
Hitler,19097116,10
Lenz,19097116,13
Lohse,19097116,21
Dan,6801868,4
Toby,10676879,6
Hunter,10676879,9
Malini,17435954,17
Roy,17435954,3
Kamath,17435954,17
Gujral,17435954,3
Rajat,17435954,3
Mehek,17435954,3
Suraj,17435954,17
Riya,17435954,21
Nikhil,17435954,3
Rathore,17435954,18
Gehna,17435954,3
Boulin,30738119,6
Mami,30738119,8
Charles,30738119,17
Anne,30738119,3
Draquart,30738119,20
Caesar,2332290,19
Spock,2332290,15
Shatner,2332290,12
Hordern,32943099,3
Laura,799030,4
Avi,799030,13
Stoddard,799030,23
Jones,799030,17
Newton,799030,13
Burch,799030,9
Black,799030,22
Asani,799030,17
Scott,799030,4
Curtis,799030,4
Kramer,18080137,1
find,18080137,12
Pete,18080137,12
George,18080137,3
Shackleford,18080137,3
Herbert,18080137,6
Sissy,18080137,3
Alex,18080137,3
Arthur,920296,19
Richard,920296,3
Finney,920296,12
McKenna,920296,19
Collier,920296,1
Biehl,920296,13
Elise,920296,3
Robinson,920296,13
Paul,25829166,7
Morano,25829166,24
Giovanni,25829166,9
Ray,25829166,6
Dyke,25829166,9
Gates,25829166,6
Peterson,25829166,1
Stewart,25829166,10
Monte,25829166,21
Kotch,3020199,16
Inger,3020199,23
Knudsen,3020199,12
Gatmon,18206216,19
Kwame,18206216,14
Zach,3868321,15
Rebecca,3868321,19
Martin,1380903,0
Forrester,1380903,9
Ashley,1380903,16
Steve,1380903,22
Lewis,1380903,2
Worscher,1380903,17
Lydia,1380903,3
Scarlett,1380903,23
Lorna,1380903,8
Macon,1380903,3
Sherwood,1380903,14
Halley,1380903,3
Graves,31326696,13
Mary,31326696,13
Nadine,4053005,11
Quinton,4053005,19
Emily,4053005,5
Cope,4053005,20
King,4053005,11
Boynton,4053005,13
Poirot,4053005,13
Christian,1949083,23
Stoner,1949083,6
Howard,1949083,13
Jewison,1949083,10
Slade,1949083,6
McQueen,1949083,24
Manamo,24733835,21
Minamo,24733835,21
Sammy,28054698,21
Ray,28054698,16
Vera,28054698,19
Rita,28054698,18
Catoff,28054698,21
Shelly,28054698,4
Chantu,18661417,22
Bantu,18661417,16
Hema,25762104,16
Prabhakara,25762104,2
Teruhiko,27768311,21
Hanae,27768311,23
Rosalie,27836693,21
Julien,27836693,3
Christy,8495088,4
Huddleston,8495088,5
David,7139279,5
Falkenberg,7139279,15
Holger,7139279,6
Jeremy,31623179,24
Ellis,31623179,3
Lejune,31623179,2
Cort,31623179,5
Matt,31623179,7
Evan,31623179,0
Hawkins,31623179,21
Melanie,31623179,4
Johnny,7217617,3
Walt,7217617,6
Pepper,7217617,23
Michael,24466540,20
Simpson,26389782,23
Lucas,26389782,15
Richards,26389782,15
Jensen,26389782,24
Kumar,23696558,16
Vivek,23696558,6
Nair,23696558,16
Venjarammoodu,23696558,11
Teresa,23696558,18
Menon,23696558,20
Nandini,23696558,23
Tinku,23696558,11
Kavya,23696558,16
Ananthan,23696558,8
Henry,871130,15
Paul,871130,1
Corbett,871130,11
Harris,871130,19
Audrey,871130,0
Jenny,871130,23
Lindsay,871130,23
Helen,871130,16
Tracy,23295795,2
Teddy,23295795,3
Wenneck,23295795,1
Chow,23295795,14
Phil,23295795,17
Price,23295795,14
Garner,23295795,24
Tyson,23295795,9
Fowler,11795690,11
Aldrich,1777992,6
Bartlett,1777992,1
Betsy,1777992,6
McMasters,1777992,12
Compton,1777992,11
Vanmeer,1777992,20
Sand,1777992,14
Christie,29327755,18
Mona,5580971,6
Mole,5580971,8
Thumbelina,5580971,13
Rudy,11457270,9
Giuliani,11457270,15
Woods,11457270,21
Chowdhury,31540281,8
Robyn,31540281,13
Liza,31540281,3
Rahim,31540281,14
Dikosta,31540281,3
Gaston,133462,3
Maurice,133462,3
Belle,133462,3
Potts,133462,16
Jack,10906265,21
Shatokhin,10906265,18
Hessalt,10906265,1
Adriana,9750356,11
Moses,36043053,7
Turner,36043053,10
Mary,36043053,13
Dylan,2380254,18
Georgie,2380254,12
Jez,2380254,18
Hannson,9072164,1
Anna,9072164,6
Pramod,9072164,6
Petersen,9072164,6
Jacob,9072164,21
Helene,9072164,14
Christian,9072164,10
Manders,3190591,13
Pennington,3190591,22
Drummond,3190591,22
Sonia,32946082,8
Conroy,3782305,22
McKibbon,3782305,18
Krishna,27019957,15
Kunjunni,27019957,21
Radha,27019957,1
Viktor,15825607,0
Marcela,15825607,21
Andrei,15825607,20
Kelton,33518689,13
Laura,33518689,3
Crenshaw,33518689,19
Daniels,33518689,22
Cindy,33518689,10
Michael,33518689,17
Matthews,33518689,16
Mark,33518689,17
Krasnick,33518689,14
David,33518689,1
Andrews,6150970,17
Embry,6150970,17
Michaels,6150970,11
Harris,6150970,6
Mark,6150970,16
Landry,6150970,12
Kelly,6150970,22
Becky,6150970,23
Emerson,6150970,7
Zentraedi,6150970,17
Stacy,6150970,24
Peck,20094531,10
Yolonda,20094531,17
McBragg,30865251,15
Chumley,30865251,3
Livingston,30865251,9
Mr.,30865251,17
Minow,30865251,15
J.,30865251,15
Powell,30865251,20
Stanley,30865251,2
Maninoff,30865251,2
Harris,30865251,1
Jerboa,30865251,12
Adams,30865251,13
Dodd,15789679,10
Newton,15789679,5
Gauguin,14552544,4
Gaugin,14552544,6
Pissarro,14552544,19
Floyd,9985474,22
Rambai,33269907,10
Jerry,6029880,3
Byrd,1853942,23
Jones,1853942,5
Paul,18900694,3
Hollander,18900694,22
Horhenfels,18900694,4
Marianne,18900694,18
Fritz,18900694,20
Teri,18900694,21
Ana,9977545,4
Simonney,9977545,16
Lajos,12101601,20
Roa,12101601,22
Miguel,12101601,22
Romay,12101601,0
Maroto,12101601,9
Pachelo,12101601,20
Herreros,12101601,2
Dur,12101601,22
Segura,12101601,22
Mans,12101601,0
Montes,12101601,21
Dogan,12101601,12
Royo,12101601,4
Josefina,12101601,24
Mar,12101601,22
Gowri,34385739,2
Anthony,34385739,0
Ramaswamy,34385739,0
Nalina,34385739,22
Arivumathi,34385739,23
Poyyamozhi,34385739,11
Shekar,34385739,14
Sundar,34385739,21
Selvam,34385739,4
Gunaseelan,34385739,14
Sumathi,34385739,14
Vajram,34385739,17
Poyyamaozhi,34385739,6
Williams,29899086,14
Damodaran,29899086,11
Divakaran,29899086,5
Devan,29899086,4
Shekhar,29899086,9
Nazar,29899086,14
Chanthakkadan,29899086,8
Roy,29899086,19
Shroff,29899086,10
Fay,19925493,3
Donald,19925493,10
McMahon,12667164,18
Hays,2087090,20
Diane,2087090,3
Lundahl,2087090,7
Neal,2087090,0
Doug,2087090,7
Tobi,2087090,23
Karen,2087090,23
Peggy,2087090,10
Flum,2087090,15
Traci,2087090,12
Cadwell,2087090,23
Tali,9383995,21
Mecha,9383995,24
Rafael,9383995,8
Gregorio,9383995,2
Holmes,24779008,23
Hudson,24779008,13
Karasky,24779008,16
Abel,24779008,17
Church,24779008,24
Watson,24779008,13
Langan,339516,17
Forrest,339516,19
Manning,339516,10
Carol,339516,4
Ceku,25501154,4
Arif,25501154,16
Kaaya,25501154,18
Logar,25501154,6
Nicole,32520115,13
Ricard,32520115,13
Gibert,32520115,18
Walsh,32520115,6
Randall,32520115,23
Carol,32520115,17
Beckham,32520115,12
Sen,19983847,6
Chakravarthy,19983847,23
Roy,19983847,5
Sharma,19983847,0
Aachhe,19983847,15
Ek,19983847,14
Anjan,19983847,21
Silverstone,19983847,5
Konya,19983847,23
Anzani,25734441,20
Linda,25734441,4
Hughes,25734441,4
Prime,6831613,4
Hordak,6831613,17
Alisha,6831613,4
Marlena,6831613,16
Adam,6831613,21
Miguel,6831613,4
Orko,6831613,6
Skeletor,6831613,4
Rocker,31323922,24
Hansen,31323922,9
Collins,31323922,0
Ali,16934257,6
Morgan,16934257,3
MacMurray,16934257,8
Leslie,16934257,8
Columbus,16934257,9
Nazir,33820103,9
Joseph,33820103,4
Black,33820103,11
Changathi,33820103,12
Tepes,5694982,13
Lettie,2814516,12
Hill,2814516,12
Angela,2814516,6
Max,2814516,18
Tanner,1863122,16
Redford,1863122,9
Salim,1863122,18
Kerry,1863122,16
Jack,1863122,13
Jr.,1863122,0
Wilson,13921056,2
Frick,13921056,8
Gordon,30552151,17
Morland,30552151,9
Signor,2279186,24
Michael,2279186,3
Susan,2279186,16
Baskin,2279186,0
James,2279186,7
Yanzhi,25888327,21
Bro,25888327,13
Shan,25888327,3
miss,25888327,12
Ma,25888327,21
Domingo,26523057,14
Vange,26523057,16
Bettina,26523057,8
Marcos,26523057,2
Munozca,26523057,23
Porcel,8906897,2
Archer,3622471,4
Baker,3622471,5
R,3622471,11
Stewart,3622471,21
Schurz,3622471,18
Carmilla,8981929,4
Leopoldo,8981929,9
Sawanth,17109428,6
Baker,417479,19
Alexandre,417479,5
Alphonse,417479,11
Koufax,501340,14
Vanessa,501340,21
Brooks,501340,7
Julian,501340,6
McGrath,501340,8
Phil,501340,19
Mike,501340,12
Sonny,501340,6
Tommy,501340,19
Corinne,501340,2
Kevin,501340,6
Sid,501340,1
Gerrity,501340,2
Bianca,14144926,21
Bea,14144926,5
Lloyd,14144926,11
Enzo,14144926,22
Che,14144926,21
Jackie,14144926,21
Fetisov,362045,15
Burakov,362045,16
Rodrigo,26776755,24
Drake,26776755,6
John,26776755,14
Tim,14141946,3
Lareine,14141946,14
Pangborn,14141946,10
Dougy,14141946,8
Madeline,14141946,23
Jessica,14141946,12
Regency,14141946,4
Madden,14141946,16
Madeleine,14141946,9
Pond,14141946,12
Griffin,2756990,10
Foree,2756990,5
Sandman,2756990,15
Arlene,16280232,6
Lineland,16280232,23
Pantocyclus,16280232,17
Spherius,16280232,6
Abbott,16280232,4
Square,16280232,24
Helios,16280232,0
Padmanaban,25899609,8
Mukesh,25899609,21
Vinod,25899609,7
Grose,19134923,4
Jessel,19134923,21
Quint,19134923,17
Mary,29397587,13
Angel,29397587,20
call,29397587,0
Mohanlal,29397587,21
Mamman,29397587,13
Busey,3293089,8
McBain,3293089,16
Sanders,5672206,13
Earnshaw,5672206,21
Henderson,5672206,13
Adams,5672206,23
Cummings,5672206,13
Chapell,901563,6
Clark,901563,21
Doyle,901563,14
Lovitz,901563,7
Griff,901563,21
Hughes,24388527,23
da,24759110,18
de,24759110,22
Federico,24759110,6
Ezio,24759110,15
Mark,24759110,15
Alberti,24759110,18
Firenze,24759110,3
IV,24759110,15
Lorenzo,24759110,6
Maffei,24759110,17
Uberto,24759110,4
Giovanni,24759110,16
Borgia,24759110,3
Pope,24759110,13
Medici,24759110,11
Father,24759110,22
Porteous,24571663,19
Elizabeth,24571663,5
Catherine,24571663,19
Brand,1172394,8
Courtney,1172394,16
Hamilton,1172394,17
Gish,2967406,21
Cates,2967406,2
Fonda,2967406,14
Hannah,2967406,9
Alan,30885871,17
Michael,30885871,6
Nancy,30885871,3
Cowan,30885871,9
Longstreet,30885871,1
Tom,11944212,3
Thor,7623911,6
Odin,7623911,8
Loki,7623911,16
Tjalvi,7623911,4
Ahmed,6640035,24
Jyotin,6640035,18
Suratwala,6640035,6
Wabe,6872687,0
Brenda,6872687,2
Yvonne,6872687,16
de'Medici,9987857,22
V,9987857,18
Frundsberg,9987857,15
Fred,3645284,7
Pola,3645284,6
Louis,3645284,13
Albert,3645284,14
Paul,16276404,11
Singh,16276404,24
Alfie,16276404,21
Twigg,8502243,2
Mays,8502243,19
Arlena,8502243,22
Lestrange,4691910,7
Mircalla,4691910,3
Karnstein,4691910,15
Raphael,35744959,10
God,35744959,6
Bera,35744959,21
Abraham,35744959,13
Liam,35744959,8
Alice,34114113,6
Marzan,3797781,12
Rodriguez,3797781,11
Dauden,3797781,11
Geeta,4996220,19
Haroun,4996220,1
Kwesi,4996220,12
Doug,4996220,6
Tilo,4996220,11
Mother,4996220,6
Julian,8626891,17
Romain,3375247,3
Ingrid,3375247,23
Dimitri,3375247,0
Evelyne,3375247,6
Pierre,3375247,6
Said,3375247,9
Macko,2482322,6
Bennie,2482322,10
Gavilan,2482322,3
Calden,2482322,13
Wasley,2482322,6
Sartain,2482322,21
Kowalski,2482322,13
Robideaux,2482322,15
Ruby,2482322,10
Kaamatchi,11779229,22
Albert,11779229,22
Nagarani,11779229,22
Shobhana,11779229,3
Muthu,11779229,6
Salima,11779229,22
Iyanar,11779229,22
Adhilakshmi,11779229,22
Puri,29451676,0
Kapoor,29451676,0
Chakraborty,29451676,14
Sridevi,29451676,16
Michelle,22549171,6
Thomas,22549171,24
Rummel,22549171,3
Brock,22549171,19
Michele,22549171,13
O'Brien,22549171,15
George,14453901,11
Antonia,14453901,2
Peppino,14453901,21
Fox,2730274,2
Kinski,2730274,21
Scott,2730274,10
Sunil,16166246,14
Chakra,13093923,2
Chamberlain,13093923,15
Oxford,16851708,10
Jackson,16851708,11
Hammersmith,16851708,0
Madeline,22410144,18
Katanya,22410144,5
Edward,22410144,10
Renoir,22410144,24
Rebecca,22410144,3
Aisling,6738089,20
Bruno,470943,3
Souza,470943,13
Taylor,26866490,9
Cora,26866490,6
Overton,26866490,0
Loy,26866490,16
Bill,26866490,3
Velayi,15662820,2
Madhavar,15662820,16
Padayachi,15662820,6
Hajabhai,15662820,24
Ellen,3255424,12
Morrissen,3255424,21
Christine,3255424,23
Duncan,3255424,22
Layne,3255424,1
Antonio,7208007,24
Lourdes,7208007,11
Rafael,7208007,4
Hakur,5315073,4
Norton,5315073,12
Khan,5315073,6
Compton,5315073,24
Joe,5315073,3
Diana,5315073,0
Corrigan,5315073,6
Jackson,23013924,15
Cyrus,23013924,6
London,23013924,3
Olsen,23013924,9
Osment,23013924,7
Gomez,23013924,14
Martin,23013924,1
Jerry,23013924,13
Max,23013924,23
Hannah,23013924,3
Montana,23013924,4
Russo,23013924,3
Bailey,23013924,6
Pickett,23013924,0
Robby,23013924,6
Harper,23013924,2
Luftnagle,23013924,18
Moseby,23013924,3
Alex,23013924,18
Simpson,23013924,9
Woody,23013924,18
Theresa,23013924,6
Cody,23013924,6
Oken,23013924,15
Tipton,23013924,7
Mifune,1414550,2
Douglas,670514,19
Muff,670514,10
Tom,670514,16
Finn,670514,6
Sawyer,670514,3
Becky,670514,16
Joe,670514,3
Thatcher,670514,2
Robinson,670514,0
Potter,670514,24
Mudd,14647199,6
Lincoln,14647199,2
Booth,14647199,11
Fane,11410269,16
Kapstetter,11410269,5
Kelly,11410269,12
Cantaro,11410269,0
Oberon,11410269,6
Bergdahl,11410269,15
Oscar,11410269,15
Coogan,3151903,3
Linny,3151903,17
McElroy,3151903,17
Ringerman,3151903,24
Helen,10335449,6
Jack,10335449,14
Frank,10335449,3
Kumar,5243205,5
Shanti,5243205,5
Henie,18765170,13
Donald,18765170,3
Rooney,18765170,14
Herbert,18765170,18
Shirley,18765170,6
Garbo,18765170,8
Brown,18765170,18
Cobb,18765170,0
Armetta,18765170,9
Raye,18765170,18
Paul,187635,3
Marcus,187635,21
Lili,187635,3
Reynardo,187635,10
Rosalie,187635,1
Marguerite,187635,3
Loes,22645206,17
Fudd,2999946,6
Shoemaker,2999946,6
Rumpelstiltskin,2999946,13
Sylvester,2999946,16
Hind,29982114,8
Masood,29982114,4
Anjali,29982114,2
Bharath,29982114,4
Belage,12199605,0
Eve,12199605,4
Harris,12199605,6
Zin,12199605,17
Jesse,12199605,11
Hadji,12199605,17
Jonny,12199605,3
Benton,12199605,13
Singh,12199605,18
Jessie,12199605,4
Bannon,12199605,20
McCartin,1922658,3
Albert,1922658,12
Gorgo,1922658,7
Sean,1922658,4
Ryan,1922658,13
Slade,1922658,23
Sam,17082868,6
Lu,17082868,21
Daniels,17082868,18
Mae,17082868,20
Clayton,17082868,9
Adams,17082868,7
Borden,17082868,1
Claude,17082868,21
Fein,25747140,18
Anna,25747140,6
Ben,25747140,18
Eddie,25747140,24
Jackie,25747140,2
Ronnie,24115407,14
Harris,24115407,11
Benchley,24115407,18
Carlton,24115407,14
Duke,24115407,12
Murphy,4490437,14
Jonathan,4490437,17
Pinker,4490437,4
Parker,4490437,4
Allison,4490437,9
Bormannhttp,30109815,18
Jacobs,4397117,22
Baker,4397117,21
Leonov,4397117,20
Mikhail,4397117,2
Schorr,4397117,12
Soshkin,4397117,6
Exup,1937414,19
Mike,32931344,21
Stefani,32931344,21
Juan,578001,10
Joan,578001,23
Zolo,578001,5
Corazon,578001,15
Colton,578001,23
elude,578001,23
Ralph,578001,23
Gloria,578001,9
Wilder,578001,19
Elaine,578001,12
Jack,578001,6
Hughes,20945069,14
Jordan,20945069,13
Connors,20945069,23
Shirley,20945069,13
Martin,20945069,7
Rafferty,20945069,8
Oliver,20945069,17
Davis,20945069,6
Carter,20945069,19
Harris,20945069,10
Dixon,20945069,4
Reed,20945069,4
Fathima,9674442,6
Peter,9674442,24
Ravi,9674442,8
Vasudevan,9674442,16
Ganesh,9674442,3
Sandhya,9674442,21
Vijay,9674442,1
Latimer,13665311,2
Vernay,13665311,0
Carrel,13665311,5
Holiday,13665311,24
Kare,28113610,17
Chandorkar,28113610,24
Sai,28113610,20
Baba,28113610,0
Rohila,28113610,19
Bhagoti,28113610,4
Jesus,28113610,15
Laxmi,28113610,10
Allah,28113610,15
Bhagwan,28113610,15
Patricia,22424475,21
Mandelbaum,22424475,14
Bordega,33590170,24
Brios,33590170,4
Lawrence,33590170,24
nez,33590170,9
Fremont,33590170,0
Martinez,33590170,24
Fredo,33590170,20
Julia,33590170,19
Fluffnums,32717999,3
Petunia,32717999,3
Porky,32717999,3
Kidder,30883459,11
Margo,30883459,21
Franklin,19074986,8
Hart,19074986,19
Reardon,19074986,3
Sawamura,24779022,22
Yuko,24779022,4
Kiryu,24779022,5
Nishikiyama,24779022,9
Family,24779022,9
Kazama,24779022,15
Dojima,24779022,4
Kamurocho,24779022,17
Yumi,24779022,3
Kazuma,24779022,23
Kyle,23814420,23
Andrew,23814420,6
Clayton,23814420,0
Claire,23814420,3
Mike,23814420,10
Lance,23814420,6
Mickey,32396789,3
Dale,32396789,4
Learner,9685139,16
Ruth,9685139,17
Arno,9685139,3
Lucas,9685139,23
Ethan,9685139,6
Dwight,9685139,24
Ames,21488473,9
Rice,21488473,6
Darby,21488473,9
Cantrell,21488473,9
Lowell,21488473,11
Shelton,21488473,6
Dennis,9597495,23
Charles,9597495,12
Woolsey,9597495,2
O'Bannion,9597495,11
Lindsay,9597495,8
Michael,9597495,6
Gloria,9597495,21
Burnside,9597495,12
Babcock,9597495,21
Cato,9597495,15
Beau,9597495,2
Agnes,9597495,21
Pegeen,9597495,19
Mame,9597495,6
Patrick,9597495,8
Gooch,9597495,23
Sarang,35204352,4
Veena,35204352,23
Mangesh,35204352,6
Janaki,35204352,23
Mike,1802400,3
Jody,1802400,18
Pearson,1802400,1
Reggie,1802400,6
Martin,10802888,11
Leveque,10802888,7
Dominic,10802888,0
Bajurny,10802888,13
Tim,18907448,13
Kathy,18907448,14
Collins,18907448,23
Allen,18907448,2
Lewis,18907448,9
Allenbourg,18907448,16
Buckham,18907448,20
O'Bannion,18907448,15
Larry,18907448,6
Dowling,18907448,11
Clive,6127063,7
Kemp,6127063,18
Liz,6127063,8
Carl,6127063,15
Burt,6127063,1
Gwen,6127063,10
Eva,6127063,1
Doe,6127063,11
Jonesey,6127063,18
Tornike,5698420,24
Barateli,5698420,6
Abel,5698420,6
Aravidze,5698420,12
Ketevan,5698420,16
Michaels,32644906,19
Dwarka,10888233,10
Pooja,10888233,14
Puri,10888233,16
Dashami,10888233,1
Rajni,10888233,13
Hrishikesh,10888233,10
Rameshwaram,10888233,10
Rusty,4290595,23
Socrates,4290595,4
Dandy,4290595,23
Dorothy,4290595,6
Glinda,4290595,3
Kaai,7564144,7
Akira,7564144,2
Keechie,7564144,0
Stein,4777503,9
Bundy,294520,22
Manson,294520,19
Scotty,294520,3
Carl,294520,3
Speck,294520,7
Waters,294520,11
Pickles,294520,22
Somers,294520,2
Jensen,294520,10
Ackerman,294520,23
Gracey,294520,20
Sutphin,294520,22
Beverly,294520,3
Sterner,294520,3
Hodges,294520,17
Rosemary,294520,1
Hinkle,294520,9
Stubbins,294520,0
Dottie,294520,3
Eugene,294520,22
Kastle,33401791,14
Sheila,33401791,13
Junior,33401791,3
Theo,33401791,5
Punjabi,33758328,4
Tripp,3179185,3
Ryan,3179185,4
Derek,3179185,11
Eddie,1862139,3
Tully,1862139,9
Pete,1862139,15
Baumann,11789507,15
Wagner,11789507,22
Irene,11789507,24
Schultze,11789507,4
Lindstrom,12685170,6
Bianca,12685170,3
Margo,12685170,3
Lars,12685170,16
Karin,12685170,13
ask,12685170,20
Gus,12685170,13
Dagmar,12685170,3
Gordon,18575846,8
Rosencrantz,10087485,23
Daniels,4498832,10
Jeff,4498832,6
Zoe,4498832,3
Joshua,4498832,6
Muththu,31157158,14
Devery,2957732,18
Clancy,2957732,2
Mary,2957732,4
Russell,2957732,11
Superior,2957732,19
Kathy,13374572,23
Jordan,13374572,18
Kohler,13374572,9
Kincaid,2073415,21
Tom,2073415,3
Brad,2753408,3
Brooke,2753408,14
Leah,2753408,5
Cathy,2313158,3
Beasley,2313158,24
Shayne,2313158,14
Emerson,2313158,20
Passarella,2313158,23
Royce,2313158,18
Timberlake,2313158,24
Roger,2313158,10
Chen,27871557,22
Dana,27871557,15
Yang,27871557,1
Chonlada,10135564,6
Sarai,10135564,4
Thongchai,10135564,13
Serei,10135564,23
Kosit,10135564,6
Rei,11272068,16
Ryuuji,11272068,21
Rosie,11332969,15
Dao,11332969,14
Ash,2563837,24
Watts,2563837,15
Bardo,2563837,21
Laure,2563837,3
Lily,2563837,10
Veronica,2563837,10
Juan,19583175,24
Julie,19583175,19
Joe,19583175,7
David,19583175,9
Shea,26818875,0
Arab,5895236,13
Yassir,5895236,17
Martinez,5895236,17
Sa,5895236,16
Campaign,5895236,19
Abdelkader,5895236,6
Sreeramakrishnan,32496091,12
Johnson,2930527,0
Dodge,2930527,1
Starbuck,17728854,22
Lane,17728854,8
Sommers,17728854,13
Courtney,17728854,21
Cherry,17728854,21
Bob,17728854,21
Westlake,17728854,7
Thwaites,1795303,8
Mandy,35597441,19
Martin,35597441,24
Oliver,25675846,14
Panlilio,25675846,20
Lara,25675846,2
Kate,25675846,11
Cruz,25675846,15
Johnson,28384803,20
Omana,31348830,14
Pranchi,31348830,10
Jose,31348830,8
Francis,31348830,14
Chekutty,31348830,5
Hargreaves,32987502,18
Hilda,32987502,20
Manorama,5389888,20
Devdhar,5389888,21
Thakur,5389888,15
Beatrice,6745357,15
Sebbe,6745357,3
Sofie,6745357,3
Amanda,6745357,3
Emma,6745357,17
Paul,3585054,5
Adolphe,3585054,15
Isabelle,3585054,13
Joseph,3585054,16
Trochard,3585054,11
Lime,71473,4
Paine,71473,17
Anna,71473,3
Calloway,71473,17
Popescu,71473,3
Winkel,71473,13
Schmidt,71473,9
Martins,71473,3
Kurtz,71473,12
Jung,14688795,9
Tang,14688795,23
Ying,14688795,2
Tong,14688795,6
Sunee,14688795,19
Mai,14688795,10
Mew,14688795,5
Samantha,9855336,6
Spitz,9855336,16
Kershaw,9855336,12
Juan,2651130,5
Duarte,2651130,1
Eva,2651130,21
Magaldi,2651130,14
Sravan,13865046,16
Lulchev,21806455,22
Georgi,21806455,6
Hertz,7153704,10
Hitler,7153704,1
Peter,7153704,23
Toulon,7153704,4
Elsa,7153704,4
Nazis,7153704,18
Hess,7153704,3
Stein,7153704,15
Jaswant,11347238,18
Barbosa,11347238,10
Das,11347238,17
Ravi,11347238,4
Rosita,11347238,24
Cabral,11347238,17
Ali,11347238,5
Nisha,11347238,3
Ray,32546286,11
Lucy,6181527,9
Cory,6181527,6
Julian,6181527,2
Sonny,6181527,20
Ricky,6181527,16
Lahey,6181527,7
Franklin,20655988,3
Manita,20655988,16
Lurdita,20655988,7
Caligari,1591226,13
Williams,1591226,15
Faust,1591226,17
Philbin,1591226,4
Winslow,1591226,3
Finley,1591226,3
Feodorovna,26763573,0
Daya,3863665,3
Bittu,3863665,17
Khan,3863665,17
Aakash,3863665,6
Simran,3863665,3
Seru,26949520,14
Juan,9136230,3
Fuentes,9136230,6
Cervi,9136230,17
Domingo,9136230,24
Guglilemini,9136230,6
G,9136230,8
Guglielmini,9136230,3
Llanos,9136230,4
mez,9136230,5
Almeido,9136230,12
Moyito,9136230,17
Mateo,9136230,6
Rossi,9136230,17
Rogelio,32989068,13
Herminia,32989068,18
Antonio,32989068,17
Jos,32989068,6
Rosario,32989068,6
Pirri,32989068,23
Shogun,24173144,4
Vasanth,6768285,3
Gajapathy,6768285,17
Heena,6768285,21
Hannibal,7661570,13
Roberts,7661570,22
Lee,7661570,24
Johns,7661570,18
Glenn,7661570,17
Roosevelt,7661570,13
III,7661570,20
Cappy,7661570,22
Davis,7661570,10
Dawson,30626695,23
Toma,30626695,9
Hugo,307789,19
Wydell,307789,0
Denise,307789,4
Satan,307789,10
Otis,307789,20
Jerry,307789,8
Naish,307789,24
Mary,307789,20
Earl,307789,24
Firefly,307789,19
Don,307789,17
Driftwood,307789,15
Goldsmith,307789,23
Rufus,307789,3
Spaulding,307789,22
Baby,307789,7
Ricko,1114086,6
Toby,1114086,23
Tracy,1114086,17
Diane,1114086,19
Tracey,1114086,4
Jared,1114086,3
Cherie,1114086,18
Rachel,1114086,3
Qateel,19275224,12
Bagani,19275224,12
Priyanka,19275224,12
Vishaka,19275224,12
Mukya,19275224,11
Chhuk,10708743,13
Chandanpur,10708743,24
Kumar,10708743,0
Neena,10708743,13
Baiju,10708743,5
Mangeshkar,10708743,21
Thakur,10708743,21
Biren,10708743,2
Dey,10708743,7
Maiko,14021516,14
Genshiro,14021516,2
Takasaka,14021516,13
Tateno,14021516,12
Hiragi,14021516,5
Bobby,2423428,3
Darrell,2423428,3
McKenna,2423428,15
Tucker,2423428,3
Jake,2423428,3
Grace,2423428,3
Leung,12510051,21
Ray,12510051,21
Lau,12510051,8
Carlos,16513719,21
Angelica,365039,6
Quinn,365039,5
Harris,365039,3
Frank,365039,6
Robin,365039,6
Monroe,365039,15
Baldrick,438547,3
Blackadder,438547,13
Stiller,240962,11
Arcieri,18437254,5
Pulliam,18437254,5
Phillips,18437254,0
Selvam,9669604,14
Santha,9669604,9
Kavitha,9669604,8
Shantha,9669604,8
Vijay,9669604,21
Jabex,33103559,15
Lords,7092616,13
Tanaka,7092616,9
Aizome,7092616,13
Tokeshi,7092616,23
Royce,18434302,1
America,18434302,7
Andre,18434302,15
Janet,19828514,24
Malini,33396742,2
Raj,33396742,5
Sinha,33396742,0
Chakraborty,33396742,5
Pink,20599473,3
Judith,2450375,17
Maggie,2450375,21
Sheridan,2450375,2
Stafford,2450375,12
Gentileschi,2450375,7
Kreschinska,2450375,16
Heldon,32960434,24
Vince,32960434,8
Julie,32960434,14
Stead,32960434,24
Ririko,28657324,17
Shinchan,28657324,17
Kamen,28657324,24
Mitsy,28657324,11
Kasukabe,28657324,6
Mam,28657324,15
Fuyuki,33456976,3
Giroro,33456976,0
Kululu,33456976,17
Rana,33456976,19
Keroro,33456976,21
Southerncross,33456976,1
Aku,33456976,24
Haddock,20518441,4
Woody,20518441,23
Cameron,18165825,6
Brad,18165825,3
Salman,18165825,3
Kabluey,18165825,1
Leslie,18165825,3
Spencer,7266768,4
Dean,7266768,14
Gallo,7266768,21
Emily,7266768,6
Wally,7266768,21
Springer,7266768,12
Goro,983044,5
Blade,983044,1
Ho,983044,9
Kang,983044,17
Rayden,983044,3
Sonya,983044,4
Cage,983044,15
Kahn,983044,17
Tsung,983044,17
Chan,983044,17
Kitana,983044,6
Maria,15890076,3
Oriana,15890076,12
Fidelia,15890076,24
Justine,3748152,17
Rayne,3748152,20
Julian,3748152,3
Gloria,3748152,17
Raynes,3748152,11
Sally,3748152,3
Louis,3748152,3
Elaine,3748152,6
Paddy,3748152,6
Kalle,7467504,2
Agger,7467504,12
Sabrina,7467504,9
Cooper,10331405,15
Palance,10331405,23
Baxter,10331405,11
Strawberryland,7460759,23
Shortcake,7460759,6
Huckleberry,7460759,20
Muffin,7460759,22
Sun,7460759,23
Strawberry,7460759,12
Lin,24569945,20
Mihiro,24569945,6
Sit,23593226,5
Kabir,23593226,13
Maahi,23593226,6
Simpkin,19865424,4
Baumann,20157657,18
Caldwell,20157657,19
Ford,2906058,11
Crews,2906058,3
Earl,2906058,16
Cutler,2906058,23
Sonny,2906058,17
Wes,2906058,6
Melanie,2906058,2
Dong-Geon,3003637,8
Young,3003637,19
Mi,3003637,15
Young-Bin,3003637,1
Kang,3190252,3
Chul-jung,3190252,17
Cho,3190252,3
Felix,35060845,17
Daniel,18225554,4
Harker,18225554,8
Lenore,18225554,6
Frank,18225554,3
Briggs,3214698,4
Brodie,3214698,12
McClure,3214698,1
Greg,3214698,3
Charles,3214698,13
Gothard,3214698,14
Daniels,3214698,4
Atmir,3214698,23
Collinson,3214698,7
Galili,3214698,8
Massey,3214698,12
Celeste,3214698,13
Ratzenberger,3214698,11
Jacko,3214698,5
Aitken,3214698,5
Bisset,3214698,9
Rimmer,3214698,1
Brown,3214698,9
Vaar,3214698,7
Fenn,3214698,12
Grogan,3214698,3
Gilmore,3214698,19
Delphine,3214698,6
Haywood,617063,12
Mayweather,617063,2
Cassie,617063,3
Kennedy,617063,9
Feathers,617063,15
Pendleton,617063,5
Justin,617063,6
Swanson,617063,11
Richard,617063,3
Hudson,617063,15
Mills,617063,4
Lisa,617063,6
Simato,2533907,18
Fellini,2533907,20
Emmenthal,2533907,22
Storey,2533907,23
Caroline,29950047,23
God,35297009,23
Gary,35297009,18
Tollman,35297009,7
Rajiv,24738759,6
Riya,24738759,3
Rabi,24738759,3
Kamdev,24738759,13
Ailey,639629,18
Ralph,639629,6
Leroy,639629,6
Sherwood,639629,7
Montgomery,639629,6
Michael,639629,0
Shorofsky,639629,14
Doren,639629,14
Bruno,639629,6
Berg,639629,10
Doris,639629,3
Lisa,639629,17
Kamali,6795132,8
Ann,1453549,13
Applewood,1453549,5
Ruth,1453549,0
Wayne,1453549,9
Marsh,9939440,8
Rusty,9939440,23
Agnes,9939440,2
Russell,9939440,11
Page,921301,13
Christ,921301,12
Bettie,921301,4
Paula,921301,0
Kefauver,921301,5
Klaw,921301,3
Tibbs,921301,12
Willie,921301,12
Jessica,1321163,13
Bobby,1321163,6
Jimmy,1321163,20
Ricky,1321163,6
Chloe,1321163,13
Max,1321163,18
E.,1321163,7
Pierre,3264582,20
Silverhielm,3264582,5
Erik,3264582,3
Marja,3264582,2
Delan,3264582,20
Schekken,3264582,20
Ponti,3264582,18
Hannah,17470133,6
Douglas,1178011,17
Nixon,1178011,20
Reagan,1178011,1
Ehrlichman,1178011,6
Santorum,1178011,20
Kenefick,1178011,16
Moore,1178011,6
Clinton,1178011,0
Benn,1178011,20
Devi,10639481,2
Rai,10639481,10
Doraiswamy,10639481,14
Amar,10639481,10
Sushma,10639481,14
Struecker,106328,15
Qeybdiid,106328,3
Gordon,106328,15
Wolcott,106328,9
Pilla,106328,17
Shughart,106328,18
Steele,106328,9
McKnight,106328,20
Garrison,106328,20
Atto,106328,10
Durant,106328,4
Eversmann,106328,17
Blackburn,106328,22
Aidid,106328,4
Kennedys,27611961,4
Hoover,27611961,11
King,27611961,8
Brescia,31453709,10
Maury,31453709,12
Kress,31453709,10
Firsching,31453709,9
Garko,31453709,19
Gordon,104643,4
Harding,104643,13
Passworthy,104643,5
Chapman,104643,18
Cabal,104643,17
Clark,21093009,2
Pederson,21093009,19
Bates,21093009,8
Bowers,21093009,8
Hitler,23219806,1
Kato,23219806,11
Tatsumiya,23219806,13
Nakamura,23219806,2
Kouou,23219806,10
Ewa,25515610,6
Janusz,25515610,3
Mercado,3557571,0
Augusto,3557571,1
Annabelle,3557571,12
Ben,3557571,0
Roland,3557571,6
Kerra,9176509,21
Donni,9176509,20
Corrine,9176509,12
Brock,9176509,21
Kiddoni,9176509,19
Gadianton,9176509,23
Chris,9176509,5
Rodriguez,12001093,0
Lute,12001093,4
Chelo,12001093,1
Franco,12001093,20
Amy,9321677,6
Doug,9321677,13
Williams,2029406,11
Thomas,2029406,11
Corin,2029406,16
Karl,2029406,14
White,2029406,22
Sandy,2029406,17
Holly,2029406,17
Mark,2029406,4
Frost,2029406,17
Mitch,2029406,2
Kate,2029406,13
Sharon,2029406,6
Roy,2029406,16
Gary,2029406,18
Helli,31322561,10
Max,31322561,5
Klott,31322561,14
Liu,28909870,0
Mei,28909870,8
Baker,2056428,3
Pillby,2056428,10
Morley,2056428,3
Brown,2056428,21
Carol,2056428,23
Xiaomeng,10100536,9
Xiaoyun,10100536,4
Liu,10100536,17
Shan,10100536,3
Zhou,10100536,12
Li,10100536,17
Ma,10100536,3
Xiaogang,10100536,22
Father,29398338,2
Savithri,23609070,14
Babu,23609070,14
Sambayya,23609070,24
Badram,23609070,11
Hyma,23609070,8
Jean,21172552,10
Zouzou,21172552,6
Grant,9952760,9
Barnett,9952760,13
Ray,9952760,6
Dorn,9952760,1
Gloria,9952760,4
Stanfield,9952760,5
Stanley,9952760,1
Dorgan,9952760,4
Grant,33388421,17
Richard,33388421,22
Ana,33388421,6
Sadie,33388421,6
Lauren,33388421,12
Javier,33388421,17
Joseph,33388421,6
Samuel,33388421,3
Crone,33388421,3
Barton,2618462,21
Sheila,2618462,3
Martin,2618462,6
Sonya,2618462,5
Louise,2618462,12
Winthrop,2618462,22
Blain,2618462,19
Hubbard,2618462,21
Cortland,2618462,0
Curtis,2618462,4
Min-Seok,7482786,1
Sang-Hoon,7482786,21
Hare,32998180,3
Fallows,32998180,6
Paul,18878308,21
Capucine,18878308,12
Emilie,18878308,6
Gaudens,18878308,21
Frank,18878308,17
Charles,18878308,3
Saint-Denis,18878308,8
Gabrielle,18878308,3
Phillipe,18878308,6
Deneige,18878308,19
Waltman,2301370,6
Marnac,27283528,24
Albert,27283528,6
baroness,27283528,13
Schneider,27283528,5
Anna,27283528,6
Eloise,27283528,6
Gilbert,27283528,11
Sophie,27283528,14
Baron,27283528,3
Karl,27283528,6
Burgen,27283528,12
Cotty,34004505,12
Smychkov,23102665,14
Xiao-Jun,4866746,11
Qiao,4866746,19
Pao,4866746,17
Cheung,4866746,7
Lai,4866746,11
Casey,9793561,19
Evie,9793561,16
Herman,11506353,22
Bonnie,11506353,21
Johnny,11506353,21
Carnegie,11506353,0
Casper,11506353,3
Jonathan,11416034,14
Chris,11416034,3
Linda,11416034,15
Reagan,28205763,1
Lily,28205763,6
DiCaprio,28205763,9
Hari,26693888,14
Akhila,26693888,6
Meera,26693888,14
Pepe,32332049,3
Penelope,32332049,3
Pussycat,32332049,24
Myakisheva,29487248,4
Grachev,29487248,13
Jane,16964519,14
Vale,16964519,8
Elliott,16964519,23
Awooga,5055956,4
Sylvester,5055956,5
Granny,5055956,24
Rimfire,5055956,16
Nadira,24513554,5
Kalidas,24513554,18
Neela,24513554,6
Chandra,24513554,24
Avinash,24513554,21
Shekhar,24513554,21
Maclaine,5321761,19
Jeanette,5321761,21
Mike,5321761,5
Marcel,10582531,6
Julie,10582531,19
Albert,10582531,22
Marta,3927698,15
Walter,3927698,6
Anja,3927698,4
Ettore,3927698,3
Carlo,3927698,21
Bruno,3927698,6
Giulia,3927698,3
Bottini,3927698,13
Pavan,3927698,16
Bostjan,3927698,17
Francesco,3927698,3
Drasko,3927698,10
Novak,3927698,6
Helene,5565988,6
Angie,5565988,3
Ray,5565988,1
Bressant,5565988,13
Mirabelle,5565988,5
Beatrice,5565988,12
Kenzie,5565988,22
Lionel,5565988,8
Doyle,5565988,6
Patrick,5565988,6
Dottie,5565988,3
Amanda,5565988,13
McCready,5565988,10
Poole,5565988,13
Canterville,11452198,24
Jennifer,11452198,1
Umney,11452198,7
Shilpa,7269514,14
Sneha,7269514,23
Arjun,7269514,6
Prasad,7269514,7
Rao,7269514,9
Vamsi,7269514,19
Bunny,15591939,1
Frank,15591939,10
Ritika,6099449,14
Saigal,6099449,6
Rajeev,13822777,8
Jennifer,13822777,21
Woodruff,13822777,21
Priya,13822777,3
Granger,13822777,19
Vikram,13822777,13
David,13822777,19
Sethi,13822777,8
Iyad,9551038,16
Sam,9551038,11
Lander,9551038,14
Dahlia,9551038,24
Shaw,9551038,9
Pinto,24644162,22
Shawn,29384326,13
Maria,29384326,10
Emily,29384326,13
Carmen,29384326,22
Marissa,29384326,6
Cortez,29384326,16
Wilson,29384326,7
Rebecca,29384326,13
Angela,2797150,0
Rothmiller,2797150,6
Shame,2797150,11
Mendoza,2797150,15
Murphy,2973523,3
Donald,2973523,16
Jones,2973523,22
Sneakin,2973523,23
Jimmy,2973523,21
Ray,2973523,6
Sanders,2973523,13
Salieri,2973523,19
Tom,2973523,23
Eddie,2973523,24
Townsend,2973523,5
Lydia,2973523,17
Larry,2973523,16
Yeon,16703978,16
Jin,16703978,14
Goodman,2910440,11
Blair,2910440,5
Giamatti,2910440,15
Keith,19615593,11
Alurra,19615593,1
Zarkon,19615593,17
Allura,19615593,8
Anderson,10394806,15
Desmereau,10394806,9
Collier,10394806,20
Bristow,10394806,23
Dean,7203413,22
Ian,7203413,9
Lewis,7203413,9
Smith,7203413,4
Danny,3565057,3
Missy,3565057,6
Carol,3565057,21
Fletcher,2845380,3
Richmond,2845380,3
Bosshardt,2845380,9
Hallie,2845380,3
Dhanyam,35259179,6
Tao,20768445,9
Li,20768445,16
Vince,11037366,10
Truemont,11037366,15
David,11037366,24
McGowan,5577177,24
O'Keefe,5577177,0
Strand,5577177,9
Decker,5577177,24
Debbie,5577177,6
Henry,745100,2
Spider,745100,23
Spiker,745100,17
Trotter,745100,23
James,745100,3
Percival,12331162,7
Brosnan,12331162,1
Thomas,12331162,3
Stanley,12331162,3
James,12331162,20
Annie,12331162,23
Packard,12331162,8
Tom,4431129,4
Abby,4431129,13
Ryan,4431129,14
Judy,4431129,14
Randall,4431129,2
Neil,4431129,14
Sophie,4431129,19
Vicky,31279604,0
Halvar,31279604,12
Sven,31279604,12
Bergen,4091931,16
McCarthy,4091931,18
Mimsi,7333656,1
Ibbetson,7333656,16
Vivek,9108427,22
Mathew,9108427,16
Colfer,32727664,14
Janney,32727664,14
Phillips,32727664,17
Garden,3824576,18
Victor,3824576,22
George,3824576,23
Viktor,3824576,12
Kirsty,3824576,3
Jeff,3824576,22
Burton,3824576,18
Simon,3824576,3
Emma,3824576,6
Nims,23606613,5
Boon,23606613,21
Sandra,23606613,20
Manners,23606613,9
Craig,9567718,2
Parker,2598262,18
Gillespie,2598262,19
Harris,7119804,14
Roberts,7119804,19
Serge,3534336,8
Nadia,3534336,3
Thiriez,3534336,3
Bruno,3534336,21
Agn,3534336,0
Marc,3534336,3
Matthews,5115542,16
Ramu,19979352,10
Lakshmanan,19979352,10
Masur,4380331,7
Stantin,4380331,6
Steve,4380331,4
Sarah,4380331,15
Knox,4380331,15
Brown,4380331,12
Robinson,4380331,20
Munro,13457871,21
Dexter,13457871,21
Stander,9566099,0
Woollcott,9566099,15
Mallare,9566099,1
Haydon,9566099,4
Glenson,9179416,6
Steeple,9179416,22
Mamie,9179416,13
Mitchell,9179416,21
Nipper,9179416,16
McGurk,9179416,22
Caroline,9179416,13
Byrd,4807001,24
Bogart,4807001,6
Lucy,304725,19
Peabody,304725,14
Igor,304725,6
Flo,304725,3
Junior,304725,6
Beck,304725,17
Healy,304725,16
Roy,304725,2
Dad,304725,20
Ben,304725,6
Pepe,19461317,1
Juan,19461317,15
Rey,19461317,10
Rosario,19461317,1
Inocencio,19461317,13
Ranjit,31197541,13
Anju,31197541,2
Ikigami,31653564,22
Stump,798426,16
Cobb,798426,6
Roger,29415025,23
Carlo,29415025,23
Wynter,29415025,14
Sivaji,3944660,17
Ravichandran,3944660,5
Tamizhselvi,3944660,24
Suman,3944660,11
Adiseshan,3944660,21
Chezhian,3944660,24
Milo,163437,3
Tindle,163437,22
Andrew,163437,6
Wyke,163437,9
Margeurite,163437,5
Thea,163437,13
Johnny,2164332,10
Mooney,2164332,18
Petals,2164332,10
Sutton,2164332,22
Black,2164332,21
Grendel,2164332,8
Clio,1482874,6
Steed,1482874,9
Dulaine,1482874,11
Bart,1482874,13
Bellop,1482874,15
Bergman,1482874,11
Cooper,1482874,8
Maroon,1482874,16
Clint,1482874,21
Soule,1482874,24
Angelique,1482874,2
Hercules,458890,3
Morrison,1586160,8
Lizzie,1586160,6
Frankie,1586160,6
Davey,1586160,11
Marie,1586160,13
Javi,9812356,5
Seba,9812356,2
McGartland,18549245,18
Fergus,18549245,17
Marty,18549245,21
Madhavettan,31453213,15
Sreekumar,31453213,23
Baker,704406,22
Laura,704406,3
Dennis,704406,14
Cromwell,704406,13
Sampas,704406,4
Gamble,704406,17
Ross,704406,21
Alien-Patrick,704406,22
Patrick,704406,3
Orinsky,704406,13
Sergei,14930873,13
Mastropol,3277789,23
Mioara,3277789,17
Leigh,2387940,9
Nick,2387940,6
Chapman,2387940,2
Vukovich,963052,17
Waxman,963052,1
Hart,963052,17
Grimes,963052,17
Ruth,963052,6
Ling,963052,17
Wolf,31662421,23
Red,31662421,21
Williams,31455162,18
Collins,31455162,15
Pipp,31455162,1
Beezley,31455162,7
Shaw,31455162,18
Aasha,5162128,24
Swapna,5162128,23
Ajay,5162128,3
Mohan,5162128,15
Reddy,5162128,23
Rami,5162128,2
Varma,5162128,18
Thomas,23624157,3
Abby,23624157,3
Kenny,23624157,6
Jimmy,23624157,6
Owen,23624157,3
Jimmy,34982354,16
Prefecture,5409760,17
Arjun,15879495,24
Bhai,15879495,14
Singh,15879495,21
Cheerilee,32697511,21
Spike,32697511,18
Waymire,924179,23
Emerson,924179,14
Mapa,924179,10
Jimmy,6114445,12
Roosevelt,6114445,0
Zedong,25151312,0
Kun,25151312,1
Dolma,25151312,1
Hua,25151312,5
Lyolya,15103522,7
Sintsov,15103522,15
Gusev,15103522,13
Kulikov,15103522,11
Dmitri,15103522,17
Raj,26304157,2
Vasu,26304157,16
Thatha,26304157,19
Fairfax,4957483,9
Ross,4957483,5
Warren,4957483,20
Topolski,4957483,13
West,4957483,5
Macdonald,4957483,5
Natalie,30743660,16
Jun-Hyuk,30743660,20
Min-Woo,30743660,13
Nilofar,11051391,6
Haider,11051391,6
Chopra,11051391,0
Wasim,11051391,6
Nilofer,11051391,14
Martin,31363435,1
Benmahmoud,31363435,16
Johnno,6019915,3
Hart,6019915,0
Ballister,33206310,2
Prin,33206310,15
Tai,33206310,19
Ling,33206310,20
Aaron,11467488,22
Harry,11467488,8
Bradley,11467488,2
Stevenson,11467488,3
Kathryn,11467488,2
Jenny,11467488,8
Karen,11467488,16
Diana,11467488,14
Chloe,11467488,6
Margaret,11467488,0
Esther,11467488,2
Oscar,11467488,6
David,11467488,14
Williams,33364606,22
Tucker,33364606,9
Hambleton,931121,21
Kiet,931121,15
Potts,931121,24
Walker,931121,4
Norris,931121,0
Kyle,23627704,23
Julien,1166548,17
Bianca,8972250,21
Lucentio,8972250,13
Lilli,8972250,13
Fred,8972250,16
Lippy,8972250,24
Graham,8972250,20
Hogan,8972250,7
Lane,8972250,3
Katherine,8972250,21
Hortensio,8972250,16
Calhoun,8972250,6
Tex,8972250,19
Jeanie,8972250,16
Vanessi,8972250,9
Lois,8972250,21
Baptista,8972250,13
Petruchio,8972250,21
Calloway,8972250,3
Cole,8972250,22
Arati,15962521,21
Vasanti,15962521,24
Arathi,15962521,6
Vishnu,15962521,14
Vishnuvardhan,15962521,8
Suhasini,15962521,6
Kanada,15962521,0
Hombisilu,15962521,21
Berkley,10845420,1
Jones,10845420,14
Creel,10845420,16
Thiessen,10845420,6
Ollie,6059070,9
Stan,6059070,9
Doron,14358514,13
Uri,14358514,18
Hoffman,14358514,18
Issam,14358514,18
Rue,15911178,18
Clayton,15911178,9
Montrose,15911178,22
Parrish,15911178,15
Stanley,15911178,12
Egan,16260144,14
Sherman,16260144,19
Martin,16260144,18
Chapman,16260144,0
Harper,16260144,18
Reeves,16260144,20
Braden,16260144,0
Jackson,9951441,18
Wong,9951441,4
Foon,9951441,23
Fei-hung,9951441,0
Yim,9951441,17
Bucktooth,9951441,17
Yongfu,9951441,7
Douglas,10644740,3
Taylor,10644740,19
Simms,10644740,17
Velarde,10644740,19
Butler,10644740,4
Parral,10644740,24
Zachary,10644740,0
Tom,10644740,1
Lujan,10644740,6
Steimmetz,10644740,1
Josefa,10644740,17
Jim,10644740,24
Sanchez,10644740,17
Emma,10644740,13
Moll,3368887,3
Barem,3368887,6
Leo,3368887,23
Gorgo,3368887,20
Kanai,3368887,11
Mothra,3368887,13
Dagahra,3368887,10
Belvera,3368887,13
Lora,3368887,3
Elias,3368887,6
Shubb,499810,19
Menschell,499810,16
Bohner,499810,1
Cohen,499810,14
Maryama,499810,15
Mitch,499810,11
LaFontaine,499810,10
Knox,499810,12
Crabbe,499810,14
Steinbloom,499810,15
Michael,20245495,15
Begay,20245495,6
Jimmy,20245495,14
Marty,20245495,14
Lorraine,20245495,6
Rocio,5747105,3
Daisy,2341972,3
Marty,2341972,14
Stein,2341972,14
Sean,2341972,8
Bass,2341972,14
Taylor,17183861,7
Todd,17183861,16
Gloria,17183861,3
Gwen,17183861,6
Felice,17183861,2
Tommy,17183861,24
Tripps,17183861,23
Sandigate,11069453,8
Warner,11069453,23
McCallum,11069453,11
Chapman,11069453,18
Rose,11069453,23
Butterfly,3591801,12
Slate,1027251,7
Fred,1027251,6
Wilma,1027251,6
Pebbles,1027251,6
Flintstone,1027251,14
Barney,1027251,16
Rubble,1027251,8
Betty,1027251,16
Bamm,1027251,3
Wargrave,10141296,11
Marenkov,10141296,8
Shaw,10141296,9
Bunin,10141296,10
Milda,3644964,13
Andula,3644964,3
Moriarity,34137688,20
Hesson,34137688,22
McLeod,10286355,18
Delgado,10286355,19
Jemmons,10286355,7
Ferguson,10286355,10
Susan,10286355,8
Picker,10286355,8
Jack,10286355,21
Stanton,10286355,3
Willie,10286355,12
Burton,10286355,21
Libby,10286355,21
Green,10286355,1
Harris,10286355,15
Holden,10286355,16
Reyes,10286355,24
Bergen,4139977,17
Jason,4139977,17
Clarke,4139977,5
Michael,4139977,17
Kate,4139977,17
Gwen,4139977,12
Willis,4139977,17
Bergan,4139977,17
Serling,4139977,22
Angie,4139977,3
Carson,24051154,23
Tran,12094338,0
Geeta,31920775,4
Ramesh,31920775,6
Babu,31920775,3
Bijua,31920775,24
Prakash,31920775,3
Laxman,31920775,10
Pakiri,31920775,6
Lila,3736986,8
Carstairs,3736986,13
Honeybutt,3736986,11
Hawtrey,3736986,4
Crump,3736986,11
Superman,22842262,24
Brutale,22842262,15
Metallo,22842262,16
Despero,22842262,15
Grodd,22842262,24
Batman,22842262,16
Lane,22842262,8
II,22842262,4
Frost,22842262,24
Luthor,22842262,6
Lex,22842262,8
Grundy,22842262,21
Deadshot,22842262,15
King,22842262,15
Waller,22842262,4
Maddox,8714647,20
Stanton,8714647,6
Loup,33052281,17
Gouffet,33052281,11
Marie,33052281,1
Brison,33052281,9
Roxanne,1470989,16
Gerner,1470989,21
Tripper,1470989,17
Fink,1470989,0
Harrison,1470989,16
Crockett,1470989,4
Candace,1470989,9
Melnick,1470989,9
Jackie,1470989,21
Angela,10821209,23
Li-Chun,10821209,3
Shih-hua,10821209,21
Lawrence,6817957,14
Sara,6817957,21
Alan,6817957,24
Ellie,6817957,14
Maggie,3037944,12
Emily,3037944,6
Carl,3037944,18
Thomas,3037944,7
Hodge,3037944,2
Jake,3037944,3
Fischer,3037944,11
Randall,3037944,6
Kammo,20903214,14
Sona,20903214,21
Haber,21038957,15
Clara,21038957,8
Janardan,25446285,9
Javed,25446285,7
Durga,25446285,2
Janardhan,25446285,17
Levu,25446285,8
John,25446285,17
Vijay,25446285,5
Ramesh,25058025,1
Victor,25058025,24
Nadia,25058025,2
Chandra,25058025,15
Sandhya,25058025,4
Janaki,25058025,8
Sara,25058025,23
Muller,26165610,4
Emily,26165610,7
Harkness,26165610,12
Julie,26165610,4
Morton,26165610,3
Lisa,26165610,18
Bannon,26165610,19
Eugenio,8485902,9
Pinocchio,8485902,6
Fox,8485902,19
Lucignolo,8485902,24
Govindan,30000482,6
Sudheer,30000482,14
Babu,30000482,14
Misra,30000482,23
Abooka,30000482,23
Kamala,30000482,21
Vanaja,30000482,14
Remy,7856117,6
Klaski,7856117,11
Angelo,24036824,17
Margheriti,24036824,16
Gallo,24036824,15
Marciani,24036824,16
Ghayal,1160958,14
Deepak,1160958,8
Janaki,1160958,2
Blake,13007706,9
Nath,32138141,11
Roy,26404640,21
Shivani,26404640,13
Anakha,26404640,10
Anu,26404640,6
Corbett,7180621,19
Jasjit,7180621,5
Naidu,7180621,4
Abhiram,7180621,14
Prakash,7180621,6
Dukas,33158697,24
Josh,33158697,14
Chris,33158697,18
Ling,33158697,14
Li,33158697,13
Evans,31473382,13
Rigsby,17955901,12
Kohlmeyer,17955901,8
Hood,4340576,5
Bonnie,4340576,20
Thomasine,4340576,11
Julien,4340576,11
Frolick,24552132,13
Donovin,24552132,5
Lewis,24552132,10
Jamisin,24552132,6
Paige,24552132,4
Hardt,1273494,4
Shomu,11041911,23
Ravi,11041911,14
Kapoor,11041911,15
Meenu,11041911,13
Geetu,11041911,2
Choudhary,11041911,10
Lane,11252704,8
White,11252704,6
Kent,11252704,2
Clark,11252704,23
Lois,11252704,3
Hamilton,14652733,11
Linda,14652733,2
Palmu,15048077,18
Rygseck,15048077,5
Veijonen,15048077,11
Vaara,15048077,17
Anthony,7197477,1
Banks,7197477,18
Barris,7197477,16
Bakker,7197477,15
Perry,7197477,13
Caramello,7197477,6
Goldthwait,7197477,0
Daly,7197477,15
Adams,7197477,0
Heston,7197477,16
Bickle,7197477,20
Todd,25104691,15
Hawks,25104691,11
Corning,25104691,23
McHugh,25104691,24
Corrigan,25104691,0
Morris,25104691,20
Fullerton,32998352,11
Ranleigh,32998352,2
Shirley,20939012,16
Reese,2160467,17
Roscheisen,2160467,9
Petty,2160467,19
Kumar,31882143,21
Nila,31882143,23
Karthik,31882143,5
Bashyam,31882143,12
Krishna,31882143,21
Victor,31882143,6
Rajendran,31882143,9
Banumathy,31882143,22
Nassar,31882143,11
Vikram,31882143,7
Anu,31882143,0
Khanna,33914335,11
Mazaland,33914335,23
Raju,33914335,15
Narayan,33914335,24
Aman,33914335,16
Chhaya,33914335,1
Amit,33914335,3
Raman,33914335,3
Amy,4517361,6
Jane,4517361,5
Gunn,4517361,12
Michelli,4517361,24
Tatlock,4517361,16
Larry,4517361,6
Butlin,4517361,11
Leon,4517361,9
Lalumiere,23518584,15
Danny,2002403,13
Simms,2002403,5
Judith,2002403,17
Wynn,2002403,6
Michael,2002403,4
Mary,2002403,17
Steven,2002403,5
Tommy,2002403,3
Myers,2002403,4
Loomis,2002403,13
Lloyd,2002403,20
Thorn,2002403,23
Strode,2002403,3
Jamie,2002403,23
John,2002403,23
Kara,2002403,5
Doyle,2002403,17
Beth,2002403,9
Blankenship,2002403,12
Napier,7039813,12
Davis,7039813,19
Scott,7039813,3
Marlow,11241120,22
Lane,11241120,22
Engel,11241120,1
Jordan,11241120,12
Lehman,11241120,4
Trumpett,11241120,15
Herbert,11241120,24
Kronk,11241120,8
Elizabeth,2460824,6
Marcus,2460824,6
Justin,2460824,13
Kelly,2460824,6
Charles,2460824,18
Lizzie,2460824,3
Dalton,2460824,1
Max,2460824,6
Shane,2460824,16
Adam,2460824,1
Akash,14054382,6
Hemant,14054382,18
Anjali,14054382,21
Tagor,31574184,15
Manob,31574184,8
Taru,31574184,21
Mobarak,31574184,11
Bendetta,32852831,19
Nicole,32852831,23
Weissberg,32852831,24
Ricardo,32852831,13
Sasha,32852831,6
Chien,10915044,22
Agnes,24166341,8
Joseph,24166341,10
Franz,21084829,4
Polina,21084829,24
Aisha,10061978,10
Al-Saleem,10061978,3
Ferris,10061978,6
Bassam,10061978,17
Abishi,10061978,2
Mustaffa,10061978,4
Saleem,10061978,22
Karami,10061978,1
Sadiki,10061978,5
Nizar,10061978,4
Hoffman,10061978,6
Raghav,3920340,24
Chopra,3920340,20
Jai,3920340,6
Shastri,3920340,3
Abraham,3920340,2
Rupali,3920340,23
Uma,7238980,2
Kumar,7238980,23
Arun,7238980,2
Khan,32898469,14
B.B.,8863640,6
Allen,8863640,5
Ray,8863640,11
Olafsdotter,8863640,23
Hopke,8863640,24
Walters,8863640,3
Eno,8863640,8
Tori,8863640,3
Linda,12063351,2
Ralph,12063351,17
Lloyd,12063351,21
Massonetti,12063351,4
Anderson,12063351,10
Karger,12063351,19
Eddie,12063351,19
Davis,12063351,17
Madiha,8753259,8
Elham,8753259,21
Nabil,8753259,21
Sarah,63310,3
Logan,63310,17
John,63310,4
Fisher,63310,19
Rhodes,63310,17
Miguel,63310,17
McDermott,63310,24
Maricela,18812751,10
Diego,18812751,4
Sarita,18812751,10
Mick,1189767,3
Sam,1189767,14
Lehiff,1189767,22
Lynch,1189767,8
Sally,1189767,15
Noeleen,1189767,3
Campion,1189767,1
Philip,1189767,8
Deirdre,1189767,3
John,1189767,16
Boop,27970899,4
Gerald,32242740,23
Ruben,32242740,12
Bamba,32242740,8
Purisima,32242740,19
Greedy,32242740,16
Emery,31105293,16
Phillips,31105293,12
Kanan,28278467,8
G.,28278467,20
Judd,28278467,22
Masak,28278467,15
Stevens,28278467,4
Prince,28278467,9
Thompson,28278467,9
DeAngelo,28278467,4
Christopherson,28278467,2
Griffin,28278467,21
Reyes,28278467,1
Stone,28278467,7
Vannak,24855971,4
Pancha,24855971,19
Helena,21462052,16
Miranda,21462052,9
Ortega,21462052,11
Lucinsky,21462052,14
Frankie,21462052,17
Larry,21462052,6
Veronica,21462052,4
Burrows,21462052,13
Pam,695023,21
Focker,695023,1
Greg,695023,21
Jinx,695023,7
Jack,695023,6
Byrnes,695023,7
Matsudaira,475496,15
Hiroko,314775,19
Uchiyama,314775,6
Thomas,314775,24
Dubois,314775,12
Max,314775,23
Elliot,314775,3
Whittaker,16855103,1
Philip,16855103,15
Lawrence,16855103,8
Hurst,16855103,11
Larita,16855103,6
Sarah,16855103,11
Furber,16855103,6
Hilda,16855103,20
Barnes,16855103,6
Veronica,16855103,16
Jodidar,16673963,6
Joisa,16673963,14
Lakshmi,16673963,20
Bhai,16673963,21
Toogudeepa,16673963,2
Vishwanath,16673963,3
Gurudutt,16673963,15
Narahari,16673963,21
Meenakshi,16673963,24
Badri,16673963,1
baron,16673963,2
Chaitra,16673963,5
Kedara,16673963,1
Raya,16673963,1
Abhijit,16673963,22
Galgani,8011558,9
Carter,8011558,19
Lefevre,8011558,23
Luther,8011558,1
Mackintosh,8011558,8
Guido,8011558,2
Jason,2050474,13
Kaneshiro,2050474,15
Orked,2050474,16
Loong,2050474,14
Lindstrom,3208481,17
Gordon,3208481,1
Mark,3208481,3
Angel,3208481,3
Inga,3208481,17
Wilson,3208481,3
Betty,3208481,3
Judith,25649246,2
Franck,25649246,6
Nathan,25649246,6
Bleistein,25649246,1
Louise,25649246,13
Samuel,25649246,21
Fabre,25649246,19
Jeanne,25649246,3
Alex,25649246,11
Richard,528780,6
Howland,528780,23
Chen,528780,24
Gilman,528780,19
Roberts,528780,22
Kahana,528780,1
Carmet,28090023,8
Maddy,28090023,21
Charles,28090023,23
Quintal,28090023,6
Jimmy,28090023,23
Saxon,2482603,11
Laura,2482603,14
Bassi,2482603,18
Landini,2482603,4
Marcello,2482603,13
Torrani,2482603,3
Davis,2482603,24
Nora,2482603,3
Wong,26163627,18
Chung-Chung,26163627,12
Lin-Fa,26163627,24
Lau,26163627,6
Chi,26163627,3
Lai,26163627,24
Neels,28261033,12
Lanvin,28261033,19
Delange,28261033,23
Ernie,217784,6
Grizzy,217784,21
Ruthie,217784,4
Elmo,217784,3
Bert,217784,6
Zoe,217784,13
Oscar,217784,6
Juanita,33163676,3
Stephen,33163676,17
Borget,1959464,17
Pai,1959464,3
Skilling,1959464,20
McLean,1959464,17
Fastow,1959464,22
Baxter,1959464,22
Lay,1959464,16
Khan,35790646,18
Andipatti,35790646,2
Mani,30483652,16
Krishnan,30483652,0
Balaiah,30483652,0
Madhuram,30483652,18
Chinnappa,30483652,9
R.,30483652,0
Parvathi,30483652,9
Sakunthala,30483652,9
Gnanam,30483652,0
Paul,23400589,6
Sal,23400589,21
Bishop,23400589,6
Jeff,23400589,8
Aufiero,23400589,19
Phil,23400589,17
Bianca,22187067,1
Verne,22187067,23
Baron,22187067,14
Joey,22187067,23
Seetha,26513341,17
Balram,26513341,5
Shankar,26513341,2
Balaram,26513341,8
Shah,26513341,12
Preethi,26513341,16
Montgomery,466340,10
Sam,466340,6
Hal,466340,23
Carter,466340,24
Ferrell,466340,13
Shelby,466340,4
Rhonda,466340,6
Fiona,466340,21
Ryan,466340,22
Astrid,466340,19
Gabriella,466340,24
Cummings,466340,19
Brianna,466340,24
David,466340,9
Tagge,10675370,6
Tucker,10675370,3
Ellie,10675370,17
Ivanoff,962502,8
Lewis,962502,1
Hsi,962502,21
Tzu-Hsi,962502,12
Richard,11458741,2
Howard,11458741,18
Judy,11458741,2
Wilding,11458741,14
Diemen,32910206,9
Joanna,32910206,5
Hitler,16973860,17
Max,16973860,6
Hunter,172577,0
Jimmy,172577,7
Maggio,172577,6
Smith,172577,17
Shannon,172577,14
Frankie,172577,24
Jessie,172577,3
Booker,172577,19
Lewis,172577,4
Carbone,172577,3
Tansy,172577,18
dart,172577,4
Charlie,172577,3
Louis,172577,6
Leggs,172577,10
Lombardo,172577,10
Mickey,3058162,3
Singleton,10633440,14
Dunne,10633440,24
Livvy,10633440,3
Ray,10633440,8
Madison,25573920,12
Foster,37067980,18
Briggs,27654149,4
Blade,27654149,17
Cage,27654149,10
Hasashi,27654149,4
Tsung,27654149,9
Roche,28289940,15
Chandu,15924135,17
Chandler,15924135,24
Regent,15924135,14
Nadji,15924135,16
Lugosi,15924135,15
Snijders,22643662,21
Pickering,22643662,21
Higgins,22643662,6
Lisa,22643662,21
Jake,1531941,3
Briggs,1531941,11
Kristy,1531941,17
Franko,309070,17
Jiminez,309070,3
Wladislaw,309070,3
Posey,309070,1
Reisman,309070,22
Pinkley,309070,6
Maggott,309070,3
Jefferson,309070,0
Sawyer,309070,6
Jimenez,309070,16
Major,309070,6
Sheila,4305033,21
Stuart,4305033,16
Jason,4305033,6
Carter,4305033,3
Thomas,4305033,10
Becker,4305033,6
Merchant,4305033,15
Rilo,4305033,18
Doleman,4305033,23
Shmally,4305033,17
Henry,3936686,24
Jason,3936686,16
al-Sarraf,2966098,18
Shalabi,2966098,7
al-Jundi,2966098,9
el-Naggar,2966098,18
Osama,2966098,7
Hussein,2966098,21
Booker,23200481,2
Dolittle,23200481,2
Abinash,21534991,13
Deux-Deux,26839366,3
Dreyfus,26839366,13
X.,26839366,24
Qaeda,5441734,22
Maria,5441734,1
Bill,5441734,6
Jos,5441734,19
Karen,5441734,6
McCoy,5441734,12
Santana,5441734,17
Ricardo,5441734,13
Everett,5441734,3
Kilgore,5441734,3
Sultana,623623,12
Sami,623623,19
Clara,623623,19
Shiloach,623623,18
Stewer,14740242,12
Wick,14740242,14
MacDonald,14740242,16
Digger,14740242,10
Egger,14740242,24
Sandra,13269570,19
Carlos,13269570,1
Amy,4343543,10
Zena,4343543,12
Gunther,4343543,17
Richie,4343543,0
Straker,4343543,22
Strawberryland,5262180,0
Twirl,5262180,14
Tulip,5262180,14
Muffin,5262180,22
Cooper,1562284,16
Clare,1562284,20
McCormick,1562284,3
Susan,1562284,17
Claire,1562284,6
Helen,1562284,21
Finley,1562284,16
Redwick,20131442,21
Toynberry,20131442,0
Dan,20131442,6
Pierce,20131442,8
Lorenz,26942054,15
Steelman,26942054,4
Manisha,20010433,2
Bhushan,20010433,21
Sulochona,20010433,22
Basu,20010433,6
Sulachona,20010433,7
Maitra,20010433,14
Sulochana,20010433,21
Durgadas,20010433,20
Suluchona,20010433,21
Guru,20010433,2
White,21983784,0
Marty,21983784,13
Annie,21983784,23
Rooney,21983784,13
Mitnick,6299001,12
Shimomura,6299001,11
Paul,2542546,2
Consuelo,2542546,6
Bezano,2542546,0
Regnard,2542546,24
Andreyev,2542546,11
Bennett,2542546,7
Mancini,2542546,1
Beaumont,2542546,6
Marie,2542546,23
Vedhagiri,36241694,3
Ananth,36241694,3
Kondo,14544711,11
Sasori,14544711,23
Henry,1971256,21
Scarlett,1971256,9
Monkley,1971256,14
Ishimura,19094868,4
Mathius,19094868,13
Shen,19094868,24
Jen,19094868,2
Kyne,19094868,6
Vincent,19094868,6
Irons,19094868,1
Barrow,19094868,4
Morris,19094868,17
Cooper,31700529,20
Obama,31700529,0
Palin,31700529,24
Couric,31700529,8
Lieberman,31700529,0
Schmidt,31700529,21
McCain,31700529,21
Sanders,31464372,17
Sikarov,31319793,12
Bucharensky,31319793,16
Sculby,31319793,20
Stanov,31319793,13
Stanton,31319793,8
Loshkevoi,31319793,22
Kyril,31319793,4
Michaelov,31319793,16
Royston,31319793,8
Mathilde,1205027,6
Johann,26108675,3
Erika,26108675,21
Holliday,21680978,21
Earp,21680978,5
McLaury,21680978,24
Elder,21680978,11
Behan,21680978,11
Schneider,33205804,15
Carson,33205804,3
Thayer,33205804,22
Lorraine,33205804,6
Neely,33205804,23
Eddie,33205804,10
Dick,33205804,6
Scarlite,13135348,13
Minzhi,1128651,23
Chunzhi,1128651,6
Zhimei,1128651,2
Wei,1128651,4
Zhang,1128651,21
Xinhong,1128651,16
Ming,1128651,23
Huike,1128651,2
de,7213392,5
Henri,7213392,13
II,7213392,18
Poitiers,7213392,24
Medici,7213392,19
Sam,30042062,2
Courtney,30042062,13
Gary,30042062,2
Judd,30042062,9
Katherine,6544856,24
Andreas,6544856,9
Marjorie,6544856,23
Gombrowicz,6544856,1
Frederson,49696,3
Joh,49696,3
Maria,49696,3
Rotwang,49696,3
Josaphat,49696,15
Grot,49696,24
Georgy,49696,17
Harry,28794651,23
Peter,28794651,11
Sarah,28794651,6
Johnson,28794651,4
Nicki,28794651,3
Anne,28794651,19
Jackson,23900668,3
Kumar,23900668,2
Paul,23900668,21
Krishna,23900668,21
Nisha,23900668,3
Jane,4207567,6
Wood,4207567,15
Biedermeyer,4207567,6
Ned,4207567,21
Draycott,4207567,23
Drew,4207567,21
Nancy,4207567,3
Brighton,4207567,13
Dehlia,4207567,3
Leshing,4207567,6
Corky,4207567,16
Karan,18139812,3
Varsha,18139812,13
Dhariwal,18139812,3
Dhaliwal,18139812,0
Payal,18139812,13
Shawn,1983969,6
KITT,1983969,21
Daniels,1983969,2
Watts,1983969,22
Michael,1983969,17
McCormick,1983969,17
Knight,1983969,2
Miles,1983969,14
Doohan,1983969,21
Ana,10376295,21
Spindacre,9239665,12
Jane,9239665,20
Molly,9239665,12
Sharpe,9239665,17
Rossendale,9239665,19
DuBert,9239665,1
Napoleon,9239665,21
Maillot,9239665,4
Calvet,9239665,20
Harper,9239665,11
Frederickson,9239665,3
Ducos,9239665,6
Rohit,2018546,4
Krishna,2018546,3
Mehra,2018546,8
Jadoo,2018546,23
Sonia,2018546,6
Hatnote,2018546,9
Sinha,2018546,19
Arya,2018546,16
Siddhant,2018546,17
Li,2018546,17
Miller,2917185,0
Maxence,2917185,15
Yvonne,2917185,14
Dame,2917185,14
Delphine,2917185,23
Bill,2917185,19
Haw,5648156,15
Yamamoto,5648156,6
Hitler,5648156,13
Tojo,5648156,3
Homma,5648156,6
Hess,5648156,5
Mussolini,5648156,10
Lope,4084608,13
Garrido,4084608,1
Toledo,4084608,21
Tristana,4084608,14
Gabriel,12429317,14
Nishi,839705,17
Vince,839705,9
Melvin,839705,24
Chantel,839705,17
Keiko,839705,4
Smiley,839705,6
Jo,29175943,15
Gordon,29175943,23
Elen,29175943,7
Linda,24777060,19
Teresa,24777060,4
Harvis,24777060,17
Ferris,24777060,4
DeCosta,24777060,17
Chase,24777060,17
Rotweiler,24777060,21
Casey,24777060,17
Reese,24777060,17
Barzak,24777060,17
Kaminski,24777060,17
Sweet,24777060,4
Hazeltine,24777060,16
Transvestile,24777060,24
Gamera,1940057,4
Nixon,33372085,16
Blake,33372085,3
Diane,33372085,17
Jimmy,33372085,17
Jackson,2872393,21
Franklin,2872393,21
Winship,2406029,24
Morley,2406029,8
Tart,2406029,13
Vargas,21188019,9
Elisa,21188019,21
Braulio,21188019,6
Palma,21188019,9
Miranda,21188019,19
Madrazo,21188019,6
Bad,21188019,9
Pel,21188019,2
Barton,8619888,5
Ultron,8619888,4
Torunn,8619888,14
Thor,8619888,21
Ross,8619888,4
Azari,8619888,10
Toruun,8619888,23
Jr.,8619888,9
Rogers,8619888,4
Beckett,13927565,12
Keith,13927565,23
Dee,13927565,17
Jenkins,13927565,23
Travis,13927565,21
Samantha,13927565,3
Johnny,13927565,23
Mahler,13927565,6
Goring,13927565,13
Sweeney,13927565,17
Devi,31563699,13
Rajkumar,31563699,21
krishna,31563699,8
Gauri,31563699,17
Raghuchandra,31563699,13
Nanjundi,31563699,14
Krishnamurty,31563699,2
Ratnam,3969430,15
Damodaran,3969430,18
Tyrewala,9121918,2
Anjali,9121918,2
Sealdahwale,9121918,24
Karpets,9121918,8
Marco,18230450,21
Dora,18230450,4
Baldini,18230450,8
Bruno,18230450,22
Dobie,25138426,24
Jhanvi,12498208,24
Pawle,12498208,17
Bhai,12498208,3
Khan,12498208,3
Shekhawat,12498208,6
Talpade,12498208,3
Mona,12498208,18
Nadia,9110821,14
Al-Shennawi,9110821,19
Ko,8595545,10
Tang,8595545,9
Hui-Chien,8595545,5
Leiber,30606122,20
Harry,18681545,12
Briggs,24211904,17
Sykes,24211904,17
Sergei,24211904,2
Griff,24211904,4
Erin,24211904,4
Cinderella,24211904,15
Santiago,24211904,6
Ryan,24211904,4
Hannah,24211904,4
Braylon,24211904,17
Diaz,4527590,13
Diaz-Svalgard,4527590,20
Tucker,4527590,21
Brock,4527590,14
Gumb,4527590,9
Svalgard,4527590,15
Santana,4527590,11
O'Conner,4527590,13
Cooper,4527590,2
Collins,4527590,13
Halen,4527590,24
Lisa,4527590,5
Tywoniak,4527590,13
Green,4527590,21
Dribben,4527590,16
Black,4527590,12
Vergerus,1760098,20
Gould,1760098,10
Kovac,1760098,9
Lydia,12091375,2
Bellinger,12091375,14
Monica,2812023,21
Lena,2812023,15
Camille,2812023,19
Quincy,2812023,3
Wright,2812023,12
Zeke,2812023,8
McCall,2812023,0
Janet,19729385,23
Bowers,19729385,2
Betsy,8343583,2
Ashton,8343583,2
Brainard,8343583,14
Ned,8343583,14
Suspiriorum,6158544,11
Marta,6158544,19
Michael,6158544,4
Sarah,6158544,3
Tenebrarum,6158544,23
Pierce,6158544,14
Lachrymarum,6158544,17
Allen,13179844,7
Thomas,13179844,19
Sara,13179844,18
Wickens,13179844,12
Mr.,13179844,20
Latimer,13179844,1
Arabella,13179844,19
Tom,13179844,24
Clutterbug,13179844,17
Jamie,13179844,13
Lucy,13179844,3
Georgie,13179844,21
Bertie,13179844,16
Blunden,13179844,21
Gamera,2550322,23
Jiger,2550322,17
Yoshio,26361594,24
Kimiko,26361594,3
Burton,31309338,10
Kelly,2168542,4
Franco,2168542,13
Satish,7794617,19
Razia,7794617,17
Sunil,7794617,24
Raaji,7794617,24
Buddu,7794617,19
Lonette,600194,23
Sinatra,600194,6
Jennifer,600194,6
Whiskers,600194,4
Deebs,600194,23
Harris,600194,20
put,600194,23
Holli,600194,13
Vinnie,600194,3
Vegas,600194,24
Jack,600194,3
Chindhi,9474810,6
Nagya,9474810,21
Virat,13649283,24
Avinash,13649283,23
Preeti,13649283,6
Choudhry,13649283,0
Fortier,25815879,9
Nadine,25815879,13
Stone,25815879,17
Yuen,10603679,18
Yao,10603679,7
Sheng,10603679,11
Williams,23461433,20
Ruth,23461433,6
Wesson,23461433,1
Rick,23461433,3
Parsons,23461433,9
Roman,23461433,15
Nolan,23461433,1
Starlift,23461433,18
Nell,23461433,3
MacRae,23461433,12
Doris,23461433,6
Wayne,23461433,19
Bach,28828023,21
Schnorr,28828023,17
Nietnagel,28828023,13
Taft,28828023,4
Cavanaugh,11613765,12
Morse,11613765,21
Samantha,11613765,6
Jasper,11613765,21
Kelley,11613765,8
Arnold,11613765,12
Simham,25464794,17
Sumatri,25464794,5
Vijay,25464794,3
Jon,2371977,16
Garfield,2371977,5
Lisa,2371977,3
Mona,2371977,10
Rita,885274,3
Nicky,885274,6
Watson,885274,6
Berry,885274,17
Mary,885274,15
Evan,885274,6
Quincy,885274,3
Helen,885274,2
Philip,885274,14
Phillip,885274,14
Grismer,17145739,18
Jill,17145739,0
Jim,17145739,3
Mike,17145739,14
Jaswant,2506380,4
Waziren,2506380,17
Sanathan,2506380,6
Nath,2506380,21
Jimmy,2506380,10
Kripal,2506380,3
Veeran,2506380,23
Biji,2506380,12
Singh,2506380,16
Jeetay,2506380,4
Randhawa,2506380,18
Veerendar,2506380,12
Khurana,2506380,21
Vohra,2506380,17
Kuldip,2506380,21
Gandhi,2506380,5
Valli,20431829,8
Malai,20431829,20
Indira,20431829,15
Govindarajan,20431829,4
Murugan,20431829,15
Blake,4179782,3
Doyle,4179782,23
Styles,4179782,6
Kim,4179782,6
Wanda,4179782,3
Mohan,6058393,15
Harika,6058393,7
Abhi,6058393,7
Maheshwari,6058393,4
Maheswari,6058393,4
Katsuta,7660945,3
Yoshida,7660945,16
Okaru,7660945,2
Tatsuko,7660945,19
Tetsu,7660945,3
Testu,7660945,23
Hanako,7660945,21
Izu,7660945,20
Mio,4610882,6
Yuji,4610882,13
Taku,4610882,13
Takumi,4610882,21
Aio,4610882,11
Smyth,4962400,10
Ollie,5608738,23
Stan,5608738,24
Hall,5608738,23
Helsing,19889791,24
Helena,19889791,24
Stone,19889791,0
Fujino,6584379,5
Asai,6584379,7
Nishimura,6584379,1
Murai,6584379,24
Mannu,35796782,21
Kalia,35796782,23
Kaifu,35796782,21
Laoshi,35796782,5
Bheem,35796782,3
Chang,35796782,23
Ming,35796782,6
Indumati,35796782,14
Jaggu,35796782,14
Chutki,35796782,21
Arthur,164401,3
Hobson,164401,22
Bitterman,164401,20
Linda,164401,21
Marolla,164401,8
Susan,164401,14
Bach,164401,1
Johnson,164401,1
Elliott,164401,23
Martha,164401,13
Gita,35984240,12
Yadav,35984240,21
Bhai,35984240,3
Maharaj,35984240,14
Kanji,35984240,23
Qureshi,35984240,12
Maiyya,35984240,3
God,35984240,14
Murdock,583012,7
Yushin,583012,4
Podovsky,583012,16
Trautman,583012,16
Napier,583012,12
Rambo,583012,3
Baker,64657,12
Johana,64657,6
Jacques,64657,3
Molinari,64657,20
Enzo,64657,6
Mayol,64657,12
Laurence,64657,17
Ian,21965295,15
Jim,21965295,8
Deborah,21965295,6
Benjamin,29942,3
Braddock,29942,11
Carl,29942,6
Elaine,29942,3
Robinson,29942,6
Ivan,6181075,9
the,6181075,4
rob,6181075,20
Maimune,6181075,23
Al-Rashid,6181075,21
Ripper,6181075,9
Assad,6181075,20
al-Rashid,6181075,2
Winton,27280443,17
Steeman,27280443,23
Haines,27280443,9
Norman,27280443,18
Fate,3145613,16
God,3145613,3
Danilo,28751715,3
Katia,28751715,12
Rosalba,28751715,3
Boop,7451262,23
Junior,7451262,23
Lucia,30865811,23
Mara,30865811,23
Ntoni,30865811,18
Salvatore,30865811,24
Valastros,30865811,9
Vanni,30865811,15
Mussolini,30865811,10
Duce,30865811,18
Weaver,3227389,4
Carl,21265450,18
Teresa,21265450,4
Gloria,21265450,23
Martz,21265450,10
Egerton,15543608,17
Sam,15543608,24
Hannah,15543608,12
Cindy,15543608,6
Steve,15543608,3
Patrick,15543608,6
Sarah,15543608,17
A.J.,15543608,4
Ben,15543608,2
Julia,15543608,6
Jamie,15543608,17
Dave,15543608,3
Joey,15543608,3
Lisa,15543608,6
Appu,30217722,3
Amma,30217722,2
Kittummavan,30217722,24
Nair,30217722,6
Menon,30217722,1
Balan,30217722,21
Pillai,30217722,9
Raghavan,30217722,17
Sundari,31572501,2
Muttiah,31572501,7
Seena,31572501,5
Janardhan,31572501,1
Sangeetha,31572501,14
Shastry,31572501,10
Santosh,31572501,2
Krishna,5377233,15
Asokan,5377233,15
Rama,5377233,15
Narasimha,5377233,15
Llewellyn,20354657,0
Angerstein,2506836,7
Blake,2506836,6
Stacy,2506836,6
Horatio,2506836,15
Drayton,2506836,6
Nelson,2506836,3
Sakhi,14408433,21
Karan,14408433,3
Ashwin,14408433,6
Neera,14408433,6
Mehta,14408433,24
Waters,21690482,24
Delaney,691156,18
Betty,691156,14
Vanning,691156,15
Mary,691156,6
Graham,691156,9
Stauber,691156,6
Sauwaseekau,25104271,10
Mary,25104271,3
John,25104271,14
Christ,3342309,12
Hugo,3342309,10
Nazario,3342309,3
Beatriz,3342309,21
Pinto,3342309,6
Chanfa,3342309,16
Allison,24486794,16
Anna,33391353,23
Pete,33391353,12
Leo,1743074,13
Nicole,1743074,10
Knolte,1743074,9
Walker,1743074,16
Jamal,1743074,3
Sing-Hung,10619699,1
Tai-Ping,10619699,19
Chien,10619699,12
Erh,10619699,1
Hsueh-Erh,10619699,1
Li,10619699,17
Tang,10619699,24
Sing,10619699,4
Tai,10619699,9
Tung,10619699,17
Feng,10619699,5
Wei-Chen,10619699,14
Ritter,2006189,23
Molly,2006189,6
Grindle,2006189,19
Stanton,2006189,21
Pete,2006189,21
Carlisle,2006189,10
Stan,2006189,21
Zeena,2006189,21
SPENCER,32986802,5
Vane,32986802,11
Burke,32986802,14
McCarthy,32986802,8
Janet,5207578,13
Vic,5207578,6
Finley,5207578,3
Donald,5207578,8
Gregory,5207578,8
Figler,5207578,5
Cindy,5207578,14
Stacy,5207578,9
Grover,5207578,6
Gwenna,5207578,2
Krupp,5207578,15
Ned,5207578,13
Jake,31984575,5
Jen,31984575,5
Max,31984575,5
Magoo,12606487,3
Nigam,28899929,8
Manjula,28899929,15
Verma,28899929,4
Chopra,28899929,7
Chakraborty,28899929,19
Kadam,28899929,2
Electricidad,1996350,7
Marissa,1996350,16
Max,1996350,17
Linus,1996350,4
Electric,1996350,7
Mick,801722,3
Paul,801722,4
Gerry,801722,6
carry,801722,15
Hemmings,801722,7
Jim,801722,22
Len,801722,24
John,801722,16
Madame,75933,23
Danceny,75933,4
Volanges,75933,6
Valmont,75933,2
Merteuil,75933,6
Tourvel,75933,3
Yuko,26312150,16
Rena,26312150,23
Pal,11614763,14
Rudi,11614763,6
Anni,11614763,17
Maria,11614763,6
Armalia,11614763,12
Giulio,11614763,2
Monti,11614763,14
Pavlovitch,11614763,16
Vivaldi,11614763,12
II,29832052,24
Borjes,29832052,13
Cialdini,29832052,20
Garibaldi,29832052,24
Pietro,29832052,24
Caruso,29832052,14
Crocco,29832052,6
Daffy,21552822,24
Porky,21552822,3
Karan,7670195,24
Khushi,7670195,6
Ha-Young,3599979,3
Bengt,11374661,10
Ingrid,11374661,11
Edqvist,11374661,3
Bergman,11374661,14
Stryker,2982688,17
Victor,2982688,17
Thomas,2982688,17
Wraith,2982688,7
Creed,2982688,15
Munson,2982688,20
Bradley,2982688,4
Silverfox,2982688,2
Dukes,2982688,20
Howlett,2982688,21
Xavier,2982688,12
Wilson,2982688,22
LeBeau,2982688,17
James,2982688,4
Kayla,2982688,4
Summers,2982688,15
Deadpool,2982688,24
Logan,2982688,4
Harald,2208485,23
Nisse,2208485,0
Anna,2208485,21
Kjell,2208485,21
Andersson,2208485,21
Komal,33031065,3
Panchayat,33031065,5
Sukhiram,33031065,17
Mitter,33031065,10
Singh,33031065,19
Chaudhary,33031065,0
Jagmohan,33031065,21
Madhur,33031065,0
Seema,26050726,9
Prasad,26050726,1
Dayal,26050726,17
Ali,26050726,24
Amar,26050726,13
Singh,26050726,24
Nadira,33820539,8
Ahmad,33820539,6
Mridula,12679350,14
Khanna,12679350,20
Swati,12679350,1
Lal,12679350,22
Farish,2392280,16
Khan,2392280,15
Nasir,2392280,17
Hewitt,2392280,6
Dalton,2392280,3
Mussawi,2392280,14
Cooper,2392280,20
III,2392280,9
Connex-Killen,2392280,6
Killen,2392280,9
Jr.,2392280,17
Woodman,2392280,20
Whiting,2392280,3
Al-Subaai,2392280,13
Goff,2392280,11
Pope,2392280,17
Wasim,2392280,3
Sr.,2392280,8
Leland,2392280,8
Wright,2392280,18
Acord,4410999,0
Bogdanovich,4410999,19
Paul,2763214,12
Justin,2763214,0
Dinklage,2763214,21
Viola,2763214,6
Sebastian,2763214,6
Monique,2763214,11
Kirk,2763214,21
Orsino,2763214,6
Hastings,2763214,0
Malcolm,2763214,12
Duke,2763214,13
Day,26943847,15
Benton,26943847,15
Magda,25984244,24
Richards,23921280,0
Elise,21585746,19
Acosta,346569,7
S,346569,6
Steve,18279593,21
Dawson,18279593,9
Mandapam,35307159,22
Dogar,7567194,13
Manak,7567194,9
Gill,7567194,8
Morh,7567194,4
Barlow,15065852,7
Madhavan,7601549,14
Lekha,7601549,2
Urvashi,7601549,13
Ramanna,24385521,17
Rami,24385521,5
Krishna,15530723,15
Arjun,15530723,4
Pedababu,15530723,5
Satya,15530723,23
Dario,17648915,14
Paulo,17648915,0
Cleuza,17648915,2
Dinho,17648915,18
God,24884909,5
Elias,24884909,13
Hanamura,3887451,0
Fukuda,3887451,5
Harada,3887451,0
Mothra,3887451,17
Nelson,3887451,17
Marudhu,6701433,7
Iyarkai,6701433,20
Ekambaram,6701433,1
Nancy,6701433,2
Jananathan,6701433,2
Cihan,8172107,9
Eda,8172107,2
Cenk,8172107,0
Hartog,2428193,12
Laura,2428193,22
Carl,2428193,10
Marcilla,2428193,13
Emma,2428193,4
Morton,2428193,7
Spielsdorf,2428193,20
Jeanne,9974948,8
Manjula,26950913,2
Manujala,26950913,8
Kamakshi,26950913,23
Raghu,26950913,22
Venkamma,26950913,13
Murphy,1940449,5
Lewis,1940449,22
McDaggett,1940449,4
Kanemitsu,1940449,17
Lazarus,1940449,5
Otomo,1940449,24
Jules,3627002,4
Claire,3627002,9
Jacques,3627002,9
Heck,4191487,6
Ned,4191487,15
Rachel,4191487,3
Luce,4191487,3
Henrietta,4191487,15
Ollie,3782892,16
Stan,3782892,16
Smith,3782892,10
Linda,16638600,4
Martin,16638600,6
Suzanne,16638600,3
Hindstatt,16638600,15
Queenie,28863064,6
Jordan,28863064,4
Durrell,18629144,12
King,18629144,0
Kumar,28319740,10
Reshmi,28319740,2
Prasad,28319740,20
Rossi,18906899,15
Hicox,633052,15
Marcel,633052,5
Hitler,633052,21
Churchill,633052,5
Hammersmark,633052,11
Stiglitz,633052,2
Shosanna,633052,23
Landa,633052,17
Butz,633052,18
Goebbels,633052,14
Raine,633052,20
Wilhelm,633052,17
Donny,633052,22
Zoller,633052,2
Omar,633052,17
Mimieux,633052,14
Donowitz,633052,17
Fenech,633052,20
Eduardo,26174601,6
Dean,26174601,13
Paul,26174601,2
Carlos,26174601,21
Betsy,26174601,20
Paulo,26174601,0
Gattling,26174601,15
Barroso,26174601,9
Robert,26174601,21
Meg,26174601,6
Porky,22353049,3
Mode,22353049,2
Coaley,3755302,6
Beasley,3755302,21
Ellis,3755302,4
Jones,3755302,24
Tobin,3755302,17
Alcutt,3755302,9
Link,3755302,6
Lassoo,3755302,22
Petrov,17595071,24
Alan,17595071,24
Quimp,17595071,1
Turner,21022163,2
Jeanine,21022163,3
Marjorie,21022163,23
Meany,21022163,10
Venugopal,26256737,21
Janaki,26256737,21
Travis,7548058,24
Brakus,7548058,19
Betsy,25202209,3
Booth,25202209,20
Andy,25202209,16
Hardy,25202209,6
Indra,6501479,15
Sarovar,6501479,1
Indraja,6501479,3
Brihaspathi,6501479,3
Mahadrashta,6501479,16
Poornima,6501479,20
Raju,6501479,3
Tim,3521780,24
Natalie,3521780,2
Chris,3521780,24
Symmes,3220999,11
Bellamin,3220999,14
Bentley,3220999,13
Baxter,3220999,13
Judith,6028806,11
Tuccio,6028806,19
Suarez,6028806,0
Miller,6028806,8
Singer,6028806,19
Bob,6028806,8
Fleckstein,6028806,17
Law,26743188,9
Epps,26743188,8
Rochelle,26743188,1
Tackett,26743188,21
Tyrone,26743188,21
Aditi,940565,19
Verma,940565,19
Thomas,31788915,16
Jack,15543592,3
Sylvia,15543592,21
David,15543592,3
Lester,11639895,11
Miri,11639895,6
Linky,11639895,7
Zack,11639895,3
Long,11639895,20
Randy,11639895,22
Delaney,11639895,6
Stacey,11639895,6
Brown,11639895,7
Fulcher,7865977,8
Burke,7865977,6
Jesse,7865977,3
Hoager,7865977,15
Aarons,7865977,18
Janice,7865977,16
Avery,7865977,21
Edmunds,7865977,6
Leslie,7865977,3
Terrien,7865977,10
Belle,7865977,23
Junior,6649737,4
George,6649737,6
Jesus,6649737,6
Louie,6649737,4
Bob,6649737,6
David,6649737,6
Chapter,6649737,18
Dinkletown,6649737,6
Carrot,6649737,22
Nezzer,6649737,4
Larry,6649737,3
Harish,16166681,8
Pooja,16166681,8
Divya,16166681,21
Mani,16166681,15
Anitha,16166681,18
Raja,24064110,6
Chabiley,24064110,15
alias,24064110,12
Tina,24064110,14
Seth,24064110,3
Jaggu,24064110,14
Stempel,142412,4
Freedman,142412,24
Hogan,142412,15
Goodwin,142412,21
Marty,142412,17
Doren,142412,21
Enright,142412,3
Moe,14435002,10
Irving,14435002,20
Blackie,14435002,5
Jerry,961542,4
Ward,961542,0
Angela,961542,9
Ortega,961542,17
Estrella,961542,20
Marge,961542,8
Carmelita,961542,24
Tom,32845429,17
Mason,32845429,13
Gordon,29075630,5
Fox,29075630,16
Batman,29075630,3
Ghul,29075630,22
Blake,29075630,18
Tate,29075630,15
Dawes,29075630,18
Crane,29075630,13
Bruce,29075630,13
Talia,29075630,23
Kyle,29075630,18
Daggett,29075630,23
Selina,29075630,17
Pennyworth,29075630,6
Dent,29075630,9
Wayne,29075630,12
Fowles,3602324,3
Arthur,29471340,6
Grand-Santa,29471340,2
Evie,29471340,1
Steve,29471340,13
Gwen,29471340,7
Bryony,29471340,2
Claus,29471340,12
Constance,13887985,24
Nielsen,13887985,10
Olsen,13887985,1
Joof,13887985,1
Yggdrasil,3294706,16
Sora,3294706,3
Tamiya,3294706,21
Fay,3294706,8
Keiichi,3294706,3
Hasegawa,3294706,16
Morgan,3294706,3
Urd,3294706,17
Peorth,3294706,17
Morisato,3294706,17
Aoyama,3294706,23
Tony,5165272,2
Greco,5165272,6
Stevie,5165272,14
Rossellini,5165272,12
Kiran,31837052,21
Nookayya,31837052,20
Bismil,31837052,4
Anu,31837052,21
D'Artagnan,32492005,18
Oscar,1721414,1
Kezich,1721414,3
Wanda,1721414,1
Edison,23672283,21
Helsing,1947226,9
Dracula,1947226,4
Frankenstein,1947226,13
Sean,1947226,17
Phoebe,1947226,6
Lisa,1947226,11
Sesom,14690165,21
Chapman,14690165,3
Makonnen,14690165,3
Herron,14690165,17
Beady,31165005,10
Ellen,31165005,3
Crane,31165005,4
Burns,31165005,21
Jane,15148870,13
Pat,15148870,24
Ernie,15148870,24
Bhai,4568016,15
Veeru,4568016,4
John,4568016,9
Jai,4568016,14
Bahadur,4568016,0
Jeet,4568016,0
Reagan,3779715,1
Matthews,3779715,13
Mary,3779715,21
Thorndyke,3779715,6
Margaret,28070112,21
Humphreys,28070112,7
Nurs,30329264,16
Mai,4290149,10
Abao,33537324,24
Anand,25654231,21
Ranganatham,25654231,14
Venkayya,25654231,1
Ramayya,25654231,14
Scott,1803595,11
Joseph,1803595,22
Russell,1803595,16
Carmichael,1803595,11
Letty,33674932,12
Ivan,33674932,3
Samantha,33674932,13
Angel,33674932,3
Mariella,33674932,3
Adela,33674932,23
Dindo,33674932,6
Owen,33674932,3
Mabel,33674932,3
Juan,32021767,24
Dom,32021767,24
XII,19972307,17
XIV,19972307,17
Christine,29203749,20
Nair,21366668,19
Bakshi,10638975,1
Allen,32726298,21
Ben,32726298,21
Standings,32726298,21
Mia,32726298,19
Meneric,32726298,4
Tarses,32726298,6
Bellini,4443534,11
Molly,4443534,6
Applebaum,4443534,15
Magorium,4443534,6
Weston,4443534,13
Mahoney,4443534,13
Lear,4443534,17
Jarrod,26949434,3
Oliver,26949434,3
Candice,26949434,21
Ray,26949434,21
Jen,26949434,21
Terry,26949434,3
Colin,26949434,4
Elaine,26949434,23
Denise,26949434,6
Chen,8294092,10
Carrie,8294092,21
Jonathan,8294092,6
Shane,8294092,22
Jane,23613543,21
White,23613543,17
Bourdon,9556492,5
Duplay,9556492,7
Danton,9556492,3
Desmoulins,9556492,18
Desmoulin,9556492,6
Heron,9556492,8
Hunt,2573688,4
Lucas,2573688,11
Soo-il,3754368,1
Romeo,3754368,4
Nanman,3754368,16
Andy,3754368,13
Sean,4106202,23
Homer,35124614,15
Vickery,35124614,4
Charles,35124614,23
Millie,35124614,2
Alice,35124614,3
Ghatak,18440791,8
Salim,18440791,7
Bhattacharya,18440791,10
Mick,2772250,3
LeCure,2772250,10
Molly,2772250,3
Tobias,2772250,1
Anton,2772250,3
Randy,2772250,3
Debi,2772250,3
Tanya,2772250,17
Pnub,2772250,3
Manja,23843742,4
Lakshmi,23843742,13
Rajkumar,23843742,6
Gowri,23843742,2
Manjunatha,23843742,10
Naani,23843742,3
Gray,2705562,13
Morgan,2705562,14
Lou,2705562,6
Alexander,2705562,12
Tommy,2705562,4
Hanlon,2705562,13
Francis,2705562,0
Helen,2705562,24
Nelson,2705562,2
Verma,19035463,4
Khanna,19035463,4
Kahnna,19035463,22
Radha,19035463,19
Rocker,13638200,24
Jetson,13638200,21
Funk,13638200,15
Elroy,13638200,24
George,13638200,3
Felonia,13638200,0
Nirmala,31153563,13
Balakrishnan,31153563,0
Stella,444169,21
Miltos,444169,4
Roberts,20669314,13
Nova,20669314,12
Julius,20669314,24
Nicky,20669314,2
Bunny,20669314,7
LaFontaine,20669314,24
Tarantino,20669314,3
Jimmy,20669314,1
Mimi,20669314,20
Maraschino,20669314,16
Noah,36534974,16
Demesta,11671400,3
Roy,11671400,6
Harris,11671400,13
Kate,11671400,3
Shirl,11671400,6
Max,11671400,6
Stan,11671400,21
Bill,11671400,6
Gigi,31460305,23
Kent,31460305,16
Ilya,16861867,3
Tosya,16861867,3
Casado,3577764,23
Jimmy,3577764,3
Tezo,3577764,24
Dugan,3577764,6
Sandy,3577764,6
Ray,3577764,17
Francis,3577764,8
Tierney,3577764,18
Egan,3577764,12
Jr.,3577764,6
Sr.,3577764,3
Ullman,6414765,0
Acker,6414765,12
Rambova,6414765,6
Melford,6414765,0
Olcott,6414765,1
Arbuckle,6414765,1
Beaucaire,6414765,15
Nazimova,6414765,3
O'Neil,6414765,10
Lasky,6414765,3
Mathis,6414765,23
Valentino,6414765,6
Rosie,3377778,9
Bobbie,3377778,11
Mel,3377778,22
Eamon,9175716,7
Ling,13581120,3
Chu,13581120,3
Tyler,13581120,14
Johnny,13581120,4
Panda,13581120,4
Ryan,13581120,3
Chang,13581120,8
Lang,13581120,23
Tyler,23423291,1
Evelyn,23423291,9
Knight,23423291,19
Doris,23423291,12
Spofford,168491,17
Reuben,168491,10
McGland,168491,24
Cheveley,1588102,12
Goring,1588102,17
Chiltern,1588102,9
Joan,1720492,8
Lili,1720492,18
Ivan,1720492,24
Frank,1720492,15
Walt,1720492,3
Floyd,1720492,22
Berkman,1720492,21
Luis,22876558,16
Hitler,3188624,1
Braun,3188624,1
Freud,3188624,15
Goebbels,3188624,14
Deva,6117410,5
Napolean,6117410,17
Raj,6117410,0
Babu,6117410,17
Sangeetha,6117410,3
Ramya,6117410,4
Srihari,6117410,21
Sarathbabu,6117410,2
Vikram,6117410,21
Pong,6043036,7
Teddy,6043036,6
Walt,6043036,22
Monium,6043036,6
Vultor,6043036,3
Rob,6043036,3
Pudgy,7518441,2
Sylvester,6848646,3
Fei,10988542,4
Li,10988542,21
Ben,6474370,14
Oi,6474370,2
Bill,6474370,14
Roberts,2219138,14
Brownlow,2219138,2
Cline,2219138,6
Fox,2219138,11
Ince,2219138,20
Keaton,2219138,11
Ahmed,4306647,0
Judas,17942252,10
Judson,17942252,10
Simone,17942252,3
Carsen,17942252,21
Lazlo,17942252,23
Charlene,17942252,6
Laveau,17942252,5
Christ,17942252,12
Flynn,17942252,3
Lafitte,17942252,12
Renoir,17942252,19
Iscariot,17942252,22
Dracula,17942252,11
Kubichek,17942252,17
Gabrielle,25974376,22
Tracy,25974376,16
Simmons,2571423,24
Lisa,2571423,7
Rudd,32895934,7
Kate,32895934,19
Dave,32895934,7
Nelson,32895934,11
Tony,12814569,11
Shirley,12814569,3
Allen,12814569,6
Clark,12814569,6
Annie,12814569,16
Tan,652539,3
Reign,652539,18
Carter,652539,17
Molina,652539,6
Lee,652539,17
King,652539,9
Li,652539,17
Kumar,6954616,23
Sujatha,6954616,12
Gangulu,6954616,4
Vijay,6954616,24
Pappu,36264114,22
Sonu,36264114,23
Neha,36264114,10
Yahia,29034986,23
Shaaban,29034986,10
Hussein,29034986,12
Mubarak,29034986,0
Latif,29034986,4
Talfah,29034986,9
Sarrab,29034986,0
Gegeo,29034986,9
Uday,29034986,17
Shahbandar,29034986,20
Ulf,840506,19
Sebastian,840506,21
Chaplin,3665621,3
Charlie,3665621,16
Tammy,20238864,4
Wrangler,21812059,23
Charles,8775505,17
Crosby,8775505,16
Norman,8775505,6
Cicily,8775505,18
Lu,8775505,3
Patterson,8775505,11
Joyce,8775505,3
Beatrice,3926453,8
Grandma,3926453,3
Sam,3926453,15
Franklin,3926453,3
Grandpa,3926453,23
Rosie,3926453,1
Bear,3926453,16
Harriet,3926453,3
Jenna,13439704,6
Tony,22442724,7
Schmidt,22442724,14
Mike,22442724,4
Wayne,22442724,9
Vasanti,31332647,6
Raj,31332647,21
Geeta,31332647,14
Moriz,4211699,7
Denton,4211699,10
Arabella,4211699,4
Montefiori,4211699,17
Kongre,4211699,17
Lawrence,12952368,6
Geoffery,12952368,24
Tom,12952368,17
Angela,12952368,21
Hunter,12952368,8
Billy,12952368,21
Copping,21911033,22
Roberts,12744854,16
Goodwin,12744854,21
Kimball,12744854,6
Wolfe,12744854,6
Conroy,12744854,24
Maringola,12744854,5
Barstow,12744854,17
Manuel,12744854,15
Kutty,32679329,21
Mustafa,32679329,17
Devadevan,32679329,18
Sahib,32679329,0
Harikrishnan,32679329,2
Khan,32679329,17
Hari,32679329,18
Devan,32679329,17
Nancy,32679329,9
Koshy,32679329,24
Abraham,32679329,14
Rahim,32679329,15
Crainquebille,12989103,6
Beauregard,2301374,3
Einstein,2301374,22
O'Neill,2301374,7
Caesar,2301374,9
Gwenn,2301374,14
Bottomley,2301374,6
Hogan,2301374,13
Cassidy,15332933,24
Travis,15332933,17
Byrnes,15332933,4
Hardy,15332933,16
Jude,5558615,2
Carl,5558615,5
Howard,5558615,11
Stewart,5558615,6
Claire,5558615,3
Elissa,5558615,18
Franz,7454401,17
Alraune,7454401,3
Viscount,7454401,13
Stuart,17705805,18
Mulcahey,17705805,24
Libbey,17705805,6
Buxton,17705805,17
Shattuck,17705805,24
Hardesty,17705805,11
Berglind,3680813,9
Hlynur,3680813,3
Korm,3680813,9
Milagros,3680813,15
Albarn,3680813,9
Oher,22729553,6
Tuohy,22729553,8
Miss,22729553,13
Michael,22729553,21
McKinnon,22729553,14
Jr.,22729553,8
Anne,22729553,6
Mike,22729553,3
Sue,22729553,13
Hancock,22729553,8
Imon,22539578,9
Akaash,22539578,18
Vicky,22539578,16
Piya,22539578,14
Judge,1228330,2
Hugo,1228330,2
Paula,1228330,21
Letal,1228330,3
ramo,1228330,10
Becky,1228330,6
Manuel,1228330,21
Dominguez,1228330,19
Rebeca,1228330,6
Roberts,7040349,15
Patty,7040349,16
Pomeroy,7040349,21
Halstead,7040349,24
Raymond,7040349,14
Mutch,23570643,14
Sanders,23570643,8
Tommy,23570643,6
Iwamatsu,10736919,17
Shiori,10736919,17
Kira,10736919,17
Mogi,10736919,17
Shinigami,10736919,15
Takada,10736919,21
Naomi,10736919,7
Misora,10736919,6
Rem,10736919,22
Misa,10736919,23
Mahanta,32769696,12
Hazarika,32769696,9
Rajat,32769696,21
Hemdhar,32769696,15
Dutta,32769696,5
Muhidhar,32769696,15
Radha,32769696,21
Mikel,31949943,5
Paquita,31949943,2
Marrubi,31949943,11
Clemente,31949943,6
Bronson,12807520,17
Tilley,2177984,0
Babowsky,2177984,0
Ross,6058130,22
Breen,6058130,11
Rodriguez,10349441,13
Lovejoy,10349441,6
Rafael,10349441,3
Burnett,10349441,21
Patricia,10349441,21
Julian,10349441,14
Peter,10349441,8
Marshall,10349441,0
Sinclair,10349441,12
Johnson,10349441,19
Infante,10349441,7
Black,10349441,0
John,10349441,13
Ruby,10349441,6
Moore,3600424,13
Ahmed,3600424,19
Fielding,3600424,0
Quested,3600424,3
Adela,3600424,16
Heaslop,3600424,20
Aziz,3600424,13
Liv,11777954,7
Bea,11777954,19
Francis,11777954,8
Amira,11777954,9
Miro,11777954,23
Leonor,14958744,21
Saavedra,14958744,3
Chavita,14958744,3
Raquel,14958744,20
Bruce,14958744,12
Ross,3624149,20
Hughes,3624149,6
Marion,3624149,3
Sparkes,3624149,12
Bruce,3624149,12
Morrison,18683533,19
Eric,18683533,15
Jones,18683533,24
Hendrix,18683533,4
Joplin,18683533,22
Sik,12253172,2
Carrincha,11467890,3
Ferguson,11467890,6
O'Hara,11467890,3
Banjo,11467890,3
Cat,11467890,5
Sabata,11467890,3
Stengel,11467890,6
Sharky,11467890,10
Oswald,11467890,13
Brown,11467890,3
Toyman,8928586,17
Luthor,8928586,6
Lane,8928586,8
Kent,8928586,19
White,8928586,10
Superman,8928586,6
Olsen,8928586,23
Lois,8928586,17
Martha,8928586,3
Minu,24549940,22
Varghese,24549940,24
Devi,24549940,18
Raghuram,24549940,19
Ram,24549940,6
Jithulal,24549940,19
Lal,24549940,12
Chacko,24549940,21
Rajeshwari,29952131,21
Singh,29952131,18
Poonam,29952131,1
Maa,29952131,16
Amit,29952131,6
Anju,34203225,6
Vibhishan,34203225,4
Sisodia,34203225,3
Bijnor,34203225,6
Allen,5248155,6
Macklyn,5248155,21
Drews,5248155,8
Snowden,5248155,15
Regi,5248155,3
III,5248155,0
Vivian,5248155,6
Ted,5248155,6
Labiche,1483207,17
Waldheim,1483207,12
Villard,1483207,14
Nick,2238387,4
Farris,2238387,21
Martinelli,2238387,10
Straight,31351,6
Alvin,31351,3
Rose,31351,13
Lyle,31351,13
Laird,4053827,11
Bila,4299421,13
Nopoko,4299421,2
Markov,23719971,11
Madsen,23719971,17
Takeru,23719971,13
Pierre,16324893,23
Sarah,16324893,21
Quentin,16324893,2
David,16324893,21
Kingsley,7654377,8
Taylor,7654377,0
Beth,7654377,6
Ward,7654377,8
Agnes,7654377,14
Mercer,7654377,24
Clyde,7654377,3
Visconti,3654399,10
Mario,3654399,23
Natalia,3654399,21
Collins,15447596,11
Lehane,15447596,14
Patrick,15447596,13
Caroline,21133178,0
Linden,21133178,2
Yogi,21133178,23
Dalvi,2210733,9
Keshav,2210733,5
Bhumika,2210733,6
Kale,2210733,17
Rajan,2210733,9
Prakash,33974627,6
Govind,33974627,23
Murthy,33974627,4
Zapata,156625,17
Madero,156625,14
Steinbeck,156625,21
Huerta,156625,1
Villa,156625,22
Grant,16674680,16
Miller,16674680,17
Seagram,16674680,17
Alex,16674680,8
Sanyal,5170742,7
Prince,5170742,18
Ranjana,5170742,19
Satyapriya,5170742,20
Yak,4244198,1
Niju,4244198,4
Muk,4244198,7
Balto,4244198,3
Boris,4244198,7
Jenna,4244198,19
Aniu,4244198,24
Aleu,4244198,3
Nava,4244198,21
Xiao,31374318,5
Tianzun,31374318,6
Peng,31374318,9
Han,31374318,9
Luo,31374318,3
Peony,31374318,10
Liu,31374318,17
Lalung,21145208,10
Bania,21145208,18
Segal,101907,0
Jackson,101907,11
Patty,101907,4
Vicky,101907,3
Menkes,101907,21
Allesio,101907,21
Blackburn,101907,3
Gloria,101907,24
Pinter,101907,12
Milius,21696582,11
Reyes,21696582,11
Carlos,4338749,17
Wright,4338749,24
Bush,4338749,0
Rachel,4338749,6
Gundars,4338749,1
Mac,4338749,1
Robinson,4338749,3
Scott,4338749,13
Cooper,1011439,12
Jessica,1011439,6
Hendricksson,1011439,3
Jefferson,1011439,13
Ross,1011439,22
Powell,1011439,17
David,1011439,6
Vosen,1854000,6
Webb,1854000,16
Blackbriar,1854000,18
Daniels,1854000,5
Parsons,1854000,17
Kramer,1854000,19
Hirsch,1854000,22
Ross,1854000,5
Kirill,1854000,8
Abbott,1854000,8
Marie,1854000,23
Kreutz,1854000,18
Bourne,1854000,3
assassin,1854000,17
Landy,1854000,6
Bouksani,1854000,24
Paz,1854000,4
Boreman,34574444,8
Arjuna,27171772,8
Subhadra,27171772,23
Krishna,27171772,2
Parinayam,27171772,0
Gayopakhyanam,27171772,11
Satyabhama,27171772,3
Narasimham,27171772,2
Jackson,5499151,0
Vinson,5499151,12
Lucille,5499151,3
Peejoe,5499151,16
Bullis,5499151,14
Littlefield,5281750,11
Carver,5281750,5
Lassiter,5281750,1
Friedrich,2497380,4
Pariseau,6422613,5
Vivian,6422613,14
Andre,6422613,21
Hinkley,6422613,20
Hamilton,6422613,15
Dorothy,6422613,6
Renee,6422613,9
Kumar,23750517,17
Naika,23750517,18
Anand,23750517,6
Kelly,369682,10
Harris,369682,3
John,369682,11
William,34224279,0
Paul,34224279,6
Harry,34224279,23
Georgie,34224279,20
Lawrence,34224279,15
Lars,34224279,23
Louise,34224279,14
Right,34224279,7
Morris,34224279,9
Alex,34224279,16
Seger,1892349,7
Dean,12310614,14
Vig,12310614,14
Amvrosija,12310614,23
Theofan,12310614,19
Lakshmi,24615866,2
Vijayan,24615866,21
Nair,24615866,18
Venu,24615866,3
Kurup,24615866,8
Latha,24615866,22
Swipe,19186546,24
So-dan,27700382,3
Elisa,27700382,5
Hiroshi,27700382,5
Karunaas,15662770,13
Ramesh,15662770,21
Gayathri,15662770,2
Saranya,15662770,2
Tom,11233756,3
Jerry,11233756,23
Margaret,4305023,22
Benson,4305023,9
Natalie,4305023,20
Kowalkski,11137864,13
Kowalski,11137864,3
Fred,1611072,11
Audrey,1611072,15
D.,1611072,11
Mike,1611072,2
Hank,1611072,17
Donna,1611072,3
Barris,1611072,4
Arctor,1611072,11
Grant,14281865,22
Drake,14281865,10
Anna,14281865,20
Romeo,18531768,20
Ciglia,29070003,16
Marcus,29070003,21
Pia,29070003,16
marry,29070003,10
Ward,3057909,24
Monique,22113638,24
Mazhula,33279236,10
Squiggles,33279236,7
Fu,33279236,10
Nariman,25899808,23
Bhadran,25899808,17
Viramani,25899808,21
Mannadiar,25899808,7
Marar,25899808,4
Marakkar,25899808,18
Garc,26570761,16
Maite,26570761,4
Franco,26570761,8
Elena,26570761,11
Stool,6717319,2
Slade,6717319,5
Clifford,6717319,11
Potter,6717319,5
Maude,28697022,15
Isobel,28697022,12
Claire,28697022,6
Owen,28697022,6
Ramesh,21888630,3
Ravi,21888630,17
Primo,1779335,6
Will,1779335,17
Anita,1779335,17
Tina,1779335,12
Dogg,1779335,3
Roses,27691376,7
Rosemary,27691376,16
Fitzpatrick,27691376,11
Belalang,12336545,24
Neuvillette,4432750,24
Montfleury,4432750,1
Cyrano,4432750,3
Blake,4432750,1
Bergerac,4432750,22
Roxane,4432750,6
Guiche,4432750,14
Prince,4432750,20
Ragueneau,4432750,3
Bret,4432750,6
Christian,4432750,6
Jessica,971217,20
Delmarco,971217,11
Mills,971217,16
Shepard,971217,17
Gordon,4276475,4
Maroni,4276475,17
Fox,4276475,6
Lau,4276475,17
Batman,4276475,17
Dawes,4276475,11
Gambol,4276475,17
Garcia,4276475,13
Reese,4276475,17
Rachel,4276475,22
Pennyworth,4276475,18
Loeb,4276475,5
Dent,4276475,9
Alfred,4276475,3
Wayne,4276475,23
Dawes,2951841,13
Milton,2951841,9
Levoi,2951841,18
Coutelle,2951841,17
Siko,24956977,2
Maxwell,2043130,21
Liz,2043130,16
Prefecture,19299838,3
Aga,19299838,3
Atari,19299838,19
Mingchu,19299838,4
Tomoko,19299838,6
Mina,25320302,17
Marion,25320302,2
Kayani,25320302,24
Calmat,25320302,5
Carter,9490126,24
Angela,9490126,3
Anderson,9490126,24
Billy,9490126,10
Angie,9490126,9
Alex,9490126,13
Betsie,3361542,21
Corrie,3361542,23
Cooper,21003989,20
Jacobs,23543821,20
Valentine,23543821,12
Swanson,23543821,16
Zipper,4007440,15
Kane,4007440,5
Dee,4007440,9
Henry,1501259,16
Toto,1501259,6
Tarantino,1501259,8
Fiama,1501259,21
Minella,1501259,20
Dorothy,1501259,3
Caesar,1489773,18
Obelix,1489773,3
Asterix,1489773,4
Joseph,16349395,7
Marshall,3120202,6
Clonkers,3120202,12
Fleshlumpeater,3120202,17
Jack,3120202,10
Phizzwizards,3120202,23
Sophie,3120202,3
Joe,1102360,3
Robin,1102360,8
Claire,1102360,3
Parry,1102360,2
Norris,12588031,13
Trujillo,860103,3
Lio,860103,17
Mirabal,860103,11
Teresa,860103,9
Minerva,860103,21
Manolo,860103,1
Lange,28984353,6
Jane,17516197,4
Tarzan,17516197,24
Greystoke,17516197,15
Clayton,17516197,20
Rokoff,17516197,1
Thanh,17048091,10
Nhac,17048091,0
Lang,17048091,22
Akutagawa,17048091,3
Nuong,17048091,19
Minh,17048091,23
Madame,25983329,9
Ruthyn,25983329,8
Caroline,25983329,16
la,25983329,24
Silas,25983329,22
Lahti,12193865,19
Heidi,33262964,11
Whitey,33262964,11
Blessington,1795394,4
Laura,1795394,14
Williams,1795394,23
Jenkins,1795394,20
Amelia,1795394,6
Harkness,1795394,5
Partridge,1795394,7
Shotgraven,1795394,9
McKeever,1795394,23
Travers,3606815,11
Bobby,277667,6
Doofy,277667,24
Meeks,277667,2
Sheridan,277667,10
Brenda,277667,17
Ray,277667,17
Prinze,277667,20
Drew,277667,3
Phillipe,277667,4
Buffy,277667,23
Campbell,277667,22
Cindy,277667,3
Gilmore,277667,12
Decker,277667,10
Wilkins,277667,18
Shorty,277667,17
Sakata,844337,24
Mayumi,844337,3
Yumi,844337,6
Natsumi,844337,18
Okonogi,844337,2
Masuda,844337,10
Beth,22945742,4
Leonard,22945742,22
Tucker,22945742,11
Grant,2817162,15
Emma,2817162,24
Allen,2817162,8
Waverly,2817162,20
Harrison,2817162,6
Betty,2817162,23
Haynes,2817162,12
Judy,2817162,2
Bob,2817162,6
Phil,2817162,6
Wallace,2817162,17
Danny,33505627,11
Nathan,33505627,11
Gemma,33505627,11
Vogler,1724708,4
Rakel,1724708,6
Anna,1724708,21
Strauss,14739673,4
Philander,14739673,22
Cecile,8022646,4
Walden,8022646,24
Bell,8022646,21
Isabel,28821707,8
Pilar,28821707,14
Lluis,28821707,6
Esteva,28821707,3
Rai,5369620,1
Sharma,5369620,17
Deepak,5369620,17
Darshan,5369620,18
Doby,5369620,13
Prakash,5369620,7
Rekha,5369620,8
Knowland,780889,5
Rian,780889,3
Vic,780889,7
Donald,780889,15
Leonard,780889,0
Catherine,780889,7
Mitchell,780889,18
Ke,10931554,12
Wenlie,10931554,23
Mitchell,25194677,17
Hibbard,25194677,5
Creevey,25194677,17
Irene,25194677,24
Banning,25194677,18
Gregoravitch,25194677,13
Lucy,25194677,16
Carter,25194677,22
Keane,25194677,11
Wayne,25194677,23
Longtree,76301,5
Heck,76301,14
Hammond,76301,22
Gil,76301,3
Knudsen,76301,3
Elsa,76301,13
Judd,76301,6
Westrum,76301,24
Flood,8982671,16
Gagoots,8982671,20
Morgan,8982671,7
Melanie,8982671,21
Harmon,14640620,12
Mullin,14640620,4
Gladys,14640620,17
Yi,14560791,8
Kam,14560791,8
Shung,14560791,14
Li,14560791,21
Branko,21133929,19
Robert,21133929,3
Karanovi,21133929,11
Dolan,26551706,15
Stevens,26551706,11
Lola,26551706,13
Louie,26551706,24
Alma,26523796,12
Semistan,26523796,15
Dong-Wook,5736805,20
Ja-Young,5736805,11
Heather,201553,6
White,201553,12
Sandy,201553,3
Michelle,201553,13
Lauper,201553,19
Mooney,201553,3
Romy,201553,6
Christie,201553,6
Weinberger,201553,12
Christensen,201553,13
Luder,201553,9
Lisa,201553,14
Michele,201553,3
Frink,201553,3
Isha,8120239,14
Mehra,8120239,6
Tanmay,8120239,2
Haider,8120239,14
Sharma,8120239,0
Teddy,8120239,20
Angel,8120239,21
Ali,8120239,2
Arush,8120239,21
Sahni,8120239,19
Joglekar,8120239,7
Rao,12250909,3
Pelz,6006929,9
Pratt,6006929,3
McCarthy,6006929,3
Haines,6006929,17
Franco,6006929,6
Hopkins,6006929,3
Muneera,22073629,21
Hanif,22073629,21
Mian,22073629,1
Saheb,22073629,16
Aarti,22073629,0
Desai,22073629,21
Gujarati,22073629,15
Mohsin,22073629,19
Shaikh,22073629,21
Jyoti,22073629,14
Deven,22073629,2
Sylvester,18545627,23
Sahni,10616523,6
Rama,10616523,2
Mickey,4280498,3
Swift,24002929,19
Phoebe,24002929,16
Duncan,24002929,5
MacNamara,24002929,14
Ryker,3476773,2
Miyake,156694,16
Ataru,156694,21
Mendou,156694,7
Inaba,156694,18
Shinobu,156694,21
Lum,156694,6
Moroboshi,156694,9
Michael,2223709,13
Rosie,2223709,1
DeeDee,2223709,3
Ethan,2223709,5
Emma,2223709,14
Wayne,2223709,22
Yuri,2223709,12
Miller,23429308,19
Davis,23429308,22
Grills,23429308,20
Philippe,12554600,13
Marc,12554600,19
Grimsdyke,15113148,16
Lancelot,15113148,9
Spratt,15113148,9
Phillips,15113148,9
Kennedy,30607812,9
Hopper,30607812,11
Sanger,30607812,10
Dodd,30607812,1
Tessa,30607812,9
Lermontov,21662646,24
Bogan,4951286,2
Neumann,4951286,11
Grady,4951286,3
Kahn,4951286,13
Groteschele,4951286,12
Black,4951286,20
Gruesome,3894895,3
Gorilla,3894895,5
Nelson,2034659,2
Davis,2034659,7
Lorre,2034659,9
Cora,2034659,14
Bond,2034659,19
Mary,2034659,8
Cox,2034659,0
Graham,2034659,3
Ferdows,9539254,19
Mansour,9539254,5
Ghaisar,9539254,14
Karim,9539254,17
Abmangol,9539254,17
Rahim,9539254,17
Farman,9539254,23
Sherie,5191715,14
Charlie,5191715,6
Singh,5191715,18
Seth,5191715,23
Vikram,5191715,6
Morse,181601,12
Stephen,181601,23
Charles,181601,17
Mickey,181601,6
Bob,181601,20
Green,181601,9
Tessa,36217621,2
Thodupuzha,36217621,12
Viswambaran,36217621,6
David,36217621,18
Heather,12902178,11
Mulligan,12902178,6
Craig,12902178,6
Frank,12902178,3
Joey,12902178,11
Rene,12902178,19
Satan,12902178,20
Kowalski,12902178,3
Dominique,12902178,3
Ursula,12902178,3
Kyle,12902178,3
Moses,12902178,21
Effi,12902178,3
Diaboli,12902178,5
Nate,12902178,3
Sanchez,12902178,3
Lisa,12902178,3
Andy,12902178,13
Pierre,28997526,6
Lisette,28997526,12
Morel,28997526,21
Henri,28997526,12
Hubert,62117,13
Taylor,62117,21
Paine,62117,17
Smith,62117,3
Carey,62117,22
Hill,62117,15
Susan,62117,1
Arnold,62117,18
Foley,62117,0
Hopper,62117,13
Saunders,62117,16
Shaw,6193020,2
Lillian,6193020,2
Pierrepoint,4685563,24
Horne,5034138,21
Wildman,19687396,21
Darla,19687396,12
Leonard,19687396,1
Spanky,19687396,3
Dilek,28299531,23
Marvi,13650555,4
Khet,13650555,6
Umar,13650555,21
Phog,13650555,13
Bhittai,13650555,15
Kumar,20903026,21
DuVall,7826014,11
Besser,15198225,14
Forrestal,2950304,11
Franklin,2950304,6
Hansen,2950304,2
Ira,2950304,6
Ralph,2950304,11
Iggy,2950304,6
Sousley,2950304,17
Rosenthal,2950304,0
Rene,2950304,6
Bradley,2950304,15
Strank,2950304,9
Hayes,2950304,5
Ignatowski,2950304,10
Mike,2950304,17
James,2950304,6
Gerber,2950304,19
Vandegrift,2950304,20
Johnson,2950304,16
Bud,2950304,6
Block,2950304,5
Gagnon,2950304,9
Beech,2950304,20
Bryant,16846172,13
Blondie,16846172,2
Bumstead,16846172,16
Wadsworth,16846172,22
Biehn,6714601,2
Smith,6714601,22
Millicent,19200494,24
Hawthorne,19200494,13
Hauptmann,9585054,17
Weiss,9585054,17
Seigneur,9585054,8
Venus,9585054,21
Fallaize,9585054,23
Morland,9585054,1
Longbaugh,1503907,3
Obecks,1503907,3
Sarno,1503907,17
Parker,1503907,17
Robin,1503907,3
Painter,1503907,3
Caan,1503907,14
Chidduck,1503907,8
Jeffers,1503907,3
Wilson,1503907,15
Whelan,19299478,4
Mary,19299478,13
Tao,5501853,9
Randall,5501853,2
Carey,5501853,13
Hightower,5501853,19
Chandralekha,34420878,1
Kumar,34420878,9
Roy,34420878,0
Gunasekharan,34420878,12
Sneha,15767303,23
Sachidanandan,15767303,13
Venkiti,15767303,7
Vasudevan,15767303,15
Aggi,15767303,23
Anu,15767303,21
Phillipa,509987,4
Philippa,509987,17
Filippo,509987,18
Murari,20904194,18
Kannan,7299297,8
Ganeshan,7299297,20
Mohandas,7299297,5
Reiker,9383737,16
Rollins,9383737,1
Warren,9383737,10
Duncan,9383737,16
Ammachi,3635024,4
Honai,3635024,11
Thomas,3635024,9
Nagar,3635024,6
Madhavan,3635024,24
Hariharnagar,3635024,23
Kutty,3635024,7
Amiel,156628,21
Lorrison,156628,6
Bartlow,156628,23
Pebbel,156628,16
Lila,156628,10
Sullivan,156628,5
Shields,156628,23
Rosemary,156628,23
Ribera,156628,24
Murphy,12565687,23
Hudson,12565687,13
Einstein,12565687,5
Johnson,12565687,11
Gus,12565687,9
Grace,12565687,3
Jack,12565687,3
Jules,26099108,6
Paul,26099108,6
Mitchell,26099108,7
Joni,26099108,6
Askey,28322216,21
Blackfang,28322216,12
Murdoch,28322216,21
Kirkwood,28322216,0
Pilkington,28322216,6
Hylton,28322216,23
Askal,15088404,12
Gurd,15088404,24
Olya,15088404,10
Yalo,15088404,11
Gubarev,15088404,12
Hachi,2854839,3
Frederic,17289439,3
Rose,17289439,0
Ruth,17289439,21
Stanley,17289439,20
Mabel,17289439,6
Janet,2723037,21
Baxter,2723037,9
Henry,2723037,5
David,26803725,24
Pooja,26803725,21
Bhai,26803725,9
Mantri,26803725,4
Kapoor,26803725,17
Ganesh,26803725,24
Kundan,26803725,6
Malik,26803725,18
Satyaprakash,26803725,19
Prem,8962212,3
Spencer,2207640,3
Armacost,2207640,9
Reese,2207640,24
Streck,2207640,4
Jillian,2207640,3
Chiz,4338909,23
Lee,4338909,3
Sheena,9128822,9
Mahesh,9128822,24
Tony,9128822,16
Khanna,9128822,12
Chopra,9128822,13
Chingar,9128822,9
Tina,9128822,3
Vijay,9128822,23
Yogi,9128822,3
Eliot,18673551,14
Billy,18673551,22
Sonia,18673551,24
Tiber,18673551,8
Yasgur,18673551,18
Vilma,18673551,20
Elliot,18673551,3
Lang,18673551,14
White,4403560,5
Klein,4403560,3
Victor,4403560,6
Rodney,4403560,6
Mazilli,4403560,20
Adams,4403560,9
Little,4403560,15
Errol,4403560,9
Gottlieb,378439,13
Marchand,378439,13
Tubbs,378439,13
Lanyon,378439,22
Fairland,378439,9
Sondelius,378439,21
Wickett,378439,10
Bennett,378439,7
Arrowsmith,378439,14
Leora,378439,13
Attinger,68084,3
Adam,68084,3
Kip,68084,23
Amanda,68084,3
Bonner,68084,9
Earp,10125507,0
Buckley,6300597,17
Emmric,6300597,12
Grodman,6300597,24
Collins,1314961,3
Terwilliker,1314961,5
Heloise,1314961,1
Zabladowski,1314961,18
Garland,1314961,7
Kishen,6816104,14
Abdul,6816104,7
Karan,6816104,17
Musa,6816104,7
Anna,6816104,3
Iqbal,6816104,17
Prakash,6816104,2
Seth,6816104,19
Srividya,11142347,2
Selvam,11142347,14
II,17038375,15
Karen,33840103,6
Maciek,33840103,21
Leo,32359190,13
Emily,32359190,5
Fitzjohn,32359190,20
Ghislaine,32359190,20
Tomoko,27840051,16
Mario,19325619,23
Rachael,19325619,21
Bridget,19325619,3
Harley,19325619,3
Samantha,19325619,3
Kenny,19325619,17
Josh,19325619,24
Radford,19325619,2
Barrons,19325619,1
Timmy,19325619,3
Wayne,19325619,13
Kramer,1640736,3
Laura,1640736,12
Gordon,1640736,15
Addison,1640736,16
Eric,1640736,17
Matthews,1640736,11
Michael,1640736,17
Daniel,1640736,21
Gus,1640736,22
Kerry,1640736,11
Obi,1640736,3
Jonas,1640736,17
Xavier,1640736,3
Amanda,1640736,22
Cloud,26628860,6
Sheila,26628860,6
Bartlett,26628860,17
Crazy,26628860,6
Reese,26628860,4
Hollister,26628860,21
Ed,26628860,22
Dan,26628860,23
Riley,26628860,17
Samir,2251890,13
Naina,2251890,21
Sonia,2251890,21
Vicky,2251890,12
Baba,31642366,14
Russo,1367501,15
Tony,1367501,9
Downey,1367501,11
Marco,1367501,2
Frank,1367501,18
Angela,1367501,6
Karen,1367501,15
Benitez,1367501,9
Fane,29386520,9
Elvery,29386520,12
Connors,29386520,14
Healy,12624367,5
Michael,12624367,6
Cecelia,12624367,23
Burgess,12624367,12
James,12624367,10
Gretchen,12624367,23
Mizushima,24168980,15
Keiko,24168980,16
Monami,24168980,17
Molon,10858701,12
Paola,10858701,23
Fontana,10858701,8
Guido,10858701,17
Owen,2487170,16
Servo,2487170,17
Beru,2487170,12
Nandakumar,27150879,0
Padmanabhan,27150879,0
Nadhu,27150879,16
Ananthan,27150879,24
Cooper,26084701,21
Sara,26084701,7
Nawaz,26282276,14
Nazir,26282276,9
Gandhi,26282276,23
Tenneray,8973880,21
Nora,8973880,24
Maggie,3257956,6
Jack,3257956,13
Billy,11569227,21
Marcel,2451146,16
Czerny,2451146,19
Picot,2451146,12
Flammarion,2451146,21
Tibor,2451146,3
Jacques,2451146,6
Baroness,2451146,6
Stephanie,2451146,22
Baron,2451146,20
Helene,2451146,21
Lynne,3762624,0
Joe,3762624,13
Duncan,3762624,22
Diane,8984132,19
Geiser,8984132,18
Crosby,8984132,16
Billy,8984132,0
Arnie,2768141,6
Gaz,2768141,10
Ivan,2768141,10
Circus,2768141,5
Sonia,2768141,18
Jimmy,2768141,4
Stromowski,2768141,22
Spencer,1306645,22
II,1306645,18
Kent,1306645,13
Mortimer,1306645,15
Porter,1306645,11
Lennox,1306645,15
Edward,1306645,2
Isabella,1306645,1
III,1306645,15
Gaveston,1306645,23
Tobe,5080406,21
Sheridan,5080406,17
Lonnie,5080406,6
Charlie,5080406,14
Harlan,5080406,3
Wade,5080406,17
Arnott,24631099,18
Sanjana,3143908,21
Roopa,3143908,20
Kumar,3143908,21
Kishen,3143908,14
Susheela,3143908,19
Hoon,3143908,22
Prem,3143908,1
Rookie,3504167,12
Tar,3504167,4
Shirley,3504167,19
Teapot,3504167,23
Ajay,5997937,17
Mehra,5997937,1
Rai,5997937,12
Verma,5997937,20
Indra,3244159,3
Narayana,3244159,3
Shankarnath,3244159,5
Reddy,3244159,21
Shivraj,3244159,23
Ganesh,3244159,24
Pallavi,3244159,2
Vanheden,1014419,2
Wall-Enberg,1014419,17
Saxena,23836989,22
Tony,23836989,6
Mallya,23836989,12
Hargobind,23836989,14
Gosai,23836989,13
Patil,23836989,12
Vikas,23836989,23
Sapna,23836989,6
Madan,9678161,18
Mahan,9678161,17
Cornman,17291040,0
Dr.,17291040,18
Rodrigo,12360068,20
Jill,12360068,3
Ashton,12360068,23
Tom,12360068,17
Dumpty,12360068,7
Piper,12360068,17
Gonzargo,12360068,17
Mary,12360068,17
Jack,12360068,3
Crookedman,12360068,17
Lamb,12360068,13
Martin,1608743,11
Janson,1608743,2
Godard,1608743,0
Rokuro,35327215,3
Jiju,35327215,6
Henri,27593061,16
Schreiber,27593061,20
Schubert,27593061,1
Pitkin,27593061,4
Grimsdale,27593061,7
Barak,853220,4
Arafat,853220,24
Nafar,853220,0
Coyote,10131383,3
E.,10131383,3
Zelda,9085417,21
Lucy,9085417,3
Chadman,9085417,19
Rocco,6181138,10
Nassim,6181138,10
Ortega,6181138,22
Helm,6181138,11
Sommars,6181138,18
Madeiros,6181138,20
Denning,25413122,24
Kathy,25413122,21
Clayburn,25413122,12
Braxton,25413122,7
Clay,25413122,14
Will,25413122,17
Sherman,25413122,20
Summers,25413122,2
Paul,5521767,9
Michelle,5521767,10
Taylor,17379289,17
Sandy,17379289,3
Dobbs,17379289,17
Beth,17379289,17
Tom,17379289,10
Greg,17379289,6
Sarge,17379289,7
Josekutty,27160663,16
Annachi,27160663,22
Pailey,27160663,4
Pillai,27160663,24
Sebastin,27160663,2
Alakazam,4668216,24
Amat,4668216,13
Amo,4668216,17
Merlin,4668216,8
Minor,385742,0
Livius,385742,21
Commodus,385742,3
Aurelius,385742,6
Lucilla,385742,21
Roopa,10367181,6
Malti,10367181,5
Ratan,10367181,18
Munim,10367181,21
Ghoda,10367181,3
Shekhar,10367181,4
White,14373082,9
Ellis,14373082,6
Vasquel,14373082,4
Bostwick,14373082,15
Melhorn,14373082,8
Tommy,14373082,10
Spanger,14373082,21
Rena,14373082,16
Alvarez,14373082,4
Sayori,2265651,12
Han,23293894,3
Chi-Ming,23293894,3
Mimi,23293894,11
Junior,6970711,6
Asparagus,6970711,6
Robins,6970711,15
Dad,6970711,6
Fernando,6970711,10
Jimmy,6970711,22
Larry,6970711,16
Bob,6970711,6
Gourd,6970711,12
Peter,25430565,6
Ralph,25430565,3
Abigail,25430565,3
George,25430565,0
Lisa,25430565,6
Rebney,22974152,21
Steinbauer,22974152,21
Cheney,22974152,1
Cynthia,10241319,1
Ressie,10241319,12
Concepcion,10241319,9
Barretto,10241319,20
Ronald,10241319,6
Agnes,10241319,21
Noel,10241319,21
Brian,10241319,16
Melanie,10241319,21
Gohan,1767648,5
Bulma,1767648,17
Roshi,1767648,17
Kishime,1767648,0
Krillin,1767648,17
Biomen,1767648,13
Wheelo,1767648,3
Piccolo,1767648,3
Goku,1767648,17
Misokatsun,1767648,1
Kochin,1767648,3
Ebifurya,1767648,0
Bio-Men,1767648,0
Arthur,618856,17
Kane,618856,24
Iggy,618856,21
Lee,618856,10
Max,618856,3
Kevin,618856,6
Zamora,22098183,21
Winick,22098183,6
Rainey,22098183,5
Campos,22098183,13
Sasser,22098183,8
Zoraida,22098183,22
Clinton,22098183,0
Mily,22098183,21
Saunders,26198798,5
Malter,26198798,3
Squirell,16826347,8
Starczek,16826347,20
Lahood,250012,6
Megan,250012,4
Coy,250012,17
Barret,250012,24
Hull,250012,3
Sarah,250012,0
LaHood,250012,22
Josh,250012,4
Wheeler,250012,2
Stockburn,250012,3
Giovanni,2460704,16
Pok,2460704,11
Ash,2460704,23
Ketchum,2460704,10
Vulpix,2460704,6
Snubbull,2460704,4
Geodude,2460704,24
Marill,2460704,4
Pikachu,2460704,3
Mewtwo,2460704,21
Lucchesi,10741125,1
Lauffnauer,10741125,17
Moreno,10741125,15
Brittain,10741125,0
Mary,10741125,5
Rosa,10741125,23
Iwa,33032079,18
Shio,33032079,10
Miyaura,33032079,24
Momo,33032079,13
Jacobs,31958696,18
Ondra,31958696,19
Hitler,31958696,1
Schmeling,31958696,23
Louis,31958696,24
Taylor,5324114,1
Harlow,5324114,2
Belle,5324114,23
Madeline,3296570,13
Kristoff,3296570,16
Galina,3296570,4
Konstantin,3296570,9
Cole,3296570,7
Julian,11257210,21
Pablo,11257210,1
Ana,11257210,4
Elena,11257210,21
Alice,2995062,15
Holly,2995062,7
Kinnon,2995062,2
Chih-chiang,26652253,9
Raja,36057886,14
Girija,36057886,7
Shankar,36057886,24
Ramanathan,36057886,11
Mohini,36057886,21
Doc,13824842,21
Swami,13824842,13
Brody,13824842,3
Pinon,16918029,13
Jeunet,16918029,20
Tien,3451250,1
Ti,3451250,4
Cha,3451250,19
Hua,3451250,1
Manny,3943470,6
Art,3943470,3
Kerner,3943470,4
Liz,3943470,6
Royce,3943470,18
Gloria,3943470,3
Bart,3943470,3
Betty,3943470,21
Kilmartin,616786,4
Hart,616786,10
Ronnie,616786,13
Bev,616786,11
Zioli,616786,9
Brown,616786,10
Ramaiah,32136598,18
Chera,32136598,17
Shanmugan,32136598,3
Shanmugam,32136598,6
Ganga,4971356,3
Creedlow,2894603,16
Rama,29870577,2
Story,29870577,2
Ansberg,8822504,2
Susetz,8822504,21
Judith,24676773,6
Wescott,24676773,9
Partson,24676773,11
Potter,24676773,20
Rachel,24676773,6
Wally,24676773,6
Nora,24676773,17
David,24676773,3
Nixon,20320460,17
Jimmy,20320460,17
O'Leary,20320460,17
James,20320460,0
Wu,20320460,13
Lincoln,11539737,13
Huyler,11539737,0
Stevens,11539737,22
Johnson,11539737,21
McCardle,11539737,0
Tito,20753502,3
Rosso,20753502,17
Ori,20753502,3
Angela,20753502,3
Vidal,20753502,9
Owen,20753502,6
Larra,20753502,3
Cherry,27376917,22
Mallory,25565186,15
Madeline,25565186,10
Jenna,25565186,3
Robbins,25565186,16
Lynn,25565186,4
Davis,25565186,16
Frank,26508187,24
Milton,26508187,3
Webster,26508187,3
Arjun,35203478,16
Ballentine,3284664,11
Reagan,3284664,1
Marin,3284664,14
Breckinridge,3284664,17
Merriweather,3284664,1
Montrose,3284664,17
Garrison,3284664,17
Valerie,16039140,19
Raquela,16039140,14
Michael,16039140,14
Tyler,31514497,11
Sarah,31514497,3
Emily,31514497,16
Doug,31514497,17
Stephen,31514497,3
McRae,31514497,0
Moore,31514497,23
Elizabeth,19842551,7
Pohlmann,19842551,17
Kruse,19842551,13
Hirschland,19842551,4
Steinbrenner,19842551,4
Briston,18970935,0
Mongo,932424,9
Parker,932424,6
Dill,932424,3
Schwartz,932424,2
Clara,932424,13
Mother,932424,5
Randy,932424,16
Shields,932424,9
Ralphie,932424,3
Giggles,33577424,12
Carmen,33577424,3
Gregorio,33577424,17
Donnagon,33577424,17
Cortez,33577424,6
Gary,33577424,18
Romero,33577424,24
Nina,13439264,6
Don,13439264,12
Bridget,13439264,6
Cardigan,13439264,5
Glover,13439264,4
Selina,13439264,13
Brook,16803295,7
Zoey,16803295,6
Quinn,16803295,13
Michael,16803295,6
Mark,16803295,13
Lola,16803295,14
Chase,16803295,3
Gretchen,16803295,10
Dustin,16803295,14
Man,1553031,15
Laura,2266239,9
Grimhaus,2266239,12
Roswell,2266239,7
Lucille,2266239,1
Blocker,2266239,5
Marvin,2266239,22
Harold,2266239,18
Adam,2266239,20
Leon,2266239,6
Jackson,1535983,11
Comiskey,1535983,14
Schalk,1535983,18
Lardner,1535983,0
Landis,1535983,1
Gandil,1535983,1
Felsch,1535983,22
Fullerton,1535983,8
Gleason,1535983,20
Cicotte,1535983,1
Kerr,1535983,19
Weaver,1535983,6
Ram,35825940,6
Kaapalik,35825940,6
Mamta,35825940,3
Khanna,35825940,14
Goli,35825940,4
Munna,35825940,15
Manohar,35825940,12
Mona,35825940,17
Deckert,1745296,3
Mayweather,1745296,18
Steele,1745296,11
Pettibone,1745296,1
Cage,1745296,8
Zeke,1745296,22
Gibbons,1745296,6
Cobb,1745296,17
Stone,1745296,17
Shavers,1745296,6
Andrew,6337456,1
Shayna,6337456,7
Varella,3672697,13
Holmes,16266637,4
Moriarty,16266637,6
Adler,16266637,16
Watson,16266637,4
Frollo,24014903,1
Pan,24014903,19
Sarah,18934864,12
Dwight,18934864,4
Trager,15721024,19
Lott,15721024,7
Russell,15721024,19
Morrow,15721024,20
Xuncax,73451,5
Arturo,73451,5
Rathke,73451,15
Rosa,73451,16
Enrique,73451,3
Ebert,73451,10
Glen,3473059,4
Cullen,3473059,17
Campion,3473059,22
Flagg,3473059,17
Cross,3473059,19
Henreid,3473059,24
Underwood,3473059,1
Andros,3473059,15
Frannie,3473059,20
Bateman,3473059,4
Lloyd,3473059,4
Harold,3473059,23
Redman,3473059,12
Goldsmith,3473059,19
Nadine,3473059,14
Larry,3473059,4
Brentner,3473059,9
Rider,3473059,12
Lauder,3473059,12
Snowflake,4503438,21
Bernard,4503438,7
Dawood,4837681,8
Haya,4837681,20
Tina,4837681,21
Sweetie,4837681,15
Seth,4837681,7
Zimmy,4837681,21
Voight,25060238,3
Assante,25060238,13
Hall,32998223,1
David,3950291,3
Victor,3950291,3
Clara,3950291,6
Sancho,3950291,17
Plaza,3950291,24
Caballero,3950291,20
Elena,3950291,3
Hasekura,6242152,1
Gorkan,6242152,10
Gisaku,6242152,9
Yohei,6242152,23
Lin,5735559,2
Chuan,5735559,21
Tienbo,5735559,17
Li,5735559,3
Chirakkal,28147804,24
Ayesha,28147804,3
Vavvali,28147804,6
Thangachan,28147804,19
de,28147804,6
Nayanar,28147804,24
Gama,28147804,3
Das,28147804,3
Vikraman,28147804,4
Bala,28147804,4
Arab,28147804,4
Kothuwal,28147804,5
Mappilas,28147804,19
Bhanu,28147804,4
Kelu,28147804,17
Schwartz,4498589,24
Karloff,4498589,8
Lucky,30689928,16
Datta,30689928,18
Sharma,30689928,19
Nimmi,30689928,11
Mahadik,30689928,14
Nandu,30689928,2
Sardana,30689928,14
Antonio,12781333,12
Shiraishi,33188259,12
Clover,33188259,6
Bio-Con,24859695,8
Kat,24859695,16
Max,24859695,16
Smith,24859695,16
Berto,24859695,16
Jennifer,2100379,6
Daniel,2100379,8
Wooley,2100379,16
Masterson,2100379,4
Estelle,2100379,0
Wallace,2100379,6
Mazmur,36145597,18
Thomas,36145597,4
Michael,36145597,16
Samuel,36145597,10
Alex,36145597,6
Hanft,7008420,9
Billy,8092271,24
Blazes,8092271,23
Jenny,5715101,6
Billy,5715101,3
Smith,5715101,19
Eva,33861669,5
Eichmann,15290864,1
Halder,15290864,3
Franky,11854684,21
Griffin,11854684,24
Willis,11854684,12
Duncan,11854684,14
Sanker,29709738,6
Junior,2696740,9
Maggie,2696740,7
Bloomsberry,2696740,13
Zagawa,2696740,21
George,2696740,3
Bloomsbury,2696740,7
Ted,2696740,3
Hawkes,16457387,13
Tommy,16457387,17
Harriet,16457387,6
Thompson,16457387,17
M.,16457387,22
Green,16457387,4
Carrick,15271121,4
Reyes,28013587,24
Sera,28013587,13
Sonia,5766690,17
Garrec,5766690,4
Jasmin,5766690,18
Rachel,5766690,20
Ang,5766690,4
David,5766690,8
Mahadev,31588496,6
D.K.,31588496,9
Bhosale,31588496,21
Naseer,31588496,9
Gaikwad,31588496,16
Narayan,31588496,3
Gauri,31588496,12
Sawatya,31588496,8
Manning,19200197,24
Clairborne,19200197,9
Mary,19200197,24
Roland,19200197,1
Dempster,19200197,6
Fontenoy,9468198,20
Henriette,9468198,13
Kasi,7019460,12
Khan,7019460,14
Bonnerjee,7019460,20
Vijaykanth,7019460,4
Sadasivam,7019460,1
Raj,7019460,6
Nair,7019460,9
Malnad,7019460,17
Perarasu,7019460,2
Viswanath,7019460,15
Jeddak,982480,14
Burroughs,982480,3
Hajus,982480,9
Tarkas,982480,5
Thern,982480,22
Powell,982480,14
Shang,982480,17
Thoris,982480,16
Dejah,982480,4
Collinge,26738833,12
Brynn,26738833,0
DeWolfe,26738833,15
Flag,9199781,7
Woody,9199781,21
Shaun,9199781,3
Sandhu,9199781,0
Harvey,9199781,9
Backalis,1981790,2
Garza,1981790,2
Niles,1981790,6
Swenson,1981790,19
Hellinger,1981790,10
Halloran,1981790,3
Morrison,1981790,13
Stoneman,1981790,12
Dexter,1981790,6
Willie,1981790,21
Bacaklis,1981790,4
Batory,1981790,1
Muldoon,1981790,6
Henderson,1981790,7
Hylton,1981790,12
Marshall,19270593,24
Edwards,12433713,12
Cullen,12433713,16
Donaldson,12433713,12
Cole,12433713,0
Paul,51906,21
Fred,51906,7
Tomato,51906,15
Jos,51906,19
Holly,51906,3
Failenson,51906,7
Golightly,51906,15
Jack,51906,9
Berman,51906,2
Doc,51906,6
Varjak,51906,15
Adams,51906,9
Barnes,51906,21
Shannon,31918569,14
Samantha,31918569,23
Dewart,31918569,3
LaForche,31918569,3
Hannah,31918569,5
Belagomba,34527000,1
Gonzalo,34527000,6
Mana,34652488,1
Gumimin,34652488,10
Brennan,24841297,11
Pennington,24841297,3
Lara,24841297,4
Alphonso,33002630,10
D'Silva,33002630,11
Peter,33002630,2
Phillips,33002630,0
Manning,22576113,12
Kalthoum,34983875,8
Bharati,1205729,2
Akbar,1205729,19
Anthony,1205729,2
Jenny,1205729,13
Kishanlal,1205729,23
Amar,1205729,15
Robert,1205729,6
Malini,11143067,3
Chelapa,11143067,9
Sethu,11143067,3
Chellapa,11143067,4
Padmini,11143067,9
Sam,32883563,9
Molly,32883563,9
Tom,32883563,9
Peter,32883563,9
M'Arthur,32883563,9
Duggan,32883563,9
Hopkins,32883563,9
Elvira,2410175,14
Betsy,2410175,3
Jack,2410175,3
Mike,2410175,21
Eddie,2410175,23
Lester,4878174,16
Pamela,4878174,11
Willy,4878174,8
George,4878174,6
Davies,4878174,8
Whitman,7517898,3
Alston,7517898,19
Walter,7517898,6
Inga,7517898,3
North,7517898,22
Crawford,7517898,1
Martha,7517898,17
Bob,7517898,8
Carter,1377427,6
Brown,1377427,15
Kyra,1377427,1
Williamson,1377427,15
Cruz,1377427,6
Kenyon,1377427,21
Renny,1377427,9
Garrison,1377427,15
Francis,1377427,22
Stone,1377427,24
Damien,1377427,14
Kanchan,20051217,12
Lahiri,20051217,18
Sharma,20051217,23
Binod,20051217,10
Digbijay,20051217,7
Mukherjee,20051217,4
Aditi,20051217,2
Joy,20051217,1
Sandhya,9798318,4
Kennedy,2560030,5
Lucky,2560030,3
Diane,2560030,21
Banning,2560030,12
Michael,2560030,3
Harper,2560030,16
Sydney,2560030,1
Dinocroc,2560030,5
Campbell,2560030,21
Dick,2560030,3
Cleef,442300,9
Mortimer,442300,6
Cavanagh,442300,4
Eastwood,442300,24
Adinarayana,19587474,20
Sandhya,19587474,14
Chris,19587474,15
Kuttan,26497244,16
Keshu,34255201,7
Shalini,34255201,21
Qin,9174964,16
Diggs,5656208,16
Hardwick,5656208,20
Astrid,5656208,24
Soumya,2360074,4
Durgashtami,2360074,4
Bahaddur,2360074,14
Pradesh,2360074,17
Ganga,2360074,20
Ramanatha,2360074,10
Vijay,2360074,6
Vani,2360074,17
Raja,2360074,4
Rani,2360074,0
Nagavalli,2360074,14
Shastri,2360074,13
Clamity,26839154,4
Paul,11014779,14
Clarence,11014779,15
Jimmy,11014779,6
Janeane,11014779,4
Smith,11014779,0
Lily,11014779,23
Doc,11014779,21
Tom,33388086,21
Malory,33388086,14
Florence,33388086,23
Maud,33388086,13
Cathcart,33388086,12
Katie,4743308,2
Jordan,4743308,1
Erin,4743308,8
Dunne,8619442,23
Wilder,8619442,24
Nora,8619442,16
Gopi,16953189,2
Narsin,16953189,13
Gopal,16953189,16
Jaken,5148040,6
Hyoga,5148040,5
InuYasha,5148040,3
Sesshomaru,5148040,13
Hari,5148040,4
Ruri,5148040,6
Menomaru,5148040,3
Kirara,5148040,8
Kaede,5148040,17
Kikyo,5148040,3
Legrasse,5497021,18
Belikova,28823872,19
Hunnigan,28823872,11
Wong,28823872,2
Ivan,28823872,17
Alexander,28823872,17
Sasha,28823872,23
Svetlana,28823872,6
Ataman,28823872,22
Judanovich,28823872,21
Ada,28823872,6
Kozachenko,28823872,3
Leon,28823872,3
Peter,16781603,6
Paul,9363483,4
Joan,9363483,3
White,9363483,3
Tracy,9363483,9
DeSantos,9363483,3
Mike,9363483,24
Mendoza,9363483,13
Halvard,16950538,11
Miscia,32921214,2
Lenka,32921214,21
Rasco,32921214,13
Jeremy,6574313,1
Susan,6574313,4
Harold,6574313,21
David,6574313,10
Wilson,35866311,19
Evans,35866311,24
Kumar,32568615,9
Devi,32568615,1
Rajasekhar,32568615,20
Bujjibabu,32568615,21
Karen,8280952,23
Hinkle,8280952,3
Deva,23692886,5
Pooja,23692886,8
Mani,23692886,23
Prabhu,23692886,14
Chandrasekhar,23692886,1
Iruvar,23692886,13
Mildred,76313,3
Vore,76313,24
Lloyd,76313,23
Stubbs,76313,16
Bill,76313,3
Miller,246559,19
Bodell,246559,3
Beth,246559,0
Fitzsimmons,246559,14
Charlie,246559,6
Peggy,246559,11
Nancy,246559,9
O'Connor,246559,4
Sue,246559,9
Brownlow,16435078,6
Oliver,16435078,13
Sowerberry,16435078,7
Bumble,16435078,6
Noah,16435078,1
Monks,16435078,14
Charlie,16435078,4
Sally,16435078,19
Webstar,33477316,8
Baron,33477316,15
Hopkins,33477316,7
Brady,35720024,23
Mitchell,35720024,19
Woodward,21200382,17
Arlene,21200382,2
Bernstein,21200382,18
Dick,21200382,5
Sherman,21200382,20
Nixon,21200382,6
Lorenzo,21200382,2
Haldeman,21200382,0
Betsy,21200382,4
Liddy,21200382,17
Larry,21200382,22
Kissinger,21200382,9
Jobs,21200382,2
Kor,11434667,9
Saleh,11434667,11
Prema,21260972,23
Jayanth,21260972,9
Sujatha,21260972,16
Kantha,21260972,11
Wickie,21260972,10
Dharmakeerthi,21260972,9
Nihal,21260972,10
Lekha,21260972,15
Jayawardena,21260972,17
Larson,32260,23
Coonan,32260,16
Tyler,32260,6
Klough,32260,6
Hirsch,32260,17
Wentz,32260,4
Mazzola,32260,24
Dahlgren,32260,6
Gerald,5579823,10
Gordon,5579823,17
Adrian,5579823,5
Dahlia,5579823,13
Patsy,5579823,16
Powell,5579823,23
Boy,5579823,5
Jack,5579823,3
Billy,5579823,24
Carol,5579823,19
Khai,7919681,21
Suraphol,7919681,13
Nortai,7919681,13
Loh,7919681,3
Marta,19517244,21
Alvaro,19517244,17
Angela,19517244,7
Lewin,19517244,4
Rhodes,19517244,3
Eddie,19517244,17
Holmes,3591767,17
Sands,3591767,23
dart,3591767,23
Carstairs,3591767,9
Lestrade,3591767,23
Moran,3591767,16
Vedder,3591767,10
McDonald,3591767,18
Roland,3591767,1
Watson,3591767,14
Ok-kyun,5067869,20
Sarah,3902593,11
Kathleen,3370462,3
Burroughs,3370462,20
Sproul,3370462,9
Peina,3370462,19
Conklin,3370462,19
John,3370462,18
Cerdan,7460258,5
dith,7460258,19
Dru,3477283,10
Hilton,3477283,22
Johnson,3477283,6
Medhi,12231217,17
Adrien,12231217,0
Sarah,12231217,21
Adrian,12231217,3
Julie,12231217,23
Manu,12231217,23
Sandra,12231217,0
Mehdi,12231217,6
Murrell,2549113,7
Grant,2549113,14
Lincoln,2549113,2
Hayne,2549113,20
Lee,2549113,1
Bradford,2549113,3
Kilian,2549113,24
Julia,2549113,6
Irby,2549113,4
Sandra,11254628,7
Julian,11254628,17
Desmond,11254628,17
Srikanth,11141762,5
Jaiganesh,11141762,5
Kamal,11141762,21
Haasan,11141762,19
Chandrahasan,27214582,10
Marcy,32798979,5
Lea,32798979,8
Gajendran,20759694,13
Kalaya,20759694,21
Kodukapulli,20759694,15
Pasupathi,20759694,3
Kodukapilli,20759694,14
Gajapati,20759694,6
Subbu,20759694,13
Sappai,20759694,17
Kasturi,20759694,12
Pocahontas,1278961,21
Argall,1278961,1
Smith,1278961,4
Newport,1278961,6
Powhatan,1278961,22
Mother,1278961,19
Rolfe,1278961,21
Elmer,10271998,10
Drew,10271998,1
Benmore,10271998,1
Thomas,2827852,18
Donovan,2827852,11
Andrews,31076354,4
Mason,31076354,0
Ellis,31076354,13
Frankie,31076354,2
Betty,31076354,4
Brent,31076354,19
Lavoro,31076354,15
Margo,61529,24
Maria,61529,15
Howard,61529,11
Mitchell,61529,18
Sondra,61529,13
George,61529,21
Barnard,61529,15
Conway,61529,3
Jaffe,61529,9
Stone,61529,15
Ross,13311565,5
Hoffa,13311565,21
Bright,5573413,16
Ling,5573413,4
Dodie,14820263,23
Kaye,14820263,23
Jed,14820263,23
Angie,14820263,23
Sylvester,6020371,4
Ray,24189751,8
Rajat,24189751,14
Chhorda,24189751,16
Jhumur,24189751,11
Nanarup,24189751,10
Jaga,24189751,7
Yan,78425,4
Chen,78425,13
Meishan,78425,17
Gao,78425,0
Zhuoyun,78425,15
Songlian,78425,3
Yuru,78425,15
Elisa,13164574,14
Antonio,13164574,19
Elisita,13164574,24
Mariana,14269859,13
Renata,14269859,6
Francisco,14269859,6
Ulises,14269859,3
Nick,7874801,16
Leeson,7874801,24
Barings,7874801,3
Shankar,10619849,8
Janki,10619849,2
Rajan,10619849,10
Singh,10619849,4
Manju,10619849,3
Amit,10619849,16
II,22291276,22
III,22291276,22
James,22291276,12
Ruth,18627809,14
Nick,18627809,14
Karen,18627809,14
Barbara,18627809,2
Kurtz,1209812,4
Bush,1209812,8
Levy,1209812,2
Kudos,1209812,8
Torrance,1209812,16
Baxter,1209812,17
O'Brien,1209812,23
Alex,1209812,3
Kudlow,18214555,24
Steve,18214555,6
Hurd,18214555,21
Reiner,18214555,6
Schenker,18214555,14
Appice,18214555,22
Arrigoni,18214555,3
Southall,15682219,1
Norris,15682219,15
Rachel,15682219,17
Barber,15682219,18
Robertson,15682219,4
Caroline,15682219,21
Bea,3572176,12
Samantha,3572176,3
Josh,3572176,21
Jeff,3572176,21
Dante,3572176,15
Demonik,3572176,23
Grace,3572176,12
Cheezle,3572176,13
Alex,3572176,6
Jackson,31085554,0
Phyllis,31085554,3
Evie,31085554,21
Bernkrand,31085554,12
Patrick,31085554,11
Mork,31085554,6
Maginnis,2863646,19
Brewster,2863646,10
Ruth,2863646,16
Screwie,2863646,6
Stanley,2863646,9
Cross,2863646,22
Marti,2863646,2
Katie,16936786,8
Patty,16936786,6
Molly,16936786,6
Stainer,16936786,13
Ron,16936786,12
Kettner,16936786,15
McCleish,16936786,17
Branson,16936786,3
Kirk,16936786,21
Marnie,16936786,21
Jack,16936786,23
Devon,16936786,17
Yasemin,19092669,11
Ousu,10948566,5
Shiratori,10948566,7
Oto,10948566,19
Tsukinowa,10948566,10
Takeru,10948566,16
Jack,12228807,16
Wayne,12228807,11
Bismil,3748536,13
Singhania,3748536,23
Ram,3748536,24
Rathod,3748536,17
Sonia,3748536,4
Pandey,3748536,7
Ajay,3748536,2
Daljit,3748536,13
McKinley,3748536,6
Holly,10468036,9
Kellie,10468036,2
Michael,10468036,6
Melissa,10468036,3
Courtney,10468036,6
Denise,10468036,19
Scott,10468036,3
Yuriko,10686800,6
Ayako,10686800,6
Taguchi,10686800,6
Hirayama,10686800,3
Akiko,10686800,21
Mamiya,10686800,6
Goto,10686800,11
Miwa,10686800,12
Miller,32325414,9
Harmon,32325414,2
Aubrey,32325414,19
Hodgman,32325414,10
Hegde,10249841,6
Aishwarya,10249841,23
Anjali,10249841,21
Yash,9034707,6
Suraj,9034707,18
Thakur,9034707,12
Prakash,9034707,12
Marina,26013132,14
Moqattam,26013132,4
Jackson,883432,22
Otto,883432,9
Castlebeck,883432,3
Eleanor,883432,15
Drycoff,883432,14
Calitri,883432,6
Kip,883432,6
Raymond,883432,9
Raines,883432,4
Hugh,779774,24
Elizabeth,779774,20
Bacon,779774,6
O'Neill,779774,16
Grey,779774,8
Tyrone,779774,17
Cecil,779774,9
Tito,2583628,10
Tara,2583628,2
Rhonda,2583628,10
Boy,2583628,20
Kane,15904586,16
Diane,15904586,21
Jones,15904586,24
Bob,15904586,6
Riley,15904586,17
Marty,15904586,3
Tommy,15904586,3
Stephanie,15904586,6
Silver,15904586,21
Kumar,11684047,11
Bronski,19146018,6
Danny,23270755,17
Arden,23270755,3
Roy,23270755,10
Barbara,23270755,6
Erin,23270755,5
Carly,23270755,3
Ben,23270755,6
Drew,23270755,23
Joey,23270755,17
Yolanda,4119854,12
Mario,4119854,10
Satya,24542564,6
George,19256291,6
Rishin,19256291,1
Mayuri,19256291,3
Vall,28132190,12
Boop,28132190,3
Asaari,28378714,19
Achu,28378714,16
Barclay,2284155,16
Glen,2284155,24
Connor,2284155,6
Danielle,2284155,8
Luther,2284155,8
Kirk,2284155,24
Harrison,2284155,19
Pierce,2284155,5
Hasselhoff,2284155,9
Dizzy,2284155,23
Nora,2284155,4
Cynthia,1780940,16
Patricia,1780940,3
Kelly,1780940,11
Steven,1780940,3
Gabriella,1780940,5
Miguel,1780940,6
Madison,1780940,12
Vidia,31288540,23
Fern,31288540,1
Rosetta,31288540,21
Chloe,31288540,3
Iridessa,31288540,16
Missy,255049,6
Ray,255049,3
Egan,255049,17
Barry,255049,6
Julie,255049,6
Blue,255049,22
Susie,255049,16
Max,255049,6
Cara,255049,5
Elsa,255049,3
Willis,255049,3
Helen,255049,3
Barker,4266637,6
Harnitz,4266637,0
Charlie,4266637,3
Oleonowski,4266637,17
Lincoln,4266637,18
Hamilton,4266637,17
Madhavan,31212825,4
Siddharthan,31212825,15
Bharathi,31212825,0
Queen,29675503,0
Isabel,29675503,3
Pytel,29675503,13
Margeret,29675503,3
Abbadon,29675503,21
Jenna,29675503,3
Rosenblatt,29675503,10
Kenny,29675503,6
Adams,29675503,20
Barnes,29675503,18
Duncan,29675503,3
Margaret,29675503,21
Dave,29675503,3
Belloc,29675503,17
Troy,29675503,3
Saint-Juire-Champgillon,5491467,24
San-Thye,13142845,1
Chien-Kuen,13142845,4
How-Yuen,13142845,19
Tang,13142845,3
Pierre,28135973,3
Marthe,28135973,24
Woodlore,15477338,23
Donald,15477338,23
Bruner,3346956,11
Farnham,3346956,23
Gabe,8887199,24
Billy,8887199,6
Remson,8887199,11
Ryan,8887199,4
Martino,8887199,21
Kroner,8887199,3
Joy,8887199,7
Geetha,18002177,15
Kiran,18002177,19
Bakia,18002177,14
Chottu,18002177,17
Harikrishnan,18002177,21
Anna,18002177,18
Mani,18002177,17
Ali,18002177,14
Hari,18002177,3
Bakhia,18002177,1
Shekhar,18002177,23
Skubis,6734632,6
Thaddeus,6734632,7
Lum,6734632,23
Ingrid,5482341,20
Rothwell,5482341,23
Brown,5482341,2
Kiran,10735921,21
Jenny,10735921,9
Bahadur,10735921,21
Himal,10735921,3
Milo,706878,17
Jimmy,706878,3
Darian,706878,13
Cory,706878,3
Marcone,706878,17
Mike,706878,17
Joe,706878,6
Hallenbeck,706878,24
Matthews,706878,2
Dix,706878,6
Baynard,706878,17
Cole,706878,21
Beckett,30786877,17
Miller,30786877,10
Brunt,30786877,9
Chaudrey,4556874,16
Jessica,4556874,16
Zoya,4556874,13
Suhel,4556874,16
Khan,4556874,24
Kapoor,4556874,15
Abraham,4556874,11
Beckham,4556874,19
Russel,2165430,17
Jackson,2165430,20
Polly,2165430,0
Bowie,2165430,19
Thorpe,2165430,9
Crockett,2165430,3
Davy,2165430,17
Nell,207680,3
Lovell,207680,3
Paula,207680,14
Olsen,207680,13
Jerry,207680,3
Peterson,207680,8
Kellty,207680,11
Isaiah,207680,4
Ibarra,207680,21
Paley,207680,13
Kane,1072033,11
Sharon,1072033,2
Poulson,1072033,9
Ross,1072033,4
Hassler,1072033,12
Hartman,1072033,2
Webb,1072033,6
Bator,1072033,11
Neuman,1072033,17
Lynch,7856247,7
Evans,7856247,11
Edford,7856247,2
Lewellyn,7856247,14
Jocko,7856247,19
Mousie,8554522,12
Jameson,98508,1
Holman,98508,17
Chien,98508,19
Eckert,98508,9
Frenchy,98508,1
Shing,98508,4
Knorr,638349,1
Boerth,638349,4
Halle,638349,17
Vogel,638349,23
Pajetta,638349,6
Ritter,638349,3
Morrison,638349,15
Rauch,638349,0
Reugen,638349,15
Napier,638349,1
Dilipkanth,9204125,21
Saravanan,9204125,6
Kanniah,9204125,7
Erica,30261876,23
Barthes,30261876,10
Teague,1689394,4
Jones,1689394,17
Barbossa,1689394,6
Dalma,1689394,24
Norrington,1689394,11
Sparrow,1689394,4
Turner,1689394,0
Elizabeth,1689394,3
Jack,1689394,4
Bill,1689394,0
Beckett,1689394,23
Tia,1689394,24
Swann,1689394,8
Feng,1689394,17
Will,1689394,4
Gibbs,1689394,0
Richard,73395,8
Edith,73395,17
Hardy,73395,0
Kwan,9951615,5
Fei-hung,9951615,16
Huang,9951615,20
Ram,30245707,3
Shankar,30245707,5
Anjali,30245707,3
Narasimha,30245707,3
Balu,30245707,3
bhai,30245707,14
Bhavani,30245707,5
Ayers,15286558,3
Mary,15286558,13
Lopez,15286558,3
Graham,15286558,1
Juilliard,15286558,1
Brady,4348820,6
Moosman,4348820,20
Scaldoni,4348820,12
Jimmy,4348820,12
Kim,4348820,6
Davis,4348820,13
Chantel,7963945,3
Tyrone,7963945,1
Mitchell,7963945,0
Lindemann,1172173,2
Hitler,1172173,1
Bismarck,1172173,20
Shepard,1172173,4
Davis,1172173,4
Moe,10492496,17
Larry,10492496,23
Nixon,3329115,0
Guerrero,3329115,5
Goodrich,3329115,14
Armstrong,3329115,16
Powell,3329115,0
Wills,3329115,24
Schiller,3329115,13
Bonasera,3329115,18
Hecker,186501,24
Behlendorf,186501,3
Gates,186501,0
Augustin,186501,6
Stallman,186501,8
Perens,186501,8
Torvalds,186501,6
Raymond,186501,17
Tiemann,186501,14
Johnson,20144137,11
Douglas,3739855,13
Williams,3739855,22
Muff,3739855,23
Lawrence,3739855,11
Tom,3739855,6
Finn,3739855,15
Sawyer,3739855,23
Huck,3739855,6
Becky,3739855,6
Joe,3739855,3
Thatcher,3739855,21
Robinson,3739855,2
Potter,3739855,17
Umberto,2012192,6
Ferrari,2012192,24
Pookkal,33184442,20
Saravana,33184442,18
Robert,33184442,11
Chella,24477995,10
Ravi,24477995,21
Vedanayakam,24477995,10
Kattabomman,24477995,18
Suseela,24477995,2
Devaraj,24477995,4
Vedanayagam,24477995,17
Quinn,2608983,3
Kenny,2608983,16
Ryan,2608983,10
father,2608983,1
Anne,2608983,0
James,2608983,3
Katarzyna,29305561,4
Cafmeyer,1193390,0
Finley,1193390,16
Ozzie,1193390,16
Cyrus,1193390,22
Ner,1193390,1
Rudy,1193390,4
Barr,1193390,2
Thompson,1193390,24
Gaudet,1193390,5
Dalia,1193390,24
Vaillant,1193390,8
Jigo,24653,3
Ashitaka,24653,3
Mononoke,24653,1
Moro,24653,4
Carter,553272,13
Farlan,553272,22
Reeves,553272,6
Ali,11972180,2
Srisailam,11972180,22
Neelakanta,11972180,15
Yedukondalu,11972180,14
D,35814405,24
I.P.S.,35814405,14
Kamesh,35814405,1
Siva,35814405,14
Murali,35814405,10
Rebecca,15143185,10
Jones,15143185,19
Pilardosse,26122705,23
Gruffydd,4837038,19
Evans,4837038,14
Jonas,4837038,7
Owen,4837038,15
Davy,4837038,15
Bando,4837038,15
Bronwyn,4837038,6
Huw,4837038,21
Angharad,4837038,13
Gwilym,4837038,15
Brownyn,4837038,19
Morgan,4837038,2
Ivor,4837038,15
Beth,4837038,2
Jr,4837038,5
Holliday,3172900,20
Diijon,3172900,14
Victoria,3172900,19
Ursa,5700623,18
Luthor,5700623,4
Superman,5700623,4
Lane,5700623,8
Kent,5700623,3
Lois,5700623,4
Teschmacher,5700623,19
Jor-El,5700623,18
Jacobi,1556135,7
Sherman,1556135,3
Gromek,1556135,24
Armstrong,1556135,21
Lindt,1556135,13
Koska,1556135,13
Manfred,1556135,5
Zand,26967686,6
Jerry,3374727,12
Brown,3374727,11
James,3374727,1
Bartowski,3374727,5
Raj,23977758,6
Khan,23977758,15
Jay,23977758,6
Simran,23977758,21
Johan,4018810,8
Anna,4018810,21
Frank,4018810,21
Pierre,4018810,9
Camilla,4018810,24
Sophie,4018810,5
Bubai,26876540,3
Qianxun,26876540,19
Changfeng,26876540,17
Laura,10579768,22
Karina,10579768,18
Hanna,10579768,4
Hannah,10579768,7
Ochletree,15470546,16
Jackie,15470546,14
Casshan,17671459,23
Luna,17671459,4
Jeannie,4639948,3
Diane,4639948,17
Beck,4639948,17
Slater,4639948,17
Eric,4639948,4
Vicki,4639948,17
Liz,4639948,6
Katey,4639948,3
Peter,4639948,17
Stevie,4639948,16
Morgan,4639948,11
Jeanie,4639948,17
Butch,5994199,4
Daddy,5994199,10
Chinna,7235995,15
Sharada,7235995,21
Ganga,7235995,14
Bhaskar,7235995,20
Sambaiah,7235995,13
Francisco,4168811,10
Diego,4168811,23
Oro,4168811,10
Vega,4168811,24
Ellen,25757145,2
Verne,25757145,10
Braden,25757145,6
Morgan,25757145,8
Gillespie,25757145,9
Madison,25757145,1
Jackson,239589,0
Archer,239589,16
Colemans,239589,12
Katherine,239589,21
Barbara,239589,6
Albert,239589,6
Goldman,239589,1
Louise,239589,13
Coleman,239589,12
Armand,239589,6
Keeley,239589,15
Starina,239589,11
Kevin,239589,6
Peter,2390149,4
Sheridan,2390149,10
Rabkin,2390149,10
Cox,2390149,17
Romano,2390149,6
Russo,2390149,11
Vastola,2390149,15
Corky,2390149,3
Davis,2390149,17
Paulie,2390149,4
Corrigan,2390149,12
Schuster,2390149,18
Janu,21701320,24
Soniya,21701320,19
Rashid-ul-Khairi,21701320,4
Waghmare,21701320,0
Dinkar,21701320,21
Bhatt,21701320,18
Mottola,23710393,17
Nantz,23710393,6
Stavrou,23710393,24
Marines,23710393,17
Rincon,23710393,22
Martinez,23710393,22
Santos,23710393,23
Sreelakshmi,34010502,6
Raghuraman,34010502,6
Andrei,11463940,15
Doiaru,11463940,22
Monica,11463940,22
Singh,27218965,5
Avtar,27218965,14
Sushma,27218965,3
Finn,29896629,15
Sawyer,29896629,17
Mahon,29896629,5
Mouloud,2056635,3
Lila,2056635,6
Claire,20327952,14
Kelly,20327952,2
Kalyani,16355046,19
Sathyan,16355046,21
Siva,16355046,6
Arun,16355046,21
Sakthi,16355046,3
Hughes,7976705,3
McRaney,7976705,14
Bernice,5943254,3
Rhodenbarr,5943254,11
Christopher,5943254,1
Carson,5943254,20
Sheldrake,5943254,13
Bernie,5943254,13
Kalique,2312853,5
Henry,2312853,4
Nita,2312853,2
Ricco,2312853,23
Maud,2312853,6
Absalom,2312853,21
James,2312853,3
Asoo,21467628,23
Hood,21467628,20
Ghiasia,21467628,12
Rajeswh,22157803,11
Iyer,22157803,19
Rajesh,22157803,21
Gomathi,22157803,21
Lisa,22157803,23
Saraswathi,22157803,3
Amy,8771437,6
Simms,8771437,11
Nicky,8771437,21
Washington,8771437,18
Max,8771437,6
Matt,24918362,1
Megan,24918362,21
Sarah,24918362,2
Collins,24918362,11
Hyde,6352213,7
Tracy,6352213,2
Jekyll,6352213,1
Elmer,6352213,3
Roach,21867634,3
Starbuck,21867634,3
Megan,3643482,3
Nichols,3643482,10
Jessica,3643482,2
Parker,3643482,3
Hawk,3643482,20
Daitenguken,2614503,23
Yomotsumono,2614503,23
Kato,2614503,3
Tadashi,2614503,17
Kawahime,2614503,24
Agi,2614503,10
Ino,2614503,10
Nurarihyon,2614503,20
j,2614503,4
Youkai,2614503,22
Azukiarai,2614503,17
Sunekosuri,2614503,23
Sata,2614503,10
Frieda,23718554,19
Franz,23718554,10
Tim,18575659,3
Briscoe,18575659,19
Lawrence,18575659,9
Swaim,18575659,8
McGill,18575659,3
Olivia,18575659,21
Brooke,18575659,10
Davies,18575659,5
Whalen,18575659,20
Glover,18575659,2
Lois,11248834,3
Lane,11248834,8
Kent,11248834,3
Shabana,32748841,2
Kapoor,32748841,20
Lazarus,6610948,6
Widmann,6610948,10
Marcus,36354630,21
Hermosa,36354630,2
Hanson,36354630,10
Maurer,36354630,8
Joey,36354630,4
Gonzales,36354630,23
Monaghan,2261684,1
Molly,2261684,6
Ginny,2261684,3
Gideon,2261684,6
Abbie,2261684,3
Grainger,2261684,19
Jack,2261684,6
Hu,14325914,23
Chi-feng,14325914,5
dart,14325914,24
Chao,14325914,1
Wen-lung,14325914,16
Kitai,34429259,0
Palmer,19344346,2
Ulrich,19344346,3
Mitch,19344346,3
Peter,19344346,3
Jack,19344346,17
Thompson,19344346,3
Katish,19344346,3
Crichton,7347415,13
Tweeney,7347415,0
Tweeny,7347415,17
Mary,7347415,20
Woolley,7347415,23
Lord,7347415,19
Bakri,8958592,13
Kaufman,8958592,18
Parr,8958592,12
Rimon,8958592,2
Hanna,8958592,6
Rumaneh,8958592,1
K.,8958592,18
Kokila,9523485,14
Kumaraswami,9523485,24
Vettivel,9523485,7
Muthu,9523485,24
Durand,23976591,15
Malou,23976591,4
Junot,23976591,1
Vorobechik,23976591,18
Ubriacco,846820,21
Rona,846820,12
Harry,846820,10
Albert,846820,3
Melissa,846820,15
Julie,846820,0
Mollie,846820,6
James,846820,13
Mikey,846820,3
Blis,15197178,13
Varona,15197178,9
Michel,10815153,7
Legros,10815153,17
Dara,26600911,3
Adam,26600911,3
Arman,26600911,17
Eko,26600911,3
Jimmy,26600911,4
Alam,26600911,6
Astrid,26600911,1
Adjie,26600911,3
Ladya,26600911,23
Rai,14656708,0
Nandini,14656708,2
Aguinaldo,10505379,4
Lewis,10505379,20
Daniel,10505379,2
Jennings,10505379,4
Orloff,18973554,16
Seaton,18973554,3
O'Farrell,18973554,11
Charlton,18973554,16
Emily,18973554,6
Warren,18973554,3
Susan,18973554,3
Sinclair,18973554,4
Underwood,18973554,3
Rosemary,18973554,3
Lowe,18973554,6
Mabel,18973554,7
Alatriste,36436187,8
Gamero,36436187,2
Harry,161882,9
Jed,161882,16
Clay,161882,5
Ballou,161882,5
Shelleen,161882,4
Boone,161882,12
Catherine,161882,15
Strawn,161882,17
Hetty,21272393,0
Jones,21272393,19
Wollaston,21272393,22
Parkin,21272393,2
Norwell,21272393,4
Carol,21272393,15
Hugo,21874997,15
Borland,21874997,1
Leonard,21874997,14
Doris,21874997,2
Carver,21874997,19
Cecil,21874997,18
Shannon,1487312,24
Paul,1487312,6
Lyman,1487312,17
Chen,1487312,3
Anita,1487312,6
Barkley,1487312,5
Sinclair,1487312,4
Kasalivich,1487312,3
Collier,1487312,3
Eddie,1487312,4
McDermott,1487312,0
Darcy,23904795,24
Swarma,985537,1
Askari,985537,16
Umslopogaas,985537,2
Allan,985537,16
Robeson,985537,15
Jesse,985537,14
Solomon,985537,17
Barbershoppers,21167582,14
James,21167582,19
March,6119983,15
Mickey,6119983,9
Mouse,6119983,14
Scott,22123302,11
Leone,22123302,1
Ella,21236624,24
Rimfire,21236624,3
bush,21236624,22
Sarah,16660805,3
Yatsu,23749531,6
Project,23749531,12
Anthony,23749531,17
Dario,25520200,2
Simone,31513994,2
Lilly,31513994,9
Lange,31513994,21
Frank,31513994,22
Mika,31513994,9
Schmidt,31513994,21
Trivedi,6795062,20
Ajith,6795062,3
Beanstock,76366,12
Grant,76366,5
Kane,76366,24
Brown,76366,18
Jerry,76366,3
Joe,76366,6
Sugar,76366,3
Osgood,76366,21
Juan,8576918,24
Espinosa,8576918,18
Muire,8576918,19
Curro,8576918,22
Palma,8576918,24
Garabato,8576918,20
Carmen,8576918,16
Encarnacion,8576918,23
Manolo,8576918,23
Gallardo,8576918,21
Simpson,6332086,16
Ernie,6332086,2
Clark,6332086,0
Claudette,6332086,16
Amy,2175661,5
Jo,2175661,21
Beth,2175661,9
Laurence,2175661,0
Brooke,2175661,11
Laurie,2175661,14
Bhaer,2175661,1
Meg,2175661,14
Veera,18771923,3
Vicky,18771923,3
Rohan,18771923,13
Yamini,18771923,8
Dennis,4286103,1
Nielson,4286103,19
Julia,24449337,20
Mendez,24449337,24
Murat,24449337,17
Kaoru,27606335,16
Fukao,27606335,3
Ancello,74823,8
Tony,74823,8
Trudo,74823,13
Donnetti,74823,5
Beppo,74823,6
Corrigan,74823,21
Lombardo,12802045,1
Bronson,2243157,20
Molly,313002,3
Fortuna,313002,7
Cully,313002,18
Haggard,313002,13
Schmendrick,313002,3
Grue,313002,10
Lane,3383198,12
Mae,3383198,2
Ralph,3383198,6
Harper,3383198,0
Coleman,3383198,3
Perry,3383198,23
Jimmy,3383198,3
Mary,3383198,17
Carroll,3383198,6
Bill,3383198,4
O'Brien,3383198,10
Blanche,3383198,6
Simon,2011605,5
Crow,975913,23
Alba,975913,17
Guiteau,975913,6
Montoya,975913,3
Valek,975913,3
Jack,975913,3
Cardinal,975913,3
Justine,3998226,19
MacKenzie,3998226,0
Davis,3998226,15
Maureen,2097338,3
Toomey,2097338,20
Leach,2097338,9
Patsy,2097338,4
Norma,2097338,11
Venable,2097338,17
Statler,2097338,14
Brian,2097338,8
Crane,2097338,9
Bates,2097338,17
Norman,2097338,3
Leo,2097338,19
Myrna,2097338,9
Boyle,2097338,16
Coyle,2097338,1
Mother,2097338,6
Duke,2097338,9
Duane,2097338,3
Hunt,2097338,17
Father,2097338,8
Riskin,36092130,22
Goodman,36092130,4
Laura,36092130,3
Roxanne,36092130,3
Randy,36092130,6
Haden,36092130,14
Clint,36092130,3
Eberly,36092130,6
Tincy,27635803,18
Salma,9246552,19
Ahmed,9246552,15
Elsie,12954865,15
Hitler,11341007,21
Churchill,11341007,5
Skorzeny,11341007,7
Starling,11341007,10
Karl,11341007,9
Pitt,11341007,6
Grey,11341007,1
Mussolini,11341007,10
Steiner,11341007,6
Canaris,11341007,11
Clark,11341007,17
Himmler,11341007,23
Radl,11341007,9
Vereker,11341007,24
Devlin,11341007,7
Gagne,34643655,12
Chet,34643655,0
Luis,9861323,1
Matthew,9861323,15
Ruben,9861323,15
Asha,9861323,21
Blanco,9861323,21
Masha,9861323,12
Tatjana,9861323,21
Yuri,9861323,12
Zack,3831894,3
Bart,3831894,3
Claire,3831894,3
Brooke,3831894,9
Bates,3831894,11
McGuire,3831894,15
Rupert,3831894,10
Elliot,3831894,8
Collier,30806084,14
Tanko,34943622,6
Matsuko,7895523,21
Nino,686066,6
Nick,686066,24
Peretti,686066,15
Karim,686066,17
Appleton,686066,3
Pookie,686066,23
Brown,686066,13
Robinson,686066,9
Casali,31287257,14
Michele,31287257,14
Cassidy,2240278,10
Creighton,2240278,17
Lawrence,2240278,21
Vincent,2240278,10
Klinger,2240278,10
Flannigan,2240278,2
Krolikov,18182495,24
boss,18182495,9
Kozulskiy,18182495,16
Packer,31734473,15
Gardner,11611427,13
Magnuson,11611427,19
Linda,11611427,24
Haskell,17065679,11
Lupita,7176929,4
Jesus,7176929,4
Lucifer,7176929,6
Billy,7176929,3
Samantha,2372989,21
Irene,2372989,2
Hughes,2372989,0
Dwayne,2372989,15
Smith,2372989,6
Scott,2339741,21
Kate,2339741,3
Sedgwick,1583755,9
Malanga,1583755,12
Grant,1001506,0
Cavendish,1001506,17
Reid,1001506,11
Bhagwati,8160176,21
Raja,8160176,10
Markutey,8160176,5
Prasad,8160176,5
Renu,8160176,24
Gregory,29104772,2
Hamilton,29104772,8
Ashley,29104772,15
Ruth,29104772,23
Stone,29104772,15
Beckett,151807,1
Arikha,151807,1
Keaton,151807,11
Abu,151807,8
Walker,12969086,22
Hinckley,12969086,0
Leonard,12969086,13
Sephrona,12969086,9
Ames,2711663,6
Murgatroyd,2711663,3
Purvis,2711663,12
Valerie,2711663,4
Barabbas,2711663,16
Travers,2711663,1
Farrow,2711663,23
Shane,2711663,22
Mr.,3595362,12
Dimaano,3595362,16
Teo,3595362,3
Esther,3595362,17
Rosa,3595362,3
Amos,201534,6
Casely,201534,17
Hart,201534,12
Flynn,201534,6
Kelly,201534,11
Velma,201534,6
Sunshine,201534,18
Roxie,201534,3
Morton,201534,9
Tareq,24449669,3
Lucy,3954948,21
Leo,3954948,9
Cutler,3954948,15
Emily,3954948,20
Harbin,3954948,19
Fields,3954948,14
Carol,3954948,14
Daisy,14177705,3
Bailey,14177705,3
Martha,14177705,4
Pettigrew,14177705,6
Heath,14177705,1
Schober,846828,19
Erika,846828,3
Walter,846828,6
Anna,846828,19
Kohut,846828,5
Klemmer,846828,21
Kennedy,3772538,8
Lu,3772538,18
Hawk,3772538,20
Wilson,3772538,7
Robin,9602389,21
Frazer,9602389,10
Phoebe,9602389,24
Suzanna,9602389,23
Beverly,5682615,24
Abilene,5682615,10
Mcafee,5682615,12
Cody,5682615,3
Wen,3646864,5
Ching,3646864,4
Tsung-pao,3646864,17
Henry,27346771,3
Murdoch,27346771,16
Harper,27346771,6
Naomi,27346771,21
Russ,27346771,1
Joyce,27346771,2
Lily,27346771,14
Ted,27346771,18
Heineman,27346771,9
Shawn,1046910,24
Ann,1046910,14
Rita,1046910,21
Seymour,1046910,8
Faulkner,1046910,7
Tower,1046910,11
Angela,23639531,21
Battaglia,23639531,21
Kumar,2062208,24
Prasad,2062208,21
Sharma,2062208,17
Jadugar,2062208,17
Toofan,2062208,16
Singh,2062208,3
Gopal,2062208,2
Westcott,15386228,0
Argo,15386228,11
Mamin,18432405,22
Khan,9162935,4
Sidhu,9162935,8
Lane,24571525,11
Wharton,24571525,17
Knight,24571525,5
Lorelei,24571525,16
Cynthia,17873069,3
Williams,17873069,21
Palmer,17873069,6
Goulet,17873069,12
Dulaine,17873069,6
Benton,17873069,4
Gingold,17873069,12
Philip,17873069,3
Jill,3673030,23
Georgina,3673030,14
Rachel,3673030,23
Chris,3673030,13
Jason,14311655,3
Ronnie,14311655,4
Richie,14311655,3
Roscoe,14311655,3
Jackie,14311655,23
Wah,6055524,4
Shanker,26615611,14
Shankar,26615611,14
Gauri,26615611,21
Singh,26615611,5
Gowri,18482025,6
Rao,18482025,1
Acharya,18482025,6
Gunashekharan,18482025,3
Rajshekhara,18482025,4
Chanramukhi,18482025,23
Siddhanthi,18482025,13
Vijay,18482025,13
Geetha,18482025,24
Raja,18482025,2
Nagavalli,18482025,2
Chandramukhi,18482025,3
Chrisophe,31917050,14
Kimberly,31917050,3
Skyler,31917050,23
Pike,31917050,3
Christophe,31917050,11
Robyn,31917050,10
Kirk,31917050,23
Bud,31917050,17
Shelly,31917050,17
Cole,31917050,3
Michelle,845738,18
Walker,845738,3
Sondra,845738,3
Delilah,5207131,3
Riley,5207131,3
Tucker,5207131,10
Pete,5207131,17
Geer,20448429,13
Goopy,20448429,6
Faso,35013190,0
Loko,1178726,17
Looloo,1178726,23
Axel,1178726,5
Alec,607673,6
Houlihan,607673,13
Dale,607673,6
Wendy,607673,15
Howie,607673,8
Kim,607673,20
Kirby,607673,6
Jules,607673,3
Kevin,607673,6
Billy,607673,6
Leslie,607673,6
Kiran,23435357,6
Matthews,23435357,3
Govardhan,23435357,6
Dolly,23435357,24
Mangu,23435357,21
Grey,32848882,3
Smith,32848882,0
Uchiyama,23705915,10
Miyake,25143753,19
Fukie,25143753,10
Yuko,25143753,10
Akane,25143753,3
Mariko,25143753,17
Kiwako,25143753,3
Shimizu,25143753,10
Juan,21472776,24
Gercourt,21472776,24
Oldfield,7637711,9
Normand,7637711,12
Jarvis,3019993,12
Nol,3019993,13
Ty,3019993,20
Nguyen,3019993,23
Terry,3019993,21
Wylde,3019993,15
Mac,3019993,17
Scott,3019993,3
Yuri,3019993,3
Karan,1460724,6
Suman,1460724,21
Kishan,1460724,6
let,1460724,24
Prem,1460724,21
Alfalfa,19410753,0
Junior,19410753,2
Spanky,19410753,4
Yoyo,13457313,13
Cheng,13457313,16
Kelvin,13457313,10
Maxwell,2648507,24
Elliott,2648507,21
Truffaut,1591722,6
Luthor,6178996,4
Superman,6178996,23
Maynard,6178996,9
Ernesto,19612409,21
Emilio,19612409,19
Rachel,19612409,1
cut,2182638,0
Kent,2182638,23
George,2182638,6
Nathalie,2182638,3
Lance,2182638,6
Hawk,4830569,16
Eddie,4830569,24
Crosby,4830569,11
Miller,4830569,22
Erika,32877031,7
Regina,32877031,12
Ludovico,32877031,4
Giulia,32877031,3
Shane,32877031,23
Jacob,32877031,22
Graps,20116785,11
Dali,20116785,24
Vanessa,6824330,10
Broman,6824330,1
baron,6824330,15
Rummenigge,6824330,0
Elmeri,6824330,21
Hautam,6824330,19
North,6824330,19
Dille,6824330,12
Lahtinen,6824330,15
Bonnie,5838040,3
Noura,16084866,22
Fahri,16084866,14
Girgis,16084866,6
Cartwright,16084866,12
Nurul,16084866,12
Abdillah,16084866,7
Nuril,16084866,1
Aisha,16084866,12
Azhar,16084866,22
Muslims,16084866,8
Cinta,16084866,13
Terri,31839719,4
Fitzgerald,31839719,7
Zeus,30470648,3
Steropes,30470648,5
Perseus,30470648,10
Hephaestus,30470648,4
Helius,30470648,12
Pitchfork,30470648,23
Agenor,30470648,6
Andromeda,30470648,10
Makhai,30470648,2
Poseidon,30470648,19
Heleus,30470648,15
Yeti,2796566,8
Bexy,2796566,23
Streeter,2003300,24
Guy,2003300,17
Koretz,2003300,17
Johnson,2003300,22
Heywood,2003300,17
Corday,2003300,24
Gonzalez,2003300,11
Vivian,2003300,23
Dolores,2003300,20
Mallon,2003300,23
Jean-Luc,33951497,21
Maurice,33951497,7
Gittens,3137903,15
Reid,3137903,22
Cole,3137903,18
Foley,3326883,18
Mukesh,26523292,16
Parvathi,26523292,3
Thomas,26523292,10
Narayanan,26523292,16
Varma,26523292,21
Danny,7177569,12
Elliot,7177569,24
Livesey,5189701,24
Smollett,5189701,4
Silver,5189701,11
Hawkins,5189701,19
Bones,5189701,10
Devereaux,707151,15
Blair,707151,24
Marshall,707151,9
Taggart,707151,2
Aditi,2510608,3
Lahiri,2510608,21
Shankarda,2510608,16
Vietnam,29642489,22
Andrews,29642489,11
Harry,14328634,15
Beckwith,14328634,5
Jerry,14328634,2
Jacko,14328634,10
Maud,14328634,12
Nezaket,26042283,2
Hannah,25053516,13
Rachel,25053516,6
Marge,25053516,13
Greta,25053516,13
Lidija,8532390,9
Pinki,8532390,3
Tito,8532390,2
Dijabola,8532390,4
Jesus,8532390,22
Takeshi,17527920,17
Coretti,17527920,3
Ozunu,17527920,11
Maslow,17527920,22
Raizo,17527920,23
Kiriko,17527920,21
Miller,316540,18
Sharon,316540,22
Bowman,316540,7
Myung,316540,12
Lone,316540,10
Guld,316540,24
Isamu,316540,4
Dyson,316540,22
Emma,27617747,2
Considine,27617747,11
Grasso,1964896,18
Walter,1964896,15
Han,1964896,16
Grady,1964896,13
Lee,1964896,21
Brickley,1964896,22
Couzo,1964896,21
Keller,1964896,18
Soto,28356506,11
Mahtob,1808380,3
Hossein,1808380,21
Phelps,1276915,22
Chico,1276915,24
Groucho,1276915,6
Grover,1276915,2
Martha,1276915,19
Flywheel,1276915,22
Rogers,1276915,17
Harpo,1276915,24
muktar,20240796,13
Howdy,4055736,24
Gage,4055736,3
Roth,4055736,3
Stravelli,4055736,17
Hendricks,4055736,3
Mike,4055736,17
Tiana,4055736,7
Madeline,4055736,17
Kelly,4055736,13
Toni,4055736,3
Catherine,4055736,23
Christian,4055736,10
Genevieve,4055736,23
Moore,4055736,19
Kennedy,925951,11
Hope,925951,21
Palmer,925951,14
Khrushchev,925951,8
Adams,925951,11
Ekberg,925951,11
High,1519350,11
Briggs,1519350,13
Becker,1519350,8
Jake,1519350,3
Fratelli,1519350,1
Bruce,1519350,6
Wyler,1519350,11
Priscilla,1519350,3
Mitch,1519350,2
Catherine,1519350,21
Janey,1519350,6
Kara,1519350,18
Wolfe,23937456,15
Shankar,21051238,14
Jane,17836327,22
Ramo,17836327,4
Tarzan,17836327,24
Edwards,17836327,21
Sturdy,17836327,13
Warwick,17836327,9
Moto,17836327,20
Kara,2311212,14
Wagner,2311212,14
Wilde,2311212,9
Frank,2311212,4
Zhang,2311212,4
Avery,2311212,3
Chad,2311212,3
Danielle,2311212,3
Griffith,2311212,24
Alex,2311212,6
Veera,10628838,21
Selvamani,10628838,21
Roja,10628838,8
Meena,10628838,3
Muthu,10628838,3
Mahdi,30857519,18
Gussie,13314639,6
Brennan,13314639,24
Llewllyn,13314639,6
Jeremy,13314639,21
Cooper,13314639,7
Octavia,13314639,21
Witney,8267180,20
Kevin,31366063,21
Yan,31366063,21
Sean,31366063,21
Lawson,16797102,10
Nicky,16797102,13
Pat,16797102,23
Schuyler,16797102,0
Marie,16797102,3
John,16797102,6
O'Brien,16797102,17
Akam,21621385,2
Roop,21621385,6
Iqbal,21621385,10
Terry,21621385,9
Mitro,21621385,2
Abijot,21621385,19
Thampy,26588532,17
Giri,26588532,19
Varsha,26588532,13
Nandan,26588532,21
Shah,26588532,0
Shekharan,26588532,8
Maejima,7408024,0
Saiz,7408024,3
Springberry,9264215,23
Shad,9264215,15
Wilson,9264215,24
Cox,9264215,19
Dylan,9264215,17
Darlene,9264215,3
Robinson,9264215,11
Madison,9264215,9
Sam,9264215,6
Nate,9264215,13
Dewey,9264215,6
Edith,9264215,6
Cluck,4358091,8
Macaroni,4358091,4
Mickey,4358091,6
Nelli,10167385,3
Sune,10167385,24
Gulch,14553911,3
Ray,26147498,12
O'Brien,26147498,12
Nair,26489700,24
Champabai,15837920,1
Padma,15837920,0
Nakata,5499955,0
Koizumi,5499955,12
Nakada,5499955,15
Kaji,5499955,4
Iijima,5499955,10
Takeno,5499955,3
Takashi,5499955,3
Chika,5499955,3
Michiko,5499955,17
Nea,20294191,22
Carte,14160954,7
Queen,14160954,6
Longfellow,14160954,9
Sullivan,14160954,6
Bennett,14160954,6
Gilbert,14160954,3
Victoria,14160954,5
White,3520833,16
Arlene,3520833,6
Michael,3520833,3
Gina,3520833,13
Biggs,3520833,17
Woods,3520833,14
Tommy,3520833,6
Buckner,12925911,17
Lin,12925911,7
Jules,12925911,17
Vaughan,12925911,17
Hadley,12925911,17
Dana,12925911,23
Sitterson,12925911,17
Marty,12925911,23
Polk,12925911,17
Cynthia,2018921,6
Aaron,2018921,3
Carmine,2018921,16
Chris,2018921,13
Brenda,2018921,16
Elise,2018921,3
Elliot,2018921,12
Bill,2018921,6
Shelly,2018921,21
Annie,2018921,6
Payne,26195831,11
Lundy,26195831,2
Cedric,983849,11
Sharif,983849,10
Rivers,983849,20
Weissman,4066047,16
Toni,4066047,13
Sinclair,4066047,16
Reeves,4066047,6
Lemmon,4066047,15
Laurie,4066047,2
Simo,4066047,17
Eddie,4066047,16
Mannix,4066047,24
Boaz,8823243,4
Boas,8823243,3
Margo,24982188,21
Rae,24982188,21
Johnson,24982188,23
Wasburn,24982188,1
Boyd,24982188,12
Ben,24982188,17
Stephanie,24982188,3
Matsumoto,3529964,20
Sugai,3529964,17
Nick,3529964,6
Joyce,3529964,6
Vincent,3529964,17
Sato,3529964,21
Ka-On,14285052,18
Ho,14285052,3
Kwai-Bun,14285052,24
Sherma,14285052,10
Chi-Wai,14285052,17
Bun,14285052,6
Kwok-Chu,14285052,5
Ollie,5603842,3
Stan,5603842,3
Sachiko,23825607,3
Trudy,13964642,21
Suzy,13964642,23
McKenna,13964642,3
Stern,13964642,6
Gil,13964642,5
Lansing,13964642,6
George,13964642,17
Hoffman,13964642,13
Coble,17595302,6
Corbett,17595302,5
Horn,17595302,6
Geronimo,17595302,4
Belle,17595302,12
Billie,24236496,20
Bortz,31290638,12
Gross,31290638,1
Ryan,31290638,20
Shelly,31290638,22
Yuba,18978812,16
Gray,18978812,0
Jonathan,18978812,8
Clara,18978812,17
Peterson,18978812,8
Charles,18978812,6
Joe,18978812,6
Jim,18978812,17
M'Liss,18978812,21
Hildegarde,18978812,7
Bill,18978812,24
Burnhardt,12315045,14
Harlow,2703088,12
Hardy,2703088,11
Salinas,9408711,7
Harry,3347962,4
Woody,3347962,6
Hampton,3347962,22
Rambova,3347962,9
Natalia,3347962,21
Wilkins,3347962,12
Russ,3347962,13
Morovich,3347962,3
Bartlett,26030961,20
Agnes,26030961,3
Young,26030961,13
Lincoln,26030961,21
Chris,26030961,21
Edwin,35271106,1
Alice,35271106,2
William,35271106,20
Michael,4429452,11
Alice,4429452,13
Pressman,4429452,6
Morgan,6274712,14
Ingram,6274712,11
Margaret,6274712,8
Mitchell,6274712,17
Leech,6274712,22
Denby,6274712,15
Waring,6274712,20
Montgomery,33512455,2
Mark,33512455,21
Leo,3341234,5
Kay,3341234,6
Haroyen,3341234,9
Brad,3341234,13
Del,3341234,17
Jigger,3341234,23
Petro,6534040,3
Gregory,6534040,17
Cameron,6534040,13
Lenora,6534040,12
Nina,2199348,3
Hart,2199348,0
Johnny,2199348,13
O'Donovan,2199348,22
Herv,2199348,4
Rhoda,2199348,23
Hathaway,2199348,6
Vicky,2199348,6
Barton,2199348,0
Tigger,289890,18
Piglet,289890,3
Robin,289890,9
Roo,289890,5
Pooh,289890,6
Cromwell,1250208,21
Kempster,1250208,6
Patricia,1250208,13
Michael,1250208,6
Karen,1250208,4
Mimi,1250208,4
Oo-Ku-Mai,1250208,15
Jovanovic,1250208,17
Mimi-Siku,1250208,2
Junior,27583067,13
Micha,27583067,6
Wiera,27583067,24
Strawberry,9819018,16
Shortcake,9819018,10
Prince,32895116,13
Valmar,32895116,4
Strelsburg,32895116,13
Scarsbruck,32895116,16
Gerard,32895116,8
Eugene,32895116,23
Zavarov,16843109,4
Ernswiler,4240215,24
Sadler,4240215,20
Bowland,4240215,16
Weber,4240215,10
Sarah,4240215,13
Kelly,4240215,6
Kay,4240215,22
Bart,4240215,6
Harrison,4240215,14
Lance,4240215,3
Chamberlain,11164932,13
Beth,11164932,6
Cameron,11164932,12
Lutie,11164932,6
Brewton,11164932,6
Ah-Long,6369028,3
Janek,31775043,17
Fifield,31775043,17
Holloway,31775043,13
Weyland,31775043,17
Shaw,31775043,23
Vickers,31775043,17
David,31775043,24
Regina,23837735,8
Berthe,23837735,17
Augustine,23837735,14
Hector,23837735,15
Connie,15189343,1
Linder,15189343,6
Felkin,15189343,4
Thatcher,15189343,20
Kelsey,15189343,3
Lorrison,34269989,3
Malbery,34269989,19
O'Neill,34269989,10
Terry,34269989,14
Kay,34269989,17
Millard,34269989,20
Snarp,34269989,3
Dismas,34269989,7
Smith,34269989,15
Nolan,34269989,8
Rao,27045661,23
Radha,27045661,21
Pelli,27045661,3
Keith,21051852,17
Saxon,21051852,12
Linda,21051852,14
Ron,21051852,23
Liz,21051852,3
Joe,21051852,6
Gary,21051852,23
Morgan,21051852,1
Kesdeckian,21051852,6
Kesdekian,21051852,2
Carol,21051852,19
Lagerl,8802809,16
Kellogg,8612307,17
Carolyn,8612307,12
Packard,8612307,5
Sampson,33650887,13
Amos,33650887,23
Bullock,33650887,13
Hall,33650887,19
Delana,33650887,3
Calhoun,33650887,18
Buchanan,33650887,1
Matt,33650887,3
Harper,33650887,2
Burns,33650887,23
Vanessa,33650887,9
Baker,33650887,22
Lucas,33650887,2
II,5118135,11
Hollander,5118135,11
Junior,5118135,8
Fiennes,5118135,10
Joe,5118135,21
Maximilian,5118135,23
Thorne,5118135,17
Widmark,905530,11
Moe,905530,17
McCoy,905530,10
Joey,905530,21
Burke,1662223,4
Slater,1662223,6
Ingram,1662223,22
Sullavan,9222167,9
Fonda,9222167,14
Boopathy,35759185,17
Chakravarthy,35759185,6
Giran,35005207,3
Nikolai,15713038,19
Jennifer,15713038,3
Colin,15713038,21
Lesnicki,15713038,16
Needy,15713038,3
Ahmet,15713038,4
Heather,4122840,3
Taylor,4122840,8
Samantha,4122840,3
Tom,4122840,17
Owens,4122840,23
Grace,4122840,3
Mary,4122840,4
Buck,4122840,3
David,4122840,13
Betty,7490147,7
Trotsky,7490147,12
Lois,11250583,3
Lane,11250583,8
Kent,11250583,2
Milton,15826744,1
Dr.,15826744,3
MacLure,15826744,6
Watt,25247052,20
O'Rourke,23024134,16
Cajou,23024134,15
Benton,23024134,15
Arden,24587806,6
Stuart,24587806,22
Hewlett,24587806,17
Cannon,24587806,7
Kendall,24587806,1
Packy,24587806,6
Tommy,24587806,6
Tamsin,2342514,3
Sadie,2342514,22
Ricky,2342514,19
Phil,2342514,3
Mona,2342514,3
Cahit,1412632,6
ner,1412632,3
Joro,5401256,9
Norm,5401256,5
Jane,190393,3
Hudson,190393,0
Vito,190393,17
Lloyd,190393,19
Yaeger,190393,6
Phyl,190393,8
Renato,190393,6
Rossi,190393,21
Fiorini,190393,5
McIlhenny,190393,0
Funboy,406339,4
Eric,406339,17
Sarah,406339,21
Gideon,406339,17
Albrecht,406339,17
Darla,406339,17
Grange,406339,17
Skank,406339,3
Draven,406339,17
Webster,406339,4
Myca,406339,8
Shelly,406339,21
Harry,1677642,14
Linda,1677642,23
Heinz,1677642,20
King,1677642,13
Travis,32145126,22
Jessie,32145126,0
Nick,4265319,2
Joy,4265319,14
Kate,4265319,21
Christ,22324733,4
Wood,22324733,11
Marcus,22324733,7
Leaster,22324733,4
Flavius,22324733,21
Jesus,22324733,13
Cleon,22324733,5
Julia,22324733,2
Wilson,15753282,7
John,4226034,4
Lan,22915257,21
Kui,22915257,21
Liu,22915257,16
Harper,21487047,13
Duncan,21487047,12
Mary,21487047,13
Mia,28037928,24
Farrow,28037928,11
Manda,27588203,19
Dipti,27588203,4
Shyam,27588203,3
Gautam,27588203,3
rke,32456591,21
Thomas,32456591,0
Ostermann,32456591,10
Graham,32997195,13
Ray,32997195,14
Ellen,32997195,14
Sadie,32997195,22
Eileen,32997195,23
McClure,32997195,2
Dexter,32997195,23
Standford,32997195,24
Dorothy,32997195,21
Carter,1776465,21
Heyward,1776465,3
Jamison,1776465,6
Dianne,1776465,6
III,1776465,9
Wilson,1776465,14
Burton,1776465,14
Scott,1776465,6
Louque,6531454,10
Mazovia,6531454,3
Claire,6531454,13
Grayson,6531454,22
Duval,6531454,20
Clifford,6531454,1
Samantha,10511781,14
Branson,10511781,13
Hodges,10511781,5
Callen,10511781,5
Thorne,10511781,16
Miroslav,4572965,10
Todd,4572965,21
Stuart,4572965,3
Beth,4572965,23
Bathory,4572965,10
Paxton,4572965,21
Stephanie,4572965,4
Lorna,4572965,6
Sasha,4572965,6
Axelle,4572965,23
Whitney,4572965,23
Archer,21219881,16
Vinci,21219881,9
Greg,5305725,2
Hamid,5305725,15
Boris,5305725,2
Coleman,5305725,5
Caliph,5305725,24
Ted,5305725,24
Nat,5305725,24
Arnold,5305725,5
Schachter,35530486,9
Refenes,35530486,10
Blow,35530486,21
McMillen,35530486,3
Holkins,35530486,12
Joe,25078889,12
Durante,25078889,12
Parker,161912,1
Quincy,161912,17
Smith,161912,13
Boeuf,161912,21
Reuben,161912,2
Pickard,161912,11
Moon,161912,16
Pepper,161912,17
Daggett,161912,18
Bibbs,161912,10
Cogburn,161912,6
La,161912,24
Mattie,161912,3
Chaney,161912,17
Janelle,4538840,21
Patrick,4538840,7
Hayley,4538840,17
Stark,4538840,0
Jeff,4538840,3
KohlverWhile,4538840,0
rsquo,4538840,13
Wilson,4538840,11
Mauer,4538840,2
Buttermaker,474085,16
Whurlitzer,474085,15
Younger,12618963,2
Pitt,12618963,20
Larson,4557715,6
Hooton,4557715,21
Sal,4557715,3
Kate,4557715,6
Johnson,4557715,19
Ace,4557715,6
Sperry,4557715,23
Hoyden,4557715,10
McGurk,4557715,6
Chester,4557715,3
Duke,4557715,23
Dharmendra,13705136,2
Suman,13705136,13
Damle,13705136,21
Gopal,13705136,18
Piya,13705136,3
Santosh,13705136,13
Yakuzas,4109412,1
Asami,4109412,11
Hojo,4109412,14
Bonnie,11861651,6
Youngblood,11861651,5
Bono,11861651,4
Pooja,26615804,9
Gopalakrishnan,26615804,16
Varma,26615804,3
Hareendran,26615804,2
Alex,26615804,23
Michaelis,17645321,0
Ryan,17645321,4
Balberith,17645321,21
James,17645321,21
Porhowski,17645321,2
Daffy,17672269,3
Arthur,31155997,4
Lucie,31155997,19
Ako,31155997,10
Shreehari,10909042,18
Chandrolsavam,10909042,20
Elmer,11996582,3
Clara,5317549,8
Sr.,5317549,12
Quon,5317549,21
Jr.,5317549,22
Liore,5317549,6
Devon,5317549,13
Sheila,23308812,6
Martin,23308812,6
Harrison,23308812,21
Irving,23308812,0
Mary,23308812,17
Bill,23308812,6
Norman,23308812,21
Hogan,23308812,20
Dooley,20533915,3
Woodpecker,20533915,12
Conover,26254041,14
Bruce,26254041,16
Megha,8056834,8
Reena,8056834,16
Aakash,8056834,16
Diwan,8056834,1
Klan,28714062,3
Xavier,28714062,22
Torrance,28714062,21
Gabriel,2068983,1
Kriegman,2068983,21
Andre,2068983,3
Sarah,22600484,19
Erik,22600484,6
Creosote,205512,14
Brown,205512,19
Satsuki,20669,3
Totoro,20669,23
Mei,20669,3
Marx,6047844,16
Leo,23993252,3
Martin,23993252,8
Gus,23993252,24
Loman,23993252,6
Rogers,23993252,17
Lang,23993252,15
Carol,23993252,17
Tony,26271238,23
O'Hanlon,26271238,20
Jimmy,26271238,24
Locarno,26271238,20
Geargrinder,893808,1
Ratchet,893808,3
Ball,893808,1
Brown,893808,21
Rodney,893808,3
Lydia,893808,12
Copperbottom,893808,20
Bigweld,893808,4
Wonderbot,893808,18
Loretta,893808,21
Cappy,893808,19
Gunk,893808,17
Hotchkiss,6724790,6
Nelson,6724790,13
Brent,6724790,2
Bill,6724790,14
Chetan,20904222,23
Bansi,20904222,3
Gopal,20904222,14
Sunita,20904222,3
Munna,20904222,15
Tim,22683998,20
Shepherd,22683998,6
Johnny,2010693,6
Samantha,2010693,3
Danny,2010693,23
Strout,25817040,17
Pettengill,25817040,12
Putnam,25817040,12
Sawyer,25817040,3
Lindy,25817040,13
Alice,25817040,2
Stiles,25817040,6
Seaman,13359663,17
DoRight,28039318,4
Gordon,28039318,6
Marcus,28039318,6
Patricia,28039318,21
Jimmy,28039318,3
Iris,28039318,6
Ellie,13343266,21
Mike,8201824,10
Megan,4977595,6
Sandy,4977595,23
Omega,4977595,20
Chandler,4977595,11
Berry,4977595,19
Eisley,4977595,19
Mikhail,4977595,19
Dan,4977595,6
Devon,4977595,6
Chris,4977595,3
Grant,14335277,9
Arden,14335277,22
Underwood,14335277,9
Marcia,14335277,23
Howard,14335277,9
Romeo,14335277,4
West,14335277,14
Sam,23457800,6
Wilma,23457800,12
Mason,23457800,5
Perry,23457800,20
Oafley,23457800,24
Laxter,23457800,19
Dauphin,9145129,21
Bennett,9145129,20
Angorapoulos,542964,3
Papos,542964,7
Paparanic,542964,6
Haddock,542964,13
Karabine,542964,7
Tintin,542964,4
Alexandre,542964,22
Tetaragua,542964,21
Thomson,542964,4
Thompson,542964,4
Scoubidouvitch,542964,21
Geraldine,1539559,24
Carson,1539559,1
Duncan,1539559,14
Bombay,552592,6
Charlie,552592,0
Conway,552592,23
Ducksworth,552592,6
Banks,552592,5
Duncan,552592,17
Hans,552592,13
Reilly,552592,13
Reed,552592,1
Goldberg,27485768,15
Kane,27485768,16
Rocco,27485768,10
Luke,27485768,6
Jones,27485768,9
Banks,27485768,24
Frankenstein,27485768,20
Lucas,27485768,18
Bill,27485768,17
Katrina,27485768,6
Dean,293524,9
Maitland,293524,11
Barbara,293524,8
Charles,293524,23
Lydia,293524,13
Juno,293524,21
Otho,293524,2
Adam,293524,16
Maxie,293524,2
Maitlands,293524,3
Ryan,3827592,22
Jimmy,6395094,3
Shirley,6395094,21
Dek,6395094,21
Marlene,6395094,13
Robbie,394792,17
Ralston,394792,17
Sheronda,394792,9
Dargas,394792,10
Cherry,394792,3
Gara,394792,17
Livingston,394792,12
Brown,394792,10
Nicolette,394792,18
Melanie,394792,17
Jackie,394792,3
Bruce,29730454,17
Lee,29730454,22
Muengderm,8887331,24
Roen,8887331,4
Kapi,8887331,1
Somchai,8887331,4
Joi,8887331,8
Thongkham,8887331,14
Kwan,8887331,3
Riam,8887331,17
Kaul,33286012,18
Khan,33286012,18
Mandy,33286012,23
Heer,33286012,3
Dargah,33286012,18
Jai,33286012,8
Khatara,33286012,6
Sheena,33286012,13
Dhingra,33286012,13
Shih,32643398,19
Kent,32643398,8
Anita,32643398,2
Louie,32643398,21
Julia,32643398,14
Maria,4056928,20
Matthew,4056928,6
Bannister,25263706,0
Stewey,25263706,19
McMann,25263706,7
Stein,25263706,22
Ted,25263706,4
Shanti,10706032,16
Rai,10706032,12
Balraj,10706032,12
Hukumat,10706032,6
Vija,10706032,23
Gauri,10706032,8
Tavernier,3837141,8
Veronique,3837141,3
Bencker,3837141,6
Louis,3837141,4
Carala,3837141,19
Frieda,3837141,21
Julien,3837141,3
Sam,19708587,21
Anna,19708587,10
Hood,2298412,5
Ramesh,2298412,19
Kicha,2298412,4
Nambi,2298412,7
Custis,26431171,20
Smith,26431171,7
Schiller,1521540,24
Clerval,1521540,22
Brach,1521540,16
Joan,32895885,10
Manton,32895885,6
Marjory,32895885,23
Stockdale,32895885,8
Philip,32895885,6
Benson,7873210,4
Ralph,7873210,6
Roger,7873210,3
Larry,7873210,5
Jack,7873210,3
Simon,7873210,3
Marley,3526088,4
Cratchit,3526088,17
Scrooge,3526088,16
Heyde,7601962,13
Aguirre,158052,1
Pizarro,158052,21
Inez,158052,6
Urs,158052,24
Guzm,158052,24
Carvajal,158052,14
Guzman,158052,23
Emperor,158052,23
Ajay,20001210,3
Divya,20001210,17
Manoj,20001210,6
Vijay,20001210,3
Salma,22870525,19
Tahir,22870525,4
Rihana,22870525,23
Avantika,22870525,3
Khan,22870525,7
Bhaijaan,22870525,17
Hamid,22870525,17
Riyaz,22870525,17
Ehsaan,22870525,21
Ahuja,22870525,3
Aqeel,22870525,0
Kravis,965988,21
Johnson,965988,6
Forstmann,965988,22
John,965988,16
Charlie,9157507,3
Louise,9157507,14
Nightshade,2210017,19
Mr.,2210017,5
Electro,2210017,7
Halloway,2210017,3
Lawson,22091537,20
Martin,22091537,18
Mitchell,22091537,17
Reeves,14268823,11
Grayson,14268823,11
Deepika,8223970,21
Srinath,8223970,12
Karthik,8223970,3
Pooja,8223970,8
Kumar,32996032,23
Babykuttan,32996032,18
Shyam,32996032,9
Bhasi,32996032,3
Samuel,32996032,3
Vedi,32996032,9
Pedro,29390154,4
Juanita,29390154,17
Kirbuk,1195560,24
Bowman,1195560,21
Leonov,1195560,4
Floyd,1195560,3
Brailovsky,1195560,21
Hal,1195560,3
Curnow,1195560,7
Sathan,13226815,14
Stephen,13226815,6
Lohithadas,13226815,0
Saathan,13226815,17
Barnes,32944107,17
Gordin,32944107,9
Jane,35993713,23
Caswell,35993713,12
Cole,35993713,24
Chambers,10348583,3
Steven,10348583,3
Boyka,10348583,13
Yuri,10348583,17
Kipling,24336780,16
Jack,24336780,17
Elise,11517671,19
Keaton,17640203,11
Hitchcock,17640203,15
Hooper,74830,3
Gardner,74830,9
Quint,74830,16
Vaughan,74830,13
Watkins,74830,10
Chrissie,74830,24
Brody,74830,17
Glen,528464,4
Wood,528464,3
Weiss,528464,6
Welles,528464,21
Mason,528464,13
Ed,528464,13
Fuller,528464,9
Tony,528464,20
McCoy,528464,13
O'Hara,528464,2
Criswell,528464,13
Reynolds,528464,10
Jorgensen,528464,20
Lugosi,528464,9
Kathy,528464,1
Kane,528464,22
Glenda,528464,20
King,528464,3
Dolores,528464,3
Olaf,30013045,6
Gigi,2506296,3
Louis,2506296,20
Sean,2506296,13
Andy,2506296,21
Locan,5713867,11
Cleva,5713867,2
Creighton,5713867,4
Hazel,5713867,16
Jr.,5713867,24
Hastings,5713867,3
Chaney,5713867,9
Bill,5713867,3
Lynn,18203744,17
Jonathan,18203744,21
Murad,18672950,11
Cheveley,27875695,22
Chevely,27875695,12
Goring,27875695,17
Chiltern,27875695,9
Mabel,27875695,23
Robert,27875695,24
Azhaga,19286426,18
Manimaran,19286426,6
Nanjappan,19286426,7
Poongodi,19286426,5
Naadu,19286426,0
Theevu,19286426,3
Jerry,24469993,6
Arnold,24469993,6
Standish,24469993,16
Mrs.,24469993,21
John,24469993,3
Dominic,945029,17
Sobel,945029,6
Jelly,945029,6
Anastasia,945029,22
Bananas,945029,14
Sindone,945029,9
MacNamara,945029,22
Genovese,945029,1
Vitti,945029,6
Primo,945029,20
Tom,9547058,3
Jerry,9547058,3
Mammy,9547058,3
Jane,14262340,15
Pagola,14262340,11
Churchill,14262340,5
Buck,14262340,11
Lee,34236431,19
Nuria,7690276,11
Helena,7690276,1
Narciso,7690276,15
Reyes,7690276,21
Hector,7690276,1
Magda,7690276,20
Jiminez,7690276,7
Taylor,3388805,17
Ann,3388805,23
Martin,3388805,24
Loos,3388805,18
Michael,3388805,16
Frank,3388805,17
Bracey,3388805,15
Varrick,3388805,2
Ted,3388805,6
Malcolm,3388805,1
Broderick,19817427,10
Patterson,19817427,0
McNally,19817427,11
Tate,226842,14
Park,226842,17
Rhonda,226842,19
Claude,226842,3
Amy,66841,3
Alden,66841,12
Igor,66841,3
Susan,66841,6
Barry,66841,9
David,66841,23
Stuart,6651585,2
Jason,6651585,13
Maybelle,6651585,7
Michael,6651585,17
Charles,6651585,1
Clint,6651585,21
Karen,6651585,7
Bella,6651585,15
Grover,6651585,23
Jenny,6651585,16
Smith,6651585,23
Iris,6651585,17
Kenneth,6651585,2
Tim,28067279,14
Jane,28067279,17
Adams,28067279,4
Mercer,28067279,18
Hannah,28067279,13
O'Connor,28067279,15
DuNord,3093681,17
Holt,3093681,23
Lyon,3093681,9
Mitchell,3093681,5
Flint,3093681,21
Brecan,3093681,8
Ironshirt,3093681,19
Francisco,8336887,1
Emily,8336887,13
Gumley,23323263,4
Gross,23323263,3
Vidya,15316430,3
Khan,15316430,2
Bhaskaran,15316430,6
Poltu,15316430,17
Sinha,15316430,9
D'mello,15316430,17
Bob,15316430,17
Bagchi,15316430,17
Bajpayee,15316430,18
Basu,15316430,18
Rana,15316430,3
Biswas,15316430,17
Damji,15316430,6
Sridhar,15316430,17
Rakoff,21155353,10
Zeffirelli,21155353,13
Romeo,21155353,22
Simmons,21155353,21
Kubrick,2591597,21
Kramer,2591597,13
Rich,2591597,1
Conway,2591597,3
Davidson,2591597,11
Lyndon,2591597,5
Martin,28340151,17
Warren,28340151,24
Vivien,28340151,6
Lee,28340151,3
Orsolini,25828515,6
Kovacs,25828515,6
Eugenie,25828515,7
Laughrea,1865502,6
York,1865502,19
Falls,1865502,6
Goodhue,1865502,1
Lauren,1865502,2
Cass,1865502,14
Lake,1865502,15
Harrison,1865502,3
McKintyre,1865502,9
Krylov,24771808,13
Tulin,24771808,7
Dileep,3720437,8
Iyer,3720437,2
Ganga,3720437,20
Don,5971538,17
Flynn,5971538,3
Doyle,5971538,17
Tammy,5971538,6
Karen,5971538,23
Sally,5971538,10
Stone,5971538,20
Jacob,5971538,3
Andy,5971538,23
Alice,5971538,4
Ezhuthachchan,26719738,10
Sasi,26719738,15
Kunjappu,26719738,6
Jahangir,26719738,11
Sunanda,26719738,2
Sajira,26719738,23
Raziya,26719738,23
Beeran,26719738,19
Joan,4036006,14
Sheikh,4036006,6
Dot,4036006,14
Jerry,4036006,16
Adolph,4036006,7
Sr,4036006,3
Louie,4036006,3
Larrabee,4036006,17
Wilson,4036006,7
Toots,4036006,24
Fanya,4036006,5
Clark,4036006,5
Ali,4036006,6
Jr,4036006,15
Slade,4036006,18
Winston,1072060,18
Fox,1072060,9
Noone,1072060,23
Rivers,1072060,10
McCaleb,1072060,21
Sparky,28891330,4
Helsing,28891330,9
Rzykruski,28891330,7
Whiskers,28891330,7
Shelley,28891330,6
Victor,28891330,10
Bob,28891330,13
Frankenstein,28891330,3
Toshiaki,28891330,17
Gore,28891330,8
Sellin,1367183,1
Greg,1367183,19
Fisher,1367183,13
Siri,1367183,21
Iris,1367183,13
Stratton,6258479,20
McKeown,6258479,16
Pomeranz,6258479,9
McKee,6258479,14
Faust,31635274,12
Justin,31635274,6
Lo,31635274,6
Handley,894179,16
Emmerich,894179,6
Angela,894179,4
Brannom,894179,17
Ditrich,894179,10
Dix,894179,3
Conovan,894179,9
Cobby,894179,14
Phinlay,894179,15
Doc,894179,14
Eberhart,18178296,22
Bixby,18178296,2
Sheri,2508308,16
Grimaldi,2508308,23
Demarkov,2508308,17
Jack,2508308,3
Falcone,2508308,17
Mona,2508308,23
Juan,11380312,24
Ferguson,17901762,11
Abby,17901762,3
Colin,17901762,6
Chadway,17901762,6
Richter,17901762,20
Larry,17901762,2
Michael,4586733,14
Rommel,4586733,20
Kingsmen,4586733,18
Zi,17070479,12
Dongpo,17070479,9
Lili,17070479,9
Hasford,17070479,24
Shitao,17070479,5
Kline,17070479,3
Archie,22353314,16
Heaven,22353314,4
Charlie,22353314,14
McCrae,22353314,19
King,22353314,22
Sheetal,20797710,6
Madhu,20797710,0
Sanju,20797710,2
Yash,20797710,3
Toshi,20797710,20
Rathod,20797710,17
Khurana,20797710,12
Rajiv,20797710,0
Stebbins,6504325,9
Din,6504325,6
Jaffe,6504325,5
Emmy,6504325,3
Pal,23747829,7
Naani,23747829,16
Mackey,27079761,12
Cunxin,27079761,21
Mao,27079761,16
Chan,27079761,15
McKendry,27079761,13
Foster,27079761,9
Li,27079761,23
Boyd,12567618,7
Charteris,1563948,6
Victoria,1563948,15
Omar,1563948,21
Dixie,1563948,21
Dawson,1563948,24
Smith,1563948,10
Hower,1563948,14
Pomeroy,1563948,8
Frank,1065214,8
Colloredo,1065214,4
II,1065214,15
Salieri,1065214,6
Berridge,1065214,1
Mozart,1065214,14
God,1065214,3
Leopold,1065214,20
Bradley,10127547,11
Melinda,10127547,13
Wasser,10127547,15
Sanchez,23520462,5
Cruz,23520462,20
Dao,6992985,9
Yipao,6992985,6
Taipao,6992985,17
Ajay,10921936,6
Aarti,10921936,14
Dhanraj,10921936,19
Surajprasad,10921936,18
Govinda,10921936,14
Margaret,27113000,9
Selina,27113000,1
Nazar,24353923,8
Ronald,24353923,20
Zari,24353923,19
Tex,24353923,23
Malik,24353923,7
Seely,2554598,20
Keaton,2554598,3
McSorely,8882635,18
Paul,28151121,6
Boullard,28151121,6
Lauren,28151121,3
Chadwick,28151121,15
Allen,5003734,9
MOORE,5003734,10
Drake,5003734,18
Grace,5003734,11
Ake,7743371,22
Buppah,7743371,23
Blake,4306406,14
Warner,4306406,9
Jeremy,4306406,6
Darla,4306406,21
Ralph,4306406,12
Capello,4306406,3
Grimstyke,4306406,19
Nora,4306406,10
McCarthy,4306406,23
Vic,12130331,11
Reston,12130331,13
Lazar,12130331,11
Brennan,12130331,3
Frost,12130331,3
Zelnick,12130331,17
Caroline,12130331,13
Colson,12130331,12
Nixon,12130331,6
Jr.,12130331,4
Birt,12130331,13
Ramsey,32490636,6
Kurkuri,32490636,21
Sommers,32490636,5
Amber,32490636,6
Richardson,32490636,13
Pollock,32490636,22
Cache,32490636,6
Selena,32490636,21
Lisa,32490636,6
Clementine,32490636,6
Tracy,1141438,9
Dietrich,1141438,23
Trippe,1141438,16
Hughes,1141438,6
Gardner,1141438,8
Brewster,1141438,16
Odekirk,1141438,4
Hepburn,1141438,2
Bertier,397574,2
Boone,397574,6
Sheryl,397574,2
Yoast,397574,6
Campbell,397574,19
Lastik,397574,5
Cyanbaker,2011160,13
Odin,2011160,7
Starlight,2011160,19
Bolton,7660298,5
Ben,7660298,5
Peter,21686862,19
Atherton,21686862,15
Dan,21686862,21
Black,21686862,16
John,21686862,3
Rawlin,33010334,8
Fitzgerald,33010334,24
Madge,33010334,12
Whyte,33010334,15
Costa,10453526,9
Jason,5275752,21
Stevens,5275752,18
Emily,5275752,21
Caitlin,5275752,3
Alexia,5275752,13
Hamilton,5275752,7
Megan,25244870,21
Leo,25244870,8
Ralston,25244870,3
Burton,25244870,11
Kristi,25244870,21
Sadajapa,10815416,2
Raamudu,10815416,24
Bhairavi,10815416,8
Kousalya,28156854,2
Meena,28156854,21
Suresh,28156854,19
Vasu,28156854,23
William,3096383,20
Diane,3096383,1
Dwayne,3096383,0
Graham,3096383,3
Timmons,3096383,1
Patricia,3096383,24
Nelson,3096383,12
Wade,3096383,20
Casey,3096383,11
Phil,3096383,11
kov,3096383,1
Fisher,3096383,0
Altman,3096383,9
Charles,7457548,9
Guy,7457548,6
Terry,7457548,6
Deedee,7457548,6
Keke,36079889,2
DeSisi,3053945,1
Coup,3053945,12
Phillipe,3053945,14
Ruben,9504064,4
Mirna,9504064,13
Ed,1164544,3
Rhodes,1164544,17
Dakota,1164544,9
York,1164544,4
Lou,1164544,8
Rivers,1164544,24
Mallick,1164544,10
Suzanne,1164544,17
Malcolm,1164544,4
Maine,1164544,17
Washington,1164544,20
Larry,1164544,17
Isiana,1164544,17
Charlotte,2696891,18
Arable,2696891,16
Aranea,2696891,10
Cavatica,2696891,21
Templeton,2696891,10
Nellie,2696891,10
Wilbur,2696891,12
Joy,2696891,10
Cromwell,10642431,9
Earp,10642431,14
Lynn,10642431,0
Tilghman,10642431,16
Maciel,1419209,23
Antunes,1419209,13
Cardoso,1419209,6
Andr,1419209,17
Silvia,1419209,17
Hajher,12245923,13
Karzai,12245923,0
Sharif,12245923,17
Tim,5720909,3
Harry,5720909,17
Collins,5720909,9
dart,5720909,8
Gustave,5720909,4
Jojo,5720909,17
Aviva,5720909,3
Roger,5720909,3
Steven,5720909,6
bush,5720909,15
Jacob,5720909,16
Flores,1266043,22
Dennis,1266043,17
Jennifer,1266043,23
Walter,1266043,17
Thomas,1266043,24
Talley,1266043,6
Smith,1266043,17
Kevin,1266043,6
Pooja,9421015,12
Asha,9421015,12
Charu,9421015,12
Nandhu,9421015,12
Lucy,2572619,17
Snoopy,2572619,3
Linus,2572619,15
Brown,2572619,6
Elizabeth,6273879,6
Emery,6273879,11
Rousset,6273879,1
Cornudet,6273879,6
Jean,6273879,20
Janardan,31922328,21
Bhamar,31922328,6
Phoola,31922328,17
Janardhan,31922328,23
Malia,31922328,8
Haria,31922328,23
Susie,8094994,7
Zappa,466612,9
Orpheus,466612,20
Eileen,466612,21
Cassellis,466612,6
Wexler,466612,13
Harold,466612,21
Bloomfield,466612,9
McLuhan,466612,6
Bang,24955967,8
Fei,24955967,9
Williams,8648196,0
Robbie,8648196,12
Annette,8648196,12
Stephen,8648196,23
Julie,8648196,2
Leigh-Anne,8648196,6
Osman,8648196,22
Hassan,8648196,17
Gavin,8648196,15
Rebecca,8648196,4
O'Brien,33030261,11
Jean,8454726,6
Samy,8454726,21
Laura,8454726,6
Marianne,8454726,13
Win,14998930,6
Amerigo,5880421,13
Jarvis,5880421,17
Verver,5880421,13
Adam,5880421,8
Fanny,5880421,17
Ugolini,5880421,18
Fengriffen,20357059,5
Ferguson,5413972,12
Morley,5413972,23
Helen,5413972,21
Harkness,5413972,19
Miko,4956151,8
Charlie,4956151,16
Jane,10050056,6
Justin,10050056,21
Peter,10050056,4
Howard,10050056,10
Daniel,10050056,6
Sandra,10050056,0
Robert,10050056,17
Martha,10050056,3
Simon,10050056,3
Murdock,26200483,15
Grace,26200483,23
Shepard,26200483,23
Tillie,8285285,4
Tiger,8285285,9
Joe,8285285,10
Elmer,8285285,3
Giraffe,8285285,12
Durante,8285285,12
Elizabeth,142461,6
Dudley,142461,2
Walsingham,142461,13
Mary,142461,22
Burghley,142461,20
Will,1195543,6
Long,1195543,7
Lawson,1195543,13
Thomas,1195543,11
Faulkner,1195543,20
Lorraine,1195543,19
Colomb,10613628,15
Candice,10613628,6
Catherine,10613628,24
Eric,3718903,11
Bill,3718903,23
Scooby,3718903,24
Allen,439831,5
Quint,439831,16
Horace,439831,16
Catherine,439831,2
Joan,19108867,6
Fletcher,19108867,18
Rossini,19108867,3
Jim,19108867,21
Buchanan,19108867,19
Hawthorne,19108867,10
Burns,19108867,7
Patrick,21034279,14
Patsy,21034279,21
McChesney,21034279,16
Victoria,21034279,11
Catt,1164646,18
Wilson,1164646,0
Burns,1164646,9
Serafina,31754231,3
Giancarlo,31754231,13
Pagliacci,31754231,5
Hayley,31754231,19
Michelangelo,31754231,16
Sally,31754231,6
Leopoldo,31754231,3
Jerry,31754231,21
Anna,31754231,3
Jack,31754231,6
Luca,31754231,3
Monica,31754231,21
Salta,31754231,2
John,31754231,21
Phyllis,31754231,1
Antonio,31754231,16
Milly,31754231,3
Fusari,31754231,19
Chun,27369264,2
Mei-wai,27369264,21
Jan,27369264,22
Cheung,27369264,6
Lee,27369264,4
Henry,6692985,15
Crun,6692985,9
Bannister,6692985,19
Warrior,4084609,11
Tobias,4084609,7
Marsh,4084609,8
Lo,4084609,21
Shen,4084609,3
Wendy,4084609,2
Crane,4084609,1
Wu,4084609,7
Garibay,4084609,7
Medina,4084609,7
Dawson,4084609,9
Guthrie,4084609,14
Gibbs,4084609,5
Joan,12515229,19
Harry,12515229,0
Felix,12515229,23
Connors,12515229,7
Keenan,12515229,2
Teflinger,12515229,24
Otis,12515229,17
McCann,12515229,21
Phillip,12515229,3
Carmatti,12515229,9
Beckerman,12515229,12
Joe,12515229,17
Goya,12515229,20
Robinson,12515229,8
Helen,12515229,12
Sam,12515229,22
Ferrante,12515229,14
Purvis,12515229,20
Artie,12515229,7
Wilks,12515229,0
Vasilisa,385895,13
Buslai,385895,14
Alexander,385895,13
Oleksich,385895,10
Danilovna,385895,19
Elisha,14950102,24
Bloom,14950102,17
Sarah,14950102,19
Frye,14950102,12
Nate,14950102,8
Wheeling,14950102,9
Otob,2548068,1
Kohrn,2548068,5
Suthep,2548068,7
Mark,2548068,4
Rick,2548068,17
Rose,2548068,17
Kham,2548068,3
Jaturangkabart,2548068,12
Johnny,2548068,15
Sim,2548068,7
Lamond,2548068,18
Vincent,2548068,18
Yai,2548068,20
Richard,29125758,3
Oates,29125758,20
Sykes,29125758,6
Earl,29125758,7
Daniel,29125758,17
Edward,29125758,17
Arrow,29125758,5
Joanna,29125758,4
Tim,3154528,23
Dusty,3154528,23
Klein,3154528,3
Samantha,3154528,14
Clark,3154528,23
Brander,3154528,14
Chris,3154528,14
Mike,3154528,9
James,3154528,12
Jamie,3154528,23
Palamino,3154528,6
Reynolds,333735,6
Isabella,333735,10
Manuel,333735,8
Stagnetti,333735,8
Jules,333735,13
Starr,73937,19
Lewis,73937,10
Tare,73937,6
Clyde,73937,3
Laurie,73937,6
Dave,73937,3
Willoughby,73937,17
Crusoe,13990745,3
Higgins,13990745,23
II,16305665,1
Anastasia,16305665,19
Anna,16305665,6
Romanov,16305665,16
Anderson,16305665,19
Robin,891829,11
Gardella,891829,1
Simon,891829,8
Saura,12595562,11
Ana,12595562,1
Marsha,12595562,8
Bahattin,26042450,18
Tezcan,26042450,2
Angel,26042450,10
Kamil,26042450,22
Julian,33110917,24
Clare,33110917,6
Margaret,33110917,24
Foster,33110917,2
Rolfe,33110917,8
Phillip,33110917,22
Viswanathan,30018697,6
Dileep,30018697,18
Das,30018697,3
Potti,30018697,9
Unni,30018697,23
Sreepriya,30018697,3
Gopalan,30018697,17
Siddique,30018697,2
Elliott,4228260,23
Cutter,4228260,18
Bone,4228260,7
J.J.,4228260,19
Vadim,5727920,4
Buzhayev,5727920,10
Bobby,5727920,3
Shapiro,5727920,6
Nezhinski,5727920,15
Falsetti,5727920,12
Marat,5727920,10
Amada,5727920,4
Juarez,5727920,22
Joseph,5727920,5
Grusinsky,5727920,23
Green,5727920,19
Thelma,33030290,23
Nohara,30558811,15
Tamiko,30558811,10
Ponthieu,5629983,4
Mahmoud,5629983,19
Chassenee,5629983,9
Mathieu,5629983,22
Jeannine,5629983,3
d'Auferre,5629983,6
Sadakat,5629983,20
Courtois,5629983,6
Filette,5629983,13
Samira,5629983,23
Valliere,5629983,12
Kantaka,11892585,14
Hydra,21938693,19
Hercules,21938693,4
Eurystheus,21938693,21
Francisa,31186529,0
Tur,31186529,24
Andreu,31186529,0
Morel,31186529,6
Carmen,31186529,21
Galindo,31186529,10
Ramallo,31186529,6
Manuel,31186529,22
Ballester,31186529,4
Alcantara,31186529,3
Francisca,31186529,3
Petrofsky,19876554,19
Dubrovich,19876554,0
Strang,19876554,1
Gillette,3091873,14
Wack,3091873,24
Hartfield,32435797,1
Parker,32435797,0
Matt,32435797,17
C.,32435797,18
Friedkin,32435797,10
Preston,32435797,0
Sasha,32435797,11
Lance,32435797,3
Bonnyfeather,61505,22
Anthony,61505,3
Luis,61505,24
Debrulle,61505,2
Georges,61505,15
Giuseppe,61505,15
Nolte,61505,15
ois,61505,15
Angela,61505,6
Moore,61505,18
Bonaparte,61505,20
Pepe,13794022,17
Penelope,13794022,3
Vijaya,34420891,3
Raja,34420891,24
Johnny,34420891,9
Vaidaraj,34420891,9
Prabhu,34420891,12
Radha,34420891,2
Hao,13370123,3
Rao,13370123,6
Holly,12099955,15
H,12099955,1
A.K.,12099955,10
Madonna,12099955,23
Baker,689763,14
Sil,689763,10
Laura,689763,23
Lennox,689763,1
Fitch,689763,12
Allen,2549266,3
Ershon,2549266,20
Beaman,2549266,24
Martin,2549266,11
Highsmith,2549266,4
Boardman,2549266,5
Wesley,2549266,17
Danson,2549266,20
Stevenson,2549266,18
Sheila,2549266,2
Jeter,2549266,21
Francine,2549266,1
Mauch,2549266,17
Hoitz,2549266,3
Danny,33352043,3
s,33352043,20
Joe,33352043,14
Ziggy,33352043,20
Sylvia,11994537,6
Emmanuelle,11994537,10
Marc,11994537,16
Thilottamal,16166076,21
Vijaykumar,16166076,3
Meena,16166076,20
James,32862238,14
Winters,32862238,3
Fleming,32862238,19
Weiss,11064164,24
Stallone,11064164,4
Torrio,11064164,15
Frank,11064164,21
Yale,11064164,0
Crawford,11064164,19
Capone,11064164,22
Nitti,11064164,19
Wymore,133672,19
Kogan,133672,18
Doolin,133672,20
Hill,133672,21
Knight,133672,9
Agee,133672,21
Barrett,133672,5
Pike,133672,1
Renfro,133672,9
Lucas,133672,17
Khan,11257151,7
Kumar,11257151,7
Nadira,11257151,1
Chattopadhyay,11257151,23
Ganesh,11257151,0
Alka,11257151,21
Anand,11257151,9
Hai,11257151,17
Raghu,11257151,3
Kalu,11257151,3
Desai,11257151,20
Sandra,20520132,21
Abraham,20520132,6
Retief,20520132,17
Leon,20520132,15
Shanna,5009511,21
Terry,5009511,13
Holloway,5009511,18
Wanda,5009511,21
Heath,5009511,7
Polly,16428005,6
Pollyanna,16428005,6
Pendleton,16428005,6
Tom,16428005,13
Whittier,16428005,11
Bean,16428005,3
Jimmy,16428005,15
Bottle,11332180,7
Maria,11332180,3
Lou,11332180,13
Holle,11332180,6
Blue,11332180,0
Mary-Lou,11332180,3
Barkus,22364213,5
Katrina,22364213,9
Amy,3732862,11
William,3732862,16
Sarah,3732862,23
Jack,3732862,6
Margaret,3732862,23
Ori,7644703,2
Tim,26511792,8
Lizzie,26511792,23
Heather,20535383,3
Anita,20535383,21
Clare,20535383,3
Parker,20535383,19
Laurie,20535383,4
Miguel,20535383,8
Conrad,20535383,22
Steve,20535383,8
Sonia,20535383,8
Matt,20535383,18
Cates,20535383,22
Soloway,20535383,6
Goodrich,20535383,24
Winslow,20535383,2
Spaulding,20535383,6
Jansen,5570094,14
Drager,5570094,21
Burubi,5570094,23
Frolick,5570094,24
Holmes,2955883,6
Launius,2955883,0
Wahlberg,2955883,10
Wadd,2955883,15
Nash,2955883,6
Nico,2955883,10
Deverell,2955883,0
Lind,2955883,3
Molina,2955883,11
Diles,2955883,4
Richardson,2955883,0
Schiller,2955883,7
McCourt,2955883,16
Gossamer,3160077,3
Beral,29526015,1
North,29526015,6
Augagneur,29526015,23
Ewell,4607980,22
Radley,4607980,1
Jem,4607980,4
Atticus,4607980,6
Finch,4607980,12
Robinson,4607980,17
Boo,4607980,20
Tom,11417077,3
Jerry,11417077,3
Muslimah,28259864,1
Hemingway,27872371,0
Andrea,6563151,3
Wheeler,6563151,1
Sterling,6563151,6
Leonard,6563151,16
Rusty,6563151,3
Livingston,6563151,0
Tetmann,6563151,3
Jacob,6563151,4
Iris,6563151,6
Lisa,6563151,3
Andy,6563151,1
Vernon,32756157,16
Samson,27395955,6
Sally,27395955,24
Dick,27395955,20
Malik,31206425,24
Bill,5319784,0
Bunyan,14725125,3
Sen,28259693,13
Sanyal,28259693,24
Holmes,3927125,4
Bellamy,3927125,8
Moore,3927125,0
Donovan,3927125,18
Peggy,30083110,3
Belle,30083110,3
Cleek,30083110,3
Raton,30083110,3
Brian,30083110,3
Chris,30083110,3
II,12231155,15
pope,12231155,19
Hotz,12231155,14
Kisaragi,12790367,4
Maria,12790367,4
Saito,12790367,17
Vexille,12790367,4
Leon,12790367,4
Antero,4037444,3
Malkin,32612875,7
Ward,32612875,17
Kyle,2555248,23
Rimes,2555248,12
Harper,2555248,15
Scarno,2555248,15
Zach,2555248,3
Dan,2555248,7
Cummings,2555248,7
Meg,2555248,6
Lupo,6917632,10
Whitaker,1587823,11
Joshua,1587823,6
Jason,1587823,3
Fujisaki,9344111,21
Keiko,9344111,6
Junko,9344111,15
Yuri,9344111,22
Jack,17166106,16
Joey,17166106,2
Inge,9097942,3
Jones,9097942,16
Hassler,9097942,20
Lindt,9097942,15
Oktober,9097942,6
Quiller,9097942,3
Hengel,9097942,3
Johan,9533592,6
Hypnokenesis,9533592,23
McCreep,9533592,17
Flatbroke,9533592,4
Peewit,9533592,3
Davis,6407830,4
Michael,6407830,24
Angela,6407830,22
Jake,6407830,17
Davies,6407830,4
Nancy,6407830,3
Woo,6407830,12
Hal,6407830,17
Raye,6407830,3
Gaz,3038787,17
Asha,3038787,13
Toofan,3038787,10
Koushni,3038787,12
Amna,8202294,13
Vanisri,26245382,20
Latha,26245382,6
Vasantha,26245382,21
Ayya,26245382,8
Vijay,26245382,23
Anand,26245382,3
Endicott,483274,21
Tyler,483274,4
Angelo,483274,3
Grommet,483274,17
Johnny,483274,17
Roach,483274,22
Nathaniel,483274,20
Rosie,483274,19
Utah,483274,11
Pappas,483274,17
Bodhi,483274,3
Varma,1793072,3
Nair,1793072,17
Jaykeshi,23207948,3
Jayakeshi,23207948,20
Peramadi,23207948,4
Gandugali,23207948,3
Yi,12809766,0
Jin-Yi,12809766,19
Smith,4143564,24
Jean,4143564,8
Kenney,4143564,13
Ashwood,4143564,11
Susan,4143564,13
Dunn,4143564,9
John,4143564,23
Betsy,4143564,5
Bradbury,8034367,1
Kagoyama,8034367,18
Liu-Su,23907048,9
Liu-yuan,23907048,8
Bai,23907048,23
Marston,32944025,23
Fletcher,32944025,23
Kingdon,32944025,0
Drayton,32944025,23
Edith,32944025,8
Richard,7418270,13
Malmros,7418270,4
Thorotrast,7418270,20
Christian,7418270,22
Lin,10516125,0
Tang,10516125,13
Liang,10516125,15
Kennedy,5786204,22
Hitler,5786204,24
Butz,5786204,15
Priggs,5786204,17
Mussolino,5786204,6
Fartin,5786204,3
Frank,5017604,6
Frazier,5017604,14
Ellsworth,5017604,19
Toback,5017604,0
Rivera,5017604,13
Johnson,5017604,22
Ali,5017604,20
Roberts,5017604,24
Eva,5017604,0
Trupo,5017604,6
Cattano,5017604,9
Barnes,5017604,15
Lucas,5017604,24
Thottam,9573893,14
Gopi,9573893,14
Karthick,9573893,15
Pazhani,9573893,14
Raghu,9573893,19
Laura,8381952,13
Nina,8381952,17
Ren,8381952,6
Marco,8381952,3
Theo,8381952,6
Romeo,8381952,9
Edith,8381952,2
Katherine,1170621,17
Rattigan,1170621,4
Mossbank,1170621,15
Chips,1170621,7
Bridges,1170621,16
Sutterwick,1170621,15
Fraser,23276145,17
Kate,23276145,9
Derek,23276145,12
Davis,23276145,11
Tranter,21150086,13
Ford,21150086,19
O'Neill,21150086,15
Lowry,21150086,15
Sally,19876240,21
Lucy,32242800,3
Bookslut,32242800,12
Kenny,32242800,20
Douglas,33238319,19
Leo,33238319,12
Sam,33238319,8
Nina,33238319,10
Page,22668762,24
Robert,22668762,15
Paige,22668762,17
Shearer,22668762,23
Niell,22668762,6
Neill,22668762,21
Mayfeild,22668762,6
Mann,22668762,6
Brittan,22668762,3
Mayfield,22668762,3
Dee,3509663,9
Johnny,3509663,3
Robinson,3509663,15
Elvis,3509663,10
Charlie,3509663,6
Luisa,3509663,5
Mitsuko,3509663,21
Presley,3509663,9
Madonna,3509663,9
Millan,2232039,14
Lynch,2232039,7
Delbuchi,2232039,8
Riley,2232039,10
Annie,2232039,2
Varno,5804666,13
McKee,5804666,4
Steiner,5804666,12
Lincoln,3756071,2
Nerd,3756071,5
Gator,3756071,18
Tessie,3756071,21
Greg,3756071,21
Vomit,3756071,2
Juice,3756071,18
Manzini,3756071,6
Stroszek,1414394,13
Clayton,1414394,5
Scheitz,1414394,24
Eva,1414394,2
Bruno,1414394,3
Stoev,8355471,21
Sam,3383848,3
Tubman,3383848,22
Allison,3383848,17
Josh,3383848,3
Alison,3383848,8
Derek,3383848,2
Baxter,3383848,20
Tierney,3383848,21
Rico,4179081,12
Katherine,4179081,21
Martin,4179081,6
Ron,4179081,3
Gable,4179081,2
Ben,4179081,10
Armando,4179081,20
Harvey,4179081,22
Prithvi,27308214,9
Crosbie,172031,2
Seng,172031,22
Ong,172031,20
Joyce,172031,13
Hammond,172031,17
Robert,172031,21
Leslie,172031,6
Mariah,5655878,16
Newman,5655878,0
King,5655878,9
Carey,5655878,2
Afanasieff,5655878,21
Gretchen,22892795,3
Michael,22892795,3
Sucre,22892795,3
Krantz,22892795,17
Emily,22892795,7
Lincoln,22892795,6
Wheatley,22892795,16
Mahone,22892795,6
Burrows,22892795,22
Sara,22892795,3
Ross,1900912,17
Matt,22558849,19
Ophelia,22558849,14
Madge,20026897,12
Countess,20026897,9
Podobed,20026897,17
Jeddie,20026897,11
West,20026897,4
Barnet,20026897,8
Roy,11083630,13
Ramananda,11083630,13
Kundu,11083630,13
Sen,11083630,13
Ulrich,887388,21
Tyrian,887388,17
Jacopus,887388,15
Galen,887388,22
Vermithrax,887388,5
Hodge,887388,17
Valerian,887388,16
Bradwarden,887388,3
Raja,4933884,6
Robert,9381312,9
George,20634623,6
Mildred,20634623,6
Onassis,20634623,2
Hejar,6269479,23
Blondie,32071061,9
Selby,6113391,16
Cutler,6113391,6
Laurie,6113391,13
Eddie,6113391,17
Granger,6113391,15
Campbell,6113391,4
Suneo,10487338,11
Lilulu,10487338,3
Shizuka,10487338,23
Riruru,10487338,23
Doraemon,10487338,3
Gian,10487338,12
Sako,27296947,19
Diminga,27296947,21
Gomes,27296947,12
Murphy,14187517,8
Polk,14187517,23
Jason,14187517,6
Asque,14187517,0
Earp,14187517,0
Louise,14187517,2
Crawford,14187517,17
Fitch,14187517,16
Braham,14187517,9
Kreutz,963986,5
Bourne,963986,17
Kane,963986,14
Conklin,963986,6
Eamon,963986,23
Parsons,963986,4
Treadstone,963986,18
Manheim,963986,17
Abbott,963986,6
Marie,963986,3
Wombosi,963986,17
Medina,32519181,21
Maite,32519181,15
Amanda,6340115,23
Manny,6340115,16
Elaine,6340115,12
shikha,35280351,0
Basu,35280351,3
Kar,35280351,8
Meghna,35280351,14
Ananda,35280351,17
Niemeyer,4292032,5
Linke,4292032,17
Hermann,4292032,8
Mother,4292032,0
Knab,4292032,18
Fassbinder,4292032,20
Helene,4292032,2
Marianne,4292032,23
K,4292032,3
Corinna,4292032,18
Blum,4292032,8
Kane,4219387,21
Vince,4219387,17
Rick,4219387,19
Kiani,4219387,9
Hui,4219387,6
Burkhart,4219387,23
Ralf,25370724,3
Anna,25370724,12
Lana,25370724,10
Decker,25370724,9
Ludo,25370724,3
Marie,25370724,4
Gotzlowski,25370724,6
Daniel,5948854,3
Melek,5948854,3
Kaul,8309300,1
Mason,5212057,2
Sylvester,20614602,3
Hector,20614602,6
Krishna,17214118,9
Seema,17214118,19
Chitti,12481557,21
Babu,12481557,13
Asimov,12481557,9
Latha,12481557,12
Vaseekaran,12481557,23
Bohra,12481557,17
Mohsen,8113925,16
Rohit,20288451,6
Devi,20288451,5
Mina,20288451,1
Rony,20288451,21
Narayan,20288451,18
Chumki,20288451,16
Rina,20288451,6
Lugosi,5947065,22
Bianca,238004,18
Marahute,238004,24
McLeach,238004,6
Cody,238004,17
Orville,238004,5
Jake,238004,4
Wilbur,238004,17
Joanna,238004,17
Bernard,238004,3
Dirk,30973633,6
Bum,11953814,13
Joyce,1911903,9
Fine,1911903,12
Harold,1911903,4
Tyler,26528549,3
Zack,26528549,10
Noreen,26528549,6
Harper,26528549,19
Jim,26528549,6
Laurie,26528549,13
Doran,26528549,23
Jianren,34430625,12
Nicole,34430625,20
Weijie,34430625,24
CK,34430625,23
Savithiri,19286380,21
Whitmore,26396405,8
Bayliss,26396405,21
Wolf,18631215,9
Stevens,18631215,1
Peterson,18631215,22
Mateo,28702124,15
Cerys,28702124,10
Alejandro,28702124,12
Gwen,28702124,21
Rhys,28702124,18
Sissy,28702124,12
Ubasti,24011177,3
Chandu,24011177,6
Chandler,24011177,24
Ossana,24011177,1
Nadji,24011177,23
Lugosi,24011177,9
Steele,8274726,0
Stanton,8274726,24
Moran,8274726,10
Crowder,8274726,14
Chan,8274726,8
Benton,8274726,8
Moto,8274726,6
Hamilton,8274726,11
Riggs,8274726,10
Elisa,13154268,4
Charon,13154268,21
Moloch,13154268,23
George,13154268,17
Dante,13154268,15
sar,13154268,23
Kumar,31549531,15
Ray,31549531,12
Verma,31549531,9
Ramachandran,31549531,6
Suri,31549531,9
Suk-gi,23288124,10
Spangler,4601985,17
Kirby,4601985,9
Valdez,4601985,24
Anderson,4601985,1
Fendly,4601985,5
Conti,4601985,17
Iolani,4601985,15
Gilmore,4601985,19
Nikki,4601985,2
Caruso,20671864,16
Francis,20671864,11
Davis,20671864,15
Libby,20671864,14
Barbara,3654363,23
Carter,3654363,18
Daphne,3654363,3
Alfred,3654363,6
Sweeney,3654363,3
Windborn,3654363,0
Gondorff,62440,6
Snyder,62440,17
Lonnegan,62440,6
Salino,62440,1
Harmon,62440,13
Luther,62440,18
Dan,62440,14
Erie,62440,14
Shaw,62440,4
Kelly,62440,17
Loretta,62440,15
Hooker,62440,3
Nance,693325,0
Ellen,693325,2
Duane,693325,20
Kovic,693325,3
Alexander,693325,17
Mitchell,693325,0
Stevensen,693325,11
Bob,693325,17
Blum,693325,0
Dave,693325,6
Bill,693325,18
Chandni,10893193,13
Sanjay,10893193,15
Vikram,10893193,14
Vijay,10893193,4
Gollie,2641298,12
Morse,2641298,9
Rudy,2641298,17
Hansen,2641298,17
McCoy,2641298,13
Harold,2641298,16
Benyon,2641298,23
Carol,2641298,6
Doc,2641298,6
Dave,30146066,6
Brown,30146066,6
Villarreal,9855233,8
Villiers,28550166,8
Marshall,28550166,9
Robin,28550166,1
Francis,28550166,9
David,28550166,21
Dudley,11245018,3
Tom,11245018,3
Jerry,11245018,16
Bala,7681861,0
Krishna,7681861,21
Bhairavi,7681861,21
Paolo,2735294,21
Nicole,2735294,21
Gianni,2735294,6
Rossi,2735294,0
Sixten,23315698,16
Mio,23315698,21
Lundin,23315698,12
Kato,23315698,1
Miramis,23315698,4
Bosse,23315698,21
Benke,23315698,9
Eno,23315698,6
Edna,23315698,10
Vijji,34322568,19
Vasu,34322568,21
Pooja,34322568,2
Gurukiran,32798069,10
Darshan,32798069,11
Nannen,267597,15
Willi,267597,9
Braun,267597,1
Lenz,267597,18
Knobel,267597,14
Martha,267597,19
Chacha,7443488,5
Kali,7443488,4
Tracy,24925008,13
Sheldon,24925008,5
Wendell,24925008,3
Johnson,24925008,16
Saunders,24925008,10
Quincy,24925008,6
Chris,24925008,21
Dorai,6575663,1
Kasi,6575663,23
Balu,6575663,23
Kick,18252824,22
Doolin,35786738,16
Doolan,35786738,7
Mathias,27722162,3
Scipion,27722162,15
Adrien,27722162,2
Adrienne,27722162,24
Papiano,27722162,8
Romilde,27722162,8
Rik,14548615,3
Daria,14548615,3
Shala,14548615,4
Sh,14939660,17
Yuki,14939660,23
Tetsu,14939660,17
Cynthia,12677727,4
Yorga,12677727,3
Ellen,12677727,4
Jennifer,12677727,3
Bruddah,12677727,20
Jason,12677727,23
Thomas,12677727,6
Baldwin,12677727,3
Madden,12677727,3
Tommy,12677727,23
O'Connor,12677727,23
Nelson,12677727,2
Sparrow,26800344,18
Adrien,8570240,3
Bobby,8570240,18
Brittany,8570240,3
Kelly,8570240,17
Thompson,8570240,17
Curtis,8570240,8
Lisa,12252981,2
Brooks,21996387,20
Ye,1468152,19
Derek,1468152,8
Bo,1468152,22
Li,1468152,4
Mohan,24481168,3
Chandra,24481168,3
Balu,24481168,12
Kantha,24481168,3
Thullum,19998244,15
Bijoy,19998244,3
Sonali,19998244,13
Keshtoda,19998244,17
Clooney,9110934,24
Rudy,9110934,12
Victor,9110934,3
Zuckerbrot,9110934,13
Gambola,9110934,15
Celia,9110934,3
Trabucco,9110934,20
Slavin,19653659,11
Glabb,19653659,5
Grisso,19653659,0
Yoshimoto,1334841,22
Shigeyuki,1334841,0
suke,1334841,15
Shinichi,1334841,5
Chikako,1334841,9
Duda,10402747,18
Lena,10402747,6
Brasil,10402747,7
Diamante,10402747,7
Mayah,10402747,19
Lau,37241569,19
Lee,37241569,13
Jenny,19684158,12
Diana,19684158,3
Oliver,19684158,14
Mongols,13310698,1
jin,13310698,6
Khan,13310698,16
rte,13310698,1
Targutai,13310698,4
Cha,26599546,17
Brunner,35395947,18
Colombani,35395947,24
Hanna,35395947,21
Amon,35395947,15
Jennifer,6802205,10
Stephen,6802205,3
Morgan-Thomas,6802205,21
Philip,6802205,3
Grainer,25922706,21
Irene,3342111,14
Girard,3342111,0
Casatti,3342111,0
Michele,3342111,23
Rishi,25348662,13
Nila,25348662,20
Brenner,1428132,10
Blitzer,1428132,15
Hemphill,1428132,19
Bannock,1428132,6
Ben,1428132,1
Irving,1428132,6
Josef,1428132,18
Coffie,1428132,16
Bevil,1428132,6
Harry,5566359,21
Melohn,5566359,12
Emily,5566359,6
Patterson,5566359,20
Mudgin,5566359,3
Helen,5566359,7
V,171005,9
Mansoor,26245265,19
Wright,25649956,1
Gigi,1107354,11
Kaneshiro,1107354,11
Sylvia,1107354,11
Mok,1107354,11
Chang,1107354,11
Xiao,1107354,16
Jaimal,18544488,10
Krishna,18544488,15
Bhojraj,18544488,9
Biramdev,18544488,14
Vikramajit,18544488,14
Meera,18544488,8
Roberts,21784819,3
Jean,21784819,9
Ann,21784819,6
Steve,21784819,16
Jimmy,21784819,3
Addie,21784819,17
Doris,21784819,8
Stanley,21784819,8
Winter,24859792,20
Jefferson,24859792,4
Elementor,24859792,17
Morphosos,24859792,23
Kat,24859792,4
Steel,24859792,18
Troy,24859792,2
Visu,25493478,21
Anjali,25493478,23
Ramachandran,34190594,18
Traynor,27500533,6
Barkley,27500533,3
Ted,27500533,22
Alice,27500533,21
Taynor,27500533,6
Moe,14746698,13
Shemp,14746698,4
Larry,14746698,4
Aaron,22776768,6
Ezri,22776768,21
Vaisben,22776768,9
Rivka,22776768,21
Vaiseben,22776768,9
Boxer,4318560,21
Bakri,33634176,1
Hasan,33634176,18
Guell,1222561,15
Eduardo,1222561,23
Gabriela,1222561,3
Elena,1222561,16
Abhijit,14640837,23
Ratnik,18580166,16
Trent,18580166,3
Editor,18580166,7
Lenny,5861532,20
Victor,5861532,6
Roberts,24032824,7
Joan,24032824,6
Frank,24032824,3
Hadley,24032824,6
Henderson,24032824,7
Jim,24032824,3
Stafford,24032824,22
Rogers,24032824,11
Allen,3824677,9
Anita,3824677,2
McWhinney,3824677,9
Crosby,3824677,6
Lowe,3824677,19
Rogers,3824677,9
Burns,3824677,0
Mona,3824677,6
Yutaka,1974799,6
Okada,1974799,18
Muto,1974799,2
Kohama,1974799,1
Shimizu,1974799,13
Taku,1974799,3
Yumi,1974799,6
Morisaki,1974799,2
Rikako,1974799,3
Matsuno,1974799,3
Alihabad,33878211,13
Charlie,2560840,24
Louie,26196521,6
Makhmalbaf,1886189,14
Ahankhah,1886189,7
Kiarostami,1886189,12
Sabzian,1886189,6
Wang,24186154,12
Jessica,362120,9
Tracy,362120,23
Lou,362120,0
Corinne,362120,3
Billy,362120,6
Robell,362120,10
Burns,362120,2
Smart,11096384,11
Lavinia,11096384,23
McGahan,11096384,18
Rajakkannu,12874379,1
shivan,12874379,3
Sathyan,12874379,14
Shivan,12874379,23
Thomman,12874379,0
Newton,30970148,11
Silva,30970148,20
Paul,23198700,23
Marcus,23198700,23
Viorne,23198700,13
Elise,23198700,9
Kaveri,5379346,23
Sukanya,5379346,13
Danush,5379346,14
Krishnaswamy,5379346,3
Dhanush,5379346,3
Ashim,19143032,1
Hari,19143032,18
White,1237381,2
Tracy,1237381,17
Tracey,1237381,14
Webber,1237381,11
Frank,1237381,20
Alice,1237381,3
Crewe,1237381,3
Jennifer,10979410,20
Flynn,10979410,14
Mertons,10979410,22
Wilbanks,10979410,16
Crampton,10979410,16
Steven,10979410,13
Post,10979410,6
Scott,10979410,19
Miller,4230540,18
Claire,4230540,2
Karla,4230540,3
Zachanassian,4230540,8
Healy,2737503,23
Louise,2737503,3
Carlson,2737503,3
Schmidt,2737503,7
Dietrich,26376459,16
Jones,26376459,17
Smith,26376459,24
Zander,26376459,9
Redvale,26376459,2
Ye,409754,9
Yu,409754,1
Handong,409754,21
John,409754,19
Zheng,409754,11
Jingping,409754,8
Li,409754,21
Sullivan,32873419,14
Camille,32873419,3
Lorenz,32873419,15
Zentradi,913762,21
Gena,913762,9
Victor,913762,22
Ingues,913762,9
Kanzaki,913762,16
Dazai,8534163,9
Selinentius,8534163,22
Melos,8534163,10
Nicolas,10003264,22
Min-soon,32357827,20
Jyuushinta,32357827,17
Gwanghae,32357827,17
Pyeong-ryung,32357827,24
Caldicott,2005355,13
Strick,2005355,3
Sadler,2005355,20
Wagner,2005355,18
Clark,2005355,0
Dorian,2005355,6
Steve,2005355,3
Mulligan,2005355,9
Rachel,2005355,17
Betty,2005355,4
Lindsay,2005355,7
Katherine,9673848,21
Simone,9673848,6
Bradley,9673848,11
Colins,9673848,2
Annabelle,9673848,3
Immaculata,9673848,20
Tillman,9673848,13
Lester,19685904,4
Raja,33192470,14
Ganguly,33192470,7
Shibhu,33192470,14
Khan,33192470,6
Shibu,33192470,17
Banerjee,33192470,13
Joy,33192470,24
Bhandari,4768915,7
Jana,4768915,4
Preston,61046,13
Armstrong,61046,9
Powell,61046,23
Sylvia,61046,3
Mary,61046,14
Jack,61046,13
Aaliyah,20117980,8
Navin,20117980,24
Mathur,20117980,0
Gayatri,20117980,1
Ma,20117980,24
Carter,8731626,15
Haydon,8731626,21
Gruen,8731626,14
Toby,61141,5
Johnny,61141,3
Ginny,61141,3
Favers,61141,5
Fox,61141,14
Joe,61141,3
Sally,61141,14
Jake,61141,22
Sr.,61141,11
Remus,61141,3
Luca,6545749,14
Janine,6545749,9
Michelle,6545749,6
Luke,6545749,6
Max,6545749,3
Catchadourian,6545749,13
Kendall,73412,2
Thornhill,73412,3
Leonard,73412,17
Townsend,73412,2
Vandamm,73412,17
Valerian,73412,23
Kaplan,73412,14
Williams,32894969,20
Howard,32894969,21
Wilson,32894969,18
Mabel,32894969,16
Jessie,32894969,15
Steve,9446254,3
Dan,9446254,19
Judy,9446254,2
Sahm,15203301,1
Cisco,15203301,21
Holland,15203301,17
Hess,7236362,7
Henry,73375,6
O'Connor,73375,19
Gordon,73375,13
Minnie,73375,17
Shelley,73375,15
Elizabeth,73375,3
God,73375,4
Ludwig,73375,3
Frankenstein,73375,3
Mary,73375,13
Hans,73375,2
Pretorius,73375,6
Devereaux,2637013,1
Mavis,2637013,3
Kilbourne,2637013,19
Harper,2637013,11
Mihajli,12157297,4
Zurakowska,12157297,15
Naschy,12157297,10
Droylaw,12157297,12
God,19009065,13
Maggie,6536909,9
Hoggett,6536909,8
Roger,6536909,9
Desiree,6536909,17
Flasher,6536909,7
George,6536909,22
Turpin,6536909,24
Harriet,6536909,3
Giles,6536909,12
Tom,6536909,13
Daley,6536909,9
Fancey,6536909,24
Desmond,6536909,0
Strapp,6536909,17
Ranjeet,18545794,2
Khanna,18545794,5
Aune,22447758,12
Rory,22447758,3
Becca,22447758,6
Marsh,22447758,10
Anderson,22447758,6
Judy,22447758,3
Russell,22447758,7
Scotty,22447758,17
Hamill,22447758,19
David,22447758,11
Katie,26211475,16
Barrington,26211475,20
Howard,26211475,18
Joe,26211475,6
McCullem,26211475,11
O'Dare,26211475,3
Webb,26211475,8
Madison,26211475,21
Leela,34327276,3
Chowdhry,34327276,13
Shankar,34327276,17
Shanthi,34327276,3
Arun,34327276,3
Anand,34327276,3
Jan,4187903,16
Karen,4187903,4
Curtis,4187903,15
Aylwood,4187903,20
Helen,4187903,9
John,4187903,10
Ellie,4187903,23
Lightfoot,1367143,3
Leary,1367143,10
Red,1367143,17
Goody,1367143,22
Dunlap,1367143,17
D'Souza,8656845,1
Dweepa,8656845,20
Duggajja,8656845,0
Laurel,7939594,10
Hammond,7939594,24
Forrester,7939594,14
Hardy,7939594,15
Minnie,7100264,23
Adeline,7100264,10
Mickey,7100264,6
Nipp,7100264,6
Seh,30571659,23
Taylor,30571659,11
Beng,30571659,6
Malek,5121746,22
Harumi,5270222,4
Mikami,5270222,4
Becca,16700486,15
Sharon,2010489,10
Jill,2010489,3
Tracy,2010489,21
Mandrakis,2010489,13
Stephen,2010489,17
Johnson,2010489,0
Duncan,2010489,3
Clifford,2010489,17
Benson,13786783,17
Juan,13786783,24
Palmer,13786783,7
MacArthur,13786783,20
Mitchell,13786783,19
Martinez,13786783,17
Jeanne,13786783,24
Miguel,13786783,8
Chuck,13786783,24
Sylvester,18847566,3
Granny,18847566,6
Indhu,36057870,23
Azhagarsamy,36057870,21
Leo,25130101,20
Menaka,33916206,3
Sanjeev,33916206,2
Varun,33916206,3
Ashwini,33916206,6
Collins,6432572,22
Simms,6432572,10
Parry,6432572,0
Danvers,6432572,9
Marsha,27542865,21
Graves,27542865,7
Joan,11342533,6
Jeannie,11342533,14
Tom,11342533,3
Jerry,11342533,24
George,11342533,2
Adelaid,1148228,21
Wesson,1148228,10
Katie,1148228,3
O'Hanlon,1148228,21
Freeman,1148228,12
Bill,1148228,3
Jane,1148228,9
Hickok,1148228,3
Gilmartin,1148228,6
Brown,1148228,8
Fryer,1148228,4
Adams,1148228,17
Mike,5316019,16
Jim,5316019,0
MacLaine,5316019,12
Danieli,24262101,18
Moretti,24262101,0
Hu,10688272,7
Hsun,10688272,5
Tang,10688272,12
Ma,10688272,12
Haruka,26550807,21
Pakhi,20540950,11
Jane,6131298,21
Shep,6131298,3
Fred,6131298,17
Beth,6131298,2
Kate,6131298,17
Martha,6131298,21
Gray,32129077,24
Sands,32129077,6
Berringer,32129077,9
Mallory,32129077,18
Bayless,32129077,23
Duttson,32129077,17
Murray,32129077,10
Myra,32129077,3
Croner,32129077,9
Kwan,9610735,24
Jane,9610735,9
Nick,9610735,18
Leaky,2198940,13
Doyle,2198940,3
Jen,2198940,9
Monique,2198940,9
Johnson,2198940,14
Bud,2198940,3
Ming,5590764,21
Robier,12526856,22
Borniche,12526856,6
Buisson,12526856,12
Blanka,5146327,22
Vera,5146327,22
Irene,5146327,21
Melusine,5146327,10
Hidalla,5146327,4
Allen,19612707,6
Ravic,6296845,18
Madou,6296845,8
Haake,6296845,18
Alex,6296845,16
Keith,11089978,17
Merrick,11089978,6
Gray,11089978,23
Shear,11089978,22
Ann,11089978,3
Roden,11089978,6
Dan,11089978,4
Vadivelu,4769950,5
Murali,4769950,6
Reich,20517255,8
Saxon,26221272,23
Wolff,26221272,23
Tom,11993757,23
Jerry,11993757,21
Woodward,1957324,18
Williams,1957324,8
Lomart,1957324,2
Milton,1957324,18
McShane,1957324,0
Reed,1957324,5
Ernie,3787708,18
Spinelli,3787708,17
Steve,3787708,4
Fern,3787708,6
Benny,3787708,3
Pritchett,3787708,11
Charlie,3787708,0
Laurie,3787708,5
Tommy,3787708,14
Hamilton,3787708,0
Bronson,1880706,4
Resnick,1880706,7
Lynn,1880706,15
Glover,1880706,11
Philip,1880706,8
Duke,1880706,0
Carter,1880706,24
Johnny,1880706,15
Rosie,1880706,10
Stegman,1880706,10
Porter,1880706,6
Carter,33100038,17
Wright,33100038,17
Autry,33100038,17
Jerry,33100038,4
Mitchell,33100038,17
Joe,33100038,3
Pete,33100038,21
Woods,33100038,9
Gene,33100038,17
Chadwick,33100038,12
Lucas,33100038,14
Helen,33100038,6
Lucy,1048695,3
Helsing,1048695,17
Mina,1048695,17
Dracula,1048695,4
Seward,1048695,13
Harker,1048695,17
Renfield,1048695,8
Netramani,19996811,2
Harabou,19996811,2
Pradhan,19996811,2
Mishra,19996811,18
Chakadi,19996811,2
Aadhi,23848853,5
Pallod,23848853,24
Simon,23848853,17
Bredon,12231265,17
Cantrell,12231265,6
Michael,12231265,14
Emily,12231265,6
Casey,12231265,13
Cherif,34983972,7
Alia,34983972,0
Zohra,34983972,6
Grant,26018309,0
McComb,26018309,6
Beck,26018309,3
Sweeney,26018309,20
Stanley,26018309,6
Porter,26018309,7
Formby,3834816,0
Garrett,11517830,16
Jo,11517830,18
Blair,11517830,15
Natalie,11517830,6
Bonner,11517830,20
Tootie,11517830,9
Tisha,11517830,19
Dorothy,11517830,15
Jamie,11517830,13
Fanny,10608687,14
Cesar,10608687,22
Marius,10608687,6
Erdem,29052883,21
Sevil,29052883,19
Ken,18367834,20
Susan,18367834,19
Gil,18367834,17
Richard,217825,7
Justine,217825,3
Dada,25054414,13
Dasu,25054414,13
Gandhi,25054414,21
Krishnavani,25054414,6
Krishnaveni,25054414,19
Karp,1317987,11
Burke,1317987,10
Terry,1317987,16
Sally,1317987,23
Jack,1317987,3
Oliver,28814788,21
Anna,28814788,19
Sylvester,15843050,21
Junior,15843050,13
Jr.,15843050,3
Spike,3957383,12
Thicknose,3957383,7
Paul,23266073,15
Laurin,23266073,5
Penny,23266073,6
Ham,23266073,12
Hancock,23266073,18
Phipps,23266073,6
Martin,23266073,24
Turcotte,23266073,5
Chenery,23266073,0
Ronnie,23266073,6
Matilda,23266073,18
Hollis,23266073,15
Klaha,10400208,6
Earl,10400208,3
Mana,10400208,3
Dracula,10400208,1
Cecil,10400208,3
Seema,29530341,6
Verma,29530341,16
Kailash,29530341,17
Sharma,29530341,4
Shanno,29530341,2
Vikram,29530341,0
Morrison,18893008,3
Maria,18893008,21
Hansen,18893008,8
Bobby,18893008,20
Mariko,18893008,14
Jones,18893008,4
Jesus,18893008,13
Bonita,18893008,10
McGee,26230441,7
Wood,26230441,12
Hilary,26230441,16
Marge,26230441,17
Jerry,26230441,12
Gildersleeve,26230441,6
Horton,26230441,4
Fibber,26230441,3
Molly,26230441,21
Patterson,26230441,19
Cudahy,26230441,8
Bergen,26230441,6
Julie,26230441,6
McCarthy,26230441,6
Ram,11335331,13
Dharmesh,11335331,6
Robin,14883225,17
Reeves,14883225,6
Geronimo,5872413,24
Cicero,299016,4
Schultz,299016,9
Williams,299016,12
Dwyer,299016,8
Madden,299016,3
Vincent,299016,14
Dixie,299016,11
Rhodes,299016,4
Bouvet,3398681,4
Reginald,3398681,19
Chan,20666019,10
Peter,16635453,19
Rajid,11993026,14
Charles,11993026,13
Emmanuelle,11993026,6
Eddie,11993026,24
Foster,11993026,18
Amanda,13053911,19
Feldman,13053911,22
Chelsea,13053911,0
Miller,13053911,12
Jason,13053911,3
Clay,13053911,3
Nolan,13053911,17
Lawrence,13053911,9
Bree,13053911,9
Jenna,13053911,3
Voorhees,13053911,12
Mike,13053911,17
Whitney,13053911,4
Daffy,31070456,3
Meek,31070456,3
Logan,33895664,13
Tyler,33895664,3
Vitelius,19219383,4
Bledsoe,19859820,15
Louise,19859820,9
Lorie,19859820,3
Ed,19859820,3
Brindel,19859820,18
Chandu,6003967,3
Shalini,6003967,10
Swapna,6003967,2
Lakshmi,6003967,2
Raghuveer,6003967,17
Anand,6003967,21
Stefanie,6371775,13
Ungar,6371775,18
Levinson,1150634,21
Trenton,26889303,9
Beti,32742302,11
Shankar,32742302,18
Bauer,2279610,17
Rough,2279610,9
Barlow,2279610,1
Bella,2279610,13
Mallen,2279610,21
Lane,2712122,5
Zazel,2712122,1
Hefner,2712122,13
Gilles,2712122,22
Deray,2712122,18
LaMarca,2712122,8
Vinni,2712122,3
Romero,2712122,19
Ganguly,1743335,12
Feluda,1743335,23
Topshe,1743335,9
Soumitra,1743335,0
Yoshiharu,3676302,22
Yakuji,3676302,0
Tsuda,3676302,14
Kojima,3676302,6
Hizuru,3676302,21
Yuri,26973998,2
Reji,17287592,12
Thresia,17287592,3
Neil,129493,15
Todd,129493,17
Perry,129493,3
Nolan,129493,22
Keating,129493,6
Moreau,16469085,16
Claudy,16469085,3
Sokol,16469085,12
Spirou,16469085,6
Fabio,16469085,6
Lorna,16469085,3
Danny,2056500,4
Sigliano,2056500,24
Hughes,2056500,11
Anna,2056500,8
Center,2056500,11
Montoya,2056500,7
Costanzo,2056500,20
Gonzales,2056500,14
Holmes,20635941,17
Adair,20635941,22
Moriarty,20635941,12
Watson,20635941,13
Mara,24414526,3
Rocky,24414526,2
Linda,24414526,6
Warren,24414526,6
Charlie,24414526,2
Jonas,24414526,3
Billie,24414526,17
Jude,286836,21
Arabella,286836,14
Juey,286836,17
Bridehead,286836,5
Fawley,286836,11
Phillotson,286836,14
Sue,286836,6
Vane,20249083,9
Bosley,20249083,23
Preston,20249083,6
Pleshette,20249083,3
Arnett,20249083,14
Alexandra,20249083,6
Reilly,20249083,6
Sloper,14137409,6
Penniman,14137409,11
Catherine,14137409,21
Townsend,14137409,6
Almond,14137409,22
Lavinia,14137409,14
Fillmore,12425697,17
Dink,12425697,7
Tom,12425697,6
Judy,12425697,6
John,12425697,1
Yoshiyama,34025191,12
Mizorogi,34025191,19
Fukamachi,34025191,2
Asakura,34025191,12
Akari,34025191,16
Michael,3742599,14
Alex,3742599,24
Barry,2170326,2
Fisher,2170326,8
Glover,2170326,1
Quickly,3079162,3
Blatherwick,3079162,21
Evangeline,3079162,4
Eric,3079162,9
Chrissy,3079162,15
Sebastian,3079162,9
Cedric,3079162,6
Lily,3079162,9
Brown,3079162,3
Simon,3079162,6
McPhee,3079162,21
Pension,12199287,8
Lise,12199287,13
Walter,12199287,3
Mendelssohn,12199287,17
Clara,12199287,1
Lloyd,12199287,15
Taber,12199287,13
Boyd,12199287,12
Carla,12199287,6
Schroeder,12199287,6
Chris,12199287,3
Henke,12199287,20
Lucy,32420843,3
Ben,32420843,1
Adrian,152328,18
Mickey,152328,21
Lang,152328,3
Kumar,27930342,6
Ram,27930342,11
Jaffrey,27930342,24
Shabnam,27930342,4
Jagrathan,27930342,1
Ansari,27930342,12
Saraswati,27930342,15
Mohanlal,27930342,19
Fraser,2552048,10
Gregory,2552048,21
Red,2552048,18
Gardner,2552048,5
Vanning,2552048,17
Marie,2552048,2
John,2552048,16
Felix,34529242,3
Rien,361135,5
Spiker,18927989,13
Cobakka,18927989,13
Sangeeta,12332323,0
Nagase,7834545,3
Nami,7834545,13
Hideki,7834545,3
Laila,5720183,12
Raza,5720183,19
Khan,5720183,16
Satvinder,5720183,6
Al-Fayed,5720183,9
Alvira,5720183,6
Thukral,5720183,17
Singh,5720183,24
Rikki,5720183,11
Tussauds,5720183,16
Franz,2643816,3
Bris,2643816,16
Hitler,2643816,1
Bloom,2643816,6
Bialystock,2643816,11
Ulla,2643816,22
Max,2643816,6
Marks,2643816,7
Liebkind,2643816,11
Holm,11635934,19
Segert,11635934,12
Magnus,11635934,4
Gustav,11635934,6
Kristiansdotter,11635934,17
Vera,11635934,16
Torsten,11635934,6
Ingrid,11635934,23
Anna,11635934,3
Lars-Erik,11635934,23
Paulson,11635934,11
Tim,26779875,23
Ramona,26779875,21
Bunny,26779875,20
Marni,26779875,6
Mark,26779875,6
Olsen,26779875,1
Sullivan,26779875,10
Charlie,26779875,18
Phillips,26779875,21
Helen,26779875,4
Joanna,26779875,3
Komal,9057875,6
Suraj,9057875,3
Vaijanti,9057875,20
Singh,9057875,0
Chaudhary,9057875,22
Tom,9136894,23
Jerry,9136894,23
Mammy,9136894,3
Peck,30913159,17
David,30913159,13
Susan,30913159,21
Gaddo,15182776,7
Linus,15182776,7
Banning,15182776,17
Barr,15182776,15
Patton,15182776,20
Young,15182776,11
McDermot,15182776,6
Klem,18476528,13
Hoy,18476528,20
Pertureta,13366886,16
Gloria,13366886,6
Noruego,13366886,18
Eva,13366886,5
Santana,13366886,17
Capuano,13366886,17
Chun,2400883,3
Yau,2400883,2
Yiu,2400883,23
Siu-Chee,2400883,3
Kam-Sing,2400883,6
Po-Sing,2400883,15
Peter,2084027,20
Werdegast,2084027,23
Alison,2084027,4
Poelzig,2084027,9
Walker,6331931,14
Lucy,3990824,3
Applegate,3990824,6
Pamela,3990824,16
Hill,3990824,11
Susan,3990824,6
Kirby,3990824,1
Osborne,3990824,22
Philip,3990824,6
Santhanam,20694087,13
Goutham,20694087,6
Shakthi,20694087,3
Sreejith,20694087,21
Raasu,20694087,13
Kamala,20694087,19
Anjali,20694087,3
Gautham,20694087,13
Martel,19296306,22
Josette,19296306,19
Banat,19296306,17
Stephanie,19296306,2
Graham,19296306,7
Haki,19296306,16
Pooja,17484937,3
Vishal,17484937,6
Arun,17484937,6
pooja,17484937,21
Lekhraj,17484937,6
Tim,21196762,17
Richard,21196762,17
Franklin,21196762,16
Earle,21196762,10
Grunsky,21196762,10
Grunskys,21196762,24
Pete,21196762,12
Anderson,21196762,5
Belz,21196762,17
Louie,21196762,3
Duke,21196762,4
Losseray,11737750,13
Jane,11737750,2
Berg,11737750,17
Chelsea,33279717,4
Franklin,33279717,0
Jason,33279717,17
Jamarcus,33279717,17
Abby,33279717,2
Trautwig,33279717,3
Bob,33279717,17
Jimmy,14570884,0
Bennett,14570884,4
Mikey,14570884,2
Kamal,11143131,15
Haasan,11143131,2
Laura,33463393,6
Angelini,33463393,2
Tony,33463393,17
Bradley,33463393,6
Sherman,33463393,13
Jordan,33463393,15
Henderson,33463393,22
Angell,33463393,6
Aline,33463393,17
Ruth,33463393,21
Mary,33463393,13
Willy,28622004,23
Gooby,28622004,13
WuNeng,6309664,24
Meiyan,6309664,18
Tripitaka,6309664,6
Kaliyuga,26145440,13
Purusha,26145440,12
Vishnu,26145440,17
Srinivasa,26145440,14
Padmavathi,26145440,21
Swafford,16596475,19
Silver,16596475,17
Twatt,16596475,17
Carl,16596475,4
Quentin,16596475,1
Dormandy,16596475,5
Marianne,16596475,20
Bob,16596475,8
Kavanagh,16596475,0
Dave,16596475,0
Kevin,16596475,15
Denning,7571304,1
Cameron,7571304,1
Meg,7571304,20
Pappu,33568157,20
Michael,28875276,5
Clare,28875276,14
Davies,28875276,21
Bill,28875276,0
Arthur,6954737,10
Superman,6954737,17
Allen,6954737,3
Jordan,6954737,3
Jones,6954737,11
Sur,6954737,0
Diana,6954737,21
West,6954737,1
Flagg,6954737,10
Hal,6954737,4
Batman,6954737,3
Marx,6954737,15
Grodd,6954737,24
Flag,6954737,20
Strange,6954737,9
Lane,6954737,8
Blake,6954737,19
Ghul,6954737,22
Manhunter,6954737,7
Bradley,6954737,23
Ferris,6954737,21
Morris,6954737,1
Darkseid,6954737,9
Erdel,6954737,6
Sivana,6954737,20
Slam,6954737,23
Martian,6954737,4
Lois,6954737,18
Morgan,6954737,24
Leiter,6954737,22
Heard,6954737,11
Carol,6954737,17
Faraday,6954737,17
Magnus,6954737,24
Palmer,6954737,21
Robin,6954737,19
Iris,6954737,23
Ayoub,31738570,6
Pitt,31738570,21
Wilson,31738570,18
Douglas,2698486,3
Grant,2698486,12
Po,2698486,3
Kozak,2698486,3
Josh,2698486,3
Carly,2698486,13
Dave,2698486,5
Rebecca,2698486,8
Darrode,28199697,17
Rey,28199697,2
Claire,28199697,16
Thompson,28199697,12
Prasad,21513166,15
Rao,21513166,19
Allipilli,21513166,6
Shirley,11366102,12
Leonard,11366102,7
Barrett,11366102,24
Monck,11366102,0
Boyd,11366102,1
Floyd,11366102,23
Story,11366102,11
Layne,11366102,14
Mini-Zurg,32804975,23
Bonnie,32804975,6
Lightyear,32804975,23
Mini-Buzz,32804975,3
Linda,647756,6
Emery,647756,8
Carradine,647756,9
Parker,647756,9
Lee,647756,23
Shannon,647756,22
Kune,647756,7
Bruce,647756,3
Sun,647756,13
Tan,647756,1
Show,647756,1
Brandon,647756,22
Krieger,647756,6
McGee,32656203,17
Henton,32656203,17
Shorty,32656203,2
Margot,32656203,13
Malte,9100699,16
Barbel,9100699,13
Holliday,74978,0
Carter,74978,4
Wyatt,74978,0
James,74978,3
Jenna,28002897,6
Dante,28002897,3
Ethan,28002897,23
Liam,28002897,23
Schmadtke,1012024,11
Rob,1012024,3
Betty,1012024,3
Jane,44122,13
Cooper,44122,20
Barbara,44122,11
Burnham,44122,21
Hayes,44122,15
Carolyn,44122,8
Angela,44122,6
Fitts,44122,11
Ricky,44122,6
Henry,9310175,23
Pussini,9310175,16
Heathcliff,9310175,3
Fogg,5377926,4
Carter,5377926,9
Cavendish,5377926,23
Joe,5377926,11
III,5377926,15
Albin,25015679,24
Banerjee,8809789,9
Srivastava,8809789,17
Ahmed,76385,3
Belcher,76385,12
al-Rashid,76385,12
Williams,11196083,20
Clayton,11196083,9
Toula,34750611,11
Alassane,34750611,18
Aravindan,31647083,3
Jones,15167247,7
Wu,15167247,18
Fraser,21043028,1
Fathom,21043028,18
Harvill,21043028,5
Eric,32849281,21
Lexi,32849281,14
Frank,32849281,20
Cheryl,32849281,3
Johanna,32849281,10
J.J.,32849281,0
Joe,28269074,6
Sally,28269074,6
Harry,28269074,11
Julian,14055139,3
Sarah,14055139,13
Manja,29467195,0
Joti,29467195,24
Radhakrishna,29467195,0
Verrechia,29467195,11
linand,28529436,14
Piggy,33572277,3
Heiter,24642031,17
Kranz,24642031,3
Jenny,24642031,4
Katsuro,24642031,14
Lindsay,24642031,4
Voller,24642031,11
Kluba,2123755,7
Goldberg,2123755,11
Bodhi-Dharma,14914760,2
Bodhidharma,14914760,22
Heijin,14914760,3
Gordon,6203432,5
Quinn,6203432,20
Wayne,6203432,9
Dawkins,2507687,2
Brownlow,2507687,4
Oliver,2507687,21
Sowerberry,2507687,7
Bill,2507687,21
Noah,2507687,1
Fagin,2507687,11
Sikes,2507687,0
Crackit,2507687,7
Nancy,2507687,17
Emily,10420250,5
Nick,10420250,16
Teresa,10420250,19
Brown,10420250,7
Gonzales,28128839,13
Annette,5313828,5
Baere,5313828,20
Coray,5313828,9
Hathaway,5313828,14
Raoul,5313828,4
Sathya,19485814,3
Udayamoorthy,19485814,2
Sukanya,19485814,23
Udhayamoorthy,19485814,12
Meenakshi,19485814,10
Ezhumalai,19485814,23
Kandadasamy,19485814,19
Bert,29089638,23
Lily,29089638,8
Charles,7262306,12
Henry,13810029,17
William,13810029,20
Waldman,13810029,21
Victoria,13810029,6
Frankenstein,13810029,11
Gore,13810029,22
Sethu,20259767,22
Madhavan,20259767,20
Singh,20259767,19
Sreenivasan,20259767,3
Beckdorff,21080658,14
Hoyt,21080658,24
Marie,21080658,8
Blanco,21080658,0
Saunders,8465073,14
Baio,8465073,16
Angelo,31558295,9
Angelito,31558295,22
Santos,31558295,8
Trish,18752398,6
Addison,18752398,20
Abby,18752398,6
Cliff,18752398,3
Shayne,1055089,11
Neal,1055089,1
Sinclair,1055089,12
Oliver,25871790,23
Thor,25871790,15
Stella,25871790,3
Hunter,25871790,10
Lorelei,25871790,2
Smith,25871790,21
Blumenthal,733901,3
Monty,733901,6
Whitman,733901,1
Courtney,733901,17
Pitkannan,733901,12
Frank,733901,6
Kessler,733901,15
Hawkes,733901,20
Jeff,733901,6
Wilder,733901,19
Simon,733901,6
Everett,733901,2
Eddie,6257968,8
Kelp,5080099,1
Greenberg,5080099,23
Dortmunder,5080099,6
Amusa,5080099,17
Murch,5080099,15
Angus,9132395,2
Moss,10491313,22
Jhanvi,32944042,14
Raghuvanshi,32944042,18
Dilli,32944042,17
Pratap,32944042,24
Tomar,32944042,19
Sonu,32944042,3
Homer,5099214,17
Harry,5099214,8
Greener,5099214,14
Tod,5099214,4
Hackett,5099214,10
Sims,61531,9
Maitland,61531,12
Linda,61531,15
Shaw,61531,8
Hamilton,61531,20
Kay,61531,14
Terry,61531,6
Catherine,61531,6
Luther,61531,5
Powell,61531,21
Jean,61531,3
Randall,61531,10
Osborne,61531,9
Annie,61531,14
Kurukulasoorya,22486576,17
Jayaratne,22486576,8
Kumari,22486576,4
Savitri,13509822,4
Junior,13509822,10
Gama,13509822,2
Bhargav,13509822,17
Avinash,13509822,15
Vikram,13509822,2
Madgett,412314,2
Hill,412314,11
Plowright,412314,8
Colpitts,412314,10
Jason,22311056,4
Guy,357186,17
Lusignan,357186,12
tillon,357186,19
Chancellor,357186,16
Godfrey,357186,17
Balian,357186,4
Baldwin,357186,13
Messina,357186,4
Raynald,357186,21
Saladin,357186,17
King,357186,15
Maggie,596701,2
Joel,596701,17
Steve,596701,17
Harley,596701,3
Tracey,596701,23
Pumpkinhead,596701,17
Billy,596701,15
Chris,596701,3
Koehler,18089658,9
Juamer,18089658,3
Krishna,30010069,14
Thekkilakaadan,30010069,13
Sooryanarayanan,30010069,23
Simon,30010069,19
Sica,3617741,24
Canali,19067593,22
Jackson,19067593,1
Frank,19067593,5
Dave,19067593,21
Travolta,19067593,11
Ali,1700429,9
Maria,1700429,16
Juan,15715548,14
Ana,15715548,1
Juanito,15715548,13
Gloria,15715548,13
Franco,15715548,10
Oliver,17046096,7
Fagin,17046096,7
Jessika,25941085,23
Caro,25941085,23
Jessica,25941085,3
Bressard,2307224,10
Grayson,2307224,3
Marotta,2154540,15
Pearl,2154540,11
Pamela,2154540,19
LaGuardia,2154540,10
Antonio,12593100,13
Cano,12593100,16
Jane,29868894,14
Morrison,29868894,21
O'Shea,29868894,5
Short,29868894,8
Parry,29868894,21
Judd,29868894,17
Fox,10776318,7
Lee,27025746,4
Jamie,27025746,18
Tia,27025746,19
Sarah,14991953,3
Barbara,2918925,11
Boner,2918925,22
Martina,2918925,21
Deery,2918925,23
Dawson,2918925,9
Arnold,2918925,17
Hardy,2918925,18
Bhakthi,29886492,22
Krishna,29886492,13
Satyabhama,29886492,1
Rukmini,29886492,21
Gopi,31673401,3
Kidwai,31673401,16
Zoya,31673401,24
Shenoy,31673401,23
Darnay,7077556,12
Manette,7077556,11
Kumari,21642375,4
Gunaratne,21642375,21
Fonseka,21642375,15
Fernando,21642375,2
Francis,21642375,16
Cleopatra,6306849,6
Augustus,6306849,13
Arsinoe,6306849,23
Octavian,6306849,17
Ptolemy,6306849,7
Caesar,6306849,3
Antony,6306849,0
Kamini,31386439,21
Sundar,31386439,4
Raja,31386439,21
Rani,31386439,21
Lebrand,73402,6
Sullivan,73402,3
Beckstein,73402,24
Craven,13911693,16
Lennox,13911693,13
Roper,13911693,24
Dickon,13911693,6
Manor,13911693,1
Colin,13911693,9
Mary,13911693,22
Martin,33417649,23
Tania,33417649,5
Juliet,8729953,17
Ash,8729953,21
Doyle,8729953,15
Kate,8729953,6
Mariell,8729953,19
Robert,8729953,15
Lowe,8729953,16
Christina,8729953,13
Simon,8729953,20
David,8729953,3
Du-han,14580338,20
Sparky,286830,18
Dear,286830,19
Reggie,286830,24
Angel,286830,3
Buster,286830,6
Simin,30547958,21
Nader,30547958,3
Hodjat,30547958,14
Termeh,30547958,6
Razieh,30547958,3
Travis,5523821,6
Kavita,3195590,13
Sahai,3195590,22
Abhir,3195590,2
Viren,3195590,3
Khan,3195590,23
Bhatia,3195590,21
Aryan,3195590,3
Shekhar,3195590,17
Britton,98164,12
Smith,98164,3
Janet,98164,9
Schuller,98164,9
Hamper,98164,1
Boone,98164,6
Ross,98164,8
Bryant,98164,9
Blanc,98164,9
Reagan,98164,12
Moore,98164,6
Eubanks,98164,17
White,833502,5
Dalesio,833502,6
Tito,833502,17
Jennifer,833502,2
Clay,833502,17
Bishop,833502,17
Gilley,833502,17
Flanigan,833502,17
Frank,833502,3
Jump,833502,24
Wong,833502,24
Hagman,6122396,20
Ewing,6122396,16
Jacobs,6122396,15
Digger,6122396,15
Wilson,6122396,9
Garrison,6122396,15
Lewis,6122396,9
Barbara,6122396,19
Barnes,6122396,12
Ellie,6122396,9
Vorde,33390824,22
Nephilim,33390824,20
Douglas,16362307,14
Moore,16362307,5
Srikanth,16362307,23
Nasser,16362307,5
Hemamalini,16362307,10
Namitha,16362307,8
Sridhar,16362307,19
Cheburashka,23767378,7
Shapoklyak,23767378,4
Clum,22287758,11
Sweeney,22287758,15
Dennison,22287758,13
Jageera,6139398,24
Puri,6139398,10
Rajan,6139398,12
Sandhya,6139398,13
Judith,13048288,17
Vernon,13048288,22
Ray,13048288,22
Daisey,13048288,17
Grey,13048288,3
Bardo,13048288,2
Thomerson,13048288,2
Attack,13048288,23
Zombietoid,13048288,17
Brick,13048288,3
Behr,13048288,15
Ronnie,20254951,10
Esther,26430631,16
Amanda,26430631,9
Nell,26430631,8
Edward,26430631,2
Kuro,10918489,8
Shiro,10918489,10
Buddy,3336243,6
Dolinski,3336243,14
O'Rourke,3336243,3
Jerry,3336243,3
Costello,3336243,8
Mitchell,3336243,0
Revell,3336243,17
Duker,3336243,3
Franny,3336243,9
Kym,18678217,3
Abby,18678217,3
Ethan,18678217,23
Johnson,21779605,22
Harrison,21779605,0
Mimi,21779605,12
Julia,21779605,20
McCartney,21779605,14
Sanjay,8150464,21
Hamsa,8150464,21
Vahini,8150464,20
Moe,14407892,17
Gar,14407892,21
Larry,14407892,17
Bedford,14407892,6
Norah,14142753,6
Rose,14142753,3
Joe,14142753,3
Mac,14142753,6
Lorkowski,14142753,10
Lynn,14142753,15
Oscar,14142753,15
Arturo,19914290,5
Magaly,19914290,3
Monroe,19914290,9
Mannigoe,26180482,5
Stevens,26180482,24
Fred,9885736,3
LaFleur,9885736,3
Jeffries,9885736,3
Chillman,9885736,6
Daphne,9885736,3
Del,9885736,23
Minga,9885736,3
Scooby,9885736,3
Velma,9885736,17
Sen,716924,0
Duryodhana,716924,8
Ahuja,716924,19
Chopra,716924,6
Srivastav,716924,17
Anarkali,716924,21
D'Mello,716924,1
Shobha,716924,6
Mishra,716924,14
M,32043404,6
Lydia,32043404,6
Mahldorf,32043404,20
Fritz,32043404,22
Ajay,8723567,13
Sonia,8723567,7
Desai,8723567,1
Subodhbhai,8723567,21
Anand,8723567,19
Gabriel,22465629,19
Jacques,22465629,12
Saint-Exup,22465629,15
Crockett,22465629,8
Paras,33186788,3
Senapati,33186788,8
Mayanagri,33186788,20
Jordan,8780871,19
Peter,8780871,2
Rommel,8780871,5
Willie,8780871,8
Stan,8780871,8
Henry,21673036,9
Angelica,21673036,0
Queen,21673036,19
Raul,21673036,7
Aramis,21673036,17
Anne,21673036,5
Dean,3520906,5
Rollins,3520906,11
Andrew,3520906,6
Andrea,3520906,6
Carson,3520906,0
Talon,3520906,14
Henderson,3520906,4
Edward,3520906,3
Andy,3520906,15
Garrity,33224351,0
Brink,33224351,12
Jack,33224351,23
Williams,72317,23
Rita,72317,24
Maia,72317,13
Edwin,72317,17
Carlson,72317,13
Lucas,72317,6
Thompson,72317,3
Powell,24161186,11
Seung-wan,12373270,1
Mike,7583313,24
Goldwyn,7583313,16
Varghese,16329884,13
Zahira,16329884,21
Gopinath,16329884,13
McGuire,22276357,21
Blaine,22276357,24
Dunham,1801788,19
Steve,1801788,21
Jack,1801788,5
Laurie,1801788,19
Young,1801788,14
Milner,1801788,23
Paul,2982322,14
Lewis,2982322,14
Rachel,2982322,24
Esther,2982322,6
Wheeler,2982322,23
Dollof,2982322,10
Nasagawa,2301542,2
God,2301542,6
Hikawa,2301542,6
Yumi,2301542,3
Yuichi,2301542,3
Garance,754810,3
Alan,754810,0
Funambules,754810,1
rick,754810,3
Baptiste,754810,3
Lacenaire,754810,3
Avril,754810,18
Montray,754810,4
Pierrot,754810,22
Debureau,754810,5
Nathalie,754810,21
Myrlie,6640126,12
Beckwith,6640126,5
Rollins,6640126,11
Evers,6640126,16
Amy,74011,2
Miller,74011,6
Ram,74011,12
Kane,74011,6
MacDonald,74011,0
Pierce,74011,17
Jack,74011,11
Fuller,74011,15
Fowler,74011,11
Pell,74011,4
Colby,74011,11
Ley,23556517,17
Hitler,23556517,1
Vogelsang,23556517,1
Himmler,23556517,11
Schweick,1864142,10
Grassi,24051596,9
Thomas,24051596,9
Doremus,24051596,13
Liang,24051596,6
Vance,24051596,6
MacDonald,24051596,18
Coe,24051596,17
Wrede,24051596,3
Markham,24051596,17
Conroy,24051596,24
Lake,24051596,20
Delafield,24051596,8
Pinsetter,8379031,7
Haskell,4357997,14
Forbes,4357997,1
Beth,4357997,17
Keane,4357997,10
Whitey,4357997,24
Vern,4357997,3
Kinch,4357997,12
Altar,4357997,21
Gunder,4357997,22
Pavalayi,31390744,23
Annan,31390744,15
Sankar,31390744,15
Gounder,31390744,17
Rakki,31390744,24
Muthayi,31390744,23
Thamarai,31390744,14
Nellaiyankondan,31390744,13
Mandhiyappan,31390744,21
Mannan,31390744,12
Malaikozhundhu,31390744,1
Ponnar,31390744,14
Mayavar,31390744,8
Premachandran,10536562,13
Sivan,10536562,2
Master,10536562,21
Manikandan,10536562,20
Kanmani,10536562,13
Kumari,10536562,2
Chettiyar,10536562,6
Siddique,10536562,13
Jeremy,8769475,22
Zita,8769475,23
Harold,8769475,3
Sr.,8769475,6
Vanessa,13377940,3
Morgan,13377940,7
Sammie,13377940,3
Boone,13377940,3
Nathaniel,13377940,3
Marco,13377940,5
Lori,13377940,3
Jim,13377940,3
Eggar,13377940,10
Mike,13377940,17
Margaret,13377940,21
Melanie,13377940,17
Reddy,25524572,6
Marianne,19400383,13
Ozma,27906724,6
Tik-Tok,27906724,14
Gale,27906724,15
Billina,27906724,6
Dorothy,27906724,6
Jesus,73405,6
Ferdinand,73405,9
Joe,9016532,0
Sergio,9016532,1
Jennifer,8908857,1
Stingray,8908857,5
Anna,8908857,19
Jones,8908857,15
Mike,8908857,17
Mary,8908857,4
DiMarco,8908857,23
Kristi,8908857,17
Koch,1149303,10
Thorne,1149303,18
George,32790377,11
Lucy,32790377,19
Jessel,36353890,1
Stella,36353890,19
Bennett,36353890,5
Tanguay,36353890,1
McCoy,36353890,6
Eva,36353890,16
Woods,36353890,20
Larry,36353890,20
Ziegfeld,36353890,7
Gigi,13229264,21
Janine,13229264,21
Beth,13229264,6
Anna,13229264,6
Conor,13229264,6
Javier,13229264,1
Paige,13229264,4
Connolly,13229264,4
Ben,13229264,6
Mary,13229264,21
Neil,13229264,17
Alex,13229264,14
Raja,2279228,14
Aarti,2279228,16
Sahai,2279228,21
Arora,2279228,1
Anjali,2279228,13
Aditya,2279228,19
Wallace,3229348,23
Betty,3229348,0
Alicia,3229348,3
Laura,22645057,24
Tump,22645057,4
Abeltje,22645057,20
Brown,5334183,18
Lucy,5334183,6
Leland,5334183,10
Jacobson,11395467,11
Makie,33956127,19
Yazaki,33956127,3
Haruko,33956127,24
Takeo,33956127,3
Pender,14199991,0
Martel,14199991,6
Strand,14199991,9
Mitchell,14199991,11
Armstrong,14199991,11
North,14199991,6
Hutchins,14199991,6
Bradford,14199991,17
Paula,14199991,3
Summers,14199991,7
Prentiss,14199991,5
Marie-Anne,26737131,3
Marie-Catherine,26737131,22
Catherine,26737131,3
Bluebeard,26737131,6
Phillips,20969450,24
Holly,20969450,21
Karuppu,15103801,16
Natesan,15103801,6
Jayaram,15103801,17
Sneha,15103801,16
Ramalingam,15103801,0
Haley,4427187,23
Carroll,4427187,3
Tallant,21606370,2
Gilbert,21606370,4
Benjam,28904914,0
Benny,28904914,16
Lane,18957939,1
Kitty,18957939,3
Forbes,18957939,1
Livingston,18957939,3
Helen,18957939,6
David,18957939,16
Vic,6128816,21
Keese,6128816,14
Enid,6128816,12
Elaine,6128816,13
Ramona,6128816,21
Fred,11091446,3
Teola,11091446,6
Jordan,11091446,17
Frederick,11091446,6
Graves,11091446,13
Skinner,11091446,13
Letts,11091446,23
Tess,11091446,23
Elias,11091446,6
Chet,12122757,17
Rollins,12122757,2
Martine,12122757,21
Eagle,12122757,13
Wilson,12122757,5
Walsh,12122757,15
Mary,12122757,8
Monte,12122757,6
Davis,12122757,11
Bernard,12122757,0
Jeoung,14907049,3
Arang,14907049,4
Henry,3213691,22
Sunday,3213691,13
Bandy,3213691,20
W.,3213691,6
Plainview,3213691,3
Eli,3213691,6
Danny,18454887,23
Robbie,18454887,6
Deveraux,18454887,13
Ann,18454887,3
George,18454887,3
Rangan,35151476,3
Kate,12143841,11
Lee,12143841,6
Howie,12143841,4
Bass,12143841,3
Sam,29039095,1
James,29039095,17
Steele,29039095,22
Sarah,29039095,17
Dilys,29039095,6
Elvis,29039095,6
Price,29039095,17
Bentley,29039095,9
Trevor,29039095,7
Brian,29039095,6
Norman,29039095,6
Kumud,3050420,2
Saraswati,3050420,3
Sandi,16614458,15
Samo,16614458,15
Janja,16614458,24
Vesna,16614458,14
Lott,9977694,9
Steve,9977694,24
Hue,9977694,24
Marvin,9977694,5
Hals,14356600,17
Qivitoq,14356600,9
Eva,14356600,3
Pavia,14356600,9
Jens,14356600,3
Nygaard,14356600,16
Bob,8895933,4
Enzo,8895933,4
Tracer,8895933,18
Murphy,25988065,19
Zimina,25988065,24
Terry,25988065,18
Marjorie,25988065,13
Krasnoff,25988065,6
Rouan,14873085,9
Cartier-Bresson,14873085,18
Penn,14873085,15
Leymarie,14873085,21
Harumi,14873085,13
Setsuko,14873085,2
Rehmat,7070728,3
Hutter,5566124,2
Flo,5566124,21
Stanton,5566124,8
Glenn,5566124,13
Burch,5566124,17
Trump,21292344,9
Mark,21292344,10
Rich,21292344,16
Toback,21292344,21
Dean,21292344,14
Raekwon,21292344,5
Schiffer,21292344,22
Bower,21292344,1
Tyson,21292344,22
Sam,21292344,9
Terry,21292344,8
Maples,21292344,9
Miller,2522220,3
Buckley,2522220,0
Beck,2522220,3
Gallagher,2522220,3
Brenda,2522220,4
Masterson,2522220,17
McCann,2522220,11
Alhague,2522220,17
Flynn,2522220,6
Holt,2522220,3
Roy,2522220,5
Willis,2522220,17
Stone,2522220,17
DeVries,2522220,17
Henry,3127366,8
Harry,1007563,18
Rachel,1007563,22
Warner,1007563,3
Rice,3520882,13
Jace,3520882,3
Jason,3520882,3
Lawrence,3520882,15
Wyatt,3520882,15
Vincent,3520882,12
Shu,3520882,16
Newfield,3520882,15
Olivia,24818273,17
Katie,24818273,17
Winter,24818273,6
Mark,24818273,13
Greta,24818273,8
Fludd,24818273,22
Julia,24818273,3
Lily,24818273,13
Rudge,24818273,12
Swift,24818273,19
Kate,24818273,3
Pinner,24818273,3
Magnus,24818273,17
Braden,24818273,8
Geoffrey,24818273,6
Porky,1351316,6
Watuna,7809854,11
Athanasius,7809854,10
Grant,33946021,2
Juan,33946021,20
Szczepan,33946021,6
Gibson,33946021,12
Jones,33946021,1
Betty,33946021,21
Wojciech,33946021,21
Cunningham,80538,14
Stevens,80538,10
Davis,80538,8
Clayton,80538,22
Kik,80538,16
Virginia,80538,21
Robert,80538,21
Max,4518378,8
Campbell,4518378,15
Wayne,4518378,7
Janie,26553506,21
d'Avril,26553506,10
Al,26553506,21
Mitchell,26553506,2
Joe,26553506,6
Suzzane,26553506,10
Davy,26553506,23
Colette,26553506,0
Soo-ji,32339893,10
Donald,7776833,3
Pete,7776833,3
Pyfrom,25616094,15
Cassidy,25616094,8
Bonaduce,25616094,12
Madden,25616094,10
Partridge,25616094,7
Joseph,25616094,8
Induverma,36169187,17
Manna,36169187,1
Plutocket,36169187,13
Motu,36169187,5
Poptya,36169187,5
Kyto,36169187,3
Kichak,36169187,1
Kalia,36169187,1
Chutki,36169187,1
Bholu,36169187,1
Dholu,36169187,1
Zekan,36169187,9
Raju,36169187,1
Bheem,36169187,21
Jaggu,36169187,1
Humphrey,33181235,3
Hallie,15886019,17
Jo,15886019,6
Kitty,15886019,4
Morrison,23917609,24
Gore,23917609,4
Rainbow,17653287,7
Finch,18501873,3
Pilkington,18501873,23
Biggley,18501873,9
LaRue,18501873,18
Frump,18501873,3
Moskowitz,1620938,11
Allen,1620938,6
Sahl,1620938,19
Arthur,15574710,20
Susan,15574710,9
Keerikadan,28066754,21
Najeeb,28066754,3
Sethu,28066754,3
Nair,28066754,13
Sethumadhavan,28066754,3
Parameshawaran,28066754,19
Antony,28066754,3
Jose,28066754,0
Ella,1057569,21
Brando,1057569,19
Otto,1057569,7
Peterson,1057569,7
Moss,1057569,22
Agrelo,2170031,12
Beck,27689089,23
Kollberg,27689089,22
Rami,26896223,4
Marcella,13506326,9
Angela,13506326,17
Terry,13064230,7
Koslowski,1362990,4
Graum,1362990,20
Smith,1362990,6
Tracy,62592,4
Howard,62592,6
Margaret,62592,9
Kidd,62592,9
Connor,62592,6
Seth,62592,8
Haven,62592,3
Dexter,62592,21
Halliday,62592,11
Imbrie,62592,24
Westheimer,2117337,24
Laura,2117337,23
Depardieu,2117337,3
Weaver,2117337,23
Philomena,25826060,9
Angela,25826060,9
Gary,25826060,9
Mary,25826060,15
Aloysius,25826060,9
Brett,10063659,4
Capp,10063659,10
McIver,10063659,13
Karen,10063659,10
Rinehart,10063659,7
Devanal,10063659,13
Cobb,10063659,9
Holt,10063659,12
Inch,10063659,6
Mitchell-Smythe,10063659,15
Holte,10063659,9
Akejima,34641184,22
Kunjukunju,17730252,6
Kunjoonju,17730252,23
Kamala,17730252,6
Deepu,17730252,3
Padma,17730252,23
Amoukar,12076925,3
Kzamm,12076925,2
Naoh,12076925,3
Ika,12076925,3
Ulam,12076925,23
Gaw,12076925,3
Ivaka,12076925,4
Toby,21946062,17
Kaiser,7321868,3
Athidhi,7321868,23
Sunil,7321868,10
Amrita,7321868,3
Athidi,7321868,18
Sandhya,6014184,23
Tony,6014184,6
Paul,484153,11
Martin,484153,13
Clare,484153,6
Nigel,484153,16
Miranda,484153,13
Charles,484153,12
Cassidy,22452892,15
Boyd,22452892,20
Yeung,25829850,24
Masterson,25829850,8
Richards,25829850,24
Kwong,2812897,3
Moe,3997811,13
Ogg,3997811,10
Danforth,3997811,6
Zogg,3997811,10
Oyae,21201790,4
Junpo,21201790,9
Ishimatsu,21201790,23
Manabe,21201790,3
Genshichi,21201790,23
Sakichi,21201790,6
Ozu,21201790,7
Sally,33184757,15
Snibson,33184757,0
Anjal,25447923,9
Kadhir,25447923,15
Aalavandhan,25447923,24
Renu,25447923,24
Perumal,25447923,12
Ashwin,25447923,0
Saro,25447923,16
Renuka,25447923,6
Vasanthan,25447923,3
Ghani,5871444,10
Khan,5871444,8
Kalyan,5871444,16
Balu,5871444,15
Sarah,320502,19
Alex,320502,14
Rambo,36425315,17
Padme,36425315,6
Lokayaa,36425315,16
Crassus,166813,16
Antoninus,166813,17
Varinia,166813,3
Caesar,166813,20
Draba,166813,10
Spartacus,166813,6
Marcellus,166813,17
Batiatus,166813,4
Judge,30864413,18
Vinod,30864413,24
Kaamna,30864413,4
Mohan,30864413,8
Ravi,30864413,4
Somnath,30864413,2
Vikram,30864413,8
Chiranjeevi,25445821,16
Bhupati,25445821,21
Prasad,25445821,5
Rao,25445821,13
Bhushanam,25445821,16
Radha,25445821,9
Rangadu,25445821,24
Janaki,25445821,2
Cleveland,13627397,3
Fox,13627397,12
Gekko,13627397,3
Tarman,3979809,17
Freddy,3979809,3
Ernie,3979809,3
Frank,3979809,16
Burt,3979809,3
Casey,3979809,4
Wilson,3979809,22
Glover,3979809,0
Chuck,3979809,4
Tina,3979809,3
Bandhan,32076153,20
Agnihotri,32076153,9
Chakraborty,32076153,5
Kristen,8486623,8
Kristin,8486623,3
Bill,8486623,21
Betty,7503887,4
Hoober-Bloob,16523191,3
Jake,13458759,7
Breck,76349,3
Barrett,76349,21
Hunter,76349,15
Lugsy,8554766,23
Hunt,8554766,7
Radha,31718571,6
Masterji,31718571,2
Mirabelle,5326705,5
Deshmukh,24641896,18
Arjun,24641896,6
Fox,24641896,1
Kapoor,24641896,3
Yeshwant,24641896,13
Sophie,24641896,15
Pattie,11966731,3
Rudnick,11966731,3
Andrew,11966731,3
George,11966731,24
Ted,11966731,3
Eddie,11966731,21
Cove,34711766,17
James,34711766,2
Grace,34711766,21
Zang,1269138,18
Blanka,1269138,4
Sagat,1269138,18
Honda,1269138,16
Vega,1269138,10
Bison,1269138,3
Guile,1269138,17
Ryu,1269138,24
Jay,1269138,9
Dhalsim,1269138,13
Hoshi,1269138,24
Hawk,1269138,18
Cammy,1269138,6
Sam,11961851,23
Nina,11961851,13
Charlie,11961851,14
Shaw,11961851,14
Ned,11961851,22
Pease,19566724,3
Brickman,19566724,0
Gribble,19566724,6
Meg,19566724,3
Marc,19566724,6
Tom,11360720,6
Jerry,11360720,3
Rani,33992532,9
Vishnu,33992532,15
Raja,33992532,14
Meredith,8344208,20
Morgenstern-Rousseau,8344208,2
Cronin,8344208,8
Richards-Cronin,8344208,13
Rousseau,8344208,22
Ilia,277006,21
Kirk,277006,24
Decker,277006,20
Spock,277006,6
Shetty,14538576,24
Amit,14538576,13
Anita,14538576,4
Kajol,14538576,19
Neha,14538576,4
Jaya,14538576,17
Vicky,14538576,4
Mahant,14538576,10
Vikram,14538576,14
Masterji,14538576,6
Subha,27380692,3
Lee,27380692,24
Srinivasan,27380692,11
Aravind,27380692,3
Brown,35881253,23
Hurt,33906240,11
Crisp,33906240,1
Coleen,9919820,18
Varma,10855118,18
Thiru,10855118,0
Jake,12930932,10
Paul,12930932,0
Julie,12930932,6
Woody,20533172,23
Mariah,20533172,5
Walrus,20533172,9
Riordan,22906962,3
Frazer,22906962,22
Roth,1533733,2
Martin,1533733,3
Breitner,1533733,20
Freya,1533733,18
Denton,21533456,17
Garth,21533456,24
Emmett,21533456,0
Krueger,3028191,10
Gray,3028191,0
Lantz,3028191,4
Glen,3028191,2
Lane,3028191,1
Freddy,3028191,17
Don,3028191,16
Marge,3028191,23
Nancy,3028191,3
Tina,3028191,6
Thompson,3028191,13
Rod,3028191,3
Liz,20842937,16
Karen,20842937,23
Barb,20842937,6
Patti,20842937,23
Dilek,18287833,2
Asya,18287833,3
Cem,18287833,6
Samet,18287833,3
Greedo,30385795,4
Vader,30385795,3
Binks,30385795,7
Jar,30385795,3
Jones,30385795,5
Skywalker,30385795,12
Yan,20333975,8
Jin,20333975,24
McBride,3048276,19
Joshua,3048276,6
Harris,3048276,18
Nathan,3048276,6
Lydia,3048276,3
Steed,3048276,17
Joseph,3048276,6
Smith,3048276,17
Hamo,6324060,5
Nina,6324060,19
Sam,16489330,3
Murli,16489330,23
Kapoor,16489330,3
Kunal,16489330,3
Abhimanyu,16489330,3
Melwani,16489330,21
Singh,16489330,7
Abhi,16489330,6
Neha,16489330,6
Bose,2513427,11
A,2513427,4
Khan,2513427,13
Monali,2513427,1
Sunehri,2513427,21
Ali,2513427,22
Jai,2513427,13
Dixit,2513427,13
Gry,1878054,9
Jeanette,1878054,6
Tonny,1878054,6
Kurt,1878054,6
Kamlesh,32537784,6
Bhaiya,32537784,22
Kumar,32537784,3
Mohit,32537784,6
Bunty,32537784,24
Ali,32537784,8
Singh,32537784,18
Choudhary,32537784,17
Rana,32537784,24
Mathur,32537784,7
Rathi,32537784,6
Hanumant,32537784,17
Rajmani,32537784,6
Liz,13141411,24
Finn,13141411,16
Osbourne,13141411,0
Bryce,13141411,19
Wood,21003194,9
Connaught,21003194,7
Bella,21003194,2
Kennedy,21003194,14
Albert,21003194,16
Ginny,21003194,18
Tiger,21003194,7
Tremayne,21003194,13
Thompson,21003194,4
Mel,21003194,23
Beatrice,21003194,2
Timothy,21003194,12
Keoki,21003194,10
Patterson,21003194,10
Malia,21003194,22
Phillipe,21003194,1
Sam,21003194,1
Nunnerley,21003194,9
Kimo,21003194,19
Ann,21003194,9
Nicholas,21003194,17
Natsuko,25845778,24
Douglas,18932671,15
Page,18932671,2
Beck,18932671,21
Demeris,18932671,9
Catherine,18932671,23
Larry,18932671,11
Kanagavel,6785797,16
Asha,6785797,1
Velu,6785797,3
Dylan,33956317,11
Pike,33956317,9
Dominicus,33956317,24
Farrokhzad,33956317,5
Verma,29697967,18
Kapoor,29697967,0
Chakraborty,29697967,5
Singh,29697967,12
Bowie,29890894,19
Jackson,29890894,0
Katherine,29890894,12
Ana,29890894,20
Delaney,29890894,2
Crockett,29890894,8
Houston,29890894,21
Benoit,19069597,5
Jannetier,19069597,11
Abraham,25144574,6
Joseph,25144574,4
Andrews,352795,17
find,352795,8
Ellen,352795,6
Vaughn,352795,13
Tom,352795,24
Peterson,352795,0
Marge,352795,2
Brody,352795,3
Hendricks,352795,18
Mike,352795,3
Eddie,352795,5
Sean,352795,2
Tina,352795,4
Jackie,352795,11
William,28311597,13
Ferdinand,28311597,23
Baba,28311597,9
Agnes,28311597,24
Shestan,28311597,21
Sophie,28311597,22
Richard,1025841,14
Bonnard,1025841,18
Schwary,1025841,17
Julian,1025841,16
Dougan,1025841,9
Peters,1025841,8
Lewis,1025841,17
Morosco,1025841,21
Phoebe,1025841,14
Elena,1025841,20
Canterville,28025756,3
Otis,28025756,13
Umney,28025756,9
Ginny,28025756,3
Gabriel,28025756,11
Eleanor,28025756,17
Hiram,28025756,3
Francis,28025756,21
Simon,28025756,9
Gill,30937780,13
Bhai,30937780,11
Kaur,30937780,11
Nandakumar,30542734,21
Ammu,30542734,14
Sharon,1983207,6
Josephine,1983207,19
Pogue,1983207,18
Larry,1983207,20
Catch,1983207,3
Lambert,1983207,9
Chronopolis,19614697,6
Kubla,16861768,16
Choudry,16861768,4
Singh,16861768,23
Vikram,16861768,0
Elizabeth,5422414,4
Bartolome,5422414,15
Nicholas,5422414,3
Medina,5422414,17
Sebastian,5422414,14
Catherine,5422414,17
Barnard,5422414,5
Isabella,5422414,4
Francis,5422414,6
Kerr,5422414,11
Leon,5422414,13
Prasad,10938550,21
Ajay,10938550,13
Raynor,19124402,11
Bay,19124402,20
Kelly,19124402,19
Molloy,19124402,17
Resnik,19124402,24
Marva,933349,9
Kro-Bar,933349,4
Armstrong,933349,13
Betty,933349,3
Fleming,933349,13
Animala,933349,21
Lattis,933349,16
Pantale,19031611,3
Olga,19031611,0
Pantoja,19031611,8
Wraith,31653465,15
Stone,31653465,15
Rita,18629168,10
Paco,18629168,22
Tonho,18629168,21
Angu,30108218,8
Zhuang,30108218,1
Ying,30108218,6
Chujiu,30108218,17
Tu,30108218,4
Zhao,30108218,17
Cheng,30108218,22
Wu,30108218,3
Dun,30108218,18
Jue,30108218,15
Qinglong,25936686,18
Tuotuo,25936686,20
Qing,25936686,13
Wei,25936686,18
Shenyan,25936686,5
Hua,25936686,8
Jingzhong,25936686,20
Kumar,7171896,5
Lakshmi,7171896,2
Prasad,7171896,15
Rao,7171896,3
Gandhi,7171896,3
Vidyarthi,7171896,10
Priyamvada,7171896,2
Grant,27348163,12
Rowan,27348163,1
Fallen,27348163,12
Helen,27348163,13
Halloran,2472440,6
Maggie,2472440,18
Stubbs,2472440,17
Weaver,2472440,4
Teri,2472440,3
Castro,2332775,21
Danforth,1464962,16
Tremayne,1464962,17
Tanner,1464962,6
Ali,1464962,2
Fassett,1464962,3
Cardone,1464962,17
Osterman,1464962,6
John,1464962,6
Puneet,25510256,7
Lambodar,25510256,21
Munmun,25510256,16
Abraham,25530282,2
Noah,25530282,8
Hobbs,16652785,13
Quinn,16652785,22
Dan,5564502,4
Buster,5564502,23
Keaton,5564502,11
Grant,8364339,23
Duron,8364339,3
Palmer,8364339,19
Gammas,8364339,11
Nate,8364339,23
Rich,8364339,14
Sylvester,8364339,18
Noel,8364339,12
Brown,8364339,7
King,8364339,8
Zeke,8364339,21
Jackie,8364339,12
Bhatti,18658944,10
Kharbanda,18658944,8
Babbar,18658944,0
Hai,18658944,8
Nonika,18658944,15
Rotter,24823991,3
Skye,24823991,3
Derek,24823991,3
Brigg,24823991,3
Craig,24823991,16
Karen,24823991,10
Jenner,24823991,13
Olivia,24823991,3
Chloe,24823991,3
Penrose,24823991,4
Lily,24823991,3
Kevin,24823991,3
Madison,24823991,3
Vozhak,21469222,18
Marina,242104,23
Oldsen,242104,6
Happer,242104,6
Watt,242104,6
Geddes,242104,17
Stella,242104,22
Victor,242104,12
Virgo,242104,3
Knox,242104,5
Urquhart,242104,21
Knopfler,242104,10
MacIntyre,242104,4
Hasan,8657003,1
Mahmoud,8657003,10
Nabil,8657003,22
Yau,30148123,10
Yen,30148123,11
Chang,30148123,19
Chow,30148123,19
David,30148123,12
Aretha,3540323,9
Dukie,3540323,22
Terry,3540323,10
Perreault,25210711,6
Munkton,8900483,2
Whitman,8900483,11
O'Brien,8900483,3
Irene,15770250,3
Bloom,15770250,9
Curdie,15770250,3
Lombard,31756842,5
Winters,31756842,19
Kelly,2172927,15
David,2172927,9
Getafix,7111256,3
Balonus,7111256,18
Asterix,7111256,24
Caesar,7111256,19
Phonus,7111256,21
Obelix,7111256,4
Lydia,34711939,6
Kane,30107472,12
Jay,30107472,24
Bishop,76630,17
Pike,76630,17
Sykes,76630,17
Thornton,76630,23
Jaime,76630,2
Johnson,76630,0
Engstrom,76630,15
Mohr,76630,2
Angel,76630,17
Danny,217982,6
Judge,217982,2
Lacey,217982,16
Noonan,217982,20
Maggie,217982,17
Lou,217982,0
Underall,217982,14
Czervik,217982,6
Spackler,217982,3
Webb,217982,16
Bushwood,217982,1
Smails,217982,6
Raj,1324831,14
Pooja,1324831,21
Verma,1324831,14
Khanna,1324831,12
Tina,1324831,6
Rohan,1324831,8
Soori,16168286,21
Sullan,16168286,0
Subramani,16168286,12
Tolani,16168286,2
Dhanush,16168286,7
Travis,2452747,3
Macready,2452747,15
Millar,2452747,4
Mother,2452747,23
Potter,2452747,17
Pratt,2008863,7
Kyle,2008863,3
Carson,2008863,6
Rich,2008863,4
Julia,2008863,3
Stephanie,2008863,3
David,2008863,2
Aftab,12424710,21
Mithu,12424710,3
Tina,12424710,9
Shahid,12424710,4
Kumar,32034910,3
Gopi,32034910,6
Raj,32034910,16
Basanti,32034910,6
Champa,32034910,21
Gipp,576198,12
Brenda,576198,21
Branch,576198,22
Sara,576198,3
Graydon,576198,16
Brad,576198,3
Dan,576198,6
Todwell,576198,21
Collins,576198,22
Pruitt,576198,11
Chris,576198,2
Coopersmith,576198,7
Lynch,576198,24
Dawson,576198,7
Roberts,21411328,9
Doug,21411328,21
Smith,21411328,21
Smith,17715225,0
Jane,9183439,3
Wilde,9183439,2
Penzias,9183439,15
Hawking,9183439,3
Hoyle,9183439,8
Wilson,9183439,9
Maldonado,24669308,3
Laura,24669308,3
Franki,24669308,13
Raul,24669308,6
Maria,24669308,6
Braulio,24669308,7
Cruz,24669308,0
Mimi,24669308,3
Paz,24669308,7
Ampipe,2400255,9
Nickerson,2400255,21
Stefen,2400255,6
Greg,2400255,22
Djordjevic,2400255,3
Driscoll,4336248,22
Pike,4336248,18
Reese,4336248,23
Corby,4336248,20
Loomis,4336248,9
Kolinsky,4336248,9
Adams,4336248,0
Larkin,4336248,23
III,24045929,15
Devereaux,19547540,16
Pepe,19547540,18
Barney,19547540,17
Johnson,19547540,10
Ferraro,19547540,18
Stan,19547540,14
Brown,19547540,6
Andy,19547540,4
Nell,22379544,12
Jenkins,22379544,6
Herman,22379544,24
Chandler,22379544,8
Edison,22379544,9
Elliott,22379544,6
Shelby,22379544,17
Thorpe,22379544,9
Joe,22379544,14
Nash,22379544,10
Lu,10798203,9
Shaolung,10798203,3
Ta-Chi,10798203,15
Wan,10798203,15
Marley,16456979,16
Tim,16456979,21
Cratchit,16456979,7
Fred,16456979,21
Ebenezer,16456979,6
Scrooge,16456979,13
Keliher,35881378,14
Ward,35881378,9
Tony,22944264,2
Routledge,22944264,4
Craig,22944264,11
Lampidorra,22944264,17
Smith,22944264,10
Lindy,22944264,3
Dennis,1531473,12
Verena,1531473,14
Parker,1531473,0
Godard,1531473,9
Kennedy,1531473,11
McVane,1531473,14
Sinclair,1531473,18
Stefan,1531473,14
Odie,1531473,21
Ambrose,1531473,22
Odette,1531473,3
Haines,1531473,15
Sawyer,1531473,10
Goldberg,1531473,15
Turner,6232753,12
Copeland,6232753,5
Padovani,6232753,9
Summers,6232753,0
McKessic,12812790,12
Sophia,12812790,2
Sommerfield,12812790,13
Lindstrom,12812790,19
Archer,12812790,9
Norwood,12812790,21
Jeff,12812790,6
Sylvia,12812790,8
Martha,12812790,4
O'Brien,12812790,20
Toxico,5330839,10
Laemle,5330839,3
Whitlock,29349408,15
Amy,29349408,16
Vanessa,29349408,5
Tracy,29349408,4
Forrester,29349408,12
Weston,29349408,4
Krishna,9894962,8
Ganesha,9894962,1
Rai,28149955,16
Paddu,28149955,4
Prakash,28149955,23
Ajay,28149955,6
O'Rane,28695611,13
Vosey,28695611,6
Norma,28695611,14
Drave,28695611,19
Bae,33457532,11
Padaithavanan,19286454,20
Finn,2873612,17
Louie,2873612,17
Winslow,2873612,6
Stone,2873612,6
Merriam,2873612,3
Jed,2216055,6
Tracy,2216055,6
Dana,2216055,6
Riley,2216055,17
Lilianfield,2216055,9
Hill,2216055,16
Kennsinger,2216055,6
Safian,2216055,16
Perganol,2216055,6
Harris,2216055,11
Adams,2216055,0
Leemus,2216055,24
Andy,2216055,6
Bell,2216055,17
Miyan,29664949,20
Todd,6133862,13
Reagan,6133862,6
Courtney,6133862,6
Tia,6133862,3
Barbie,6133862,3
Charmz,6133862,15
Stephanie,6133862,13
Kevin,6133862,6
Raquelle,6133862,0
Dracula,5721251,10
Marc,5721251,3
William,1343208,13
Maria,1343208,6
Ali,1343208,4
Gonzalez,1343208,10
Damian,1343208,20
Geld,1343208,3
Aquino,27342105,13
Noy,27342105,22
Don,6557406,5
Raul,6557406,23
Martin,6557406,5
Rydell,6557406,22
Cindy,6557406,1
Anderson,6557406,20
Sylvia,6557406,6
Mike,6557406,0
Jackson,8398222,21
Chamberlain,8398222,17
Bee,8398222,20
Hill,8398222,9
Lee,8398222,3
Harrison,8398222,9
Booth,8398222,11
Longstreet,8398222,16
Hunter,11058226,3
Hussein,11058226,23
Crumes,11058226,20
Alston,11058226,21
Mary,11058226,3
Buckholz,11058226,8
Maldonado,11058226,12
Beverly,11058226,6
Clark,11058226,15
Sayenga,11058226,11
Bush,11058226,0
Jeter,11058226,2
Shupp,11058226,14
Peters,11058226,11
Shaefer,11058226,16
Ironside,11058226,14
Slade,11058226,20
Moonscar,2081791,10
Fred,2081791,21
Mojo,2081791,24
Beau,2081791,6
Lena,2081791,17
Jacques,2081791,8
Scruggs,2081791,3
Daphne,2081791,6
Scooby,2081791,23
Lenoir,2081791,17
Velma,2081791,3
Sophia,16753523,3
Tutu,16753523,15
Cyril,16753523,4
Julie,16753523,22
Broo,16753523,4
Bert,16753523,16
Schaeffer,16753523,3
Sneer,16753523,24
Dan,16753523,6
Tommy,16753523,22
Skroob,75222,0
Starr,75222,3
Schwartz,75222,4
Sandurz,75222,16
Roland,75222,17
Vespa,75222,4
Ward,11667911,14
Marsh,11667911,22
Curwen,11667911,14
Alfonsina,8807042,8
Shetty,27202754,18
Venugopal,27202754,9
Ravishankar,27202754,16
Rozario,26890710,8
Vinod,26890710,3
Roy,26890710,8
Chakraborty,26890710,13
Ria,26890710,6
Chatterjee,26890710,1
Taylor,34246591,17
Merriman,34246591,24
Steve,34246591,17
Hughes,34246591,17
Noel,34246591,17
Merchant,13232149,5
Janvi,13232149,3
Patty,19313212,17
Ray,19313212,2
Callie,19313212,21
Julie,19313212,13
Evans,19313212,12
Jessi,19313212,6
Wanda,19313212,20
Harlan,19313212,8
Denver,19313212,11
Pepper,19313212,9
Donna,19313212,21
Cain,19313212,20
John,19313212,6
Noah,6355228,17
Matt,6355228,6
Nicki,6355228,17
John,6355228,3
Sara,6355228,17
Julie,9500895,21
Alex,9500895,2
Budd,13065718,15
Nansal,3476178,3
Zochor,3476178,6
Milagros,20923240,6
Morsa,20923240,6
Rosario,20923240,6
Carter,15304214,24
Pair,15304214,24
Cantwell,15304214,6
Alice,15304214,11
Lim,33038027,1
Jeokseong,33038027,17
Kaek-Joo,33038027,8
Jeongjo,33038027,18
Kaek-Ju,33038027,15
King,33038027,19
Nevers,13145083,3
d'Orl,13145083,8
Louis-Joseph,13145083,9
Aurore,13145083,4
Gonzague,13145083,17
Duke,13145083,8
Morrison,533515,3
McMillan,533515,16
Cindy,533515,21
Cressner,533515,17
Amanda,533515,16
Norris,533515,13
King,533515,0
Donatti,533515,6
Bhoominathan,26835108,3
Meera,26835108,6
Madhu,26835108,16
Pippa,18599471,2
Chris,18599471,10
Lee,18599471,8
Qaeda,1278589,22
Kate,1278589,3
Bennett,1278589,17
Vescera,1278589,17
Morgan,1278589,17
Triton,1278589,17
John,1278589,3
Sawsan,10419090,20
Adel,10419090,6
Hamama,10419090,11
Shafeek,10419090,12
Po,12816598,22
Sloan,12816598,2
Sanga,12816598,5
Xian,12816598,23
Kurt,12816598,15
Chow,12816598,20
Ronnie,9906067,17
Mercer,9906067,3
Shawn,940106,21
Blake,940106,16
Michelle,940106,21
Tahoe,940106,10
Krevske,940106,15
Chuck,940106,21
Chengcai,3871640,6
Tom,3871640,3
Jerry,3871640,6
Lim,3871640,21
Lee,3871640,6
Landis,23470870,12
Leah,23470870,2
Dulcie,23470870,13
Henry,1623252,6
Fred,1623252,21
Gordon,1623252,12
Kendall,1623252,6
Emily,1623252,3
Hill,1623252,4
Barry,1623252,8
Bindu,33374981,3
Sudeep,33374981,3
Nani,33374981,23
Matosca,10203043,12
Audry,7760868,8
Sameer,1896242,7
Naina,1896242,6
Patel,1896242,5
Grahan,1896242,2
Shah,1896242,21
Konecny,21210395,9
Susanne,21210395,6
Hausner,21210395,21
Soll,21210395,23
Tamara,21210395,22
Robert,21210395,6
Alex,21210395,3
North,26181579,4
Sylvia,26181579,3
Bellasis,26181579,17
Rex,26181579,17
Ellinor,26181579,21
Mrs,26181579,4
Dawes,26181579,6
Purfoy,26181579,11
Vickers,26181579,6
Brown,26181579,7
Gabbett,26181579,4
Frere,26181579,6
Richard,26181579,21
Johansson,35141016,21
Annika,35141016,21
Judas,68125,22
Christ,68125,12
Williams,68125,7
Jesus,68125,10
Martha,68125,4
Brown,68125,22
Green,68125,22
Beethoven,8640412,21
Selig,8640412,24
Sara,8640412,3
Arthur,10842896,13
Laura,10842896,24
Stacey,10842896,1
Ronnie,10842896,8
Jenny,10842896,20
Hatch,10842896,3
Bob,10842896,16
Belle,10842896,20
Iverson,10842896,3
Ammu,21520076,6
Sethulakshmi,21520076,6
Jayakrishnan,21520076,6
Sawant,4276400,24
Arun,4276400,23
Javed,4276400,17
Geeta,4276400,23
Pelt,1405215,23
Christ,1405215,12
Kyle,1405215,23
Johnson,1405215,3
Calhoun,1405215,3
Smith,1405215,14
Rogers,1405215,3
Sandburg,1405215,0
Orsini,32605438,16
Bruno,32605438,22
Fumagalli,32605438,22
Tarabas,11216972,3
Angelica,11216972,13
Xellesia,11216972,3
Romualdo,11216972,4
Parsel,11216972,23
Fantaghir,11216972,14
Darken,11216972,10
Jeremy,21870294,5
Claire,21870294,3
Angeli,21870294,21
Elias,21870294,21
Andrews,2399371,14
Vince,2399371,0
Forrester,2399371,4
Albert,16773265,8
Cecile,16773265,20
Paulette,16773265,20
Martha,16773265,4
Pauline,16773265,22
Koirala,10221326,20
Kulkarni,10221326,8
Kapoor,10221326,7
Babbar,10221326,5
Sanjay,10221326,7
Wolff,3645251,3
Turco,3645251,5
Dunne,737803,22
Harry,737803,21
Bobby,737803,4
Nicholas,737803,16
Lloyd,737803,6
Swanson,737803,13
Mary,737803,6
Archie,8570055,12
Jessop,8570055,12
Guy,8570055,2
Michael,8570055,6
Sally,8570055,21
Dean,23913890,14
Ben,23913890,3
Chavonne,23913890,14
Lien,23913890,4
Aucoin,9989401,11
Crowchild,9989401,12
Woo,9989401,0
Farley,21378128,17
Hampton,21378128,6
Lewis,21378128,9
Odin,21378128,14
Claire,21378128,14
Haas,21378128,3
Dawson,21378128,17
Edin,21378128,14
Susie,21378128,19
David,21378128,3
Stach,14348047,19
Ulla,14348047,13
Annelie,8727189,0
Niklas,8727189,3
Gaiden,27874662,8
Karan,26167604,6
Chandu,26167604,1
Bulbul,26167604,2
Neesam,7377259,19
Cooper,7377259,10
Stirner,7377259,24
Hatton,89793,21
Dinesen,89793,6
Blixen,89793,8
Bror,89793,4
Farah,89793,11
Johnny,3356623,9
Felicia,3356623,3
Hilditch,3356623,6
Lewis,18586060,9
Aghion,18586060,19
Ashworth,18586060,0
Sylvester,25852344,23
Kuamey,468311,10
Mateo,468311,2
Johnny,468311,6
Sullivan,468311,15
Sarah,468311,6
Christy,468311,23
Frankie,468311,10
Niveau,826482,13
Wolleck,826482,7
Claire,826482,3
Elliot,826482,3
Dunn,24315911,22
Franklin,29781,17
Pam,29781,17
Kirk,29781,17
Sally,29781,3
Hardesty,29781,15
Sweetie,5584803,21
Kay,5584803,14
Louis,5584803,14
Minnix,30818824,13
Bertha,30818824,13
Forrest,30818824,6
Howard,30818824,6
Jack,30818824,21
Beauford,30818824,8
Rakes,30818824,17
Junebug,1575809,6
Joe,1575809,1
Spade,1575809,14
Jack,1575809,11
Carax,18357891,9
Akira,18357891,21
Lavant,18357891,18
Gondry,18357891,14
Hiroko,18357891,3
Kagawa,18357891,16
Voland,18357891,22
Merde,18357891,4
Akemi,18357891,0
Joon-ho,18357891,5
Bell,18357891,21
Singhania,11892833,3
Dev,11892833,7
Dinanath,11892833,19
Sulakshana,11892833,10
Tripathi,11892833,10
Yance,20278496,4
Tomura,6893869,16
Royer,6893869,17
Thora,19156632,16
Jon,19156632,16
Okun,19864581,15
Landis,19864581,24
Goldblum,19864581,15
King,19864581,13
Shumaker,6023801,6
Marlowe,6023801,13
Julie,6023801,19
Cartwright,6023801,2
Robert,6023801,15
Simon,6023801,3
Philip,6023801,15
Clayton,1614875,15
Hunter,1614875,24
Jim,1614875,3
Morris,1614875,6
Batgirl,30151647,3
Molly,30151647,18
Carson,30151647,9
Robin,30151647,24
Catwoman,30151647,4
Wayne,30151647,12
Christel,8921046,21
Alexander,8921046,14
Metternich,8921046,13
Great,8921046,19
Weinzinger,8921046,12
Aema,23413529,7
Joe,23933545,23
Janice,23933545,6
Jr.,23933545,6
Stanley,23933545,21
Lerner,23933545,14
Manish,16857426,2
Rajiv,16857426,12
Jai,16857426,16
Monica,16857426,12
Mahadevan,5865108,16
Jaikumar,5865108,23
Chakra,5865108,9
Roberts,21811510,6
McCullum,21811510,21
Meyers,21811510,8
Ingrid,21811510,3
Brad,21811510,3
Vargas,21811510,11
Ted,21811510,6
Mamata,31926616,2
Rahul,31926616,21
Chowdhury,31926616,21
Mithila,31926616,6
Kiran,19317095,6
Shyama,19317095,8
Shyam,19317095,20
Ajit,19317095,24
Ratcliff,8120493,4
Horibe,748933,6
Miyuki,748933,2
Nishi,748933,6
Kitano,748933,11
Hwang,8776448,6
Byung-doo,8776448,21
mie,33089019,9
Carboni,33089019,16
Pennac,33089019,9
Jenny,35944061,3
Diaz,35944061,17
Taylor,35944061,3
Ray,35944061,3
Hufford,9694681,7
Knowland,9694681,19
Hsiao-yang,22697988,1
George,26768675,6
Reynolds,26768675,11
Matty,26768675,7
Charles,26768675,21
Madison,26768675,0
Lisa,26768675,21
Annie,26768675,21
Jorgenson,26768675,4
Sam,29781388,1
Stratton,1205786,17
Ethel,1205786,10
Bobby,1061565,16
Summers,1061565,7
Hsiao-Kang,2679331,22
Liger,30863010,13
Viper,30863010,16
Aizawa,30863010,10
Orff,30863010,10
Elizabeth,1473007,5
Marriner,1473007,3
Browne,1473007,13
Wentworth,1473007,12
Langdon,1473007,3
Johnson,1473007,3
Rogers,1473007,17
Francis,1473007,22
Livermore,1473007,12
Au-Yeung,25276288,19
Missy,1273396,2
Tom,1273396,6
Christine,1273396,2
Carol,1273396,2
Valco,1273396,17
Latham,1273396,6
Freeman,1273396,13
Alicia,1273396,21
Ephron,12321731,24
Joe,12321731,14
Deborah,12321731,21
Souza,12321731,9
poornima,27726231,10
Panchakshari,27726231,22
Sriram,27726231,2
Reaky,1927824,13
Geeta,26627899,2
Rohit,26627899,20
Mohabbat,26627899,14
Sharma,26627899,24
Roshni,26627899,13
Braganza,26627899,20
Shweta,26627899,21
Shekhar,26627899,15
Madanlal,26627899,14
Malhotra,26627899,10
Nirmala,31035865,17
Pandit,31035865,10
Reshma,31035865,23
Sameer,31035865,6
Arjun,31035865,21
Dheeraj,31035865,17
Sonia,31035865,19
Pandey,31035865,16
Bhagwat,31035865,5
Siddharth,31035865,17
Zira,307553,21
Rafiki,307553,21
Kovu,307553,6
Vitani,307553,4
Kiara,307553,3
Simba,307553,21
Nasser,5032246,11
Karunanidhi,5032246,3
Vijaykumar,5032246,11
Murali,5032246,11
Bobby,5260111,4
Chester,5260111,3
Lisa,5260111,3
Marina,281069,4
Sinbad,281069,6
Eris,281069,6
Noonan,17588047,10
Burke,17588047,3
Nan,17588047,14
Allen,17588047,9
Tatlock,17588047,8
Schuyler,17588047,9
Puthiran,31562311,14
Naganathan,31562311,0
Vikraman,31562311,3
Parthiban,31562311,20
Kuroda,1862160,14
Ikka,1862160,17
Yamaguchi,1862160,1
Kumiko,1862160,16
Esme,26581256,6
Uley,26581256,9
Cullen,26581256,3
Bella,26581256,3
Volturi,26581256,3
Black,26581256,3
Clearwater,26581256,8
Yekok,15332978,9
Bong,15332978,21
Anna,15332978,19
Abie,15332978,18
Korokoy,15332978,6
Kokey,15332978,3
Trintignant,19348599,12
Bree,200694,17
Jay,200694,5
Dante,200694,3
Caitlin,200694,13
Loughran,200694,9
Graves,200694,6
Bob,200694,16
Veronica,200694,3
Hicks,200694,5
Raja,3946917,20
Nandini,3946917,6
Narasimha,3946917,14
Jaisingh,3946917,19
Shekhar,3946917,3
Heishiro,1410292,6
Koharu,1410292,4
Okatsu,1410292,17
Kazamatsuri,1410292,3
Mizoguchi,1410292,17
Chasen,6015713,18
Flynn,6015713,14
Shayne,6015713,9
Benton,6015713,4
Marjorie,29836606,23
Cokie,768526,2
Luca,768526,10
Haberman,768526,12
Mallory,768526,6
Rodowsky,768526,10
Stacey,768526,13
Thomas,768526,23
Spier,768526,13
Kristy,768526,6
Schafer,768526,7
Malathi,31133811,5
Ravi,31133811,12
Beatrice,34953314,14
Caine,6488571,17
Byers,6488571,17
Jeff,6488571,3
Baroda,8279721,12
Kun,2992408,23
Lok,2992408,0
Hui,2992408,18
Paul,6185648,13
Vandemann,6185648,6
Landau,6185648,10
Erskine,6185648,15
Schoonover,6185648,15
Dietrich,6185648,14
Baronova,6185648,10
Heidi,6185648,6
Humphries,6185648,10
DiSalvo,6185648,10
Cohn,2372958,6
Viswanathan,1114328,17
Chandramukhi,1114328,3
Saravanan,1114328,6
Senthil,1114328,17
Gunasekaran,1114328,19
Ganga,1114328,2
Vettayan,1114328,17
Acharya,1114328,4
Durga,1114328,14
Akhilandeshwari,1114328,3
Delfi,20156237,13
D'Arts,20156237,19
Walter,20156237,22
Anne-Claire,20156237,8
Facha,20156237,22
Agus,20156237,22
Gaston,20156237,22
Nell,26588977,4
Moskowitz,26588977,12
Marcus,26588977,3
Cotton,26588977,13
Sweetzer,26588977,12
Abalam,26588977,4
Louis,26588977,3
Caleb,26588977,23
Reisen,26588977,23
Manley,26588977,6
Paul,34882877,3
Michael,34882877,4
Natalie,34882877,4
Amanda,34882877,3
Chris,34882877,17
Yuri,34882877,3
Anderson,327582,20
Miguel,327582,18
Cassavetes,327582,8
Pennungal,14903088,22
Amma,14903088,5
Narayanan,14903088,3
Pillai,14903088,3
Kumari,14903088,21
Kunjipennu,14903088,23
Mourad,8523825,23
Verneuil,8523825,8
Caroline,8523825,20
Khajida,8523825,21
Jean,8523825,21
Khadija,8523825,3
Vignard,8523825,12
Laetitia,8523825,11
Delamare,8523825,1
Pierre,8523825,17
Benoit,8523825,11
Philippe,8523825,8
Roland,8523825,21
Taylor,30093517,15
Jones,30093517,12
Sander,30093517,3
Riley,30093517,3
Mimi,30093517,10
Gord,30093517,21
Cinderhella,30093517,16
Clapton,30093517,20
Ione,30093517,3
Sloane,30093517,4
Fink,30093517,8
Fisher,30093517,3
Vasanthi,6684371,10
Carter,8733867,13
Ingersoll,8733867,6
Tony,61058,13
Dink,61058,3
Linda,61058,3
Purcell,61058,12
Fleetwood,32998807,9
Chenggong,28869936,5
Zhilong,28869936,16
Sen,28869936,5
Longwu,28869936,17
Schwankert,35981711,21
Scott,18499953,21
Bunce,18499953,17
Hufford,18499953,20
Penrose,18499953,15
Shelton,18499953,14
Munroe,18499953,4
Wai,2129355,13
Khaled,4073679,2
Collins,4073679,13
Tony,4073679,3
Fontaine,4073679,7
Suri,25392992,7
Reuben,7658324,3
Soady,7658324,2
Albert,7658324,8
Treado,7658324,19
Dance,7658324,24
Forrest,24252012,6
Farallone,24252012,6
Bowers,24252012,23
John,24252012,23
Morgridge,24252012,16
Bianca,8341424,11
Pablo,8341424,20
Harold,6074902,3
Celia,6074902,21
David,6074902,23
Boyle,34682342,17
Gleeson,34682342,21
Gill,8496235,24
Linklater,8496235,7
Tom,8496235,23
Altman,8496235,9
Vani,19286279,3
Valli,19286279,23
Thinna,19286279,3
Malla,19286279,23
Mohan,19286279,3
Arasi,19286279,22
Kannan,19286279,6
Rajini,19286279,14
Sandy,25054346,4
Rajeev,25054346,13
Karthik,25054346,21
Sandhya,25054346,6
Erica,27758516,19
Rockland,27758516,24
Ludwig,27758516,7
Matakit,27758516,15
Plankett,27758516,12
William,8748100,18
Bartlett,8748100,4
Lewis,8748100,8
Reynolds,8748100,6
Campbell,8748100,10
Waller,2454006,3
McPhee,23380332,6
Isabel,23380332,3
Gray,23380332,5
Megsie,23380332,6
Cyril,23380332,6
Celia,23380332,21
Grey,23380332,15
Edelweiss,23380332,7
Vincent,23380332,3
Docherty,23380332,3
Phil,23380332,16
Norman,23380332,6
Green,23380332,3
Long,8009901,21
Feng,8009901,6
Hudson,18800331,18
Tom,18800331,3
Audrey,18800331,3
Eddy,18800331,12
Schaffner,18800331,23
Mother,18800331,5
David,18800331,11
Krystal,9054868,19
Frank,9054868,24
Ellis,9054868,15
Carter,9054868,15
C,16564257,6
Deyo,16564257,15
Max,16564257,4
James,16564257,18
Peter,17107916,4
Len,17107916,18
Ford,17107916,16
Garcos,2556577,3
Figlia,2556577,9
Hideo,22558719,21
Nozomi,22558719,20
Nell,14746758,19
Barker,14746758,19
Shemp,14746758,21
Finn,14746758,14
Moe,14746758,16
Willis,14746758,17
Larry,14746758,17
Randall,14746758,11
Nichols,8108806,6
Rickmond,8108806,16
Richmond,8108806,3
Moe,8108806,3
Larry,8108806,3
Baines,2221107,16
Phillipe,2221107,13
Metello,22360971,21
Ersilia,22360971,19
Viola,22360971,0
Harry,7287091,6
Kane,7287091,12
Allen,7287091,12
Karl,7287091,3
Otto,7287091,11
Linda,7287091,3
White,7287091,2
Carol,7287091,8
Dani,7287091,13
Fogell,6254878,3
Michaels,6254878,17
see,6254878,8
Slater,6254878,17
Becca,6254878,19
Evan,6254878,13
Jules,6254878,24
Francis,6254878,0
Seth,6254878,16
Nicola,6254878,2
Sridevi,1972783,3
Shani,26868913,15
Kamini,26868913,10
Neetu,26868913,10
Radha,26868913,20
Woods,8359892,4
Maria,32561262,21
Raquel,32561262,13
Miguel,32561262,24
Alicia,32561262,2
Dickie,18939796,6
George,18939796,2
Dorothy,18939796,23
Bumbo,18939796,18
Orestes,15241745,24
Electra,15241745,7
Leroy,20986970,18
Petey,20986970,9
Fu,20986970,1
Wheatstraw,20986970,6
Bantu,20986970,19
Plazzy,29190352,13
Micheal,1111237,6
Prosenjit,1111237,13
Michael,1111237,11
Arjun,1111237,2
Vidhansabha,1111237,12
Mukherjee,1111237,15
Biswas,1111237,2
Singh,1111237,14
Bhattacharya,1111237,17
Radhika,1111237,11
O'Brian,10178441,9
White,10178441,17
Trambuan,10178441,21
Clara,10178441,23
Rambu,10178441,3
Andre,10178441,11
Kim,31725304,21
Bakka,31725304,14
Bidlekoff,10049321,23
Rangeloff,10049321,14
Prabhu,10791882,8
Murli,10791882,12
Joan,11120706,3
Tom,11120706,3
Jerry,11120706,6
Butch,19685666,12
Tucker,5082650,12
Mizuno,5082650,0
Tsuchiya,5082650,21
Okamoto,5082650,18
Duvall,32092686,6
Williams,32092686,16
Tony,7359078,14
Kate,7359078,3
Robin,7359078,6
Batman,7359078,6
Nell,23984423,6
Eleanor,23984423,19
Judy,23984423,20
Frieda,23984423,21
Robert,23984423,3
Maxine,1073955,20
James,1073955,7
Lem,1073955,6
Ahmad,1073955,10
Kenny,1073955,20
Joe,1073955,21
Robin,1073955,14
Pete,1073955,3
Miles,1073955,23
Teri,1073955,20
Clean,2803182,7
Trenbow,12594504,2
Lamont,6983796,21
Lavine,6983796,19
Fay,6983796,7
Brown,6093044,19
Lee,6093044,6
Sally,19670269,13
Richa,19670269,19
Jaswinder,19670269,21
Jawad,34518277,13
Obaid-Chinoy,34518277,13
Kojak,27344847,23
Wilitz,31157780,18
Ludwig,31157780,2
Ennis,31157780,19
Richardson,31157780,2
Kroner,31157780,4
Rire,15086382,1
Khan,8579043,16
Shyam,8579043,8
Priyanka,8579043,8
Bakshi,8579043,3
Kaif,8579043,2
Esha,8579043,8
Radhika,8579043,8
Jennie,32751209,4
Lydia,32751209,10
Thunderhorse,32751209,14
Gwen,18118431,16
Roseline,18118431,3
Prabhakaran,31100425,10
Soudamini,31100425,19
Cook,76034,18
Powers,76034,17
Doyle,76034,2
Tom,76034,4
Ryan,76034,19
Haskell,73427,7
Vera,73427,6
Al,73427,3
Jr.,73427,4
Olson,4046924,3
Morris,4046924,0
Seetha,29770072,14
Pandian,29770072,23
Shankar,29770072,11
Florent,16228326,20
Elise,16228326,2
Audra,11998913,23
Stryker,11998913,4
Samantha,11998913,6
Christie,11998913,7
Teuther,11998913,21
Tara,11998913,3
Brooke,11998913,3
Laurian,11998913,18
Sherwood,11998913,19
Patti,11998913,6
Durkin,8267244,1
Valerie,8267244,12
Beatty,8267244,3
Craddock,8267244,1
Solomon,8267244,17
Joba,8267244,21
Dagna,8267244,0
Sherry,5135868,16
Hunton,5135868,17
Gartley,5135868,0
Shimura,20982931,9
Asai,20982931,5
Minezawa,20982931,17
Polly,23440349,6
buster,23440349,5
Hopper,23440349,1
Hippety,23440349,3
Sylvester,23440349,3
Robinson,23440349,23
Scott,23440349,14
Waxman,473268,1
Andrade,21752777,10
Lambert,21752777,9
Jordan,21752777,12
Pete,21752777,19
Walker,21752777,5
Beck,448385,5
Bailey,448385,9
Park,448385,12
Redgrave,448385,17
Don,31531583,21
Riaz,31531583,3
Rokeya,31531583,11
Hossain,31531583,2
Chowdhury,31531583,22
Nayok,31531583,4
Jully,31531583,15
Munna,31531583,11
Kenboy,10034593,21
Hitzel,10034593,4
William,3727092,6
Johnny,3727092,6
Eric,3727092,6
Veronica,3727092,21
Thomas,3727092,0
Steve,3727092,13
Bradford,3727092,21
J.T.,3727092,4
Hannah,3727092,11
Kitty,6270070,20
Jones,6270070,23
Jonas,6270070,2
Jeff,6270070,6
Claire,6270070,2
Ambrose,6270070,19
Nat,6270070,15
O'Brien,6270070,20
Vijayan,2772247,3
Sabarimala,2772247,0
Shyamala,2772247,2
Mitchell,1341543,13
Dolemite,1341543,0
Greene,1341543,13
Suryn,1665817,16
Barnett,5427176,4
Sloane,5427176,23
Laurie,5427176,19
Donay,5427176,4
Sam,21731712,3
Davey,31525916,10
Connors,31525916,9
Mike,31525916,9
Margaret,31525916,5
Monohan,31525916,23
Trevor,3759090,10
Scott,3759090,15
Sara,3759090,14
Ohman,1986557,3
Sanford,1986557,15
Snow,33537539,3
Sylvester,414376,23
Nick,414376,10
Negri,4781134,11
Ferris,4781134,10
Blair,18405563,8
Hanks,18405563,1
Connors,18405563,18
Hank,18405563,10
Sandy,7279777,3
Richie,7279777,3
Bridgestone,7279777,8
Robert,7279777,6
Hood,19800208,22
Darla,19800208,20
Speedy,22208692,23
Daffy,22208692,23
Gonzales,22208692,12
Abhirami,4379553,21
Dennis,4379553,21
Ravi,4379553,6
Menon,4379553,16
Mallaya,4379553,17
Ravishankar,4379553,13
Koko,7210096,22
Betty,7210096,22
Faybien,32416906,15
Mia,5707374,23
Roland,5707374,17
Zach,5707374,17
Max,5707374,20
Carter,18970901,20
Zoey,18970901,20
Harper,18970901,9
Morris,18970901,15
Denis,11076438,7
Trevor,11076438,11
Lahn,11076438,4
Jane,1749093,23
Tarzan,1749093,4
Kala,1749093,3
Kerchak,1749093,17
Tantor,1749093,15
Clayton,1749093,17
Sabor,1749093,17
Porter,1749093,6
Emily,2083964,8
Jessica,2083964,17
Hennessy,23521224,4
Helmond,29638576,16
Morse,29638576,9
Longfellow,29638576,14
Gus,29638576,21
Ryan,29638576,11
Robert,29638576,9
Donovan,29638576,11
Ferdinand,1424739,16
Renoir,1424739,13
Marianne,1424739,17
Griffon,1424739,6
Chico,2014595,17
Groucho,2014595,11
Zeppo,2014595,24
Harpo,2014595,11
Watson,2014595,10
Kim,27005608,6
Singijeon,20413984,22
Solange,8070699,6
Raoul,8070699,14
Ana,1270703,21
Otto,1270703,8
Toe,14155029,17
Nge,14155029,10
Maung,14155029,17
Winton,2465336,17
Thomas,2465336,22
Patrick,2465336,11
Angus,2465336,6
Carlson,2465336,18
Rachel,2465336,3
Douglas,3361465,9
Rudi,3361465,4
Dardo,3361465,3
Ulrich,3361465,17
Granazia,3361465,13
Bartoli,3361465,24
Anne,3361465,4
Barbarossa,3361465,12
Greg,6189418,14
Cinny,6189418,19
Hannes,31323048,23
Merinoe,9060099,18
Masuda,12576635,10
Pooja,7440264,3
Karan,7440264,3
Krishna,7440264,13
Hai,7440264,13
Dreyfus,6515754,0
Angel,9845973,4
Lee,9845973,5
Hickey,9845973,20
Andre,9845973,24
Porter,9845973,22
Oliver,2163073,3
Stan,2163073,8
Jr.,2163073,16
Hardy,2163073,21
Yi,27961361,8
Cher,27961361,2
Lee,27961361,24
Aswathi,30455353,1
Nittar,30455353,12
Aravindan,30455353,12
Sreedevi,30455353,19
Rikku,2015137,16
Sora,2015137,2
Umi,2015137,2
Allison,28542060,24
Stevens,28542060,18
Yu,14994019,9
Brendan,18077213,5
Behan,18077213,9
Billy,25625501,13
Billie,25625501,9
Rupert,25625501,13
Eddie,25625501,16
Dany,24856278,17
Eun,24856278,23
Suzi,31025224,1
Medina,31025224,21
Patricia,31025224,0
Miguel,31025224,17
Jakkelsen,15469761,17
Smilla,15469761,16
Greenlander,15469761,21
Tork,15469761,16
Loyen,15469761,13
Langermann,15469761,16
Jasperson,15469761,6
Christiansen,15469761,3
Lander,15469761,12
Lagermann,15469761,3
Danny,24330723,6
Alice,24330723,6
Vinay,6386652,24
Singh,6386652,1
Lan,10502718,5
Barba,10502718,2
Jones,10502718,5
Chicago,10502718,13
Brown,10502718,19
Leslie,10502718,4
Pamala,10502718,16
Shep,3448890,10
Ursula,3448890,3
Groot,3448890,24
Stanhope,3448890,9
Thor,3448890,24
Kwame,3448890,7
George,3448890,13
Max,3448890,24
Ben,1320650,1
Rosenthal,1320650,19
Jack,1320650,23
Mussolini,1320650,10
Stern,1320650,22
Cliff,1320650,21
Judah,1320650,6
Lester,1320650,6
Levy,1320650,12
Joyce,1320650,21
Paley,1320650,11
Dolores,1320650,17
Reed,1320650,13
Wilshaw,22022026,10
Fox,22022026,18
Bentley,22022026,7
Beaumont,22022026,10
Ameli,21394941,23
Monaj,21394941,4
Anu,21394941,14
Sunil,21394941,14
L'Hotte,18857800,24
Bendoni,18857800,14
Stefan,25777895,16
Delage,25868462,12
Michelle,25868462,19
Daniel,25868462,19
Lanct,25868462,18
Christine,21436715,16
Jason,21436715,6
Rene,9411771,23
Stevens,9411771,3
Walsh,9411771,21
Walker,9411771,12
Brian,9411771,8
Doinel,34056177,13
Truffaut,34056177,9
Bernand,21744986,6
Alexis,21744986,13
Barlo,21744986,13
Imperium,21744986,7
Hunter,21744986,6
Brown,21744986,24
II,31819707,15
Pearl,31819707,1
Gorbachev,31819707,24
Girard,31819707,23
Lewis,31819707,20
Teresa,31819707,19
Diana,31819707,1
Warbucks,13407460,6
Regis,13407460,9
Roosevelt,13407460,0
Mudge,13407460,10
Lily,13407460,4
Farrell,13407460,13
Grace,13407460,6
Annie,13407460,23
Hannigan,13407460,4
Bennett,13407460,9
Mark,33575471,3
Luke,33575471,10
Mare,33575471,3
Dan,33575471,3
Paul,14213745,2
Jirka,14213745,10
Jarek,14213745,15
Berty,14213745,18
Jozefka,14213745,23
Johanka,14213745,21
Turner,27451281,11
Charmaine,27451281,14
Trent,27451281,8
Momma,27451281,16
Cool,27451281,24
Chirkoff,27451281,17
Pierce,27451281,4
Canetti,27451281,17
Robinson,27451281,21
Malcolm,27451281,17
Skunk,12755223,17
Narzenkopf,12755223,0
Milly,12755223,8
Ban,12755223,2
Jack,12755223,5
Adam,12755223,6
Shunsaku,12755223,10
Dondora,12755223,10
Sharaku,12755223,18
Arliss,20806295,17
Whitridge,20806295,12
Tony,20806295,21
Huling,20806295,17
Jones,20806295,5
Bouclier,20806295,17
Jake,20806295,17
Harrison,20806295,17
Bette,20806295,3
Faronea,20806295,10
Jackson,873029,3
Rodriguez,873029,12
Newmar,873029,19
Vida,873029,6
Dollard,873029,17
Ray,873029,20
Chi-Chi,873029,6
Ann,873029,13
Virgil,873029,3
Schmidt,873029,11
Dongdaemun,15749011,2
Telepods,692739,1
Beth,692739,4
Martin,692739,3
Bartok,692739,3
Borans,692739,18
Logan,692739,19
Quaife,692739,10
Brundle,692739,22
Philibert,23877118,19
Farhad,8677471,3
Steve,8677471,3
Kapoor,8677471,6
Joshi,8677471,2
Anamika,8677471,19
Malhotra,8677471,6
Teresaki,10906825,11
Aline,15499614,3
Murphy,4743333,2
Holly,4743333,6
Beth,4743333,6
Sarah,4743333,4
Pogue,4743333,3
Cornell,4743333,6
Novak,4743333,17
Doover,4743333,6
Annabeth,460052,3
Jimmy,460052,6
Katie,460052,3
Powers,460052,17
Ray,460052,16
O'Shea,460052,17
Nora,460052,13
Celeste,460052,2
Lauren,460052,2
Boyle,460052,12
Dave,460052,3
Sean,460052,13
Harris,460052,6
Markum,460052,5
Kennedy,6365321,22
O'Reilly,6365321,0
Coulter,6365321,1
Franken,6365321,24
Bush,6365321,0
Veysel,35672493,14
Valo,21951280,7
Getz,21951280,9
Novak,21951280,21
Pop,21951280,12
McCoy,21951280,6
Margera,21951280,2
Missy,21951280,6
Bagger,21951280,6
Ginsburg,21951280,4
Meisterman,21951280,8
Frantz,21951280,14
Liimatainen,21951280,2
Hanna,21951280,10
Miyamoto,3935731,11
Matahachi,3935731,6
Takezo,3935731,3
h,3935731,10
Ozaki,3086340,5
Vishal,30177119,21
Jyoti,30177119,21
Putnam,20481209,10
Wellman,20481209,0
Sinclair,20481209,19
Thompson,20481209,0
Walker,20481209,16
Hitchcock,20481209,17
Rita,2260329,18
Zito,2260329,18
Anna,2260329,17
Frank,2260329,3
Silent,1283050,17
Kelly,1283050,5
Becky,1283050,6
Scott,1283050,2
Randal,1283050,12
Jay,1283050,17
Dante,1283050,3
Hicks,1283050,22
Lee,1283050,0
Bob,1283050,6
Emma,1283050,17
Bunting,1283050,8
Elias,1283050,20
Gwang-hun,9247277,15
Hwang,9247277,21
Yoon-Seo,9247277,3
Daniels,19819441,10
Seymour,19819441,9
Slade,19819441,3
Rita,20556628,24
Shankar,20556628,6
Hemangini,20556628,4
Choudhury,20556628,17
Chatterjee,20556628,17
Grandma,8359241,3
Santa,8359241,3
Daphne,8359241,21
Jake,8359241,22
Spankenheimer,8359241,21
Quincy,8359241,6
Mel,8359241,16
Peter,21412318,8
Owens,21412318,14
Watson,21412318,2
Douglas,4174550,9
Abner,4174550,6
Mitchell,4174550,9
Dawgmeat,4174550,13
Day,4174550,9
Bullmoose,4174550,9
U.,4174550,18
Carney,4174550,9
Mae,4174550,23
Hayes,4174550,9
Scragg,4174550,9
Phogbound,4174550,0
Lincoln,4174550,2
Finsdale,4174550,14
Joe,4174550,9
A.,4174550,0
Parrish,4174550,9
Newmar,4174550,9
Sam,4174550,16
Palmer,4174550,19
Yokum,4174550,23
McGoon,4174550,21
Fleagle,4174550,18
Simmonds,4174550,9
Cameron,23934845,10
Jones,23934845,8
Summerall,23934845,6
Millhouse,23934845,8
Crosby,23934845,1
Duval,23934845,17
Sexsmith,28743511,15
Rock,28743511,1
Miller,18850952,11
Burnett,18850952,16
Sarah,18850952,10
Lewis,18850952,16
Karen,18850952,10
Rambo,18850952,21
Molina,113452,21
Arregui,113452,13
Chaplin,2546623,2
Rajski,31099422,21
pope,31099422,3
Melville,31099422,5
Brezzi,31099422,22
Bashu,9307130,21
Gilaki,9307130,18
Viduthalai,19486632,24
Chezhiyan,19486632,5
Pooja,19486632,1
Chandru,19486632,18
Jai,19486632,15
Anand,19486632,16
Billo,4541221,21
Bakhtu,4541221,3
Bahar,4541221,24
Chaudry,4541221,8
Keaton,6748163,21
Herman,3857180,13
Hailstone,3857180,10
Bey,3857180,2
Amscray,3857180,7
Gilda,3857180,23
Mitch,33322482,24
Kid,33322482,24
Elvis,33322482,22
Finch,33322482,24
Freebo,33322482,24
Cooper,21076018,23
Thornton,21076018,7
Danton,21076018,3
Michaelson,21076018,8
Hogan,21076018,16
Ti,27265073,12
Kidstuff,27265073,16
Bio-Broly,30859078,17
Jaguar,30859078,3
Satan,30859078,7
Krillin,30859078,16
Hercule,30859078,3
Goku,30859078,17
Pikkon,30859078,7
Broly,30859078,10
Senior,2075820,20
Percival,2075820,6
Davenport,2075820,3
Angel,2075820,6
Trumpy,2075820,17
Rose,2075820,3
Ace,2075820,17
Zora,2075820,23
Shelly,2075820,15
Hopkins,2075820,6
holm,15398535,11
Lauri,15398535,3
Koponen,15398535,17
Ilona,15398535,3
Galih,34244063,12
Gayle,22068358,2
Wiesenbach,22068358,1
Lorre,22068358,24
Smith,22068358,8
Bordello,32686279,7
Jimeno,32686279,11
Trudy,2923254,12
Feldon,2923254,11
Adams,2923254,24
Zach,2923254,6
Hendrix,2923254,12
Braun,23670000,15
Devyani,33064257,10
Devayani,33064257,21
Ricky,33064257,6
Dipendra,33064257,6
Jill,2345042,22
Lawrence,2345042,21
Hall,2345042,22
Betty,2345042,5
Bernard,2345042,19
Sergio,3230593,4
Gulf,4966348,5
Halliday,4966348,8
Charlie,4966348,3
Smith,4966348,18
Kanaalaq,4966348,21
VonFockingcock,10347305,22
Stonewall,10347305,6
Benegal,14630339,20
Puri,14630339,9
Satya,14630339,16
Tarkovsky,14630339,15
Rublev,14630339,20
Patil,14630339,12
Nandy,14630339,2
Nihalani,14630339,7
Tendulkar,14630339,1
Trent,9706751,20
Charville,9706751,9
Suzy,9706751,21
Moore,9706751,4
Eyrelle,9706751,16
Yates,513149,17
Tomaso,513149,10
Faye,513149,4
Daniels,513149,9
Anders,513149,23
Felipe,513149,23
Miguel,513149,19
Monroe,513149,3
Yan,28156193,3
Florrie,28156193,2
Brittany,28156193,1
Tremayne,28156193,5
Bob,28156193,23
Nat,28156193,16
Pomeroy,28156193,19
Ratnavel,12019919,3
Bhanu,12019919,2
Ravichandran,12019919,21
Madhavi,8398736,1
Basu,8398736,19
Jaidev,8398736,4
Natasha,8398736,9
Rao,8398736,11
Kapoor,8398736,19
Gupta,8398736,4
Shrikant,8398736,7
Gaurav,8398736,22
McBride,2497347,17
Nick,2497347,3
Wendy,2497347,21
Farmer,2497347,0
Kim,2497347,3
Drew,2497347,2
Hammond,2497347,5
Richards,2497347,17
Shinnick,2497347,18
Alex,2497347,23
Hoyle,4882569,10
Mayhew,4882569,19
Jackson,1573108,16
Howard,1573108,11
Gordy,1573108,1
Jean,1573108,19
Katherine,1573108,24
Hilton-Jacobs,1573108,5
Bassett,1573108,15
Ross,1573108,24
Scruse,1573108,19
Peete,1573108,22
Robin,1573108,16
Vargas,1573108,7
Robinson,1573108,11
Harrell,1573108,1
Montgomery,31267756,24
Alison,31267756,5
Dmatti,26197734,4
Kate,26197734,2
Allison,26197734,13
Lynn,26197734,4
Fred,35987457,8
Ellis,35987457,1
Lipton,35987457,18
Rooney,35987457,14
Matheson,35987457,19
Denise,35987457,20
David,35987457,11
Borden,28118579,24
Boop,28118579,13
Lugosi,28118579,15
Bell,28118579,20
Gallagher,10270809,1
Reddy,7869288,14
Sangeetha,7869288,21
Anjali,7869288,14
Samarsimha,7869288,24
Vasu,7869288,22
McGee,26230601,7
Noble,26230601,18
Jean,26230601,16
Gildersleeve,26230601,3
Wimple,26230601,1
Fibber,26230601,6
Molly,26230601,3
Cadwalader,26230601,13
Snerd,26230601,7
Uppington,26230601,4
Detritus,8636365,14
Getafix,8636365,24
Asterix,8636365,10
Caesar,8636365,17
Gaul,8636365,24
Geriatrix,8636365,2
Panoramix,8636365,12
Obelix,8636365,23
Karol,25095736,24
Paula,25095736,7
Wanessa,25095736,19
Clara,25095736,24
Renata,25095736,22
Log,21411112,10
Tolbiac,21411112,3
Madhu,19238378,3
Varsha,19238378,7
Tarun,19238378,6
Prakash,19238378,21
Wolfstan,23887068,2
Dalywag,23887068,20
Averill,23887068,3
Harris,23887068,15
Langiva,23887068,4
Lynch,23887068,5
Osmund,23887068,7
Ivo,23887068,5
Griff,23887068,12
Ulric,23887068,21
Geeta,20824552,21
Diwakar,20824552,0
Subramaniam,20824552,19
Swathi,20824552,9
Siddharth,20824552,23
Prakash,20824552,23
Rajyalakshmi,20824552,19
Alma,2887314,24
Jaffrey,2887314,23
Don,2887314,3
Galli,2887314,19
Edward,2887314,2
Wanderley,2887314,18
Eva,2887314,3
Bate,2887314,1
David,2887314,3
Bardot,8884368,9
Jill,8884368,16
Fabio,8884368,2
Fuentes,916775,1
Soler,916775,15
Villa,916775,17
Metsik,32274453,16
vde,32274453,17
Ronell,32274453,4
Kongo,32274453,18
Pollard,22215272,14
Carrie,22215272,1
Johnny,22215272,0
Siemaszko,22215272,9
Mullins,22215272,23
Delphine,22215272,11
Mike,22215272,14
Duran,5257549,11
Roy,5257549,17
Serge,5257549,6
Gus,5257549,12
Lorrie,5257549,2
Plebesly,5257549,11
Fehler,5257549,5
Duncan,5257549,20
Kilvinski,5257549,21
Dorothy,5257549,2
Andy,5257549,17
Williams,1860972,17
Irene,1860972,5
Marsha,1860972,11
Quincy,1860972,10
Torrance,1860972,19
Chan,30312846,18
Kathy,314093,6
Gordon,314093,6
Johnny,314093,3
Nick,314093,3
Gross,314093,14
Winslow,314093,12
Tommy,314093,6
Owen,314093,15
Savitri,11713761,16
Nath,11713761,14
Kishan,11713761,16
Khurana,11713761,2
Pradeep,11713761,5
Lalla,11713761,8
Beckett,31629,3
Jane,31629,23
Sheffield,31629,17
Kemps,31629,13
Kemp,31629,12
Michael,31629,5
Jimmy,31629,12
Ruth,31629,6
Alison,31629,5
Bob,31629,9
Dajjal,28203472,15
Malini,32036016,14
Sinha,32036016,5
Chakraborty,32036016,5
Aman,32036016,5
Deo,32036016,9
Chevalier,5379935,15
Raymond,5379935,3
Bigorski,5379935,7
Denning,23913031,10
Drew,23913031,9
Smith,142457,4
White,142457,18
Patchett,142457,1
Cohen,142457,14
Exley,142457,23
Stensland,142457,9
Hudgens,142457,4
Vincennes,142457,17
Lefferts,142457,24
Bracken,142457,15
Andrews,13432613,2
Willy,24473476,24
Jimmy,24473476,0
Candide,24473476,0
Ikezawa,35669921,3
Mio,35669921,16
Kiyomi,35669921,16
Shikokuchuo,35669921,9
Satoko,35669921,6
Marla,6563473,21
Todd,6563473,3
Jessica,6563473,3
Tobias,6563473,17
Martin,6563473,9
Jimmy,6563473,17
Claire,6563473,3
Dana,6563473,4
Bill,6563473,3
Newsom,13206178,8
Lolita,24681159,10
Carlos,24681159,24
Shanti,19420639,21
Pooja,19420639,21
Krishna,19420639,15
Mittal,19420639,13
Prasad,19420639,23
Rajneesh,19420639,0
Hussain,19420639,2
Shridhar,19420639,6
Monica,19420639,6
Panche,19420639,8
Vijay,19420639,15
Pilla\/Bangaru,19420639,15
Bai,19420639,21
Rani,19420639,1
Reddy,19420639,3
Joseph,19420639,6
Rekha,19420639,6
Wills,19787835,18
Wexler,685832,12
Maxwell,685832,12
Margaret,685832,23
Pendleton,685832,5
Jack,685832,3
Igoe,685832,4
Vernon,685832,8
Canker,685832,22
Wells,685832,7
Cowboy,685832,20
Putter,685832,23
Lydia,685832,4
Tuck,685832,4
McCarthy,685832,15
Leonie,2663296,23
Elba,2663296,21
Feraud,2663296,17
Napoleon,2663296,10
Fox,2663296,18
Fouch,2663296,18
Webb,2663296,24
Bigham,24797567,21
oldman,24797567,1
Qarun,24797567,10
Susanne,11380221,22
Henrik,11380221,22
Palle,11380221,20
Doris,11380221,5
Irene,3830101,20
Lucien,3830101,21
Emile,3830101,21
Ladmiral,3830101,21
Mireille,3830101,21
Calcuttan,25942781,19
Shaw,28222279,2
Parvez,9710883,13
Donadio,9710883,15
Puri,9710883,9
Farid,9710883,15
Kurtha,9710883,15
Kureishi,9710883,18
Healy,277149,2
Tucker,277149,6
Favre,277149,13
Mary,277149,1
Ted,277149,21
Magda,277149,12
Jensen,277149,13
Huesken,3815505,19
Harris,3815505,21
Tamura,3815505,13
Shimoda,3815505,23
Perry,3815505,2
Okichi,3815505,23
Pierce,3815505,0
Okochi,3815505,18
Henry,1126572,14
Ian,1126572,0
Daphne,1126572,3
Reynolds,1126572,8
Dashwood,1126572,13
Libby,1126572,14
Corona,31322368,6
Barclay,13023545,4
Paul,13023545,23
Bunyan,13023545,20
Blandsford,13023545,24
Roy,26007295,23
Dragna,26007295,6
Wachetta,26007295,15
J.J.,26007295,17
Turman,3151839,22
Taylor,3151839,16
Jo,3151839,23
Bliss,3151839,23
Theotis,3151839,23
J.D.,3151839,1
J.D,3151839,18
Elijah,3151839,6
Christella,3151839,22
Hendrix,3151839,9
Ike,3151839,20
Walker,3151839,22
Pringle,3151839,8
Vaali,31093288,22
Griffin,1975939,2
Hilliard,1975939,16
Rajesh,10619482,6
Pratt,6089288,7
Blake,6089288,10
Brown,6089288,16
Jerry,6089288,6
Ferro,6089288,23
Sanchez,6089288,23
Lindsay,6089288,21
Bell,6089288,3
Sang-hyun,17405162,3
Pauline,3076631,17
Driscoll,3076631,18
Andrews,6787125,1
Howard,6787125,13
Littlefield,6787125,4
Mulligan,11770563,17
Custer,11770563,1
Absolom,2430462,3
Robbins,2430462,3
Marcella,7352183,5
Lynch,7352183,11
Jack,19936740,23
Danika,19936740,17
Aetius,5716888,18
Hun,5716888,7
Bowie,25727077,24
Johnny,25727077,23
Mary,25727077,22
Pieraccioni,25727077,9
Jeremiah,25727077,9
Keitel,25727077,16
Jonny,25727077,5
Yadav,10679031,23
Rajesh,10679031,6
Dubey,10679031,22
Keith,2728447,2
Darren,2728447,14
Leo,2728447,3
Brendan,2728447,3
Jeremy,2728447,22
Sybil,2728447,2
Terry,2728447,17
Sally,2728447,14
John,2728447,19
Angie,2728447,24
D'Souza,5747495,24
Victor,5747495,8
Ram,5747495,9
Bhai,5747495,21
Maharaj,5747495,20
Kkhurana,5747495,6
Jahnavi,5747495,12
Janhavi,5747495,21
Jayanti,5747495,14
Singh,5747495,3
Simran,5747495,4
Lucky,5747495,4
Gandhi,5747495,21
Brewster,5112444,6
Halligan,5112444,3
Deane,234731,5
Sheila,234731,18
Lindenmyer,234731,3
Carter,234731,4
Parker,234731,13
Lindenmeyer,234731,13
Barnes,234731,4
SID,234731,16
Reilly,234731,14
Katia,2483209,3
Gorobec,2483209,3
Kruvajan,2483209,21
Vajda,2483209,23
Javuto,2483209,6
Richardson,2483209,11
Jackson,3600059,24
Rebecca,3600059,12
Alice,3600059,24
Makovsky,8069398,12
V.,21081380,0
Ganesan,21081380,20
Balaiah,21081380,0
Radha,21081380,9
Chui,10778878,17
Feng,10778878,3
Mang,10778878,17
Wapiko,4623520,8
Gyopi,4623520,10
Jethrow,25520370,9
Joyce,25520370,6
Grey,25520370,22
Julie,25520370,14
Dorianne,25520370,11
Max,25520370,6
Webster,25520370,22
Laramie,25520370,22
Eddie,25520370,6
Davis,25520370,9
Sarita,20767875,21
Achamillai,20767875,1
Chadda,36325441,0
Monty,36325441,23
Bhosle,36325441,17
Guptaji,36325441,12
Baig,36325441,7
Amar,36325441,14
Hai,36325441,13
Joshi,36325441,14
Mohini,36325441,0
Mummyji,36325441,19
Kumar,9001270,21
Cassio,13638226,10
Desdemona,13638226,2
Vegan,31518744,17
Bean,31518744,24
Cromwell,31518744,16
Gus,18906983,12
Nick,18906983,18
Leah,18906983,0
Bascomb,8140468,14
Harry,8140468,12
Adamson,8140468,12
Joe,8140468,3
Dagmar,8140468,23
Mary,8140468,16
Lambert,8140468,22
Moko,3060410,11
Flama,3060410,0
Nithiya,36057867,9
Chandrasekhar,36057867,24
Bailey,25242499,3
Stewart,25242499,20
James,25242499,4
Lisa,25242499,24
Bolton,5391943,2
Antoinette,5391943,10
Isha,1764812,7
Ronit,1764812,23
Puri,1764812,21
Sania,1764812,18
Malhotra,1764812,12
Amy,25505873,3
Brian,25505873,12
Georgie,25505873,6
Kyle,25505873,19
&#39;,25505873,11
Flaherty,25505873,8
Joe,25505873,3
Janice,25505873,6
Morrissey,25505873,10
Morris,25505873,8
Godwin,25505873,10
Larue,32452362,8
Charavann,19771801,21
Meas,19771801,4
Kraitoung,19771801,21
Hope,27073625,14
Webb,27073625,22
Jegan,10792032,21
Viswanath,10792032,14
Jagan,10792032,8
Hussain,18675203,2
Manja,18675203,21
Mandar,18675203,17
Aarti,18675203,2
Madhu,18675203,3
Vinay,18675203,21
Anshuman,18675203,24
Raksha,18675203,2
Rajiv,18675203,3
Rohan,18675203,20
Kegan,4622896,1
Oswyn,4622896,23
Titch,4622896,17
Krull,4622896,9
Ynyr,4622896,4
Eirig,4622896,17
Colwyn,4622896,16
Rhun,4622896,1
Torquil,4622896,23
Rell,4622896,16
Lyssa,4622896,4
Darren,1128444,0
Khan,541642,20
Bond,541642,4
Orlov,541642,14
Magda,541642,2
Gobinda,541642,4
Vijay,541642,11
Gogol,541642,20
Henry,13007814,6
Struthers,13007814,5
Partington,13007814,6
Connors,13007814,6
Peggy,13007814,23
Wilton,13007814,15
Rivers,13007814,20
Eddie,13007814,16
Rafaelo,13007814,17
Emmy,13007814,3
Don,25155176,6
Bhargav,25155176,10
Mathur,25155176,0
Dhillon,25155176,9
Emily,1053502,3
Albrecht,1053502,23
Cheung,1053502,11
Jay,1053502,2
Johnston,1053502,21
Wang,1053502,21
Rosemary,1053502,6
Nolte,1053502,15
Hauser,1053502,8
Cobb,1429574,8
Subramaniam,34429074,7
Jiah,34429074,21
Naina,34429074,14
Saravanan,34429074,6
Marley,1131832,9
Tim,1131832,19
Cratchit,1131832,15
Fred,1131832,6
Dickens,1131832,12
Joe,1131832,10
Belle,1131832,10
Scrooge,1131832,6
Dilber,1131832,21
Amy,6643948,11
Djip,4763447,19
Kin,4763447,14
Gaye,4763447,5
Aby,4763447,21
Jean,4763447,21
Constance,27341604,22
Erin,27341604,21
Muth,27341604,13
Kinney,27341604,13
Satrajit,13277969,13
Devi,13277969,21
Krishna,13277969,17
Jambavati,13277969,4
Prasena,13277969,6
Rama,13277969,15
Chandra,13277969,3
Jambavanta,13277969,17
Satyabhama,13277969,4
Chakra,13277969,17
Gajanana,13277969,21
Thinnes,23731386,5
Lorna,23731386,2
Keyes,23731386,7
D,19104869,4
rrenmatt,19104869,1
Kohler,19104869,6
Herb,2272403,8
Gordon,2272403,17
LaBreche,2272403,24
Sullivan,2272403,8
Charlie,2272403,8
Vivian,2272403,12
Carruthers,2272403,12
Godwin,2272403,14
Reynolds,2980727,24
Durling,2980727,17
Dabney,5697845,1
Cantrell,5697845,7
Rutledge,5697845,5
Laura,5569730,21
Tucci,5569730,12
Stanciulescu,5569730,3
Rudolf,5569730,8
Matei,5569730,4
Audricourt,5569730,18
Veronica,5569730,13
Rupini,5569730,4
Carri,10279937,3
Geethu,16166406,14
Ajith,16166406,3
Kuttapppan,16166406,13
Vijay,16166406,6
Dijk,8352931,0
Umapathi,18565134,23
Krishna,18565134,2
Chanti,18565134,21
Mohan,18565134,15
Lynch,11386632,1
Ali,26613721,14
Harding,4450578,19
Michelle,4450578,14
Laurie,4450578,20
Gray,10883060,21
Wyshner,10883060,19
Gary,10883060,2
Jr.,10883060,8
Nina,23988883,24
Abbot,23988883,1
Digberry,23988883,6
Lombardi,23988883,23
Wilkins,23988883,17
Walters,23988883,4
Politza,23988883,19
Blanco,6766613,9
Trott,19928595,19
Lilian,19928595,17
Katie,2305786,21
Wyatt,2305786,0
Chandler,2305786,8
Appleby,2305786,24
Billy,2305786,21
Adam,8710347,13
Stu,8710347,19
Nelson,8710347,13
Marius,32405156,14
Holt,32987543,18
Truman,32987543,19
Burleigh,32987543,15
Nellie,32987543,2
Leroy,32987543,12
Higgins,32987543,8
Hanna,1996562,13
Josef,1996562,3
David,21664006,12
Silberstein,21664006,9
Meissner,21664006,6
Mavis,35031759,21
Ray,35031759,18
Patrick,35031759,4
Regan,35031759,11
Harlan,35031759,6
Croker-Kelley,35031759,21
Bianca,330874,19
Municipo,330874,5
Sandro,330874,3
Claudia,330874,3
Anna,330874,3
Basiluzzo,330874,20
Noto,330874,3
Montaldo,330874,10
Patrizia,330874,2
Fitzgerald,330874,15
Corrado,330874,7
Perkins,330874,19
Carlos,15392682,3
Roy,15392682,4
Abby,15392682,6
Grinko,15392682,17
Noriega,15392682,9
Jessie,15392682,21
Yushenkov,15392682,1
Inton,3896645,14
Christ,3896645,12
Liao,3896645,12
Nestor,3896645,17
Louie,3896645,17
Thelma,3896645,17
Mendoza,3896645,7
Alice,3896645,17
Joy,3896645,3
Dennis,9450708,21
Glades,9450708,14
Williams,9450708,15
Joyboy,9450708,6
Glenworthy,9450708,3
McPherson,9450708,10
Jr.,9450708,18
Barlow,9450708,12
Brahmin,9450708,21
Hinsley,9450708,16
Payne,217783,3
Adams,217783,9
Pookie,217783,6
Beni,35569446,13
Mae,35569446,14
Rendy,35569446,19
Eman,35569446,13
Guntoro,35569446,13
Jerry,31457501,3
Barbara,31457501,9
Babu,17853465,0
Chandru,17853465,6
Ganesh,17853465,13
Geechalarenu,17853465,13
Ramya,17853465,23
Anand,17853465,23
Murthy,17853465,23
Rishi,17853465,16
Aata,17853465,22
Firecul,25567085,7
Salter,6811111,22
Taylor,6811111,23
Flannery,6811111,19
Dabney,6811111,18
Carradine,6811111,11
Poindexter,6811111,7
McLaren,6811111,12
Robson,6811111,1
Hardy,6811111,17
Allpress,6811111,12
Kelly,6811111,7
O'Connell,6811111,20
Sanderson,6811111,5
Sam,6811111,10
Potroz,6811111,7
Mann,6811111,17
Les,6811111,10
Chacko,23013129,21
Daisy,23013129,16
Benny,23013129,3
L,5046538,9
Itard,5046538,13
Christine,5046538,9
Victor,5046538,5
Lewin,5046538,9
Jean,5046538,9
Truffaut,5046538,3
Harvey,34092532,24
Morrison,7845053,23
Dooley,7845053,17
Hart,7845053,4
Gina,7845053,4
Dave,7845053,3
Cheng,7845053,16
Roxanne,5649438,7
Claude,5649438,14
Beth,5649438,3
Becky,5649438,14
Terry,5649438,19
Lena,5557065,1
Bill,5557065,23
Robin,5557065,21
Helen,5557065,21
Harvey,5557065,13
Beaumont,14855818,14
Frank,14855818,24
Annie,30607979,4
Aby,30607979,3
Langford,18920316,4
Holt,12498936,15
Conlin,12498936,8
Marsh,12498936,2
Smith,12498936,13
Hanan,28427194,16
Tarek,28427194,6
Rania,28427194,12
Mary,28427194,6
Iskander,28427194,6
El,28427194,17
Sam,23994681,7
Botts,23994681,6
Sally,23994681,6
Mabel,23994681,12
Gormaz,787058,4
Diego,787058,24
Jimena,787058,13
Cid,787058,17
Alfonso,787058,17
Sancho,787058,13
Al-Kadir,787058,10
Al-Mu,787058,21
Urraca,787058,13
Ferdinand,787058,17
Castille,787058,4
Babieca,787058,1
Rodrigo,787058,4
Yusuf,787058,20
Fraser,787058,13
Shouji,29227920,6
Mika,29227920,2
Simhadri,5654699,23
Singamalai,5654699,23
Anna,5654699,16
Nair,5654699,15
Saab,5654699,21
Saraswati,5654699,12
Varma,5654699,6
Aravind,5654699,23
Looney,5226194,22
Ann,5226194,5
Raggedys,5226194,24
Raggedy,5226194,14
Marcella,5226194,6
Babette,5226194,23
Koo,5226194,3
Andy,5226194,3
Sharman,896674,13
Venus,896674,9
Calder,896674,14
Uhl,896674,24
Zaremba,896674,11
Leonardo,896674,13
Marisa,896674,7
Avi,32000219,21
Arora,32000219,3
Pathak,32000219,24
Khanna,32000219,7
Jackson,14717678,12
Simpson,14717678,18
Superstar,14717678,14
AfroDite,14717678,16
Meguru,19816688,23
White,76361,4
Sneezy,76361,5
Grumpy,76361,5
Johnny,8438951,10
Nathan,8438951,4
Eli,8438951,10
Kidd,8438951,8
Stockheinz,19944273,13
Prado,19944273,22
Levin,19944273,21
Madeline,7596752,10
Dalmass,7596752,15
Miles,7596752,7
John,7596752,11
Vince,12098160,6
Eric,12098160,22
Ralph,12098160,14
Peta,12098160,21
Russell,12098160,6
Carla,12098160,6
Jung,35000773,24
Jin-soo,35000773,24
Taek-soo,35000773,20
Jin-oh,35000773,20
Hyun-chul,35000773,19
York,2098715,15
Stroud,2098715,5
Janoth,2098715,4
Diana,29067819,3
Wadala,31391928,14
Dharti,31391928,11
Stalin,29649592,19
Churchill,29649592,19
Nadine,2351556,20
Johnson,2351556,4
Rochelle,2351556,13
Davanna,2351556,9
Sherbourne,2351556,13
Lucy,10629623,23
Bobby,10629623,20
Luke,10629623,18
Gabriel,10629623,14
Doug,10629623,16
Barry,10629623,5
Maddox,8982459,6
Bronson,8982459,6
Jason,8982459,15
Harris,8982459,8
Crowe,8982459,14
Corman,8982459,11
Ryan,8982459,16
Stenbaugh,8982459,14
Dennis,15071971,15
Agaton,15071971,22
Jeff,15071971,15
Kara,10621672,7
Leung,10621672,16
Wei,10621672,21
Hui,10621672,7
Lau,10621672,6
Morrison,2882838,7
Yadav,14312549,21
Jacky,31518066,3
Laura,31518066,21
Johnny,26613648,14
Vicky,26613648,17
Anu,26613648,21
Oisin,30084641,24
Tomie,21149183,17
Baisho,21149183,24
Sugimura,21149183,16
Tsugawa,21149183,11
Yoko,21149183,2
Akemi,21149183,23
Dean,2001887,14
Kane,2001887,1
Suzi,2001887,3
Liv,2001887,13
Loomis,2001887,9
Reggie,2001887,3
Woods,2001887,3
Billy,2001887,21
Joan,1348418,11
Strudwick,1348418,9
Joseonjok,30643953,4
Daffy,3150394,17
Porky,3150394,3
Janet,28704226,3
Richard,28704226,3
Jarvis,28704226,9
Kashi,11089663,23
Khan,11089663,5
Strode,11089663,13
Lou,25807540,9
Jim,25807540,6
Lorraine,25807540,0
McGrew,25807540,24
Vysotsky,11527293,5
Nekrasov,11527293,15
Karyakin,11527293,20
Brusentsov,11527293,9
Breck,2294598,24
Balfour,2294598,9
Wiggins,29462285,14
Bailey,29462285,14
Marion,29462285,6
Willie,29462285,6
Hammond,29462285,19
Camille,29462285,9
Scott,29462285,14
Harriet,29462285,12
Quartermaine,1784731,15
Hall,1784731,13
Hedges,1784731,7
imprison,1784731,8
Victor,1784731,3
Tottington,1784731,8
Philip,1784731,24
Gromit,1784731,16
Wallace,1784731,4
Christina,11471255,1
Gates,11471255,23
Franklin,11805834,20
Charnesky,11805834,10
Kehler,11805834,4
Victor,16168391,8
Nancy,16168391,1
Wes,1399631,17
Vivianna,16811312,5
Marianna,16811312,21
Lilianna,16811312,6
Hope,2330930,19
Harry,2330930,13
Collins,2330930,19
Diane,2330930,6
Sinatra,2330930,24
Martin,2330930,14
Lamour,2330930,15
Crosby,2330930,19
Chester,2330930,3
Kristen,9776644,3
Hoyt,9776644,21
McKay,9776644,3
Mike,9776644,3
James,9776644,23
Claudia,3239688,23
Yvette,3239688,1
Lac,3239688,8
Lestat,3239688,21
Madeleine,3239688,4
Armand,3239688,16
Louis,3239688,3
Malloy,3239688,3
Pointe,3239688,24
Taylor,2689080,6
Nolmar,2689080,16
Scoggins,2689080,16
Kay,2689080,15
Eddie,2689080,17
Nonno,36267049,23
Anna,36267049,6
Per-Olof,36267049,23
Harrison,29656423,11
Alfiri,29656423,15
Jagi,20774714,22
Shinken,20774714,18
Rei,20774714,16
Shin,20774714,3
Lin,20774714,3
Kenshiro,20774714,17
Cassandra,20774714,15
Yuria,20774714,21
Ken,20774714,13
Raoh,20774714,3
Rukmani,9650458,21
Kutty,9650458,21
Vijay,9650458,2
XV,2887199,17
Henriette,2887199,1
Mary,2887199,21
Beaucaire,2887199,15
Quillan,6944471,6
Denny,6944471,4
Sutherland,6944471,8
Svetlana,6944471,6
Marya,6944471,23
Philip,6944471,21
Mutana,34981934,4
Shitenn,1413353,19
Kintoki,1413353,5
Minamoto,1413353,15
Raik,1413353,14
Sansom,1413353,3
Duce,21035176,14
Hughes,6493268,0
Perry,6493268,16
Hurston,6493268,0
Robinson,6493268,10
Arthur,2134118,12
Armstrong,2134118,2
Wolheim,2134118,17
Guttuart,2421234,24
Celtill,2421234,17
Gobanittio,2421234,4
Eponia,2421234,12
Caesar,2421234,6
Gaul,2421234,5
Dumnorix,2421234,6
Sreeram,10074270,13
Sindhu,10074270,2
Clarke,8262764,11
Hastings,8262764,4
Barnard,8262764,4
Poirot,8262764,11
Cross,8262764,10
Aachen,8262764,22
Gray,9815938,12
Colbert,9815938,20
Dawes,9815938,19
Peter,9815938,12
Marilyn,9815938,3
Charles,9815938,13
Lily,9815938,8
MacMurray,9815938,8
Granville,9815938,0
David,9815938,15
Naresuan,6315178,4
Maneechan,6315178,0
Khanchong,6315178,14
Thammaracha,6315178,13
Nanda,6315178,13
Thammarachathirat,6315178,17
Bayinnaung,6315178,23
Wisutkasat,6315178,5
Minchit,6315178,4
Chong,6315178,10
Carr,13038633,22
Apte,17391299,3
Heslop,363255,20
Muriel,363255,3
Hunter,363255,0
Subharda,26035388,3
Prabhakaran,26035388,21
Subhadra,26035388,2
Thampi,26035388,13
Pradeep,26035388,21
Shailaja,26035388,3
Murphy,31718825,2
O'Brien,31718825,1
Taylor,61059,6
Randall,61059,14
Weeks,61059,8
Phillip,61059,6
Isopod,61059,18
Philip,61059,16
Hinchecliffe,61059,14
Townsend,61059,14
Voorhees,61059,16
Jenny,61059,6
Nancy,61059,17
Donald,5425039,3
Conway,42222,21
Juanita,15579410,2
Ramiro,15579410,16
Hulot,2885119,21
Barbara,2885119,24
Lassalle,22578492,17
Christopher,22578492,3
Varella,22578492,11
Beauvois,22578492,7
dith,22578492,19
Wong,6426885,23
Baldy,6426885,3
Cheung,6426885,3
Sheung-Sang,6426885,18
Kai-Fat,6426885,0
Hyde,4851941,7
Allen,4851941,15
Littauer,4851941,2
Jekyll,4851941,9
Baikas,26729192,16
Tracy,4204059,23
Bailey,4204059,0
Peter,4204059,16
Ticonderoga,4204059,21
Barber,4204059,17
Blackie,4204059,17
Bob,4204059,17
O'Herlihan,4204059,13
Caesar,28035306,5
Coward,2099934,6
Pope,2099934,0
Bijay,19998583,1
Loknath,19998583,21
Ajay,19998583,6
Lokanath,19998583,15
Patanayak,19998583,22
Basanti,19998583,21
Uma,19998583,13
Laxmi,19998583,0
Ashok,19998583,4
Prakash,19998583,14
George,2502547,23
Nellie,2502547,17
Brigid,2502547,4
Vaidehi,33871412,13
Yuvaraj,33871412,13
Thangaraj,33871412,14
Selvaraj,33871412,6
Selvi,33871412,16
Hanburger,4220745,13
Delia,4220745,3
Todd,4220745,3
Lou,4220745,6
McGraw,4220745,19
Jeff,4220745,18
Thompson,4220745,13
Leo,4220745,13
Lauren,4220745,3
McLemore,4220745,13
Johnson,4220745,19
Dirk,4220745,15
Appleton,4220745,10
Ken,4220745,3
Alex,4220745,6
Elisa,4220745,3
George,35482122,11
Charley,35482122,16
Kremer,1876331,6
Gebhardt,1876331,3
Janet,612803,14
Francisco,612803,13
O'Flynn,612803,8
Kenny,612803,17
Muldoon,612803,17
Crockett,612803,17
Koko,7488792,24
Fleischer,7488792,23
Betty,7488792,23
Stanwyk,2484540,17
Rupak,21392328,1
Rohit,21392328,21
Rinki,21392328,14
Kitty,21392328,17
Mukul,21392328,2
Chowdhury,21392328,5
mama,21392328,21
Harikaka,21392328,11
Bakul,21392328,21
Doorne,13544842,11
Popeye,27960481,14
Subramani,35790648,21
Thayamma,35790648,22
Meenakshi,35790648,6
Rick,1169398,16
Cheung,1169398,11
Miu,1169398,7
Pang,1169398,9
Turrido,24654419,2
Rosalba,24654419,24
Dalca,29039930,23
Marzouk,29039930,0
Rebecca,29039930,21
Russel,12328269,23
Fikus,12328269,17
Sherman,12328269,21
Russell,12328269,17
Ezra,12328269,3
Furrows,5401902,3
Ray,5401902,4
Al,5401902,10
Thane,5401902,6
Pete,5401902,10
Prince,18792792,17
Tang,18792792,19
Jenson,18792792,11
Rasta,3454332,10
Blake,3454332,24
Liz,3454332,3
Charlie,3454332,3
Smith,3454332,24
Hood,3370990,5
Flynn,3370990,9
John,3370990,6
Ksanka,12752698,23
Perov,12752698,10
Ovechkin,12752698,17
Naryshkin,12752698,4
Kudasov,12752698,17
Duc,12752698,6
Yashka,12752698,16
Burnash,12752698,9
Christie,32880004,24
Travis,3509188,3
Tracey,3509188,16
Johnson,3509188,17
Cornell,3509188,12
Grant,2541757,9
Kyle,2541757,24
Spalding,2541757,23
Robert,2541757,6
Dubrow,2541757,7
Rutledge,2541757,17
Brian,2541757,3
Dunston,2541757,3
Kennedy,4457806,11
Nixon,4457806,7
Kovic,4457806,3
Charlie,4457806,18
Wilson,4457806,22
Donna,4457806,23
Burns,4457806,0
Stokes,10450776,5
Antoinette,10450776,5
Jarjayes,10450776,19
Andre,10450776,0
Oscar,10450776,21
Richard,607735,7
Bonnie,607735,15
Doug,607735,17
Flanagan,607735,24
Kerry,607735,6
Pat,607735,16
Coughlin,607735,1
Brian,607735,21
Bshara,35058386,14
Hala,35058386,19
Mizrahi,35058386,5
Johny,10657592,6
Dileep,10657592,6
Bhai,10657592,22
Unni,10657592,3
Balu,10657592,24
Paramasivam,10657592,6
Walther,30027417,8
Annette,30027417,1
Lutz,30027417,14
Ranga,20833896,22
Punyakodi,20833896,8
Sathyanathan,20833896,8
Tyagu,20833896,22
Petomane,3837,20
Mongo,3837,3
Shtupp,3837,11
Johnson,3837,18
Taggart,3837,19
Bart,3837,16
Jim,3837,6
Lamarr,3837,3
Saville,16200112,6
Bentley,16200112,9
Brown,16200112,17
Wheatley,16200112,18
Quigley,1378672,1
Christine,1378672,8
Lynch,1378672,6
Lisa,1378672,8
Hitler,35542282,1
Jones,35542282,5
Falken,10523539,12
Joshua,10523539,8
Annie,10523539,3
Bala,26913763,23
Janet,26913763,7
Korah,26913763,13
Verma,26913763,5
Saikumar,26913763,11
Alexander,26913763,17
Manu,26913763,3
Kumar,13243218,16
Ritu,13243218,23
Ballu,13243218,3
Randhawa,13243218,18
Khurana,13243218,6
Sehar,13243218,3
Pandey,2775046,11
Raja,2775046,14
Fudd,6022701,9
Hare,6022701,15
Elmer,6022701,17
Fuddstone,6022701,6
Doc,6022701,13
Starr,17958786,8
Alma,17958786,23
Palmer,17958786,22
Hill,17958786,12
Bruckner,17958786,19
Lincoln,17958786,3
Helen,17958786,3
Adelle,17958786,17
Danny,10070111,3
Gideon,10070111,3
Pomeroy,14160641,20
Ollie,7938436,7
Stan,7938436,7
Vimala,7624920,8
Sriram,7624920,8
Divya,7624920,4
Bhagavan,7624920,12
Seenu,7624920,21
Sandhya,7624920,19
Jason,4195543,10
Orcutt,4195543,24
Willis,4195543,1
Camille,4195543,16
Emma,4195543,8
Puiu,3263452,6
Gorea,3263452,1
Diana,3263452,24
Robert,3263452,14
Ovidiu,3263452,3
Miruna,3263452,6
Nathan,10799167,11
George,10799167,3
Sophie,10799167,13
Gerard,10799167,3
Leather,10799167,3
Alicia,10799167,13
Hannah,3033392,13
Adrian,3033392,6
Evans,3033392,7
Ricky,3033392,6
Burton,3033392,22
Annie,3033392,3
Spinks,3033392,2
Marlowe,21791457,12
Bogart,21791457,9
Avinash,35744840,16
Skrof,12148707,12
Palmu,12148707,18
Golson,676909,11
Torres,676909,8
Navorski,676909,3
Dixon,676909,0
Amelia,676909,6
Warren,676909,12
Viktor,676909,6
Cruz,676909,21
Gupta,676909,10
Enrique,676909,8
Dolores,676909,1
Vivaan,29642697,6
Nareshchandra,29642697,12
Khandelwal,29642697,21
Scheider,25417931,21
Jamieson,25417931,1
Redford,25417931,9
Parkes,25417931,9
Newman,25417931,15
George,25417931,9
Lyons,25417931,22
Elena,25417931,3
Brent,25417931,2
Ambrose,25417931,1
Adam,25417931,3
Hamilton,25417931,0
Waller,25417931,6
Marina,25417931,13
Baker,25417931,20
Lesky,25417931,16
Randy,25417931,23
Nancy,25417931,13
Henry,19308640,15
Gray,19308640,3
Hallward,19308640,17
Emily,19308640,6
Sybil,19308640,2
James,19308640,16
Wotton,19308640,6
Woody,695540,23
Panda,695540,5
Bruce,21760793,15
Allistair,21760793,1
Meltzer,3744721,3
Jo,3744721,11
Donald,3744721,9
Clay,3744721,3
Pepperdine,3744721,15
Slaughter,3744721,22
Mehra,10639796,4
Kishan,10639796,24
Khanna,10639796,15
Butler,27567823,0
Shackleton,27567823,21
Mohan,31361927,15
Shruthi,31361927,14
Rajanna,31361927,20
Bujji,31361927,13
Sandhya,31361927,23
Bhavani,31361927,14
Sreenu,31361927,3
Steph,26273128,15
Jean,33988195,24
Chambon,33988195,21
Liggett,2861237,22
Hayes,2861237,20
Bungla,4626310,17
Seema,4626310,14
Sunder,4626310,20
Pyarelal,4626310,10
Burman,4626310,15
Mohan,4626310,19
Shankar,4626310,15
Gopal,4626310,16
Singh,4626310,19
Tom,23173019,17
Kishen,28620895,3
Kishan,28620895,14
Nair,28620895,18
Jeevan,28620895,6
Ananthu,28620895,16
Govindji,28620895,17
Akhila,28620895,6
Manikkutty,28620895,13
Mehaboob,28620895,4
Ibrahim,28620895,2
Reddy,28620895,18
Kishanji,28620895,16
Mathews,14618858,10
Jordan,14618858,9
Samuels,14618858,8
Vernon,27372372,6
Gant,27372372,15
Melissa,27372372,4
Loon,27372372,22
Morra,27372372,18
Atwood,27372372,2
Gennady,27372372,21
Eddie,27372372,3
Lindy,27372372,6
Brandt,27372372,3
Kumar,9629572,15
Selvam,9629572,17
Ravi,9629572,6
Karunas,9629572,22
Prabhu,9629572,6
Fenwick,19898036,3
Verena,19898036,5
Gelder,19898036,24
Catherine,19898036,3
Dolly,19898036,3
Bellerophon,451866,23
Stickell,451866,9
McCloy,451866,0
Chimera,451866,23
Nordoff-Hall,451866,23
Luther,451866,4
Hunt,451866,3
Nyah,451866,4
Ambrose,451866,6
Baird,451866,24
Nekhorvich,451866,13
Laura,12139040,3
Carlos,12139040,3
Pilar,12139040,4
Tom,12139040,23
Sim,12139040,13
Benigna,12139040,3
Toca,12139040,23
Escobeda,12139040,7
Simon,12139040,7
Crusoe,1680070,9
McReady,1680070,16
Draper,1680070,3
Mona,1680070,6
Petrakis,14946143,8
Rhys,14946143,19
Mike,14946143,8
Darren,34115082,18
Jason,34115082,3
Kate,34115082,6
Daren,34115082,23
Zoe,25826180,3
Rashmi,2922151,17
Ratan,2922151,17
Dhanraj,2922151,3
Madhumati,2922151,24
Singh,2922151,6
Murugesan,16490670,3
Thangavelu,16490670,0
Sivasailam,16490670,24
Iyer,16490670,0
Parijatham,16490670,12
Wojty,1836982,10
Mohei,28736103,16
Tokugawa,28736103,15
Mifune,28736103,7
Miller,6836819,12
Blair,6836819,15
Royale,6836819,21
Adam,6836819,14
Esmeralda,3778613,4
Mary,3778613,17
Quixtla,3778613,9
Reece,3778613,24
Bierce,3778613,3
Madrid,3778613,24
Villa,3778613,22
John,3778613,23
Newlie,3778613,4
Hanka,25826815,3
Mariusz,25826815,2
Roman,25826815,21
Nycz,25826815,15
King,1884173,21
Gilbert,1884173,1
Leben,20194103,15
Ganghofer,20194103,12
Moser,20194103,17
Lotte,20194103,20
Anzengruber,20194103,5
Seipel,20194103,4
Strakosch,20194103,6
Schwerdtfeger,20194103,0
Bernard,20194103,4
Jameendar,27484022,8
Reghu,27484022,8
Sringaram,27484022,23
Singaram,27484022,2
Raghu,27484022,14
Ann,19360011,13
Jackie,19360011,2
Sanjana,815934,12
Kiran,815934,10
Megha,815934,14
Karan,815934,13
Sameer,815934,23
Gurukul,815934,21
Shankar,815934,6
Vicky,815934,2
Ishika,815934,10
Malhotra,815934,14
Sameer,11086287,6
Mohnini,11086287,13
Prasad,11086287,8
Vishnu,11086287,3
Mohini,11086287,6
Cantor,6407029,15
Simpson,6407029,14
Agee,6407029,21
Davis,6407029,16
Benson,5028541,16
Willie,5028541,3
Friml,5028541,21
Bonita,5028541,2
Brodax,5028541,11
Mick,15765881,3
Davison,15765881,22
Gordon,15765881,11
Borzage,15765881,17
Jodi,15765881,21
Caroline,15765881,12
Lisa,15765881,2
Salvatore,1249349,21
Vita,1249349,22
Ciccio,1249349,9
Giancaldo,1249349,23
Alfredo,1249349,21
Elena,1249349,20
Do-man,20509157,7
Seung-man,20509157,18
Bragg,18965892,6
Melissa,18965892,20
Lymelife,18965892,16
Jimmy,18965892,13
Mickey,18965892,24
Brenda,18965892,3
Adrianna,18965892,23
Scott,18965892,6
Maggie,33276254,10
Church,33276254,17
Caesar,33276254,2
Hector,33276254,7
Christmas,33276254,8
Zhou,33276254,2
Yang,33276254,11
Jensen,33276254,22
Booker,33276254,17
Sophia,33276254,16
Ross,33276254,17
Sangs,33276254,17
Chan,33276254,7
Vilain,33276254,17
Woody,34528677,20
Alfie,34528677,24
Woodpecker,34528677,12
Meany,34528677,23
Otto,593964,3
Maria,593964,3
Victor,593964,17
Alexander,593964,3
Bach,593964,13
Julia,593964,19
Das,13893843,18
Godse,13893843,7
Gandhi,13893843,12
Satish,10707155,8
Roopa,10707155,2
Tarabai,10707155,19
Ramesh,10707155,3
Raja,10707155,12
Shankar,10707155,2
Thakur,10707155,5
Franken,2259073,18
Sharmi,19437810,4
Roy,19437810,10
Sanjib,19437810,4
Zinia,19437810,4
Choudhury,19437810,1
Woody,20533222,19
Valerie,9019882,23
Chiffre,9019882,17
Bond,9019882,6
Mathis,9019882,8
Leiter,9019882,9
Twain,31855039,10
Melissa,31855039,12
Galina,31855039,1
Edward,31855039,24
Roche,15026605,3
Ann,15026605,12
Sylvester,15026605,3
Pedro,15026605,21
Crosby,15026605,22
Margaret,15026605,3
Lorfield,9252149,6
Jerry,9252149,2
Chandler,9252149,18
Stoker,25388443,13
Wilcot,25388443,6
Glimmer,25388443,20
Tito,23016541,10
Elena,23016541,21
Joss,422269,15
Hitler,422269,1
Dr.,422269,20
Hadden,422269,0
Vega,422269,11
Arroway,422269,21
Constantine,422269,18
Drumlin,422269,5
Kitz,422269,22
Mahadevan,31485731,7
Hanifa,31485731,12
Mitchell,15000816,21
Trimble,15000816,19
Dreiser,15000816,9
Gerald,9626476,17
Rosellini,9626476,17
Don,9626476,6
Lawrence,9626476,1
Truman,9626476,6
Gates,9626476,9
Briar,9626476,21
Harold,9626476,17
Isabella,9626476,24
Joey,9626476,6
Jessie,9626476,5
Helter,27424702,15
Potter,27424702,22
Sun-woo,2411357,17
Kang,2411357,3
Jr.,2411357,3
Botan,25855321,3
Galbraith,25855321,22
Ikenouchi,25855321,6
Overstreet,1545870,14
Darling,1545870,22
Blackmon,1545870,24
Childs,1545870,1
Nola,1545870,14
Tibbett,3758886,5
Hardy,3758886,11
Basket,12138818,13
White,12138818,6
Raylene,12138818,14
Leston,12138818,6
Tindle,12138818,20
Kay,12138818,21
Jewel,12138818,6
Beaudry,12138818,6
Hilburn,12138818,24
Wilman,12138818,15
Burton,12138818,14
Nelson,12138818,2
Annie,12138818,23
David,13393993,1
Paul,9863190,24
Herman,9863190,23
Olsen,9863190,5
Liz,9863190,14
Cassie,9863190,3
Frederica,9863190,22
Sandy,9863190,1
Rick,9863190,10
Dan,9863190,13
Winston,9863190,3
Darren,9863190,13
John,9863190,3
Marc,9863190,1
Alex,9863190,21
Bowen,9863190,17
Audry,5673502,9
Marshal,5673502,24
Fitzpatrick,5673502,14
Natsumi,17487908,14
Mickey,19828237,20
Burston,19828237,12
Maxim,4911873,9
Edwards,4911873,0
Alison,4911873,23
Sweetwood,4911873,16
Livingston,4911873,23
Mizandari,5399266,7
Khachikyan,5399266,19
Viswanathan,6529514,21
Bhupathy,6529514,14
Vishwanathan,6529514,14
Vijay,6529514,4
Pippi,22637123,10
Tommy,22637123,12
Vera,18357694,10
Thaw,18357694,15
Viktor,18357694,18
Grant,28935479,18
Lindquist,28935479,22
Laura,9015828,13
Truncador,9015828,19
God,9015828,21
Marcia,9015828,23
Joe,9015828,6
Bruno,9015828,4
Maitland,7517533,23
Critchit,7517533,1
Inez,7517533,3
Tom,7517533,3
Jerry,7517533,3
Craig,7517533,14
Sebastian,7517533,13
Eleanor,7517533,17
Harold,7517533,20
Moore,7517533,21
Donna,7517533,7
Massey,7517533,17
Alex,7517533,14
Ali,34783901,15
Bookman,14556392,13
Mari,14556392,3
Lorraines,14556392,18
Cassidy,236122,17
Elisabeth,236122,3
Sachs,236122,13
Nathan,236122,4
Patrick,236122,3
Koster,236122,11
Jessie,236122,5
Conrad,236122,14
Burrows,236122,10
Miller,5222773,18
Ollie,5222773,5
Hilliard,5222773,19
Tojo,5222773,19
Condon,5222773,3
Tanaka,5222773,22
Oshima,5222773,9
Edith,5222773,7
Iris,5222773,3
Hijikata,5222773,4
Mackley,34509089,1
Lee,34509089,12
Anderson,34509089,22
O'Brien,34509089,9
Potel,34509089,24
Auguste,31323870,19
Lehmann,31323870,3
Teague,22216,10
Hogwallop,22216,7
Cooley,22216,21
Pete,22216,6
McGill,22216,6
Dan,22216,12
Nelson,22216,2
Stokes,22216,0
O'Daniel,22216,1
Waldrip,22216,18
Johnson,22216,17
Everett,22216,6
Leo,8612952,21
Mardi,8612952,12
Lazlo,8612952,7
Kowalski,8612952,20
Roscoe,8612952,6
Max,8612952,9
Dani,18566573,14
Sam,25358710,18
Tarek,25358710,4
Nabil,25358710,12
Amie,25358710,19
Jamal,25358710,16
Lamba,19436174,12
Yeo-jeong,25152120,20
Januchta,35156695,0
Carter,15036863,9
Brewster,15036863,8
Dyson,15036863,15
Razaq,31893550,17
Mumtaz,31893550,4
Claire,16666086,6
John,16666086,14
Elizabeth,16666086,21
Lea,16666086,12
Josephine,24654294,13
Lionel,24654294,3
Gabrielle,24654294,22
Mugsy,414349,23
Hugo,414349,6
Holmes,10222495,17
Jane,10222495,13
Tobias,10222495,10
Morstan,10222495,13
Small,10222495,19
Moriarty,10222495,12
Watson,10222495,17
Fabi,25080120,6
Michelle,25080120,13
Charles,25080120,11
Wulf,25080120,13
Bovard,25080120,13
Stan,25080120,3
Robert,25080120,13
Pilgrin,25080120,1
Mike,10653373,12
Russ,10653373,3
Marquez,27476784,11
Eric,27476784,16
Laya,27476784,13
Renato,27476784,9
Luzviminda,27476784,19
Sam,954902,5
Grossman,954902,16
Maes,954902,14
Isabelle,954902,13
Marilyn,954902,22
Ida,954902,18
Posner,954902,9
Kunegundi,10343550,10
Olsen,10343550,9
Johnson,10343550,8
Nanette,10343550,12
Carroll,10343550,21
Kasloff,10343550,13
Dodge,10343550,10
Sotnikov,2439924,4
Portnov,2439924,14
Rybak,2439924,3
Neeraj,20950152,6
Anita,20950152,21
Jogan,20950152,11
Sharma,20950152,17
Liz,39311,6
Helms,39311,7
Ferrie,39311,6
Castro,39311,4
Kennedy,39311,22
Hill,39311,12
Shaw,39311,2
Garrison,39311,6
Robert,39311,9
Ruby,39311,23
Andrews,39311,9
O'Keefe,39311,21
Johnson,39311,0
Eisenhower,39311,0
Broussard,39311,3
Joseph,39311,15
Oswald,39311,10
Akibako,27321623,3
Hirohito,27321623,18
Yang,27321623,4
Nadja,27321623,21
Sandy,18934490,21
William,20393685,3
Carlton,20393685,13
Estelle,20393685,17
Mary,20393685,3
John,20393685,6
Leela,12576817,4
Frydo,12576817,24
Greyfarn,12576817,19
Zoidberg,12576817,10
Momon,12576817,3
Igner,12576817,23
Farnsworth,12576817,23
Leegola,12576817,21
Larius,12576817,10
Fry,12576817,16
Larry,12576817,4
Roberto,12576817,18
Bender,12576817,5
Waltazar,12576817,10
Dwight,12576817,11
Gidget,1057284,3
Lawrence,1057284,17
Matthews,1057284,18
Francie,1057284,15
Kahuna,1057284,8
Frances,1057284,6
Ahearn,1436536,3
Danny,1436536,23
Diane,1436536,3
Evie,1436536,6
Allen,1436536,3
Agostini,1436536,16
Joshua,1436536,3
Emily,1436536,3
Bingham,1436536,22
Lincoln,1436536,12
Thorell,1436536,23
Parnell,1436536,4
Christine,1436536,4
Clayton,1436536,0
Karvoski,1436536,4
Osborne,4765789,11
Alicia,4765789,16
Blore,26494388,10
Anna,26494388,19
Forrester,26494388,6
Bill,26494388,2
Kenny,4089508,12
Hamoun,8233777,17
Ali,8233777,15
Palinov,8960083,6
Christine,8960083,17
Newman,8960083,7
Duprell,8960083,17
Vogel,8960083,13
Jensen,8960083,3
Cordell,623452,23
Fell,623452,13
Krendler,623452,17
Pazzi,623452,4
Lecter,623452,4
Verger,623452,17
Gumb,623452,24
Starling,623452,17
Jason,6827301,2
Alvaro,6827301,3
Rick,6827301,22
Marshall,6827301,6
Lexi,6827301,3
Perez,6827301,20
Brad,6827301,3
Timmy,6827301,23
Vittorio,3073220,6
Accattone,3073220,3
Stella,3073220,13
Maddalena,3073220,4
Topper,1224344,4
Cosmo,1224344,21
Marion,1224344,18
Clara,1224344,21
Kerby,1224344,24
George,1224344,21
Osaki,14359569,21
Paladini,31227986,17
Marta,31227986,16
Carlo,31227986,5
Pietro,31227986,2
Jack,36125772,24
Mukui,22781561,6
Yamamura,22781561,0
Kita,22781561,18
Funakoshi,22781561,0
Fukiko,22781561,20
Sherry,2148370,1
Sam,2148370,15
White,2148370,13
Sharp,2148370,0
Hank,2148370,20
Josey,2148370,6
Dodge,2148370,23
Alice,2148370,2
Bill,2148370,11
Curtis,2148370,9
Halloran,2010018,2
Michael,2010018,14
Parker,2010018,5
Chazen,2010018,12
Logan,2010018,6
Alison,2010018,23
Tracy,4987435,1
Ferguson,4987435,22
Skyla,4987435,14
Morse,4987435,9
Chutney,4987435,3
Cassidy,16477359,20
Gray,16477359,8
Nyimas,36261380,23
Yusuf,36261380,9
Dakunta,36261380,19
Dapunta,36261380,16
Damar,36261380,18
Kirov,23669556,13
Aleksey,23669556,4
Rollo,8470910,17
Mildred,8470910,6
Molly,8470910,5
Oakes,8470910,16
Manson,8470910,12
Horace,8470910,3
Pete,8470910,17
Roger,8470910,10
Sylvia,8470910,3
Andy,8470910,16
Bones,8470910,10
Schiller,13736947,10
Arndt,13736947,10
Evans,13736947,3
Kane,33404927,1
Surbrun,33404927,1
Anderson,33404927,13
Grayton,33404927,19
Damian,19254681,5
Lorenzo,19254681,0
Rafael,19254681,7
Blake,2474408,24
Dad,2474408,6
Blackburn,2474408,6
Griffin,2474408,23
Schaefer,2474408,13
Katagiri,29246589,22
Tsery,29246589,10
Bakhtiar,29246589,16
Haptism,29246589,23
Linda,29246589,8
Halevy,29246589,8
Sierra,29246589,15
Stratos,29246589,1
Lee,29246589,17
II,29246589,5
Tieria,29246589,4
Ray,29246589,18
Kati,29246589,17
Descartes,29246589,17
Schenberg,29246589,0
Louise,29246589,6
Allelujah,29246589,14
Smirnov,29246589,15
Mannequin,29246589,4
Saji,29246589,3
Vashti,29246589,10
Shaman,29246589,8
Seiei,29246589,3
Lockon,29246589,13
Almark,29246589,16
Aker,29246589,14
Feldt,29246589,3
Grace,29246589,16
Ismail,29246589,16
Carmine,29246589,15
Marina,29246589,3
Setsuna,29246589,13
Gundam,29246589,0
Crossroad,29246589,13
Parfacy,29246589,5
Colasour,29246589,11
Harute,29246589,5
Ptolemaios,29246589,17
Natarajan,4635580,6
Gayathri,4635580,13
Mani,4635580,3
Tommy,28063598,6
Narayanan,28063598,17
Roopesh,28063598,4
Nancy,28063598,2
Blackstone,4578386,12
Chavez,183740,15
McCanles,183740,22
Carey,183740,6
Pearl,183740,6
Jesse,183740,3
Smoot,183740,11
Sid,183740,7
Lewt,183740,17
Helen,183740,17
Langford,183740,7
Crabbe,183740,3
Belle,183740,21
Pierce,183740,9
Johnny,13380578,19
Gretchen,13380578,23
Radley,13380578,11
Thomas,1295686,23
Smith,1295686,14
Mackenzie,1295686,9
Green,1295686,7
Yuleson,1295686,13
Caan,1295686,20
Sadie,2559713,6
O'Hara,2559713,17
Davidsons,2559713,20
Davidson,2559713,23
Richardson,18246654,0
Henry,426761,10
Katie,426761,16
Beth,426761,10
McKinley,426761,23
Gary,426761,1
Susie,426761,4
Andy,426761,0
Wolf,3070954,22
Michelle,3070954,23
Banks,3070954,11
Gunner,3070954,5
Tyler,3070954,22
Bombay,3070954,6
Stahl,3070954,22
Adam,3070954,11
Ken,3070954,3
Hans,3070954,9
Portman,3070954,17
Julie,3070954,17
Charlie,3070954,6
McKay,3070954,15
Goldberg,3070954,15
Balasubrahmaniam,26049282,14
Christ,24702963,12
Kelly,11037141,8
Hunter,11037141,2
Ramesh,5090736,21
Pedro,5090736,10
Madan,5090736,4
Manju,5090736,24
Rajani,5090736,13
Leena,5090736,22
Fred,18247508,12
Tyg,18247508,12
Starr,3059082,9
Vic,3059082,6
Cavanaugh,3059082,3
Gelles,3059082,5
Roy,3059082,7
Crest,3059082,24
Pete,3059082,20
Renata,3059082,17
Guerrard,3059082,9
Arglist,3059082,3
Guy,828607,3
Vera,828607,6
Peter,828607,17
Rose,828607,17
Goran,828607,3
Marion,2251161,12
Neff,2251161,17
Warner,2251161,9
Yigael,2251161,3
Mark,2251161,21
Warren,2251161,17
Jennings,2251161,23
Thorn,2251161,7
Morgan,2251161,14
Anne,2251161,6
Damien,2251161,17
Richard,2251161,3
Pasarian,2251161,11
Ann,2251161,16
Hart,2251161,8
Bugenhagen,2251161,13
Buher,2251161,21
Atherton,2251161,0
Murray,2251161,10
Komodo,4446736,10
Grillo,4446736,20
Mudlap,4446736,8
Ryan,4446736,17
Jeffers,4446736,6
Chung,4446736,4
Bretter,9264265,14
Marshall,9264265,11
Peter,9264265,3
Sarah,9264265,6
Rachel,9264265,3
Reghuraman,10048277,6
Baba,23948026,3
Chandru,23948026,13
Aravind,23948026,23
Dillard,711106,19
Gemma,711106,4
Torrance,711106,12
Maria,2652684,6
Cugat,2652684,12
Acu,2652684,3
Bob,2652684,6
Davis,2652684,9
Howard,5112836,18
Bissell,32880476,12
Schultz,32880476,12
Loudet,32880476,13
Hoffberg,32880476,18
Cavell,32880476,18
Renard,32880476,17
Gerard,32880476,7
Gavin,32880476,11
Fouchard,32880476,15
Alakananda,26488565,17
Don,26488565,12
Sircar,26488565,21
Badri,26488565,14
Jagannathan,7513491,21
Nandan,7513491,6
Thamburan,7513491,16
Varma,7513491,13
Namboothiri,7513491,7
Kumar,7513491,10
Mana,7513491,22
Brahmanyam,7513491,15
Abey,7513491,16
Kanimangalam,7513491,4
Jagan,7513491,13
Mathew,7513491,14
Nandakumar,7513491,24
Elgin,4179770,3
Miller,4179770,3
Maubee,4179770,5
Raj,4179770,12
Quinn,4179770,3
Pater,4179770,5
Lola,4179770,15
Townsend,4179770,9
Patina,4179770,1
Xavier,4179770,21
Davey,32255889,11
Cawley,32255889,8
Joseph,32255889,9
Martha,32255889,2
Leah,32255889,13
Mike,32255889,1
Copler,32255889,22
Nora,32255889,2
Ermengarde,7024876,3
Vandergelder,7024876,6
Minnie,7024876,3
Irene,7024876,6
Granger,7024876,22
Rudolph,7024876,5
Levi,7024876,12
Cornelius,7024876,6
Tucker,7024876,6
Molloy,7024876,5
Fay,7024876,19
Hackl,7024876,14
Ambrose,7024876,4
Dolly,7024876,3
Ephram,7024876,13
Gregory,28078410,2
Crolick,28078410,7
Joe,28078410,6
Stefanie,28078410,24
Erik,695435,3
Moss,695435,20
Billy,695435,17
Phipps,695435,6
Remy,695435,3
Taryn,695435,6
Connor,695435,1
Malik,695435,3
David,695435,24
Isaacs,695435,22
Douglass,695435,12
Monet,695435,21
Kristen,695435,3
Wayne,695435,13
Jones,27605718,7
Margie,7344950,19
Goodright,27162062,17
Rex,27162062,0
Malot,27162062,9
Thangal,27482742,1
Koothu,27482742,7
Beevi,27482742,20
Neeli,27482742,10
Mike,1447885,3
Walrus,20530214,6
Woody,20530214,6
Zerzan,2526818,13
Fidel,2526818,12
Mu,2526818,12
Tania,2526818,2
Svante,2526818,13
Castro,2526818,15
Margie,5133308,24
Rosie,5133308,6
Alfonso,5133308,10
Nook,5133308,17
Roberts,9779498,12
Laughlin,9779498,13
Jack,9779498,4
Zellner,27227959,23
Garcia,27227959,18
Susannah,27227959,13
Bartok,27227959,17
Victoria,27227959,5
Sonny,27227959,15
Foy,27227959,10
Natalie,2014153,23
Arun,6005439,23
Venu,6005439,6
Sruthi,6005439,6
Anu,6005439,21
Dean,31831869,23
Mei,31831869,16
Randall,31831869,14
Murugan,25902448,15
Cook,8094205,6
Oliver,8094205,3
Molly,8094205,13
Diane,8094205,21
Johnson,8094205,7
Carleton,8094205,13
Bixby,8094205,17
Kirkland,8094205,6
Niles,42147,10
White,42147,15
Rizzo,42147,6
Joe,42147,3
Buck,42147,14
Annie,42147,10
Durant,702217,17
Kane,702217,17
DeSouza,702217,6
Elmo,702217,23
McElroy,702217,6
Iki,702217,10
Danny,2276775,20
Lovejoy,2276775,2
Johnny,2276775,15
Frieda,2276775,10
Sissy,2276775,21
Cady,10565718,21
Duvall,10565718,18
Norbury,10565718,6
Janis,10565718,21
Regina,10565718,3
Bennett,10565718,5
George,10565718,15
Karen,10565718,2
Smith,10565718,22
Wieners,10565718,2
Kevin,10565718,7
Damien,10565718,6
Gretchen,10565718,14
Tito,24871531,9
Paulus,24871531,4
Tom,11227046,3
Jerry,11227046,23
Tommy,21766755,3
Walter,21766755,3
Jerry,21766755,3
Shepherd,21766755,15
Lois,21766755,3
Riley,21766755,10
McMinnimee,21766755,7
Marge,21766755,6
Millie,21766755,17
Shazah,21766755,15
Cobb,21766755,3
Rogers,27701047,13
Lorenzo,8932397,6
Muggs,28203916,21
Jean,28203916,21
Lerious,14438945,0
Moe,14438945,6
Larry,14438945,6
Goode,17624772,2
David,17624772,22
Avigdor,17315314,19
Anshel,17315314,8
Yentl,17315314,2
Pechev,17315314,10
Hadass,17315314,1
Mendel,17315314,14
Chou,35003076,23
Heinlickburger,6989710,21
Susan,6989710,21
Arah,20395814,14
Bukidnon,20395814,13
Brian,20395814,23
Matea,25722138,4
Feliciano,25722138,8
Wells,22270025,16
Jane,22270025,13
Lily,32714222,23
Bart,32714222,9
Seldon,32714222,2
Coombs,1475902,13
Franklin,1475902,0
Sommers,1475902,0
Susan,1475902,23
Larry,1475902,23
Mary,1475902,23
Rayder,1475902,15
Switcher,882050,15
Timkin,882050,10
Shield,882050,12
Hasure,882050,22
Jonathan,882050,17
Maxwell,882050,6
Claire,882050,6
Wert,882050,3
Armand,882050,3
Roxie,882050,5
Richards,882050,6
D'Costa,1973848,20
Urmila,1973848,21
Urmi,1973848,23
Verma,1973848,12
Sharma,1973848,20
Shankar,1973848,6
Ramprasad,1973848,3
Kedar,1973848,14
Dr.,1973848,21
Ratna,1973848,21
Bhavani,1973848,16
Shalini,6106857,3
Lalitha,6106857,14
Valli,6106857,20
Kavitha,6106857,3
Muthupandi,6106857,3
Krishnan,6106857,9
Santhosh,6106857,6
Janaki,6106857,13
Titli,23400318,12
Khan,23400318,15
Aman,23400318,4
Singh,23400318,2
Seth,23400318,21
Jiggar,23400318,4
Bong-soo,3754443,16
Blake,32657772,16
Molly,32657772,1
Joe,32657772,7
Morgan,32657772,13
Wong,11963758,11
Len,11963758,0
Benton,11963758,22
Bocoum,23348173,23
Maonla,23348173,9
Keenan,23348173,19
Vishaal,32733139,21
Ishtene,32733139,6
Nandini,32733139,8
Shivu,32733139,3
Luke,3697394,21
Matt,3697394,2
Brown,3697394,10
Nietzsche,21854382,4
George,12681510,0
Smith,12681510,6
White,6401155,9
Fawal,7352271,4
Khalid,7352271,6
Smith,7352271,12
Whitman,7352271,6
Anwar,7352271,6
Freeman,7352271,13
Hawkins,7352271,16
Hood,7352271,5
El-Ibrahimi,7352271,24
Fatima,7352271,3
Mayers,7352271,19
Olivera,797798,11
Jill,797798,4
Nicholai,797798,17
Ashford,797798,17
Addison,797798,17
Valentine,797798,18
L.J.,797798,17
Terri,797798,17
Cain,797798,17
Peyton,797798,0
Isaacs,797798,13
Wells,797798,9
Morales,797798,10
Carlos,797798,17
Angela,797798,3
Alice,797798,3
Yuri,797798,8
June,5667757,17
Talbot,5667757,15
Murchison,4150566,10
Willecombe,4150566,10
Calhoun,4150566,18
Joyce,4150566,22
Lorna,4150566,13
Dishart,14230829,14
Rintoul,14230829,15
Babbie,14230829,24
Pilon,12196041,22
Barker,12147366,16
Manditis,12147366,11
Stokes,5703641,18
Strango,5703641,8
Stouffer,5703641,0
Carrie,5703641,6
Mark,5703641,6
Marshall,5703641,3
Marty,5703641,6
Phil,5703641,10
Leona,5703641,8
Sandy,26166420,17
Kyle,26166420,6
Babe,61508,14
Bennett,61508,17
Semple,61508,18
Louise,61508,3
Wray,61508,11
Cedar,61508,11
Faulkner,61508,17
Dawson,61508,10
Cobb,61508,18
Kim,3500651,4
Tyler,6976850,19
Carlo,6976850,5
Jonnie,6976850,4
Terl,6976850,20
Sancho,17249476,18
Clyde,17249476,1
Delores,17249476,22
Kumar,24478594,21
Gayetri,24478594,6
Shyam,24478594,19
Narayan,24478594,6
Kamal,24478594,13
Constance,12234609,3
Virgil,12234609,3
Joe,12234609,13
Forsythe,12234609,20
Buster,12234609,3
Banixter,12234609,10
Delray,22136681,0
Claus,24985700,18
Kadir,29201529,16
Mildred,8316422,19
Winton,8316422,6
White,8316422,20
Warner,8316422,6
Ray,8316422,1
Stevens,8316422,0
Angeli,8316422,19
James,8316422,20
Dean,8316422,21
Kazan,8316422,13
Damone,8316422,0
Whitmore,8316422,21
Landau,8316422,19
Maltin,1244836,22
D.J.,1244836,3
Johnny,1244836,15
Liz,1244836,14
Myron,1244836,3
Howard,1244836,3
Hummell,1244836,19
Langston,1244836,18
Turbo-Man,1244836,11
Larabee,1244836,2
Ted,1244836,23
Jamie,1244836,23
Routledge,10086955,7
Annika,4492975,23
Tommy,4492975,2
Nilsson,4492975,7
Shabdavedi,35490374,0
Rajakumar,35490374,5
Prada,35490374,7
Hannah,29303900,20
Joseph,29303900,14
Lassiter,9507768,16
Schramm,32456584,7
Jane,237134,13
Travis,237134,3
Henderson,237134,3
Walt,237134,13
Hunter,237134,3
Anne,237134,6
Ohro,27932459,16
Heather,5618923,3
Nita,5618923,2
Artinian,5618923,0
Rodrigo,6124685,6
Collins,6124685,6
Bliss,6124685,24
Jesse,6124685,10
Guiteau,6124685,8
Sancho,6124685,17
Una,6124685,3
Derek,6124685,3
Syne,9406991,22
Tom,9406991,3
Jerry,9406991,3
Papin,22554167,23
Christine,22554167,3
Lancelin,22554167,16
Terzi,21731010,24
Sperandeo,21731010,12
Giancone,21731010,17
Libassi,21731010,6
Earl,29166776,15
Liz,29166776,23
Maud,29166776,4
Jackson,3592202,12
Gray,3592202,8
Fairways,3592202,6
Susan,3592202,19
Rachel,3592202,5
Harvey,3592202,16
Kali,17030343,15
Satyaprakash,17030343,4
Joshi,17030343,10
Vijay,17030343,1
Karenina,1059195,13
Hanna,12575907,23
Laura,12575907,21
Henrik,12575907,22
Arakel,12575907,20
Phillips,12465157,11
Spitieri,1933551,17
Barrington,1933551,14
Johnny,1933551,23
Martin,1933551,24
Halliwell,1933551,18
Wirth,1933551,18
Shark,21045857,10
Laura,21045857,24
Franks,21045857,3
Clemenza,21045857,1
Jones,21045857,5
Harrowby,20826938,23
Parks,19575034,10
Scheinfeld,19575034,11
Ono,19575034,20
Leaf,19575034,9
Nilsson,19575034,22
Lennon,19575034,11
Starr,19575034,9
Tipton,19575034,14
Sam,6887230,3
Roy,6887230,24
Jennifer,6887230,6
Samantha,6887230,5
Sheer,6887230,12
R.K.,6887230,6
Peters,6887230,19
Jordan,6887230,22
Balinda,6887230,3
Slater,6887230,24
Kevin,6887230,3
Parson,6887230,12
Gerhard,26015620,17
Christ,26015620,6
Katz,26015620,17
Gabriel,26015620,17
Cartis,26015620,5
Angela,26015620,6
Kast,26015620,5
Kolbe,26015620,17
Reich,26015620,8
Gerhardt,26015620,4
Effie,13963229,2
Lena,13963229,6
Brian,13963229,3
Shanti,20903286,19
Ranga,20903286,17
Zareena,20903286,0
Jaggi,20903286,22
Khan,20903286,14
Sharma,20903286,4
Pandey,20903286,6
Ramdin,20903286,12
Rehmat,20903286,7
Chuji,34601426,2
Yasuemon,34601426,3
Kantaro,34601426,18
Oshina,34601426,12
Nena,17384281,16
Melchor,17384281,17
Ramon,17384281,8
Ojeda,17384281,2
Viring,17384281,6
Lorenzo,17384281,8
Mercurio,17384281,4
Inday,17384281,4
Russell,17384281,12
Miguel,17384281,24
Saxena,6825979,18
Dattatreya,6825979,15
Vikram,6825979,15
Marley,1690244,11
Isabel,1690244,7
Kelly,1690244,5
Cora,1690244,23
Ryan,1690244,21
Morahan,1690244,21
Ma,1690244,3
Adare,1584981,18
Milly,1584981,14
Flusky,1584981,14
Henrietta,1584981,8
Fowler,5130772,19
Li,5130772,12
Mendez,28237392,23
Julie,4220121,19
Yasantwa,4220121,16
Riley,4220121,23
McStarley,4220121,3
Breckel,4220121,3
Conrad,4220121,23
Jiamin,5341691,18
Lin,5341691,15
Wen,5341691,13
Kenichi,5341691,3
Yang,5341691,21
Takata,5341691,3
Li,5341691,3
Boetie,34593257,12
Weisser,24398624,11
Yuri,11599737,19
Martin,3499995,11
Terry,3499995,10
Cutwater,3499995,2
Tomlin,3499995,9
Hoskins,3499995,10
Cobb,3499995,23
Nadelman,26604337,13
Vrain,26163463,13
Gehring,26163463,21
Saxon,1971520,11
Pallin,1971520,18
Gallano,1971520,19
Mitchell,1971520,23
Cummings,1971520,21
Greta,1971520,10
Benton,1971520,0
Mistretta,1971520,7
Phillips,1971520,6
Deaney,1971520,15
Moreno,3178798,3
Durante,3178798,12
Sam,12066244,12
Saber,12066244,14
Omar,12066244,21
Salwah,12066244,21
Chagoury,12066244,14
Westerman,12066244,19
Thomas,34985252,0
Paul,21800088,3
II,21800088,1
Maria,21800088,9
Nicholas,21800088,6
Remezov,21800088,13
Natasha,21800088,13
Alexei,21800088,4
Alexandra,21800088,16
Rasputin,21800088,23
Garry,2303875,6
Teal,2620748,17
Tate,2620748,10
Earl,2620748,10
Solis,2620748,4
Ronnie,2620748,4
Korda,2620748,3
miss,2620748,24
Roper,2620748,17
Scott,2620748,23
McCall,2620748,23
Baffert,2620748,3
nie,11435243,12
Strummer,11435243,14
Bauby,11435243,3
Pierrette,25117791,6
Letourneau,25117791,8
Bowen,5353084,10
Kissinger,5353084,9
Saegusa,650219,4
Godzilla,650219,4
Rodan,650219,3
Mechagodzilla,650219,4
Baby,650219,4
Sam,8155943,6
Lymphoma,8155943,23
Dee-Dee,8155943,2
Johnson,18016293,1
Deakin,18016293,11
Fairchild,18016293,8
Abramov,17683199,24
Norden,17683199,11
Ruslan,17683199,6
Terry,17683199,10
Catherine,17683199,2
Stephan,17683199,2
Mikhail,17683199,5
Lanie,17683199,6
Lavastic,17683199,11
Arbarn,17683199,17
Drachev,17683199,8
Brown,17683199,13
Goldstein,17683199,9
Khadi,26666339,2
Sarojini,26666339,3
Kumaran,26666339,8
Praveen,26666339,5
Fleet,32634907,11
Nettie,32634907,21
George,32634907,2
Appleton,32634907,21
Jack,32634907,6
Stanley,32634907,22
Wadsworth,32634907,16
Jackson,20737830,24
Richard,20737830,17
Prosatanos,20737830,3
Ho,4901623,16
Liang,4901623,20
Wang,4901623,23
Yue,4901623,20
Arthur,7784456,17
Rotten,7784456,3
McBean,7784456,6
Willy,7784456,17
Custer,7784456,20
Pablo,7784456,3
Bill,7784456,13
Columbus,7784456,9
Sophia,8591389,3
Rohit,8591389,17
Karan,8591389,17
Rakesh,8591389,10
Vicky,8591389,17
Shroff,8591389,10
Malhotra,8591389,14
Kenit,35959713,18
Tuah,35959713,10
Ledang,35959713,23
Bunian,35959713,23
Pandir,35959713,0
Ayu,35959713,3
Malik,35959713,3
Kebayan,35959713,7
Katrin,4678174,16
Uwe,4678174,8
Chris,4678174,8
Ellen,4678174,2
Yaser,19796380,17
Noura,19796380,22
Mohammad,19796380,15
Mai,19796380,17
Riham,19796380,18
Mandala,18249330,18
Banyujaga,18249330,4
Rao,26208838,11
Kamala,26208838,2
Sneasel,1989045,2
Sam,1989045,3
Maki,1989045,10
Brock,1989045,13
Oak,1989045,13
Diana,1989045,12
Suicune,1989045,6
Pikachu,1989045,16
Celebi,1989045,4
James,1989045,18
Jessie,1989045,18
Murphy,7511592,10
Lane,7511592,6
Christy,7511592,24
Dan,7511592,3
Vicky,7511592,23
Price,7511592,24
Simon,1643419,15
Cameron,1643419,11
Woods,1643419,18
Broome,1643419,17
Keller,1643419,13
Katrine,22816098,10
Pinter,22816098,4
Benson,32767328,6
Roberti,32767328,6
Shirley,32767328,21
Johnny,32767328,6
Frankie,32767328,5
Gladys,32767328,19
Pearson,32767328,19
Stanley,32767328,24
Foster,32767328,7
Gimlet,18871379,3
Tony,570321,14
Michelle,570321,12
Spears,570321,7
Lana,570321,21
Barry,570321,6
Anderson,570321,19
Ben,570321,6
Andie,570321,3
Phillip,570321,14
Simon,570321,0
Green,570321,7
Sinclair,26408975,1
Terence,24785258,3
Mary,24785258,19
Hussain,5515388,2
Vikram,5515388,17
Joshi,5515388,15
Nikhil,5515388,6
don,5515388,2
Jabbar,5515388,0
Carlos,8753468,11
Wells,8753468,15
Alexandra,8753468,1
Bruce,8753468,11
Lorenzo,1383548,3
Billy,1383548,3
Brenda,1383548,3
Cody,1383548,4
Nick,930387,21
Foster,12837431,6
Parks,12837431,22
Galieo,12837431,23
Peter,30736552,19
Pat,30736552,22
Hilda,30736552,22
Norman,30736552,22
Tong-Ken,9362734,9
Zheng,9362734,3
Siu-Fun,9362734,24
Chung,9362734,18
Abbate,31338389,6
Barnett,31338389,1
Luke,31338389,17
Abenayake,11679162,10
Shravan,21662430,0
Pooja,21662430,21
Karan,21662430,21
Akhmash,21662430,6
Sharma,21662430,11
Jalal,21662430,4
Varma,21662430,15
Mallik,21662430,21
Vijay,21662430,3
Ben-Ivgi,4102596,23
Ze'ev,4102596,1
Ido,4102596,24
Aloni,4102596,7
Rafi,4102596,6
Naomi,4102596,2
Reinitz,4102596,0
Gussie,24818202,22
Dignan,24818202,6
Jankowski,24818202,20
Larkin,24818202,2
Capp,24818202,22
Norman,24818202,17
Charlie,17417872,21
Karnan,17417872,6
Bobby,20107910,4
Fox,20107910,10
Angie,20107910,10
White,20107910,14
Joshua,20107910,17
Travis,20107910,13
Zeke,20107910,10
Dean,20107910,17
Al,20107910,10
Niel,20107910,3
Hamilton,20107910,17
Delhurst,20107910,20
Weizel,20107910,17
Hales,20107910,10
Reed,20107910,16
Holmes,19596597,3
Morstan,19596597,13
Thomas,19596597,17
Rotheram,19596597,18
Moriarty,19596597,12
Blackwood,19596597,3
Lestrade,19596597,18
Adler,19596597,5
Reordan,19596597,3
Watson,19596597,23
Coward,19596597,4
Standish,19596597,17
Lucie,24796776,11
Marks,24796776,12
Seigner,24796776,14
Marianne,22055483,23
Ros,22055483,8
Nadia,19064165,19
Lucio,19064165,21
Riccardo,19064165,23
Moldonado,1670656,6
Gaud,1670656,12
Sarah,1670656,3
Chase,1670656,3
Scudder,1670656,3
Baboo,12145602,17
Kathy,12145602,21
Jim,12145602,14
Baron,12145602,18
Gran,12145602,2
Beth,31197125,4
Cameron,31197125,3
Valenti,17471406,14
Ferida,17471406,1
Cunningham,12814753,17
Hammer,12814753,1
Williams,12814753,22
Kalecki,12814753,17
Hansen,12814753,12
Bellamy,12814753,13
Eileen,12814753,24
Anderson,12814753,9
Mary,12814753,7
Velda,12814753,14
Chambers,12814753,18
Jack,12814753,2
Mike,12814753,3
Thompson,12814753,4
Vickers,12814753,0
Myrna,12814753,3
Pat,12814753,3
Bobo,12814753,4
Charlotte,12814753,17
Manning,12814753,12
Devlin,12814753,11
Wright,12814753,13
Jeffrey,1373922,21
Gerald,1373922,16
Franklin,1373922,11
Lauren,1373922,3
Huntley,1373922,15
Bart,1373922,6
Jamie,1373922,21
Cain,1373922,6
Silas,1373922,21
Redman,1373922,8
Jamal,1373922,6
Minnie,74535,21
Carolyn,74535,15
Lindbergh,74535,12
Mickey,74535,3
Fabian,4589873,20
Antonelli,4589873,22
Clevenger,32313498,21
Adam,1188638,13
Eva,1188638,13
Emil,1188638,6
Khan,16953192,5
Farha,16953192,3
Frau,27750710,22
Richard,9784887,20
Kathy,9784887,2
Lolita,9784887,19
Bobby,9784887,20
Julie,9784887,3
Angel,9784887,10
Blaine,9784887,9
Butch,11232994,3
Tom,11232994,23
Jerry,11232994,3
Saxena,30636327,5
Seema,30636327,2
Sinha,30636327,12
Rajiv,30636327,21
Amar,30636327,0
Murphy,23257981,21
Becky,23257981,23
Binion,23257981,24
Tabish,23257981,20
Almendros,898655,22
Howe,898655,11
Heerden,28342415,13
Bush,28342415,0
Bagert,28342415,24
Laura,22834794,18
Sacha,22834794,1
Simon,22834794,18
Aaron,1134373,23
Granger,1134373,18
Rachel,1134373,9
Robert,1134373,3
Phillip,1134373,3
Jackson,5158792,7
Joel,5158792,3
Sonia,5158792,8
Moore,5158792,22
O'Hare,286893,20
Steele,286893,4
Rudy,286893,2
Parseghian,286893,6
Sr.,286893,8
Dan,286893,22
Ruettiger,286893,6
Hayes,2298689,3
William,2212695,19
Alice,2212695,2
Sagdiyev,5574594,7
Pam,5574594,6
Oksana,5574594,6
Anderson,5574594,5
Hardy,5574594,15
Aliyev,5574594,15
Barr,5574594,17
Borat,5574594,3
Bagatov,5574594,1
Azamat,5574594,5
Keyes,5574594,19
Nathan,5574594,1
Luenell,5574594,2
Pickering,5574594,8
Linda,3032467,10
Nadine,3032467,16
Seward,3032467,13
Gopi,26586731,14
Prasad,26586731,14
Silk,10640919,11
Jaishankar,10640919,11
Puli,10640919,14
Smitha,10640919,11
Sunita,12973724,21
Sohan,12973724,11
Ranjit,12973724,21
Bennett,24789475,23
Lee,24789475,17
Kwan,24789475,20
Paul,1056696,17
Yates,1056696,2
Oliver,1056696,3
Gallier,1056696,8
Ruthie,1056696,23
Irena,1056696,3
Alice,1056696,12
Arthur,4871676,13
Millward,4871676,13
Pincher,4871676,19
Schwenk,4871676,8
Seymour,4871676,22
Moyer,4871676,16
Gilbert,4871676,20
Jesus,4871676,17
Cavis,4871676,3
McHollingshead,4871676,1
Fredrick,4871676,13
Pickering,4871676,13
Howarde,4871676,19
Edmond,4871676,15
Gunn,32534824,2
Jeannie,32534824,3
bush,32534824,4
Bett-Bett,32534824,23
Parbati,31825883,2
Babu,31825883,12
Das,31825883,13
Jaganath,31825883,15
Raju,31825883,12
Mukund,31825883,13
Sura,31825883,13
Champa,31825883,23
Rabi,31825883,1
Hortense,45606,21
Zorba,45606,6
Brett,14605927,4
Pia,14605927,21
Rob,14605927,21
Jimmy,14605927,13
Pam,962010,18
Greg,962010,6
Focker,962010,2
Villalobos,962010,8
Moses,962010,23
Dina,962010,14
Jorge,962010,2
Roz,962010,13
Jack,962010,3
Byrnes,962010,18
Vic,6790266,17
Clovis,6790266,3
Caesar,6790266,13
Ed,6790266,2
Ashton,6790266,5
Peyser,6790266,11
Anderson,6790266,20
Bill,6790266,3
Merlin,6790266,1
Mazzucci,6790266,0
Collins,6790266,11
Dave,6790266,6
Alvin,6790266,6
Firpo,6790266,15
Byrne,3249964,3
Horne,9280038,24
Henry,10021034,8
Viv,10021034,8
Stamper,10021034,2
Lee,10021034,4
Lysias,27139182,3
Lena,23058629,3
Albie,23058629,3
Dad,23058629,3
Anu,19097311,2
Mulchand,19097311,6
Gupta,19097311,18
Nandita,19097311,12
Jayant,19097311,20
Vijay,19097311,14
Malhotra,19097311,11
Jackie,2495028,19
Holly,2495028,19
Quilliam,292956,6
Deemster,292956,18
Kate,292956,6
Pete,292956,6
Caesar,292956,13
Philip,292956,6
Jane,26553383,21
Joe,26553383,6
Nancy,26553383,3
Dickerson,26553383,20
Razaghi,11558274,7
Gund,11558274,0
Heather,31631257,0
Klein,31631257,6
Michelle,31631257,21
Evan,31631257,17
Finch,31631257,4
Vicky,31631257,6
Kevin,31631257,3
Vega,31631257,19
Justin,31631257,8
Ron,31631257,10
Rachel,31631257,13
Adam,31631257,7
John,31631257,5
Kara,31631257,6
Jeanine,31631257,8
Ostreicher,31631257,21
Noah,31631257,8
A.J.,31631257,8
Jim,31631257,6
Mia,31631257,14
Selena,31631257,13
Albany,35013997,12
Mascarin,35013997,23
Rajkumar,12719672,11
Arathi,12719672,5
Jayanti,12719672,13
Vajramuni,12719672,13
Panju,12719672,21
Tony,1567210,7
Esposito,1567210,24
Amber,1567210,21
Leighton,1567210,9
Starling,24577404,2
Phoebe,24577404,2
Genevieve,2587358,10
Spike,2587358,15
Lucy,2587358,17
Getz,17896379,3
Don,9222642,14
Croce,9222642,18
Giuliano,9222642,23
Needham,8732946,3
Roland,8732946,17
Mukesh,24349526,10
Damu,24349526,18
Balakrishnan,24349526,16
Mathew,24349526,1
Haji,6842089,2
Ummachan,6842089,6
Vavachan,6842089,24
Baputi,6842089,9
Nadia,6842089,5
Solomon,6842089,6
Denis,6842089,4
Pu,13156165,16
Chou,13156165,11
Lucy,14780376,4
Faye,14780376,12
Venuz,14780376,3
Tanny,14780376,10
Kabisote,14780376,6
Benok,14780376,4
Satana,14780376,17
Romero,14780376,4
Enteng,14780376,4
Kathy,24677331,6
Simpson,24677331,19
Daniels,24677331,5
Wakeman,24677331,0
Wakemore,24677331,7
Welles,7420852,21
Davies,7420852,24
Hearst,7420852,22
McCormick,7420852,9
Wells,7420852,0
Kane,7420852,21
Insull,7420852,1
Veliki,1031231,3
Zarije,1031231,16
Destanov,1031231,23
Matko,1031231,16
Piti,1031231,20
Zare,1031231,23
Ida,1031231,2
Sujka,1031231,20
Singer,19462101,8
Zoffy,14718686,8
Serena,12757469,13
Baraka,12757469,1
Akron,12757469,17
Aman,6669106,4
Fabulos,6669106,19
Danielecki,14359394,16
Peter,14359394,10
Hlasko,14359394,5
Teresa,14359394,22
Ostrzenska,14359394,11
Niechcic,14359394,16
Dabrowska,14359394,12
Tommy,14359394,7
Kalinec,14359394,4
Bogumil,14359394,21
Toliboski,14359394,7
Agnieszka,14359394,13
Ostrzenska-Niechcic,14359394,21
Celina,14359394,19
Kaliniec,14359394,23
Serbinow,14359394,12
Douglas,15901584,9
Nance,15901584,9
Maiden,15901584,4
Danbei,15901584,24
Bounds,15901584,20
Matsumoto,15901584,9
Yara,15901584,1
Hayami,15901584,12
Light,15901584,13
Natsuko,15901584,10
Dolmeck,15901584,0
Satya,16697504,2
Reddy,16697504,4
Adam,34888850,9
Hanamura,31738244,5
Flytrap,31738244,16
Craig,31738244,11
Bragan,31738244,6
Nakamura,31738244,13
Mitali,31556852,6
Chowdhury,31556852,8
Raju,31556852,14
Akash,31556852,13
Kennedy,25099115,11
Jrhttp,25099115,20
Goldsmith,25099115,12
Worcester,25099115,3
coli,25099115,18
Frederic,13654305,3
Henry,13654305,4
Ferguson,13654305,12
Rinaldi,13654305,1
Barkley,13654305,19
Catherine,13654305,6
Crane,19461735,9
Bruhn,19461735,23
Starrett,19461735,7
Helen,19461735,12
Jackson,10105635,10
Viv,10105635,13
Carl,10105635,3
Tom,10105635,6
rob,10105635,4
Harper,10105635,3
Arnold,10105635,19
Fletcher,9013167,15
Whitman,3565461,5
Norris,3565461,16
Dale,3565461,21
Kessler,3565461,4
Decker,3565461,20
Ben,3565461,10
Casey,3565461,9
Betti,7277117,6
Sullivan,7277117,5
Elin,28831771,9
Yasmin,28831771,3
Demiroglu,28831771,1
Sinan,28831771,20
Jane,3813940,6
Wharton,3813940,19
Carter,3813940,6
Saunders,3813940,16
rmann,14312466,16
Dooley,20520727,24
Woodpecker,20520727,12
Harry,30011044,22
Tony,30011044,24
Holly,30011044,6
Conroy,30011044,7
Stanley,30011044,1
Vincent,30011044,6
LeMaise,30011044,13
Cady,2487720,23
Kate,2487720,15
Jim,2487720,3
Ed,2487720,3
Janey,2487720,6
Shore,8832396,17
Linden,8832396,6
Dunlop,8832396,9
Hanson,8832396,15
Claremont,8832396,6
Gaynor,9776999,19
Kitten,9776999,6
Lawrence,9776999,21
Patricia,9776999,6
Billy,9776999,16
Patrick,9776999,13
Womble,9776999,5
Vaughan,9776999,13
Hatchet,9776999,22
Charlie,9776999,4
Braden,9776999,11
Irwin,9776999,21
Liam,9776999,8
Bergin,9776999,2
Aarti,15083754,1
Babu,15083754,14
Shankar,15083754,3
ask,15083754,20
Scully,8700683,3
Crissman,8700683,11
Mulder,8700683,3
Tomczeszyn,8700683,17
Joe,8700683,21
Dacyshyn,8700683,4
Christian,8700683,22
Drummy,8700683,11
God,8700683,4
Bannan,8700683,10
Skinner,8700683,10
Whitney,8700683,11
Sharpe,19671715,21
Betty,19671715,19
Carol,19671715,21
Fletcher,19671715,16
Shyla,18231553,14
Raja,18231553,3
Pavizham,26823691,21
Muthallali,26823691,5
Hari,26823691,3
Cordier,3769721,16
Blount,6138703,5
Donovan,6138703,6
Victor,2883942,24
Handsome,2883942,24
Stark,2883942,12
Davis,2883942,3
Shekharan,30502744,16
Ian,8752596,3
Bottomley,8752596,0
Sarah,8752596,3
Julie,8752596,17
Ashley,35370504,3
Jonas,35370504,18
Oswalt,35370504,16
Bughuul,35370504,3
Jeanne,35647254,19
Alex,35647254,18
Braverman,2058406,21
Burch,2058406,14
Tozer,2058406,10
McGraw,2058406,17
Borgesa,26640605,15
Maglio,26640605,14
Nicole,26640605,20
Caron,26640605,18
Chavez,26640605,20
Gino,26640605,3
Laurent,26640605,13
Roberts,457578,23
Quast,457578,11
Sch,457578,13
Schigolch,457578,16
Casti-Piani,457578,12
Alwa,457578,17
Lulu,457578,21
Jack,457578,19
Shigolch,457578,3
Petrova,12634263,2
Simpson,12634263,0
Danes,12634263,24
Fidolia,12634263,21
Winifred,12634263,5
Jakes,12634263,13
Sylvia,12634263,9
Smith,12634263,13
Sholsky,12634263,7
Pauline,12634263,6
Brown,12634263,9
Horn,29531230,9
Noah,29531230,8
Skopapoulos,29531230,14
Hatch,29531230,9
Macreedy,161452,3
Liz,161452,3
Trimble,161452,3
Smith,161452,3
Hector,161452,3
Ericson,161452,14
Velie,161452,17
David,161452,15
John,161452,5
Horn,161452,9
Komoko,161452,17
Hastings,161452,3
Catherine,24747725,6
Shanks,12138219,6
Marnie,12138219,3
Mike,12138219,3
Joey,12138219,6
Watson,12138219,11
Vincent,12258868,15
Baba,12258868,20
Anna,12258868,13
Clara,12258868,6
Lawrence,18983118,10
Martin,18983118,20
Rawlings,18983118,2
Gwen,18983118,6
Jimmy,18983118,21
Thorpe,18983118,6
Lyla,18983118,6
Vine,18983118,6
Kapoor,16262270,19
Singh,16262270,18
Chaudhary,16262270,19
Kavya,16262270,19
Siddhant,16262270,3
Jun,4388524,11
Lu,4388524,4
Geng,4388524,21
Hua,4388524,9
Mountain,4388524,8
Zhenwu,4388524,22
Zhou,4388524,16
Feng,4388524,9
Walken,9403464,9
Stella,9403464,4
Wilde,9403464,1
Kowalski,9403464,13
Walsh,9403464,24
Nash,9403464,22
Helene,9403464,23
Flodder,17666428,23
Johnny,17666428,3
Kruisman,17666428,8
Hattori,846329,8
Satake,846329,10
Cooper,846329,8
Onodera,846329,12
Masa,846329,21
Somiya,846329,14
Miwa,846329,14
Noriko,846329,13
Birju,9564605,13
Santoshi,9564605,19
Satyavati,9564605,14
Narada,9564605,10
Ma,9564605,16
Brackett,10394418,12
Carlin,30704303,11
Kerem,21627537,14
Eichel,2980052,13
Freddie,2980052,14
Collins,2980052,0
Lalemand,27658356,7
Dandieu,27658356,24
Daisy,27658356,15
Albert,27658356,13
Anita,27658356,17
Flor,27658356,0
Daniel,27658356,1
Virginie,27658356,6
Lelemand,27658356,13
Herv,27658356,6
Modigliani,11668064,6
Picasso,11668064,6
Jeanne,11668064,19
Cragis,6551671,17
Mario,6551671,10
Sherman,6551671,3
Jerry,6551671,7
Griswold,6551671,23
Farrel,6551671,21
Baines,6551671,20
Molly,61527,21
Daisy,61527,21
Gretchen,61527,7
Dion,61527,3
Warren,61527,24
Sheridan,61527,8
Bob,61527,11
Belle,61527,21
Jack,61527,14
O'Leary,61527,13
Nan,28270857,7
Charlotte,28270857,1
Bob,28270857,10
Topaze,2940538,6
Benac,2940538,1
Baroness,2940538,12
Suzy,2940538,18
Purvis,32730892,3
Slater,32730892,3
Anderson,32730892,3
Dempster,32730892,10
Sowerberry,16247804,7
Mann,16247804,14
Fleming,16247804,23
Dick,16247804,10
Corney,16247804,12
Edward,16247804,1
Oliver,16247804,6
Leeford,16247804,6
Fagin,16247804,10
Agnes,16247804,21
Philip,16247804,6
Claypole,16247804,15
Bumble,16247804,6
Sikes,16247804,16
Maylie,16247804,21
Nancy,16247804,23
Sultan,28171828,16
Sivan,28171828,12
Cassiopeia,22358819,6
Medusa,22358819,17
Andromeda,22358819,5
Suleiman,22358819,7
Draco,22358819,3
Poseidon,22358819,18
Cepheus,22358819,17
Argos,22358819,24
Henri,594422,3
Toulouse-Lautrec,594422,4
Jane,594422,17
Charlet,594422,6
Avril,594422,0
Patou,594422,18
Marne,594422,9
Hyam,594422,23
Myriamme,594422,1
Joyant,594422,22
III,594422,22
Paxton,29785,11
Baxter,29785,17
Kennedy,29785,11
Hummel,29785,6
Womack,29785,21
Anderson,29785,5
Forsythe,29785,6
Darrow,29785,17
Frye,29785,6
Goodspeed,29785,4
Walton,29785,12
Carla,29785,2
Milo,23535297,14
Kitty,23535297,16
Earl,23535297,17
Irene,23535297,10
Hurley,23535297,2
Mahler,23535297,24
Nicole,23535297,17
Bobby,23535297,17
Jimmy,23535297,12
Boyd,23535297,6
Sid,23535297,6
Zaminder,21745634,20
Valmonte,19070310,2
Caballero,19070310,16
Henry,20553151,16
Cody,20553151,4
Swamy,26681233,4
Aneesa,26681233,21
Sethu,26681233,7
Manju,26681233,23
Dirie,32655915,22
Daniel,21883163,12
Mark,21883163,21
O'Malley,14911735,11
Leary,14911735,11
Bullock,14911735,11
Merrick,9328915,17
Nick,1399289,3
Buck,1399289,22
Lindsey,1399289,6
Kingston,1399289,23
Rebolledo,26583284,14
Elena,26583284,11
OLYMPIA,32907322,0
MacDonald,32907322,20
O'Farrell,32907322,4
Edith,32907322,12
Martin,13031234,18
Helen,13031234,12
Murphy,5434141,6
Hobson,5434141,4
Vernon,5434141,17
Clarke,5434141,3
Wal,5434141,3
Jones,5434141,6
Jess,5434141,3
Dolly,5434141,12
Murphys,5434141,4
Blake,10395300,19
Tony,10395300,20
Kenyon,10395300,12
Ana,13934837,3
Eusebio,13934837,8
Hoods,13934837,5
Jos,13934837,4
Mendoza,13934837,6
Ray,7487552,6
Sandy,7487552,3
Harry,7487552,13
Casey,7487552,23
Mahoney,4485641,11
Feldman,4485641,12
Tackleberry,4485641,11
Conklin,4485641,8
Hightower,4485641,7
Laura,4485641,9
Kyle,4485641,24
Arnie,4485641,24
Cobb,4485641,7
Lassard,4485641,23
Harris,4485641,4
Reynolds,5732046,12
Lasek,5732046,8
Bricenio,34380469,9
Galvez,34380469,5
Caiera,17288991,17
Miek,17288991,22
Warbound,17288991,17
Bill,17288991,17
Sakaar,17288991,5
Elloe,17288991,6
Kaifi,17288991,22
Khadija,11191665,13
Lucien,11191665,23
Berthe,11191665,21
Anne,11191665,13
Bruno,11191665,14
Antonie,11191665,7
Antoine,11191665,3
Richard,11604017,6
Diane,11604017,6
Johnny,11604017,14
Bradley,11604017,6
Lovering,11604017,14
Louise,11604017,6
Field,11604017,15
Smith,11604017,19
Mike,11604017,14
Halliday,35991931,20
Clara,35991931,12
Atterbury,35991931,1
Kim,35991931,3
Monte,35991931,24
Paul,22516815,3
Beth,22516815,3
Harris,22516815,17
Steve,22516815,23
Farrell,22516815,17
Brett,22516815,23
Donovan,22516815,18
Tom,3430754,3
Jerry,3430754,23
Williams,1982322,10
Audrey,1982322,10
Victor,1982322,4
George,1982322,3
Felicity,1982322,6
Matt,1982322,4
Kerry,1982322,17
Samuelson,1982322,17
Herbert,1982322,0
Alex,1982322,23
Koruri,17680842,16
Fai,17680842,8
Tomoyo,17680842,6
Flowright,17680842,17
Katie,31553889,13
Joan,31553889,13
O'Halloran,31553889,3
Fletcher,31553889,21
Stevens,31553889,5
Susan,31553889,3
Malloy,31553889,21
John,31553889,16
Chestnut,19062975,15
Hill,19062975,15
Worth,19062975,9
Dighby,19062975,15
Zhengfeng,7739639,24
Buqun,7739639,19
Pingzhi,7739639,1
Jianghu,7739639,21
Yang,7739639,19
Zhennan,7739639,1
Lingshan,7739639,19
Lengchan,7739639,22
Chong,7739639,3
Wei,7739639,18
Liu,7739639,9
Garcia,17116556,6
Demien,17116556,6
Fred,17116556,4
Korenz,17116556,12
Kuwala,17116556,6
Mark,17116556,4
Pete,17116556,10
Pedro,17116556,10
Maude,29782,12
Bunny,29782,13
Walter,29782,3
Treehorn,29782,6
Jeff,29782,0
Sellers,29782,10
Lebowski,29782,13
Donny,29782,22
Karan,2411122,3
Rahul,2411122,17
Pooja,2411122,6
Sullivan,23901126,11
Helen,23901126,3
Keller,23901126,11
Annie,23901126,3
Williams,17314883,14
Indiana,17314883,3
Belloq,17314883,0
Jones,17314883,17
Ravenwood,17314883,24
Sr.,17314883,12
Spielberg,17314883,9
Lucas,17314883,0
Spalko,17314883,16
Ronnie,30939752,9
Zelda,4795395,12
Jane,4795395,12
Norm,4795395,19
Sabastian,25602422,23
Carter,25602422,0
Poorana,13547354,15
Swapna,13547354,2
Kishore,13547354,23
Vijay,13547354,21
Sam,6241436,9
Darcy,6241436,10
Nick,6241436,21
Kate,6241436,6
Mercer,6241436,21
Severance,9537896,8
Bonsetter,9537896,6
Rose,9537896,2
Moll,6823089,20
Dreier,6823089,6
Brunn,6823089,18
Schou,6823089,13
Ulrik,6823089,13
Torp,6823089,13
Dreyer,6823089,10
Kjeldsen,6823089,10
L'Eclin,8175453,24
Vivar,8175453,21
Teresa,8175453,21
Moreno,8175453,12
Parker,8175453,12
Hogan,8175453,20
Wellesley,8175453,23
Sharpe,8175453,17
Dunnett,8175453,1
Rothschild,8175453,21
Harper,8175453,4
Perkins,8175453,18
Murray,8175453,24
Tremaine,399402,3
Cinderella,399402,21
Lucifer,399402,3
Bruno,399402,11
Johnny,1373224,21
Samantha,1373224,18
Lena,1373224,19
Wayne,1373224,21
Shayman,12247642,24
Regigigas,12247642,17
Brock,12247642,13
Piplup,12247642,5
Giratina,12247642,22
Newton,12247642,4
Graceland,12247642,0
Dialga,12247642,24
Shaymin,12247642,16
Pikachu,12247642,5
FRANKIE,26774022,14
Boyer,26774022,12
Romeo,26774022,23
Lummer,32009448,17
Gogh,32009448,6
Lena,32009448,3
Tom,32009448,3
van,32009448,15
Louise,32009448,3
Gough,32009448,0
Nora,32009448,3
Kurmaev,24646997,7
Kuznetsov,24646997,0
Valdes,24646997,11
Ben,11056435,21
Lewis,11056435,3
Becky,11056435,10
Pheb,11056435,10
Christ,98991,12
Muse,98991,9
Bethany,98991,21
Sloane,98991,17
Satan,98991,3
Rufus,98991,10
Bartleby,98991,17
Jersey,98991,11
Loki,98991,3
Jay,98991,4
Glick,98991,5
Azrael,98991,17
Lucifer,98991,20
Bob,98991,20
Mzembe,35013252,9
Lefa,35013252,9
Rizal,4767370,5
Andrade,4767370,2
Andr,4767370,1
Bonifacio,4767370,23
Steele,25405727,16
Mara,32507626,16
Fred,32507626,14
Ronny,32507626,13
Linus,32507626,21
Manjula,1334144,11
Buckingham,1334144,13
Kendal,1334144,19
Kapoor,1334144,9
Carla,1334144,2
Deva,2853200,6
Subbulakshmi,2853200,2
Arjun,2853200,14
Nyayamnu,2853200,8
Ramana,2853200,23
Kalivardhan,2853200,17
don,2853200,15
Devarajan,2853200,8
Ferrucci,2177662,2
Montefiore,2177662,10
Lucy,651538,23
Helsing,651538,13
Mina,651538,23
Dracula,651538,3
Holmwood,651538,3
Harker,651538,3
Chanda,30629482,23
Mithun,30629482,11
Raaj,30629482,15
Jackal,30629482,24
Vic,31838471,16
Laura,31838471,3
Eric,31838471,3
Doug,31838471,14
Kate,31838471,17
Mike,31838471,6
Kelly,31838471,6
Glenn,31838471,17
Alison,31838471,0
Dody,31838471,20
Adam,31838471,20
Barbara,2615418,3
Carson,2615418,3
Willis,2615418,11
Gary,2615418,14
Koenig,2560779,21
Espinoza,6123488,4
Dele,34943174,20
Bronagh,5326648,9
Duggan,5326648,12
George,5326648,3
Colm,5326648,3
Black,5326648,17
Billy,5326648,23
Jess,4664724,6
Kim,4664724,21
Anna,4664724,1
Orman,4664724,5
George,4664724,24
Gina,4664724,21
Landis,4664724,3
Cary,4664724,21
Thompson,4664724,12
Abbott,4664724,8
Drummond,4664724,12
Keith,4664724,8
Everett,4664724,21
Kate,1164579,23
Casanova,1164579,9
McTiernan,1164579,11
Naomi,1164579,23
Ruskin,1164579,17
Cross,1164579,16
Gale,24243299,21
Brian,24243299,15
Danny,27306875,21
Burke,27306875,16
Telangana,28740660,2
Sabha,28740660,17
Yadagiri,28740660,6
Nawab,28740660,23
Kumar,10703779,16
Rita,10703779,14
Tarun,10703779,17
Khanna,10703779,19
Priya,10703779,6
Sanjay,10703779,21
Shannon,11129337,18
Jeffries,11129337,12
Holden,11129337,9
Hamilton,11129337,22
Vince,27905296,22
Bowden,27905296,6
Tony,27905296,6
Kowski,27905296,20
Sarah,27905296,17
Ramirez,27905296,3
McCormick,27905296,20
Lustig,27905296,17
Ben,27905296,13
Dwight,27905296,4
Pig,1296863,18
Porky,1296863,6
Wong,17163571,22
Karloff,17163571,8
Edwards,17163571,22
Willy,17163571,3
Benedict,31900532,7
Katie,12603681,3
Blanc,12603681,20
Hitler,12603681,18
O'Hara,12603681,3
Anna,12603681,4
LeBlanc,12603681,8
O'Toole,12603681,3
Borelski,12603681,20
Luber,12603681,6
Javed,26524247,5
Ibrahim,26524247,10
Ganga,26524247,13
Kalaripayattu,26524247,5
Embranthiri,26524247,5
Subramanyam,26524247,2
Chamberlain,6899858,15
Hong,6899858,8
Prince,6899858,23
Regnant,6899858,15
Cha,6899858,17
Sun,6899858,24
Taichang,6899858,11
Li,6899858,17
Yin,6899858,5
Luan,6899858,17
Ling,6899858,4
Brewster,3649554,23
Satori,9731588,18
Donahue,9731588,10
Elsie,9731588,16
Sal,9731588,6
Desmond,9731588,10
Eagels,9731588,4
Jeanne,9731588,16
Cynthia,2728247,3
Shona,2728247,17
B,2728247,3
Jay,2728247,3
Claire,2728247,3
Max,2728247,16
Francis,2728247,22
Lea,2728247,3
Amy,19958360,16
Carson,19958360,3
Anna,19958360,4
Lewis,19958360,9
Michael,19958360,23
Angela,19958360,17
Mayflower,19958360,5
Esseker,19958360,19
Ben,19958360,23
Larry,19958360,24
Augustine,19958360,7
Pippa,1770836,21
Kimo,1770836,2
Allen,1770836,4
Ridley,1770836,3
Andrea,1770836,3
Sterling,1770836,7
Patrick,1770836,6
Richie,1770836,23
Fritz,1770836,3
Ritch,1770836,18
Salt,4098741,0
Crabbe,4098741,18
Pepper,4098741,16
White,18616886,11
Sarah,18616886,16
Anna,18616886,6
Custer,18616886,20
Tokalah,18616886,17
Fudd,16047670,3
MacArthur,16047670,14
Elmer,16047670,3
Robinson,16047670,18
Bryan,16047670,1
Shemp,14739538,22
Archie,21322024,9
Donald,21322024,5
Elsalill,21322024,19
Arne,21322024,9
Cyrus,4611613,3
Dinshaw,4611613,5
Fardoonjee,4611613,14
Farrokh,4611613,7
Tina,4611613,3
Katy,4611613,21
Mistry,4611613,20
Eddie,23081594,20
Schneider,23081594,5
Judy,23081594,4
Henry,21565991,9
Dee,21565991,23
Lucas,21565991,2
Ho,21565991,21
Celine,21565991,12
Shum,21565991,21
Lara,21565991,1
Miu,21565991,23
Antonio,21565991,9
Eugene,21565991,0
Erickson,14285478,13
Gard,8142515,2
Edwards,8142515,20
Parkington,8142515,4
Nellie,8142515,21
Gemma,2378040,12
Lake,2378040,14
Dev,5356013,21
Raj,5356013,21
Anita,5356013,6
Singh,5356013,23
Agatha,1578168,22
Asskicker,1578168,4
Sullivan,1578168,15
Blake,1578168,20
Anderson,1578168,9
Francis,1578168,13
Assumpta,1578168,23
Flynn,1578168,22
Scalisi,1578168,22
Tim,1578168,24
Margie,1578168,24
Doyle,1578168,5
Donny,1578168,6
Wade,1578168,23
Miriam,9709480,13
Cotter,9709480,4
Catherine,9709480,13
Odessa,9709480,24
Goldberg,9709480,5
Thompson,9709480,24
Nunez,1394579,17
Dunbar,1394579,4
Styles,1394579,0
West,1394579,17
Castro,1394579,6
Mueller,1394579,17
Hardy,1394579,6
Vilmer,1394579,13
Kendall,1394579,4
Osborne,1394579,21
Pike,1394579,3
Gopalakrishnan,28844326,6
Goplakrishnan,28844326,14
Iqbal,28844326,18
Nambiar,28844326,17
Kurup,28844326,11
Madhavan,28844326,16
Siddique,28844326,18
Pipi,32972617,2
Horacio,32972617,15
Jackson,1181828,10
Emerson,1181828,24
Sarah,1181828,3
Kenny,1181828,1
Jeremiah,1181828,3
Chin,23955452,4
Ray,23955452,21
Tang,23955452,24
Brown,23955452,16
Albert,14811847,23
Louis,14811847,6
Nancy,14811847,13
Crenshaw,27202558,11
Rachael,27202558,23
Michael,27202558,24
Jones,27202558,15
Johnson,27202558,18
Campbell,27202558,19
Cohen,27202558,6
Conners,27202558,17
Jessie,27202558,3
Sadie,15020855,2
Bickerman,15020855,22
Schneider,15020855,11
Ahmad,15020855,23
Riley,15020855,17
MacMurray,15020855,24
Emma,15020855,18
Carmen,4340088,24
William,3751105,5
Kincaid,3751105,21
Taylor,3751105,17
Ferguson,3751105,8
Neal,3751105,1
Cameron,3751105,0
Newman,3751105,17
Walker,3751105,22
Davidson,3751105,15
Simmons,3751105,9
Andrews,3751105,18
Megan,3751105,3
Rachel,3751105,22
Seska,3751105,19
Sam,3751105,17
Rita,3751105,6
Kristen,3751105,3
Calvin,3751105,23
Culp,3751105,2
Charlie,14890309,0
Fiona,14890309,14
Nair,26699606,12
Jagadeesh,26699606,3
Thilakan,26699606,2
Ponnamma,26699606,10
Sreekumar,26699606,18
Kumar,852742,19
Devi,852742,10
Raj,852742,2
Tara,852742,21
Viki,852742,3
Singh,852742,13
Sutra,852742,18
Python,682628,8
High,12538974,4
Williams,12538974,24
Iola,12538974,9
Jurka,12538974,15
Hirani,12538974,5
Alito,12538974,22
Freire,12538974,13
Andrews,12538974,2
Wiltz,12538974,10
Baylor,3883051,15
Miller,75266,19
Sterling,75266,2
Webb,75266,7
Jeff,75266,17
Kathie,75266,3
Bailey,75266,15
Whit,75266,6
Markham,75266,3
Eels,75266,16
Ann,75266,17
Jim,75266,9
Fisher,75266,17
Stephanos,75266,17
Moffat,75266,9
Jimmy,1252685,7
Alto,1252685,14
Hannes,34035751,17
Katie,225476,14
Simpson,225476,12
Hubbell,225476,14
Ann,225476,19
Rachel,225476,10
Morosky,225476,8
Gardiner,225476,1
Grinch,5308985,6
Lou,5308985,22
James,18162734,11
Caldwell,18162734,17
God,18162734,21
Culpepper,18162734,3
Lewis,18162734,23
Pierce,18162734,6
Ben,18162734,3
Mary,18162734,12
Mockridge,18162734,13
Green,18162734,6
Kumar,23181204,14
Mayandi,23181204,16
Mayandhi,23181204,13
Paraman,23181204,14
Roy,23691195,17
Manion,23691195,23
Kyle,20833484,23
Jake,20833484,23
Elaine,20833484,12
Brian,20833484,11
Stefane,18967674,0
Segolene,18967674,3
Adem,31872810,3
Didem,31872810,2
Molly,13613782,6
Bailey,13613782,14
Grimes,13613782,23
Ambrose,13613782,23
Wayne,13613782,6
Runa,13775502,4
Montplaisir,1432039,24
Proctor,3511253,5
Mauser,3511253,6
Jones,3511253,20
Mahoney,3511253,6
Callahan,3511253,10
Fackler,3511253,20
Nogata,3511253,7
Zed,3511253,7
Thomson,3511253,4
Kirkland,3511253,12
Lassard,3511253,23
Hedges,3511253,12
Adams,3511253,10
Blankes,3511253,23
Long,23433774,15
Sin,23433774,18
Malden,23433774,6
Snow,23433774,23
Low,23433774,9
Gibbs,23433774,12
Torrence,17441941,15
Nick,17441941,0
Dunbar,17441941,23
Parker,17441941,5
Ed,17441941,0
Butler,17441941,14
Zeffer,17441941,20
Hector,17441941,23
Kerns,17441941,23
Bradwood,17441941,21
Matt,17441941,17
Renard,17441941,22
Jr.,17441941,12
Hechtor,17441941,14
Melway,17441941,17
Darshanam,24634802,2
Rajkumar,24634802,9
Henry,20579743,8
Bala,34305382,12
Nattukare,34305382,20
Mani,34305382,24
Raimy,1468747,24
Harry,1468747,17
Mitchell,1468747,22
Cini,1468747,1
Glover,1468747,11
Oyuki,19080730,8
Yuto,19080730,5
Sora,19080730,17
Nogami,19080730,23
Kotaro,19080730,17
Yuuki,19080730,17
Momotaros,19080730,3
Kohana,19080730,17
Ryotaro,19080730,6
Shiro,19080730,17
Peter,236283,10
Grey,236283,22
Lee,236283,6
Holloway,236283,8
Edward,236283,3
Cook,602965,21
Polly,602965,3
Sullivan,602965,24
Perkins,602965,0
Totenkopf,602965,6
Joe,602965,17
Vargas,602965,2
Jennings,602965,13
Paley,602965,15
Kenshin,2194169,3
Raphael,2194169,6
Norinaga,2194169,10
O'Neil,2194169,19
Donatello,2194169,6
Michelangelo,2194169,6
Yoshi,2194169,10
Michaelangelo,2194169,24
Walker,2194169,3
Leonardo,2194169,17
Mitsu,2194169,12
Casey,2194169,3
Reggie,12495553,6
Rhonda,12495553,3
Margaret,12495553,21
Bobo,12495553,3
Shand,12495553,22
Beaulieu,15703732,4
Percy,15703732,6
Cyr,15703732,24
Blakeney,15703732,19
Armand,15703732,5
Chauvelin,15703732,16
Marguerite,15703732,14
Batz,15703732,24
St.,15703732,6
Klein,30863646,15
Brazzi,30863646,1
Valentino,30863646,5
Vincent,16192018,21
Roger,16192018,15
Alice,16192018,6
Parashuram,12612167,21
Glikko,25271596,13
Nono,25271596,10
Pippo,25271596,10
O'Brian,3707927,9
Cohen,3707927,14
Jackson,19760679,4
Manson,19760679,12
Ramirez,19760679,19
Satanico,19760679,20
Bob,19760679,4
Winkler,19760679,9
Black,19760679,0
Sam,33099484,6
Pandit,33099484,7
Kavita,33099484,10
Andy,33099484,6
Spencer,5845807,4
Sakamoto,5845807,10
Lipton,5845807,12
Dworski,5845807,3
Barnes,5845807,5
Williams,2541685,14
Suzanne,2541685,23
Lyle,2541685,3
Wayne,2541685,7
Martian,1121941,3
Zizek,16881575,11
Wright,16881575,1
Slavoj,16881575,21
Zapman,26196717,3
Robertse,26196717,7
Olefse,26196717,7
Mackay,26196717,6
Urumbo,26196717,0
Kwagga,26196717,6
Rashid,26196717,18
Maxwell,8982899,8
Stewart,8982899,21
Smith,8982899,7
Marsac,8982899,12
Doherty,8982899,4
Morley,8982899,9
McGiver,8982899,11
Hillaire,8982899,5
Bonnet,8982899,9
Forquet,8982899,8
Wu,8982899,9
Dee,8982899,0
Moran,8982899,22
Pepper,8982899,12
Ivor,8982899,17
Michaelson,8982899,24
Tsu,8982899,5
Pope-Jones,8982899,7
Robinson,8982899,12
Lehman,8982899,8
Meadows,8982899,11
Thalappavu,18689836,20
Madhupal,18689836,9
Janardhanan,18689836,18
Pillai,18689836,15
Joseph,18689836,21
Baroness,13698770,19
Baron,13698770,23
Harry,13698770,21
Butch,19662785,5
Waldo,19662785,5
Darla,19662785,5
Angelica,7404698,10
Matthew,7404698,15
Carter,7404698,3
Thomas,7404698,18
Hayes,7404698,8
Edward,7404698,3
Luwak,7404698,18
Cole,7404698,18
Sandman,12761104,1
Pamela,31332767,3
Stratton,31332767,24
Odongo,31332767,9
Shearer,1104981,13
Antoinette,1104981,24
Henry,13780382,7
Ulises,13780382,17
Randall,13780382,10
Myombe,13780382,3
Ed,13780382,7
Lupe,13780382,9
Valeria,13780382,7
Phil,13780382,3
Richard,261402,17
Mortianna,261402,10
Marian,261402,21
Guy,261402,9
Hood,261402,3
Peter,261402,22
Robin,261402,13
Scarlett,261402,24
Azeem,261402,4
John,261402,12
Fahdel,17704952,2
Hussein,17704952,12
Melissa,27038962,11
Ralph,27038962,16
Julie,27038962,3
Schaeffer,27038962,3
Cedric,27038962,23
Sneer,27038962,23
Dan,27038962,6
Tommy,27038962,17
Tony,3918828,3
Diane,3918828,16
Gorgoni,3918828,17
Gianini,3918828,11
Marzoni,3918828,6
Cortino,3918828,5
Vincenzo,3918828,17
Chucky,3918828,12
Pepper,3918828,23
Joey,3918828,13
Il,4333908,20
Freeland,468353,23
Brady,468353,4
Mason,468353,13
Evie,468353,21
Tracy,468353,3
Zamora,468353,18
Luke,468353,21
Travis,468353,20
Brooke,468353,3
Javi,468353,5
Melanie,468353,6
Barnaby,31716374,10
Talbot,31716374,8
Caldwell,31716374,8
Beejay,31716374,10
Jonesy,31716374,11
Walkup,31716374,22
Bannerman,31716374,3
Carter,25008319,5
Simms,25008319,13
Sandoval,25008319,1
Mortensen,25008319,13
Masterson,25008319,12
Mary,25008319,6
Green,25008319,0
Amos,2239595,21
Franklin,2239595,3
Jefferson,2239595,18
William,2894585,17
Annabelle,2894585,1
Todd,2894585,17
Southey,5850874,22
Aimsley,5850874,14
Heel,5850874,17
Matti,13405178,15
Tokugawa,8108970,17
Shindo,8108970,21
Takemoto,8108970,3
Dennis,31306385,16
Patricia,31306385,1
Stacee,31306385,21
Boley,31306385,18
Constance,31306385,2
Whitmore,31306385,2
Sack,31306385,14
Drew,31306385,6
Charlier,31306385,17
Jaxx,31306385,24
Christian,31306385,10
Dupree,31306385,16
Gill,31306385,5
Sherrie,31306385,21
Colt,31306385,21
Kiran,10159386,0
Kavita,10159386,6
Raj,10159386,8
Pooja,10159386,13
Inder,10159386,6
Dundy,4593958,12
Charles,4593958,4
Cairo,4593958,17
Shaughnessy,4593958,6
Wonderly,4593958,23
Spade,4593958,6
Jacobi,4593958,4
Wilmer,4593958,17
Archer,4593958,24
Gutman,4593958,6
Patrick,4593958,2
Thursby,4593958,17
Polhaus,4593958,18
Superman,20433007,3
Hyun-Suk,20433007,0
Winfrey,20433007,15
Lee,20433007,3
Sawyer,24689511,13
Mark,24689511,2
Barbara,24689511,1
Erich,24689511,9
Fleck,587507,24
Hubert,587507,15
Christy,587507,11
Smith,587507,19
Winky,587507,0
Laughlin,587507,1
Beatrice,587507,14
Gerry,587507,20
Donlan,587507,15
Tzu,587507,7
Vanderhoof,587507,4
Agnes,587507,9
Pepper,587507,7
Hamilton,587507,6
Cabot,587507,9
Cookie,587507,3
Meg,587507,3
Leslie,587507,12
Cummings,587507,24
Ann,587507,13
Beckwith,587507,11
Chinnapa,15718938,4
Karthikeyan,15718938,13
Pooja,15718938,21
Albert,15718938,9
Prasad,15718938,14
Chinnappa,15718938,14
Narain,15718938,3
Mallika,15718938,13
John,15718938,22
Tyrel,6339198,6
Moe,6339198,6
Saint,6339198,8
Mack,6339198,17
Boswell,6339198,1
Eddy,6339198,6
Ferrel,6339198,3
Keaton,6339198,9
Wee,6339198,6
Pee,6339198,20
Uzi,6339198,23
Kool,6339198,3
LaShawna,6339198,3
Maurice,6339198,6
Tully,6339198,23
Tyson,6339198,9
Roberts,6339198,6
Nirmal,12273809,6
Roy,12273809,5
Chowdhary,12273809,22
Deepak,12273809,21
Anuradha,12273809,6
Whittaker,23986413,22
Hale,23986413,4
Sheetal,26283021,24
Sneha,26283021,16
Bhai,26283021,15
Jyothi,26283021,3
Vijay,26283021,3
Mierzwiak,537024,1
Joel,537024,23
Barish,537024,21
Patrick,537024,18
Kruczynski,537024,21
Mary,537024,13
Arnim,782794,1
Wilkins,782794,9
Arbuthnot,782794,9
Fisher,782794,12
Dester,782794,8
Baap,31622373,10
Vijju,31622373,6
Karan,31622373,4
Amrita,31622373,3
bhai,31622373,13
Kabir,31622373,14
Malhotra,31622373,12
Newt,17231014,3
Seo,7185773,3
Bora,7185773,13
Hak,7185773,16
Reynolds,7185773,15
Min-ki,7185773,22
Ji-woo,7185773,18
Danny,3578986,21
Miller,3578986,8
O'Neill,3578986,20
Shaw,3578986,21
Ellen,3578986,1
Hank,3578986,3
Chisholm,3578986,6
Skyler,24236900,22
Hart,24236900,16
Chrystal,24236900,23
Cates,22785689,14
Shankar,11745640,19
Cleopatra,2061941,5
Fox,2061941,14
Anthony,2061941,10
Caesar,2061941,19
Lundigan,2061941,20
Rohit,604444,21
Mehra,604444,13
Jadoo,604444,16
Nisha,604444,21
Toots,6039804,10
Schiner,6039804,1
Morgan,6039804,15
LaVerne,6039804,15
Finn,6039804,14
Lloyd,6039804,20
Gink,6039804,14
Larkin,6039804,22
Brown,6039804,16
Marlowe,1645634,17
Fox,1645634,17
Jones,1645634,10
Sternwood,1645634,22
Camilla,1645634,16
Lozelle,1645634,23
Canino,1645634,17
Mars,1645634,24
Agnes,1645634,2
Charlotte,1645634,6
Geiger,1645634,22
Regan,1645634,5
Miller,10090909,10
Edwards,10090909,6
Connors,10090909,17
Kim,10090909,20
Cargill,10090909,6
Harvey,10090909,10
Petrie,17384479,16
Shepherd,17384479,4
Tahlvik,17384479,10
Bourgignon,5501180,23
Vostrotin,2847356,5
Dygalo,2847356,0
Schofield,2847356,0
Hongbao,573304,21
Gao,573304,21
Wai-Tung,573304,21
Simon,573304,21
Wei-Wei,573304,11
Fred,204839,3
Ed,204839,11
Renee,204839,2
Blake,204839,9
Lou,204839,0
Pete,204839,3
Eddy,204839,20
Arnie,204839,22
Al,204839,11
Hank,204839,0
Phil,204839,19
Madison,204839,8
Sheila,204839,9
Dayton,204839,12
Wakefield,204839,2
Laurent,204839,1
Alice,204839,6
Andy,204839,17
Garia,6180965,23
Einberg,6180965,3
Laia,6180965,21
Huey,6180965,21
Inverse,6180965,22
Lina,6180965,7
Skridlow,2236330,10
Tachibana,3389965,20
Aaron,9260315,16
Jelutia,9260315,16
Urrocco,9260315,6
Fox,9260315,5
Shiro,9260315,16
Rockseia,9260315,6
Noguchi,9260315,13
Jack,9260315,6
Leyabe,9260315,21
Kido,9260315,6
Garuda,9260315,3
Emeralida,9260315,6
Sam,9260315,12
Jilutia,9260315,18
Gavanas,9260315,6
Mayah,9260315,3
Hans,9260315,17
Kuzman,18279656,4
Martens,27742629,7
David,27742629,3
Sally,27742629,24
Diana,27742629,22
Beauchamp,27742629,17
Podd,27742629,20
Meadows,27742629,8
Pudgy,17883146,4
Betty,17883146,23
Milian,8586814,11
Ann,781219,6
Luke,781219,6
Tingle,781219,6
Tucker,781219,20
Trudie,781219,17
Lynn,781219,17
Potter,781219,18
Watson,781219,5
Osmosis,5524740,4
Detorre,5524740,3
Phlegmming,5524740,17
Jones,5524740,20
Boyd,5524740,23
Drix,5524740,17
Leah,5524740,6
Shane,5524740,13
Thrax,5524740,3
Denklin,24095018,21
Perry,24095018,5
Tayloe,24095018,3
Nair,26613800,16
Madhavan,26613800,8
Hari,26613800,6
Sam,31580657,23
Shel,31580657,21
Gal,31580657,10
Jay,31580657,3
Fiona,31580657,23
Taylor,16072264,0
Blair,16072264,8
Ericka,16072264,18
Backman,16072264,19
Henderson,16072264,19
Duchess,16072264,18
Jonas,1421977,15
Shaft,1421977,11
Anne,5206795,2
Celine,5206795,13
Sebastian,5206795,13
Sam,2215047,3
Cody,2215047,3
Wheatly,2215047,5
Jess,2215047,3
Griffin,2215047,2
Sean,2215047,3
Muskaan,31937329,2
Pooja,31937329,16
Jessica,10843767,21
Roux,10843767,16
Jacques,10843767,12
Catherine,10843767,5
Sobinski,10843767,20
Claudie,10843767,1
Rhodes,18791040,9
Billie,18791040,14
Sean,18791040,23
Prindle,29794326,16
Proteus,29794326,11
Cadwalader,29794326,20
Agito,5414801,4
Shunack,5414801,17
Raban,5414801,5
Toola,5414801,4
Cain,5414801,20
Agashi,5414801,14
Lu,10777380,17
Liang,10777380,9
Ching,10777380,4
Li,10777380,4
Senesh,31039968,18
Hannah,31039968,4
Khela,10208176,23
Mulcahey,1882956,9
Jojo,1882956,13
Joe,1882956,21
Diana,1882956,17
Ben,1882956,23
Knox,1882956,17
Camp,1882956,19
Floss,1882956,1
Nast,1882956,3
Gandhi,12317186,2
Sarabjit,12317186,7
Paul,32817974,17
Laurette,32817974,1
Kay,32817974,24
Graham,32817974,1
David,32817974,13
Yata,11992,16
Ryota,11992,23
Godzilla,11992,3
Mothra,11992,24
Ebirah,11992,5
Bihari,20593843,8
Rana,20593843,1
Shankar,20593843,10
Singh,20593843,2
Barbara,34339809,3
Stella,34339809,4
Finn,34339809,15
Turgenev,34339809,21
Reiser,34339809,23
Nanibala,20250608,4
Damini,20250608,18
Tagore,20250608,1
Chaturanga,20250608,6
Rocker,15400276,18
Christ,15400276,12
Marschz,15400276,3
Octavio,15400276,18
Shue,15400276,19
Jesus,15400276,14
Feldstein,15400276,8
Jane,4299508,5
Christine,4299508,13
Hominis,19353305,0
Walter,709318,3
Markowitz,709318,24
Jerry,709318,12
Sunderson,709318,11
Mike,709318,3
Joanna,709318,3
Claire,709318,17
Stepford,709318,14
Bannister,709318,21
Eberhart,709318,9
Sarah,709318,3
Bobbie,709318,13
King,709318,20
Thanupillai,36025071,22
Frank,1425779,21
Daniel,1425779,13
Martha,1425779,21
Laurence,1425779,3
Rino,25361239,10
Neneng,36045053,13
Bakit,36045053,16
Jake,1704120,3
Sharp,1704120,11
Jerry,1704120,6
Quantero,8279517,4
Manning,8279517,12
Khrushchev,10215898,12
Inochkin,10215898,16
Tom,8909714,23
Jerry,8909714,3
Jude,4131876,6
Annabel,4131876,17
Matt,4131876,6
Cassie,4131876,3
Sean,4131876,3
Kelly,10826329,7
Gogarty,10826329,3
Hayraddin,6703160,4
Durward,6703160,4
Isabelle,6703160,6
Quentin,6703160,22
Charles,6703160,5
Louis,6703160,21
Creville,6703160,4
Li,6703160,16
Marck,6703160,4
Cole,6703160,0
Flynn,15418729,1
Charles,15418729,11
John,15418729,15
Worthington,28198235,19
Cyan,28198235,4
Breaker,28198235,6
Jill,6802108,6
Randy,6802108,3
Patrick,6802108,3
Julie,6802108,10
Jones,6802108,0
Mcardle,6802108,11
Rusty,6802108,10
Houston,6802108,6
Howe,13727909,22
Eleanor,13727909,7
Dare,13727909,18
Ananias,13727909,23
Harish,9790786,14
Shabnam,9790786,14
Bachchan,9790786,1
Vandana,9790786,6
Mishra,9790786,13
Siddharth,9790786,13
Nandita,16490829,3
Savitri,16490829,6
Anand,16490829,21
Starr,6257892,10
Bay,6257892,3
Victoria,6257892,11
Sombat,6257892,3
Shinawatra,6257892,5
Davis,6257892,10
Chuwit,6257892,7
Tuengpo,6257892,12
Weber,4457360,6
Parker,4457360,18
Dean,4457360,21
Show,4457360,9
Hoberman,4457360,16
Kerouac,4457360,23
Baker,4457360,6
Claxton,4457360,20
Schwarzenegger,24666735,14
Winfrey,24666735,11
Scowcroft,24666735,20
Rice,24666735,11
Tenet,24666735,18
Bush,24666735,0
McCain,24666735,11
Cheney,24666735,1
Reagan,24666735,1
Flanders,24666735,22
Stalin,24666735,14
Raccoon,27542331,20
Julie,27542331,22
Broo,27542331,4
Bert,27542331,16
Schaeffer,27542331,21
Sneer,27542331,8
Dan,27542331,24
Tommy,27542331,22
Lovelace,5176136,16
Babbage,5176136,12
Laci,2416538,13
Peterson,2416538,24
Frey,2416538,9
Scott,2416538,7
dart,3377893,10
Koontz,3377893,17
Jake,3377893,3
Charlie,3377893,17
Perry,3377893,6
Grazer,3377893,0
Barnes,3377893,17
Jessie,3377893,4
Sean,3377893,3
Salim,6822250,7
Saber,6822250,13
Ronnie,6822250,19
O'Toole,6822250,24
Herod,6822250,17
Emil,6822250,11
Baker,2711674,24
LaVerne,2711674,19
Steve,2711674,24
Julie,2711674,21
Kim,2711674,13
Ravenal,2711674,1
Bristol,24707025,18
William,24707025,17
Sutter,24707025,23
Martin,24707025,4
Jonathan,24707025,17
Allison,24707025,24
Riley,24707025,10
Graham,24707025,17
Ames,11623872,24
Joan,11623872,4
Burke,11623872,17
Steve,11623872,17
Dan,11623872,3
Hardesty,11623872,24
Maly,24396669,23
Sandy,549949,7
Jennifer,549949,22
Cindy,549949,19
Jonathan,549949,7
Bobbie,549949,22
Juniper,5444283,6
Pio,5444283,16
Esteban,5444283,23
Manuel,5444283,23
Villegas,5444283,19
Michaela,5444283,8
McGarvie,10538405,12
Houdini,10538405,3
Sugarman,10538405,7
Benji,10538405,16
Mary,10538405,3
Lee,418598,0
Beekman,418598,8
Lorelei,418598,6
Francis,418598,9
Shaw,418598,15
Malone,418598,6
Dorothy,418598,21
B,10000053,24
Vacaro,9543858,12
Vincent,9543858,6
Starks,9543858,22
Creek,706047,6
Katherine,28150124,6
Kyle,28150124,13
Diane,28150124,2
Alan,28150124,4
Mitch,28150124,16
Rachael,28150124,6
McKay,28150124,0
Adam,28150124,3
Lerner,28150124,19
Perla,20983990,16
Celphora,20983990,2
Cristian,9689317,6
Pamela,9689317,19
Jaime,9689317,3
Lara,9689317,3
Tita,9689317,17
Isa,9689317,6
Morris,996094,2
Becky,996094,10
Cullen,996094,15
Arthur,573288,13
Esme,573288,3
Hortense,573288,13
Zootie,573288,23
Hoggett,573288,2
Flealick,573288,4
Ferdinand,573288,17
Ferdinad,573288,24
Floom,573288,12
Bob,573288,23
Bergeron,5314234,3
Sands,24487080,20
Hong,6450779,19
Yun,6450779,19
Chen,6450779,15
Savitri,8891889,21
Gagan,8891889,6
Abalakanta,8891889,8
Chitra,8891889,21
Sandip,8891889,13
Helbing,18719326,0
Strauss,18719326,2
Feel,1229992,14
Chow,1229992,14
Tung,1229992,14
II,17020838,17
Verdayne,17020838,15
Marley,33396282,3
Mattheo,33396282,3
Lila,33396282,3
Piktor,33396282,22
Jojo,33396282,2
Gunarto,33396282,6
Mona,33396282,6
Lucy,9225834,21
Norman,9225834,16
Paul,9225834,16
Crusoe,18770600,9
Kolchak,18770600,11
Maria,18770600,3
Denikin,18770600,20
Dratsekno,18770600,20
Paulo,22228417,15
lia,22228417,16
Daffy,29755185,3
Porky,29755185,3
Yasumi,16156731,24
Yorie,16156731,8
Mickey,16156731,9
Hanae,16156731,8
Jung,33508761,15
Chakraborty,33508761,5
Joshi,33508761,10
Griggs,3694061,23
Stevens,3694061,13
Grigg,3694061,9
Milton,3694061,0
Bean,3694061,15
Short,3694061,15
Wheeler,3694061,6
Allcock,3694061,11
Wakefield,3694061,3
Adams,3694061,0
Derode,26389395,3
Rachel,26389395,12
Wilton,26389395,15
Andrews,28090980,3
Bauer,28090980,1
Sandy,28090980,2
Laura,28090980,16
Warner,28090980,22
Mark,28090980,13
Tracey,28090980,1
Wilcox,28090980,23
Sherry,3710372,7
Yi,3710372,22
Ko,3710372,5
Ogata,3710372,9
Mountford,27713939,10
Alexandra,27713939,16
Wheeler,27713939,22
Callahan,27713939,24
Liesl,4836239,3
Maria,4836239,6
Kurt,4836239,13
Schroeder,4836239,8
von,4836239,13
Reich,4836239,6
Abbess,4836239,17
Detweiler,4836239,18
Rolfe,4836239,16
Trapp,4836239,3
Baroness,4836239,24
Wright,4836239,1
Trapps,4836239,0
Schwarzenegger,29540683,5
Lila,3021038,7
Moses,3021038,6
Eppis,3021038,7
Hawthorne,3021038,23
Moha,34933447,18
Aoulad-Syad,34933447,20
Pasolini,34933447,12
Granado,24459970,24
Darkie,31796428,5
Bluey,31796428,19
Buckley,3402751,0
Meirschultz,3402751,1
Maxwell,3402751,24
Larson,9833145,19
Brand,9833145,5
Harris,9833145,6
Carleton,9833145,3
Cellentano,9833145,24
Beaseley,9833145,15
Fuller,9833145,20
Kane,3475071,14
Collins,3475071,14
Jefferson,3475071,13
Winters,3475071,6
Mack,3475071,6
Lattimer,3475071,3
Griffen,3475071,11
Camille,3475071,22
Tejpal,21589402,17
Veeru,21589402,17
Jai,21589402,6
Merry,173941,17
Arwen,173941,6
Frodo,173941,3
White,173941,17
Isildur,173941,17
Legolas,173941,6
Pippin,173941,12
l.,173941,19
Gimli,173941,14
Baggins,173941,6
Bilbo,173941,2
Boromir,173941,16
Galadriel,173941,17
Sam,173941,14
Gamgee,173941,4
Sauron,173941,24
Lurtz,173941,16
Rogers,32636040,5
Dicky,24034237,17
Michael,24034237,6
Lee,24034237,17
Jimmy,24034237,4
Kwan,24034237,22
Mei,24034237,3
Dragon,24034237,6
Arc,1643555,15
Joan,1643555,3
VII,1643555,12
Catherine,1643555,16
Charles,1643555,6
Julie,451109,19
Clapet,451109,20
Louison,451109,24
Nick,17881324,24
Alex,17881324,15
Liang,8100298,18
Ge,8100298,3
Niu,8100298,20
Zhao,8100298,23
Li,8100298,20
Evelyn,18449476,6
Sorenson,18449476,6
Jenny,18449476,8
Adam,18449476,23
Thompson,18449476,19
Touhey,2541839,12
Sherman,2541839,16
Terry,2541839,3
Frank,2541839,21
Cruger,2541839,6
Brown,2541839,3
Keller,2541839,6
Undalu,26926995,5
Guruji,26926995,5
Mahamuni,26926995,4
Chitralekha,26926995,21
Paramanandayya,26926995,23
Maharaju,26926995,11
Kerr,2451542,12
Tony,2451542,3
Gordon,2451542,17
Manina,24147327,3
Stuart,24147327,11
Lawrence,24147327,9
Jr,24147327,15
Catherine,24147327,16
Salvatini,24147327,15
Huston,24147327,15
David,24147327,17
Pari,18775322,4
Hijau,18775322,5
Ray,18775322,5
Jarang,18775322,15
Rawai,18775322,13
Ungu,18775322,4
Prince,18775322,8
Bree,18775322,22
Lum,18775322,8
Biru,18775322,1
Kium,18775322,15
Kenan,29174042,17
Barbetti,19405442,13
Fabrizio,19405442,2
Gabriele,19405442,8
Angela,19405442,8
Pinzoni,19405442,19
Eleanor,77639,5
Ruth,77639,18
Billy,77639,10
Gehrig,77639,23
McCarthy,77639,20
Jason,35106177,9
Schneider,35106177,11
Hannah,35106177,3
Casta,27582980,11
English,25893091,18
Thierry,25893091,22
Guetta,25893091,6
Banksy,25893091,13
Priscilla,30250518,21
Sennett,30250518,12
Nichols,30250518,0
Bruce,30250518,11
Pickford,30250518,13
Brean,92999,11
Motss,92999,6
Jayan,27908048,11
Arthur,21672242,17
Vortigern,21672242,17
Merlin,21672242,1
Cindy,25458033,3
Suzie,25458033,6
Scott,25458033,3
Sander,25458033,14
Suzy,25458033,16
Susie,25458033,3
John,25458033,3
Verma,33797268,21
Jaidev,33797268,6
Karuna,33797268,23
Smruti,33797268,21
Saxena,10638528,14
Rani,10638528,1
Ranjit,10638528,23
Singh,10638528,18
Ahmad,8756666,2
Kamar,8756666,17
Ali,8756666,2
Nadan,8756666,3
Sherazade,8756666,23
Nadar,8756666,17
al-Rashid,8756666,12
Tony,28343867,3
Benedik,28343867,8
Marsh,28343867,4
Clare,1584998,23
Peter,1584998,6
Smythe,1584998,19
Jess,1584998,3
Carlson,1584998,13
Fuller,1584998,17
Nash,1584998,20
Billy,1584998,22
Harrison,1584998,14
Bradford,1584998,23
Claude,1584998,21
Coard,1584998,3
Janice,1584998,4
Agnes,1584998,13
Chris,1584998,20
Saxon,1584998,11
MacHenry,1584998,13
Nina,214148,17
Funktastic,214148,23
Strucker,214148,4
Kar,214148,19
Jade,214148,3
Kojima,214148,7
Maria,35763048,4
Yu,35763048,4
Cheng,35763048,3
Paul,9823771,3
Olivia,9823771,17
Stewart,9823771,17
Vasquez,9823771,14
Omori,9823771,18
Hoyle,9823771,2
Frankie,9823771,20
Tommy,9823771,7
Freddie,9823771,24
Chelsea,9823771,4
Angel,9823771,20
Kersey,9823771,15
Shea,9823771,17
King,9823771,14
Greg,24055607,10
Hill,15747276,24
Rose,15747276,13
Pearce,8015443,8
Riley,26683130,16
Gibb,714334,17
Freeburg,714334,17
Blake,714334,17
Linderman,714334,22
Mark,714334,24
Trey,714334,17
Thompson,714334,9
Freddy,714334,3
Jason,714334,3
Rollins,714334,24
Lori,714334,3
Stubbs,714334,17
Campbell,714334,19
Krueger,714334,2
Voorhees,714334,9
Walsh,714334,9
Lourdes,28740183,24
Daniel,28222669,7
Julio,28222669,21
Curley,28344827,2
Emily,28344827,14
Roberts,20955005,18
Clay,20955005,5
Holly,20955005,6
Stuartson,20955005,21
Mary,20955005,21
Billy,20955005,17
David,20955005,9
Thomas,355548,10
Tanana,355548,6
Denahi,355548,17
Kenai,355548,3
Rutt,355548,23
Tuke,355548,18
Gopi,26916088,4
Hari,26916088,18
Kishen,26916088,4
Jane,5649318,13
Lucy,5649318,3
MacGonaughgill,5649318,7
Elias,5649318,24
Joe,5649318,21
Ackerman,5649318,7
Sherwood,19375101,6
Dorothy,19375101,6
Donald,19375101,6
Degan,1604902,19
Peter,1604902,16
Rooker,1604902,19
Jaspers,3041635,11
Dion,5700286,18
Pearson,5700286,24
Quintal,5700286,13
Chatelin,24725483,21
Gabrielle,24725483,11
Catherine,24725483,5
Vettickal,27150590,14
Susanna,27150590,7
Susan,27150590,18
George,27150590,22
James,27150590,21
Solatano,33502433,21
Pat,33502433,21
Gutierrez,3398472,24
E.,3398472,15
Santos,3398472,16
Murhty,23955940,21
Anjaneyulu,23955940,14
Subash,23955940,18
Anjali,23955940,19
Radha,29193924,3
Shyam,29193924,14
Elizabeth,15265997,16
Asael,15349469,24
Tuvia,15349469,7
Sofiya,15349469,17
Isaac,15349469,17
Bielski,15349469,19
Cicco,24204860,1
Peppino,24204860,15
Tate,9950884,10
Gulliver,9950884,6
Gant,9950884,21
Lama,32481601,18
Tolga,25810429,14
O'Dowd,27590629,21
Craig,27590629,21
Marilyn,27590629,9
George,27590629,3
McLaren,27590629,13
Brandon,27590629,9
Moss,27590629,19
Monroe,27590629,9
Ackland,21702693,18
Banton,21702693,9
Amy,887452,6
Donnelly,887452,6
Christopher,887452,19
Josh,887452,23
Ben,887452,23
Cronin,887452,1
Madison,887452,3
Bell,887452,4
Rishab,9546734,23
Khanna,9546734,14
Ritika,9546734,16
Shoaib,9546734,21
Kher,9546734,23
Sachdeva,9546734,18
Shah,9546734,8
Sheng,10987923,15
Phoebe,21954355,14
Jennifer,21954355,12
Vivia,21954355,21
Cynthia,1958425,3
Joe,1958425,17
Rippner,1958425,17
Keefe,1958425,24
Cox,1958425,24
Reisert,1958425,4
Lisa,1958425,3
Kingwell,24218166,11
Osborn,24218166,24
Perrella,24218166,1
Marshal,628843,24
Long,628843,7
Loren,628843,12
Frederick,628843,17
Schroeder,628843,16
Manning,628843,24
Annabelle,628843,13
Pritchard,628843,6
Nora,628843,6
Raja,26013626,10
Morgan,18907411,8
Craig,18907411,14
MacDonald,18907411,20
Lucas,18907411,2
Campbell,18907411,24
Lucy,2777580,3
Houdini,2777580,22
Vivian,2777580,16
Patil,11514132,7
Joshi,11514132,21
Arthur,16747410,3
Paul,16747410,6
Lane,16747410,8
Defendor,16747410,17
Poppington,16747410,4
Kelly,16747410,12
Fay,16747410,2
Debrofkowitz,16747410,3
Fairbanks,16747410,12
Dooney,16747410,6
Park,16747410,13
Henderson,19388870,6
Jos,15695777,13
Alley,15695777,5
Abd,30073602,13
Sheila,22824908,21
Franklin,22824908,10
Marcus,22824908,21
Patricia,22824908,6
Terry,22824908,0
Angela,22824908,13
Dianne,22824908,3
Mike,22824908,6
Gavin,22824908,3
Troy,22824908,6
Molly,14722502,21
Kemper,14722502,6
Rolph,14722502,3
Bainter,14722502,1
Hull,14722502,1
Browne,14722502,17
Plunkett,14722502,6
Matt,14722502,3
Groves,14722502,17
Stewart,14722502,6
Petersen,14722502,13
Margaret,14722502,5
Quincey,14722502,17
Rita,20903426,22
Mukherjee,20903426,18
Kabutar,20903426,23
Dharamdas,20903426,0
Ganesan,29345161,2
don,29345161,18
Thondaman,29345161,8
Harris,341399,24
Skolnick,341399,21
Pis,341399,22
Gilbert,341399,21
Jefferson,341399,6
Betty,341399,7
Childs,341399,9
Judy,341399,10
Lowe,341399,18
Stan,341399,15
Gable,341399,11
Pilleger,29258221,3
Kobling,29258221,13
Crane,29258221,8
Shamir,25128398,6
Mukesh,23654077,12
Pothuval,23654077,3
Alina,23654077,17
Gopalakrishnan,23654077,6
Sethu,23654077,22
Thomas,23654077,23
Krishna,23654077,11
Sivaraman,23654077,21
Nambeeshan,23654077,3
Menon,23654077,14
Govindankutty,23654077,21
Kutty,23654077,1
Radhika,23654077,6
Moosavi,31993063,5
Sasagawa,24427416,18
Hirate,24427416,17
Zatoichi,24427416,20
Iioka,24427416,7
Zira,303928,6
Milo,303928,15
Taylor,303928,4
Armando,303928,3
Heloise,303928,5
Cornelius,303928,18
Dixon,303928,7
Branton,303928,9
Stephanie,303928,22
Windom,303928,20
Hasslein,303928,7
Collis,2969022,21
Miller,2969022,6
Weybourne,2969022,15
Locken,2969022,6
Hansen,2969022,17
Chung,2969022,9
Vorodny,2969022,12
Grant,19463368,3
Briar,19463368,22
Sydney,19463368,14
Mendez,19463368,3
gore,19463368,16
Loney,19463368,3
Laurel-Ann,19463368,3
Mazzy,19463368,3
Drummond,19463368,16
Polito,3792062,5
lito,3792062,21
Kevin,16062566,14
Jessica,16062566,3
Gort,11558237,23
Dallas,11558237,4
Judd,11558237,4
Claudia,6785614,16
LeDuc,6785614,11
Weller,6785614,14
Carney,6785614,19
Adrian,6785614,3
Jack,6785614,3
Quantrill,35766299,21
Clarke,35766299,11
Kate,35766299,23
Younger,35766299,19
James,35766299,2
Karan,2898682,3
Sarika,2898682,3
Mathur,2898682,17
Gomati,2898682,0
Vaidya,2898682,18
Victor,9899883,6
Balasooriya,9899883,0
Peries,9899883,19
Ponnisena,9899883,0
Jayamanne,9899883,0
Devi,9899883,9
Pishpani,9899883,9
Fernando,9899883,2
Perera,9899883,0
Ranjani,9899883,3
Tackla,9899883,3
Ralahamy,9899883,12
Samson,9899883,21
Kantha,9899883,11
Rani,9899883,13
Mallawarachchi,9899883,13
Austin,11021486,21
Suzie,11021486,4
Gus,11021486,19
Albert,15534756,15
Askey,15534756,1
Marriott,15534756,9
Morris,15534756,11
Belinski,12521881,9
Smith,12521881,9
Brown,12521881,9
Gylfi,3901054,3
Kiddi,3901054,3
Driscoll,3700806,10
Barrett,3700806,16
Priyatosh,2510440,15
Giribala,2510440,7
Biswas,2510440,10
Nandi,2510440,5
Dutt,2510440,7
Manenbaum,476008,11
Brossard,476008,3
Levy,476008,19
Roux,476008,16
Nicole,476008,13
Levi,476008,1
Henry,2969963,17
Garofalo,2969963,4
Sam,2969963,3
Lila,2969963,21
Levy,2969963,3
Burton,2969963,11
Foster,2969963,16
Letham,2969963,23
Desai,35002964,21
Rehad,35002964,3
Williams,31165238,10
Karen,31165238,20
Cora,31165238,6
Fountaine,31165238,13
Barbarelli,31165238,23
Wilbur,19713654,7
Makins,31309330,5
Whortle,31309330,7
Foster,31309330,18
Petrie,8088101,5
Khan,8088101,7
Manchu,8088101,1
Smith,8088101,24
III,226331,9
Day,226331,20
Cesaire,27731736,3
Henry,27731736,14
Lucie,27731736,13
Roxanne,27731736,17
Auguste,27731736,24
Wolf,27731736,3
Valerie,27731736,13
Claude,27731736,16
Adrian,27731736,11
Lazar,27731736,9
Solomon,27731736,17
Suzette,27731736,14
Starr,22834770,13
Bradfield,22834770,17
Belle,22834770,19
Dalton,22834770,17
Gray,183797,19
Evans,183797,19
Conway,183797,21
Anderson,183797,6
Dawson,183797,9
Martha,183797,2
Angie,183797,22
Marsh,9462004,15
Stephen,9462004,23
Annie,9462004,12
Schenkl,1793784,7
Subhas,1793784,21
Hitler,1793784,1
Bengali,1793784,3
Mazzotta,1793784,2
Nehru,1793784,22
Boog,28010827,21
Doug,28010827,6
Alistair,28010827,7
Elliot,28010827,14
Claude,23202902,10
Yvette,23202902,13
Nicole,23202902,23
Gilles,23202902,16
Hughes,8710784,2
Godfrey,8710784,21
Enfield,8710784,10
Grandma,29206514,6
Bonnie,29206514,21
Fleagle,29206514,3
Marshall,29206514,4
Matthews,29206514,24
Smedley,29206514,5
Johnson,29206514,4
Pete,29206514,6
Claire,29206514,23
Fleagles,29206514,20
Marie,3654133,13
Georges,3654133,4
Roland,3654133,2
Raymond,3654133,13
Arlene,348449,9
Liz,348449,1
Jon,348449,3
Persnikitty,348449,18
Chapman,348449,6
Arbuckle,348449,1
Pinscher,348449,19
Wilson,348449,24
Roland,348449,9
Garfield,348449,3
Odie,348449,4
Brown,348449,21
Baker,348449,6
Louis,348449,16
Griffiths,21455630,13
Lahari,13578403,4
Raja,13578403,3
Sagar,13578403,21
Govinda,13578403,15
Neelam,13578403,2
Chanda,2428475,22
Douglas,2428475,20
Shubhankar,2428475,24
Raghuvir,2428475,17
Pathak,2428475,10
Naren,2428475,5
Rajjo,2428475,13
Singh,2428475,6
Gregor,2695729,24
Tsui,2695729,1
Natasha,2695729,10
Ka-Kui,2695729,4
Wu,2695729,15
Annie,2695729,17
Viswas,31240702,3
Chaitanya,31240702,22
Rhea,31240702,2
Amit,31240702,12
McKean,5340175,20
Moine,5340175,23
McGuire,5340175,2
Mary,5340175,3
Calhoun,5340175,6
Munson,5483227,4
Gawain,5483227,6
Pancake,5483227,10
Dorr,5483227,24
Brad,2013364,15
Gluckman,2013364,12
Sean,2013364,9
Daniela,25091829,21
Jude,30581,10
Jody,30581,17
Fergus,30581,3
Leous,26035123,11
Saxena,17687304,23
Sinha,17687304,20
Singh,17687304,18
Arun,17687304,24
Jyoti,17687304,17
Ibrahim,36035404,7
Kevin,36035404,4
Elif,36035404,6
Furkan,36035404,16
Katie,31514071,8
Lucy,31514071,3
Sarah,31514071,14
Watts,31514071,19
Patrick,31514071,3
Lewis,31514071,19
Frank,31514071,9
May,31514071,8
Martha,31514071,3
Ted,31514071,3
Powers,15850590,9
Chantal,15850590,21
Romero,15850590,22
Germaine,15850590,18
Stacy,15850590,3
Tina,15850590,3
Wright,15850590,21
Harry,2236324,21
Anna,2236324,3
Hinkhouse,2236324,13
Coleman,2236324,19
Jake,2236324,21
Ryan,2236324,1
Bates,2236324,13
Pei-Pei,2236324,18
Tess,2236324,3
Mahesh,27237236,21
Krishan,27237236,23
Neena,27237236,22
Veena,27237236,21
Joan,2876569,23
Heck,2876569,22
Saint,2876569,17
Livia,2876569,6
Frank,2876569,23
Bumpo,2876569,23
Duka,2876569,14
Dave,2876569,23
Krieg,2876569,0
Xiaowen,11097772,21
Tianyou,11097772,21
Pratap,27067663,9
Solanki,27067663,19
Singh,27067663,10
Viccarone,32812400,9
Lewis,32812400,3
Susan,32812400,24
Greeson,32812400,14
Perry,32812400,12
Geetha,34356357,6
Bharathan,34356357,23
Thankachan,34356357,21
Blake,26293568,15
McInter,26293568,24
Ducayne,26293568,16
Mara,14472255,3
Elizabeth,14472255,3
Mark,14472255,22
Virgil,14472255,5
Pearce,14472255,23
Alex,14472255,3
Drake,14472255,4
Cecilia,14472255,16
Lonnie,1766476,10
Beale,1766476,6
Meritt,1766476,3
Radford,1766476,3
Stanley,1766476,17
Presley,1766476,9
Potter,1766476,13
Sofie,35767941,23
Daan,35767941,23
Jackie,35767941,22
Lucy,6834654,19
Minetti,24597709,15
Helvenshaw,24597709,14
Bleckner,24597709,14
Cane,24597709,14
Clavo,24597709,4
Mayeaux,24597709,18
Vaillar,24597709,15
Ward,24597709,16
Charlie,24597709,21
Tipp,24597709,19
Nesstra,24597709,10
Malli,34387127,20
Keerthi,34387127,23
Siva,34387127,3
Reddy,34387127,18
Asha,34387127,13
Naresh,34387127,24
Ganesh,34387127,18
Bhavani,34387127,17
Machiraju,34387127,10
Jackson,31557,10
Baker,31557,10
Blondie,31557,17
Stevens,31557,23
Tuco,31557,6
Carson,31557,16
Ramirez,31557,7
Stanton,31557,6
Wallace,31557,17
Williams,12528729,23
Kelso,12528729,4
Miller,1618936,22
Brooks,1618936,22
Edie,1618936,3
Jones,1618936,10
Gladys,1618936,4
Wharton,1618936,6
Ray,1618936,3
Luther,1618936,17
George,1618936,3
Biddle,1618936,15
Johnson,1618936,19
Cora,1618936,6
Tompkins,1618936,7
Rocky,1618936,10
Johnny,1618936,22
Moreland,1618936,17
Johnson,6736202,12
Harrington,6736202,7
Topic,6736202,0
Dyer,6736202,20
Bob,6736202,21
Freeman,6736202,18
Chris,6736202,16
Hattaway,18504054,16
Croker,18504054,12
Nicky,14328976,21
K.T.,14328976,3
Mike,14328976,9
Tobey,14328976,6
Sheriff,14328976,21
Joey,14328976,9
Yash,35553176,0
Navin,35553176,6
Kumar,7032286,11
Raj,7032286,11
Katsu,24218125,21
Linda,6325875,21
Duane,6325875,3
Anthony,6325875,5
Gina,6325875,6
Hopwood,6325875,22
Mary,6325875,13
Bob,6325875,17
Alba,30645101,21
Alan,27812724,6
Slater,27812724,3
Nigel,27812724,4
Potter,27812724,21
Sally,28635851,6
Lacy,28635851,17
Murray,28635851,10
Ollie,7531222,3
Stan,7531222,13
Hardy,7531222,23
Verdoux,545615,18
Aaron,6247686,22
Helen,6247686,12
Jonah,6247686,3
Nathan,6247686,16
Ryan,6247686,5
Billie,6247686,16
Robert,6247686,23
Sean,6247686,3
Kira,7986184,23
Harris,7986184,3
Culpepper,7986184,4
Allison,7986184,3
Cochet,7986184,15
Sid,7986184,0
Kazahana,30872164,12
Sakura,30872164,12
Sosetsu,30872164,8
Yukie,30872164,23
Doto,30872164,17
Gale,30872164,1
Fuyukuma,30872164,18
Koyuki,30872164,6
Uzumaki,30872164,17
Hatake,30872164,17
Fujikaze,30872164,5
Kakuyoku,30872164,20
Bluhm,3598984,14
Quayle,3598984,17
Woodrow,3598984,21
Huston,3598984,20
Pellegrin,3598984,0
Tessa,3598984,2
Tracer,7809109,18
Matrix,7809109,8
Mike,7809109,5
Bob,7809109,6
Phong,7809109,24
Kakashi,20571608,24
Genkai,20571608,8
Hiruko,20571608,17
Guy,20571608,9
Kirigakure,20571608,2
Sai,20571608,16
Sannin,20571608,9
Team,20571608,4
Naruto,20571608,24
Konoha,20571608,23
Sharingan,20571608,4
Tsunade,20571608,23
Kate,16671731,23
Kovats,21175589,1
Mobius,21175589,10
Scheer,21175589,15
Perkins,21175589,11
Sueur,21175589,10
Dou,2161086,13
Wei,2161086,11
Jinshan,2161086,2
Tianqing,2161086,3
Shan,2161086,21
Tianbai,2161086,4
Richard,1766226,3
Lilli,1766226,4
Sarah,1766226,6
Hilliard,1766226,13
Sylvia,1766226,6
Hargrave,1766226,11
Reis,1849364,15
Wong,1849364,0
Fong,1849364,16
Lee,1849364,2
Wu,1849364,9
Latimer,3268711,3
Karenina,25948394,19
Aiello,25948394,20
Finn,25948394,15
Cortez,25948394,17
Jack,25948394,20
Stone,25948394,21
Sheedy,25948394,7
Hoffman,25948394,5
Lane,14088330,21
Drew,14088330,18
Downs,19312326,15
Tuffy,19312326,23
Jay,19312326,20
Joe,19312326,6
Peggy,19312326,6
Farina,19312326,21
Jackie,19312326,20
Cynthia,4162938,19
Joshua,4162938,22
Lyon,4162938,17
Gaultier,4162938,15
Atilla,4162938,10
Nasim,4645051,20
Fletch,17789399,6
Trudi,17789399,9
Lotte,17789399,23
Jimmy,17789399,21
Carmilla,17789399,1
Eva,17789399,23
Heidi,17789399,24
Judi,17789399,17
Mclaren,17789399,21
Rebecca,17789399,17
Anke,17789399,22
Williams,2583472,15
Paulk,2583472,18
Valentine,2583472,5
Sonya,2583472,10
Mack,2583472,17
Naomi,2583472,12
Xavier,2583472,10
J,2583472,6
Vieru,15938267,0
Rotaru,15938267,2
Krueger,23286957,6
Dekker,23286957,18
Dean,23286957,3
Holbrook,23286957,9
Smith,23286957,3
Braun,23286957,3
Fowles,23286957,22
Jesse,23286957,3
Gwen,23286957,6
Nancy,23286957,3
Russell,23286957,14
Kris,23286957,3
Danny,24013376,17
Bobby,24013376,23
Kate,24013376,21
Frank,24013376,23
Jodie,24013376,23
Brian,24013376,6
Marton,73366,11
Gaby,73366,21
Byrd,73366,15
Hunter,73366,6
Gerard,73366,6
Cordova,73366,3
Hart,17613909,9
Robespierre,17613909,17
Napoleon,17613909,20
D'Aubigny,17613909,17
Barras,17613909,17
Fouch,17613909,20
Duval,17613909,7
Bonaparte,17613909,24
Zedkov,1289336,17
Wei,1289336,24
Lee,1289336,14
Stevie,1289336,24
Coburn,1289336,7
Wolf,7017821,6
Pig,7017821,23
Fifer,7017821,22
Lacey,7202949,6
Shayne,7202949,3
Munimura,7202949,6
Murray,7202949,5
Shane,7202949,6
Lynn,7202949,6
Frances,7202949,12
Norm,7202949,6
Johnny,1898116,16
Jones,1898116,4
Frank,1898116,18
Missy,1827834,2
Benjamin,1827834,16
Dolemite,1827834,6
Cox,1827834,18
Kozac,1577984,3
Neil,1577984,6
Witzky,1577984,17
Maggie,1577984,17
Samantha,1577984,9
Tom,1577984,17
Frank,1577984,17
Jake,1577984,3
Damon,1577984,17
Lisa,1577984,6
Debbie,1577984,12
Elizabeth,27398409,3
Monica,27398409,23
Fairon,27398409,19
Rambeau,27398409,21
Cesare,27398409,10
Dietrick,27398409,21
Griffanti,27398409,22
Luigi,27398409,6
Martha,27398409,17
Phillipe,27398409,2
Swann,27398409,6
Francis,27398409,13
Philippe,27398409,13
Andre,27398409,6
John,27398409,3
Buz,27398409,17
Harry,1095954,6
Van,1095954,20
Irene,1095954,3
Weber,1095954,21
Kirvline,1095954,4
Zuleika,1095954,5
Cherrys,1095954,20
Brijbhan,11256435,4
Karim,11256435,1
Amar,11256435,18
Hari,11256435,12
don,11256435,15
Shakespeare,6017242,20
Stewart,6017242,11
Lear,6017242,9
Lovecraft,2918673,22
Wieck,10578574,4
szl,10578574,4
Hans,10578574,6
Andr,10578574,4
Ilona,10578574,13
Amala,26758096,13
Geetha,26758096,11
Gabrias,26758096,17
Iyer,26758096,12
Brad,12729324,3
Paul,9718646,3
Baumer,9718646,15
II,9718646,14
Kemmerich,9718646,22
Kat,9718646,21
Katzinsky,9718646,6
Parvathi,12908045,6
Suresh,12908045,14
Manoharilal,12908045,13
Parvati,12908045,21
Dharmendra,19985118,18
Devil,19985118,13
Ranga,19985118,4
Lakshmi,19985118,21
Adithya,19985118,18
Billa,19985118,4
Rahman,19985118,18
Lisa,19985118,14
Sreenu,19985118,21
don,19985118,15
Vikram,19985118,15
Banty,24803101,3
Arthur,1875611,21
Grant,1875611,5
Shunderson,1875611,7
Praetorius,1875611,3
DeMille,1875611,9
Elwell,1875611,13
Higgins,1875611,10
Deborah,1875611,3
John,1875611,15
Barker,1875611,5
Mankiewicz,1875611,10
McCarthy,1875611,0
Puller,30635557,18
Bina,30635557,3
Bagan,30635557,24
Abhilash,30635557,12
Bhagat,30635557,14
Ghosh,30635557,11
Egaro,30635557,4
Bhaduri,30635557,4
Elina,30635557,19
Sengupta,30635557,24
Singh,30635557,13
Piggot,30635557,1
Chatterjee,30635557,14
Bose,30635557,6
Shibdas,30635557,16
Mattoni,26797962,1
Coppel,26797962,10
Walker,26797962,9
Davidson,26797962,15
Greenie,33879879,3
Otter,33879879,7
Nagnae,33879879,17
Leafie,33879879,17
Nathan,29773275,23
Bharathan,29773275,19
Meera,29773275,2
Khanong,12210037,22
Nak,12210037,22
Angel,12210037,7
Lee,32079759,1
Kang,32079759,18
Kim,32079759,22
E.,18305210,16
Sivaram,26527102,14
Tina,16275299,3
Vikramaditya,16275299,13
Singh,16275299,9
Patty,3771276,5
Axel,3771276,3
Sheriff,3771276,17
Sarah,3771276,23
Howard,3771276,17
Warden,3771276,3
Hollis,3771276,2
T.J.,3771276,6
Harriet,3771276,16
Dave,3771276,5
John,3771276,17
Mason,30009422,24
Ravikumar,6664274,0
Hameed,6664274,0
Kailash,6664274,13
Thenali,6664274,17
Panchabhootham,6664274,13
Meena,6664274,14
Janaki,6664274,10
Menlo,11741801,23
Schwartzer,11741801,15
Danny,29164822,6
Flo,29164822,6
Denny,29164822,12
Haines,29164822,6
Maizee,29164822,6
Daniel,29164822,14
Tommy,29164822,6
Nelson,29164822,17
Maria,6100131,8
Ramon,6100131,18
Dillard,6100131,6
Garvey,6100131,6
Boardwalk,6100131,8
Caroline,12835046,3
Jessie,12835046,3
Blake,12835046,6
Darrow,12835046,3
Sher,21496043,17
Bandial,21496043,15
Sangeeta,21496043,16
Dani,21496043,6
Cynthia,129427,23
Trainer,129427,23
Trask,129427,6
Parker,129427,12
Jack,129427,3
Katharine,129427,6
Tess,129427,6
Ortiz,30059575,9
Venegas,30059575,1
Tego,30059575,8
Mirtha,30059575,24
Elvis,30059575,10
Toretto,30059575,3
Rubia,30059575,12
Jaiswal,4567681,18
Janice,4567681,23
Jasbir,4567681,2
McIntosh,410939,22
Ulzana,410939,3
DeBuin,410939,16
Lowell,410939,12
Briggs,328344,22
Jones,328344,9
Metcalf,328344,23
Jerry,328344,16
Jennings,328344,17
Manley,328344,23
Molly,328344,22
Collins,328344,17
Kendall,328344,3
Delbert,328344,4
Hollins,328344,22
Reeves,20917102,19
Jo,20917102,14
Mahmoud,20030612,17
Gassman,20030612,17
Damien,20030612,4
Priya,7080965,8
Anjali,7080965,19
Bhagavathi,7080965,24
Guna,7080965,6
Schwartz,22637915,20
James,22637915,19
Zabel,22637915,17
Gekko,22637915,6
Bretton,22637915,23
Moore,22637915,6
Jacob,22637915,6
Winnie,22637915,6
Wigram,1241597,22
Pukowski,1241597,7
Claire,1241597,23
Stalin,1241597,14
Jericho,1241597,3
Wallace,1241597,13
Rai,8629307,6
Pannabai,8629307,23
Mary,8629307,13
Suparna,8629307,2
Das,30432988,21
Malati,30432988,2
Rauls,30432988,22
Raula,30432988,22
Biraj,30432988,22
Claudia,5188508,21
Michelangelo,5188508,24
Frankweiler,5188508,9
Jamie,5188508,21
Seaver,11883104,11
Barretto,11883104,5
Roxy,11883104,17
Scheider,11883104,11
Baretto,11883104,15
Epps,11883104,14
Martin,1271416,16
Curt,1271416,16
Vishnu,25652409,15
Gaggaiah,25652409,9
Horton,15502188,9
Barlowe,1997397,23
Matt,1997397,1
Leroy,1997397,1
Smith,1997397,4
Wang-geon,33833075,17
Chan,665946,10
Kwan,665946,16
Miller,4521906,11
Boynton,657824,10
Ted,657824,13
Fred,657824,4
Barbara,23205095,21
Caroline,23205095,21
Ralph,23205095,11
Amma,30207613,23
Aniyan,30207613,21
Menon,30207613,2
Balan,30207613,21
Kesavankutty,30207613,12
Vijayakumar,30207613,9
Kochammini,30207613,21
Rawlins,509676,10
Montgomery,509676,21
Forbes,509676,4
Wagner,509676,12
Lincoln,509676,6
Shaw,509676,21
Sharts,509676,10
Searles,509676,10
Jupiter,509676,4
Mulcahy,509676,1
Harker,509676,12
Pope,7460316,13
Marta,6335418,17
Alonzo,6335418,9
Rodriguez,6335418,2
Jim,6335418,13
Sylvia,6335418,6
Mike,6335418,3
Blake,7893193,9
Benjamin,7893193,24
Levrington,7893193,3
Callahan,7893193,3
Lars,24903334,14
Michael,24903334,14
Jimmy,24903334,6
Mak,26296521,7
Woo-Ping,26296521,9
Kwong,26296521,18
Tsui,26296521,7
Panda,26296521,6
Lee,26296521,21
Rama,34395954,15
Butch,19410151,17
Falk,28192781,14
Leonard,6155040,3
Clara,6155040,3
Tresh,4409434,2
Mondo,4409434,14
Frost,4409434,22
Machinehead,28960943,3
Sonoshee,28960943,3
Pat,6139387,21
Fyne,6139387,3
Pang,6139387,3
Kathreena,32158759,14
Lane,5991505,19
Khan,5991505,17
Cranston,5991505,17
Claymore,5991505,24
Margot,5991505,17
Reinhardt,5991505,24
Spencer,2457278,22
Daggenhurst,2457278,5
Kropotkin,2457278,13
Sergei,2457278,5
Embleton,2457278,14
Lori,2457278,14
Boris,2457278,6
Blavasky,2457278,8
Wally,2457278,21
James,2457278,17
Wallace,2457278,3
Ritchie,2457278,1
Juana,1758342,0
Lanza,1758342,7
Albanese,1758342,24
Weiler,1758342,11
Damon,1758342,21
Randolph,19844591,4
Pena,19844591,20
Pe,19844591,13
Jenny,19844591,10
Thompson,19844591,24
Guffy,961659,6
Line,961659,18
Walenski,961659,1
Pritchard,961659,16
Conrad,961659,6
Montgomery,961659,0
Schumacher,961659,4
Grey,961659,13
Louise,961659,21
Hessler,961659,17
Shaw,961659,9
Kohler,961659,17
Hesseler,961659,4
Joe,961659,14
McAuliffe,961659,20
Kiley,961659,3
Peiper,961659,19
Weaver,961659,17
Kanema,35012853,0
Jacques,19369363,21
Duran,18959475,21
Rogelio,18959475,12
Lena,18959475,20
Chrissy,18959475,4
Diesta,18959475,6
Harry,25340278,13
Anna,25340278,9
Heidi,25340278,13
Irmgard,25340278,13
Anzell,25340278,5
Hans,25340278,21
Sparky,3143504,23
Driscoll,3143504,0
Pansy,3143504,22
Michael,3143504,6
Winters,3143504,7
Quinlan,3143504,24
Milbank,3143504,7
Dorothy,3143504,6
Malt,3143504,11
Fabi,30963078,8
Sarita,30963078,8
Ambrosio,30963078,23
Lupe,30963078,3
don,30963078,21
Rafael,30963078,21
Nick,1396533,3
Falzone,1396533,18
Mary,1396533,21
Russell,1396533,6
Bell,1396533,6
McGregor,32880629,23
Yacka,32880629,5
Throsbie,32880629,11
Diemen,32880629,24
Wilmot,32880629,4
Danvers,32880629,20
Angela,3452126,6
Andre,3452126,3
Nick,1254902,6
Hill,1254902,17
Wells,1254902,9
Casey,1254902,3
Brady,26672550,6
Bloom,26672550,21
Michael,26672550,6
Rose,26672550,20
Kim,26672550,19
Jesse,26672550,21
Sara,26672550,6
Maureen,5790223,1
Jason,5790223,9
Rory,5790223,21
Phil,5790223,1
Rachel,5790223,18
Donna,5790223,13
Carol,5790223,22
Uno,35995900,17
Yamazaki,35995900,23
Bergman,11789222,11
Morell,19413173,11
Slater,19413173,11
Boudini,19413173,11
Catherine,19413173,16
Lorenzo,19413173,13
Guido,19413173,19
Rob,31771406,15
Carlos,31771406,17
Celeste,31771406,17
Streeter,31632887,4
Giardino,31632887,24
Marian,33041580,18
Wharton,33041580,4
Roberts,17999484,18
Deveraux,17999484,13
Yossi,434738,21
Yaeli,434738,13
Lider,434738,5
Lior,434738,16
Jagger,434738,22
Daisy,14334358,3
Burke-Meyers,14334358,1
Johnny,14334358,1
Appleby,14334358,13
Jones,14334358,9
Parker,14334358,18
freeman,3822528,12
Eumolpo,3822528,6
Gitone,3822528,11
Ascilto,3822528,17
Fortunata,3822528,2
Vernacchio,3822528,9
Encolpio,3822528,6
Lichas,3822528,24
Caesar,3822528,17
Trifena,3822528,16
Trimalchio,3822528,6
Potter,3822528,16
Lilly,32575369,8
Anna,32575369,21
Brittany,32575369,14
Max,32575369,18
Jean,32575369,2
Camille,32575369,2
Spider,1693768,0
Nosher,1693768,20
Karprov,1693768,20
Powell,1693768,18
Fiona,1693768,11
Alex,1693768,16
Turf,11601053,16
Ronnie,11601053,3
Nick,11601053,3
Faithfull,11601053,13
Hauser,11601053,6
Mack,11601053,11
Parker,11601053,12
Frankie,11601053,3
Jimmy,11601053,6
Kiersch,11601053,20
Morgan,11601053,3
Elias,11601053,17
Geeta,29112206,3
Lakshmi,29112206,2
Abdul,29112206,15
Goldsmith,29112206,15
Suvarnalata,29112206,23
Shankar,29112206,3
Atmaram,29112206,15
Ravi,29112206,16
Qazi,29112206,6
Sarpanch,29112206,15
Sonu,29112206,21
Shastri,29112206,8
Bholenath,29112206,17
Jeffrey,2571477,19
Jones,2571477,21
Diana,2571477,12
Perry,2571477,10
Madea,2571477,24
Brown,2571477,7
Jewell,805053,9
Jesse,805053,6
Dreyfus,1721159,17
Clouseau,1721159,16
Charles,1721159,6
Lytton,1721159,4
Claudine,1721159,4
Sharki,1721159,16
High,10155456,8
Sam,10155456,6
Waylon,10155456,15
Decker,10155456,6
Lamb,10155456,16
Dutchbok,6738041,23
Ramsey,6738041,20
Betsy,6738041,6
Bubba,6738041,3
Jordan,6738041,10
Chauncey,6738041,20
Jim,6738041,13
Leigh-Jenson,6738041,2
Chris,6738041,6
Green,6738041,19
Sam,27111227,6
Holly,27111227,21
Peter,27111227,13
Alison,27111227,13
Messer,27111227,6
Berenson,27111227,3
Novak,27111227,15
Sophie,27111227,23
Douglas,10815585,11
Megan,10815585,4
LaFleur,10815585,11
Gregory,10815585,8
Kowalski,10815585,7
Jeff,10815585,4
Lee,10815585,24
Manta,10815585,4
Raymond,10815585,9
Vitch,10815585,17
Govindan,6592085,17
Khan,6592085,17
Thamizh,6592085,7
Shruti,6592085,6
Mona,6592085,0
Bhai,6592085,14
Shanmugavel,6592085,14
Sathyamoorthy,6592085,17
Loggu,6592085,0
Napoleon,6592085,17
Shruthi,6592085,3
Saravannan,6592085,23
Narasiman,6592085,14
Vijay,6592085,1
Tamizh,6592085,3
Cook,29511732,24
Lockwood,29511732,13
Sloane,29511732,18
Christy,29511732,1
Susan,23691110,16
Rogers,23691110,17
Scoville,23691110,16
Kendrick,23691110,17
Stuart,19669890,12
MacDonald,19669890,12
Lili,18623102,13
Bleiber,18623102,17
Franco,18623102,8
Vajna,18623102,5
Eichman,18623102,13
Briz,18623102,13
Perlasca,18623102,3
Nagy,18623102,7
Allen,17377861,14
Appleby,17377861,20
Loring,17377861,2
Marsh,17377861,19
Betty,17377861,14
Drew,17377861,19
Kennedy,34290959,9
Rather,34290959,1
Susan,34290959,0
Haller,34290959,11
Dwyer,34290959,10
Connor,34290959,17
Wayne,34290959,14
Bogardus,79729,0
Mary,79729,22
O'Malley,79729,7
Benedict,79729,23
Ann,569790,23
Clarabelle,569790,6
Devlin,569790,3
O'Brien,569790,19
Molly,14955031,14
Lasch,14955031,9
Harry,27213163,22
Singh,27213163,19
Aayat,27213163,19
David,26538108,9
Jones,14734817,23
Slitz,14734817,21
Shubhankar,34955947,21
Vidhi,34955947,13
Lloyd,6228324,23
Ford,1623775,11
Maxumov,1623775,21
Basmachis,1623775,7
Khairulla,1623775,2
Silvia,28536315,2
Kate,28536315,21
Yayoi,7468970,17
Sugiura,7468970,23
Chisato,7468970,13
Kinoshita,7468970,3
Morita,7468970,19
Omori,7468970,10
Yuka,7468970,3
Matsumura,7468970,1
Patricia,21753009,2
Michael,21753009,2
Clements,23310329,11
Stephan,23310329,17
Churchill,23310329,5
Mihailovich,23310329,0
Milosh,23310329,11
Petrovitch,23310329,4
Brock,23310329,16
Dighton,23310329,11
Tearle,23310329,9
Walls,23310329,17
Kossan,23310329,4
Tito,23310329,9
Danischewsky,23310329,15
Harris,23310329,9
Murray,23310329,23
Staengel,23310329,20
Devdas,25943980,19
Suman,25943980,3
Sitaara,25943980,3
Lucy,20332464,2
Lacey,20332464,10
Cynthia,20332464,21
Trudy,20332464,4
Jason,20332464,21
Marcel,20332464,7
Salvadore,20332464,10
Shane,20332464,3
Dave,20332464,3
Joey,20332464,17
Eliot,602501,6
Draisen,602501,24
Jennifer,602501,4
P.J.,602501,5
Nikki,602501,23
Crumb,602501,24
Barnes,602501,23
Helen,602501,6
Downing,602501,22
Kremer,3293243,5
Tatiana,3293243,22
Boris,3293243,8
Glenn,3293243,23
Meyer,3293243,19
Anne,3293243,2
Nikki,4008886,24
Eugene,4008886,10
Raja,13580766,6
Chauhan,13580766,17
Verma,13580766,13
Deepak,13580766,6
James,13580766,21
Gulshan,13580766,5
Khan,7134822,6
Kim,7134822,6
Pether,7134822,3
Florrie,7134822,6
Cartwright,7134822,13
Ling,7134822,13
Andrews,7134822,5
Clark,7134822,16
Binns,7134822,13
Taylor,1653264,4
Mays,1653264,3
Lenny,1653264,24
Karen,1653264,22
Queen,5138153,13
Tremaine,5138153,9
Narissa,5138153,24
Nathaniel,5138153,4
Giselle,5138153,3
Edward,5138153,16
Nancy,5138153,1
Robert,5138153,21
Mick,32896010,24
Keith,32896010,23
Emery,32896010,18
Bill,32896010,0
Chandler,22230215,21
Burleigh,22230215,17
Lance,22230215,12
Moore,22230215,16
Davis,22230215,13
John,22230215,17
David,22230215,15
Weller,10172553,19
Paruthiveeran,10352270,17
Muththazhagu,10352270,3
Chevvaazhai,10352270,9
Fred,32516138,24
Flanagan,32516138,6
Gus,32516138,3
Natalie,32516138,3
John,32516138,3
Gabrielle,32516138,13
Eddie,32516138,4
Hawkins,32516138,11
Lisa,32516138,6
Malcolm,32516138,6
Vornoff,5035,13
Lawton,5035,18
Lobo,5035,17
Craig,5035,10
Strowski,5035,17
Strowksi,5035,12
Geppetto,8949458,3
Pinocchio,8949458,4
Stromboli,8949458,18
Lewis,3207603,3
Stanley,3207603,13
Lisa,3207603,3
Johnson,32873217,6
Bindu,10599304,3
Din,10599304,10
Mishra,10599304,15
Palsikar,10599304,11
Chamelibai,10599304,10
Mumtaz,10599304,3
Khanna,10599304,3
Kumari,10599304,18
Tony,15307603,15
Sher,15307603,6
Singh,15307603,3
Vicky,15307603,22
Sweetie,15307603,9
Nisha,15307603,2
Shekhar,15307603,24
Holt,19878508,19
Carlos,19878508,13
Cedric,19878508,22
Gage,19878508,21
Anne,19878508,21
Bill,19878508,21
Ikawa,31547560,13
Hideko,31547560,23
Bert,858827,3
Jackson,18486103,10
Laura,18486103,9
Michael,18486103,15
Smith,18486103,15
Porter,18486103,4
Pong,33417893,6
Tan,33417893,15
Tzu,7524279,12
Kun,33799600,9
Jianwen,33799600,18
Lichun,33799600,23
Duyao,33799600,7
Knight,25085189,24
Nicky,1458713,17
Darla,1458713,9
Teeth,1458713,18
Dr.,1458713,8
Holliday,1458713,8
Piggy,1458713,13
Lou,1458713,11
Kazagher,1458713,17
Marla,1458713,9
Tarkenian,1458713,13
Kermit,1458713,4
Juliet,24928922,3
Max,24928922,3
Jack,24928922,23
Devereau,24928922,23
Johnson,22644859,13
Emalee,22644859,6
Lucas,22644859,19
Kamini,8266590,17
Gokulnath,8266590,15
Raju,8266590,23
Rajesh,8266590,3
Loyd,28953208,21
Frank,28953208,21
Cannerley,2979644,14
Gregory,2979644,6
Scot,2979644,11
Renech,2979644,6
Levade,2979644,3
Julien,2979644,7
Lifflander,2283532,13
Bradley,2283532,10
Vanessa,31422455,2
Todd,31422455,11
Harris,31422455,5
Patel,31422455,21
Adrian,31422455,6
Lee,31422455,12
Harold,31422455,6
Kenneth,31422455,6
Hindenberg,24668194,3
Holt,24668194,3
Denniss,5294089,17
Barky,5294089,19
Lanny,5294089,9
Wayne,5294089,9
Heather,4440277,2
Fasil,4440277,9
Fraser,4440277,12
MacLeod,4440277,9
Ramirez,4440277,19
Brenda,4440277,21
Connor,4440277,17
Nash,4440277,11
Kouhei,28732628,6
Junichi,28732628,2
Ritsuko,28732628,1
Sae,28732628,6
Hassim,5587473,3
Layla,5587473,5
Aladdin,5587473,3
Fatima,5587473,4
Shashanka,25349790,2
Quartermain,10862318,8
Henry,10862318,18
Maitland,10862318,5
Elizabeth,10862318,23
McNabb,10862318,21
Eder,21942458,8
Loman,21942458,21
Inhofe,28408537,19
Cesar,27909271,22
Balaguer,27909271,0
Babbit,6673398,6
Miguel,25687017,13
Patra,33673437,9
Gita,33673437,5
Swami,33673437,4
Rukmini,33673437,13
Vitthal,33673437,14
Sopan,33673437,8
Alandi,33673437,17
Kulkarni,33673437,21
Dnyaneshwar,33673437,22
Dnyandev,33673437,8
Brahmin,33673437,13
Hiller,5082550,17
Tom,2951463,16
Borgnine,2951463,3
Julie,2951463,2
Corbis,2951463,17
Preston,2951463,3
Richards,2951463,1
Remy,18549628,17
Roy,18549628,5
Maria,18549628,13
Faris,18549628,13
Prince,24527356,13
Fritz,24527356,6
Friedrich,24527356,13
Katte,24527356,4
Brigman,45568,11
Cameron,45568,21
Coffey,45568,24
Lindsey,45568,3
Bud,45568,3
Bourgeois,22237851,6
Bullebai,12064079,0
Prasad,12064079,16
Ali,12064079,22
Yesudas,12064079,7
Mariana,17273738,12
Lawrence,17273738,21
Johnny,17273738,2
Caroline,17273738,13
Danny,692682,22
Walker,692682,6
Lillian,692682,20
Pearl,692682,6
Martin,692682,14
Kantrowitz,692682,17
Jerome,692682,21
Hendrix,692682,4
Marty,692682,16
Alison,692682,13
Folger,692682,13
Rohini,23464136,21
Dalamarmarangal,23464136,7
Kartika,23464136,5
Aswathy,23464136,21
Dave,1629388,12
Graham,1629388,2
Blair,12212448,3
Drake,12212448,6
Adams,12212448,16
Forsythe,12212448,13
Herb,9470281,8
Mookie,9470281,13
Corbett,9470281,11
Audrey,9470281,21
Mary,9470281,19
Longbow,12108808,15
Carlson,12108808,17
Nolan,12108808,2
Rajini,36005953,10
Sri,36005953,2
Shreya,36005953,21
Karthik,36005953,3
Domigan,15342625,12
Cowley,15342625,14
Purcell,15342625,1
Morrisey,15342625,2
J.,15342625,8
Dillon,15342625,18
Falsey,15342625,12
Mallory,15342625,17
O'Hara,15342625,3
MacMahon,15342625,13
Pegeen,15342625,9
Ann,15342625,13
Curran,15342625,13
O'Flaherty,15342625,24
Walsh,15342625,8
Arthur,13594438,5
Morrison,13594438,21
Beaty,13594438,9
Johnson,1898832,19
McCain,1898832,11
Terrier,28031209,3
Claire,28031209,19
Paulina,8192128,7
Kungorov,1640649,12
Shilov,1640649,12
Zabelin,1640649,12
Lipyagin,1640649,12
Sarichev,1640649,12
Owensby,24658286,24
Gordon,24658286,12
Messersmith,24658286,1
Peterson,24658286,11
Hutchins,24658286,3
Damon,24658286,3
Roberts,972234,24
Smith,972234,9
Atkins,972234,9
Kate,20645492,3
Susan,20645492,13
Shine,20645492,18
Walker,20645492,11
Jean,20645492,1
Brian,20645492,8
Harvey,20645492,13
Marvin,20645492,9
Rani,9141195,1
Jaffar,9141195,9
Haji,9141195,2
Sarojini,8048149,21
Vidyadharan,8048149,3
Gabriel,8727133,7
Manuel,8727133,14
Luisa,8727133,23
Castello,27500572,16
Ainslee,27500572,5
Fealy,27500572,9
Atkinson,27500572,13
Compson,27500572,5
Mary,27500572,16
Morgan,27500572,2
Helen,27500572,6
Richard,3598911,6
Turner,3598911,23
Holdsworth,3598911,19
Mason,3598911,7
Evelyn,3598911,14
Kathryn,3598911,23
Mitchell,3598911,0
Hamilton,3598911,21
Emrah,29174437,16
Mehdi,29174437,8
Smith,3055521,3
Winn,11901104,17
Ramsey,11901104,7
Bobby,11901104,20
Ronnie,11901104,16
Michael,11901104,17
Karen,11901104,12
Claire,11901104,3
Keppel,11901104,11
Jack,11901104,16
Donna,11901104,3
Nash,11901104,6
Lisa,11901104,23
Baptiste,18978310,6
Raksha,11218354,17
Bhagat,11218354,24
Smith,18091109,14
Jessica,26270198,16
Cole,26270198,17
Ali,35003577,21
niro,35003577,9
al-Faraj,35003577,11
Hamilton,25198436,8
Bonnaire,6061913,7
Suzanne,6061913,15
Harry,13502837,23
Thurman,13502837,17
Krishnan,32253336,9
Johnny,35003456,3
Miranda,35003456,3
Boris,35003456,17
Hamish,35003456,14
Loki,35003456,21
Higgens,35003456,0
Yosuta,2396574,4
Caine,2396574,3
Obermann,2396574,15
Neeley,2396574,17
Siebold,2396574,17
Lynch,2396574,7
Esau,2396574,13
Tauber,2396574,12
Olbermann,2396574,6
Lisa,2396574,6
Steiffel,2396574,17
Jonas,26368328,9
Campbell,26368328,21
Allan,26368328,14
Kaufman,915499,17
Clark,915499,1
Denbo,915499,17
Mulligan,915499,15
Charlie,915499,24
Cholo,915499,23
Jones,3590838,8
Smith,3590838,1
Reardon,3590838,2
Cioffi,3590838,5
Dobson,3590838,16
Ryan,3590838,10
Worley,3590838,7
Grier,3590838,7
Kelly,3590838,5
Brown,3590838,19
Cassidy,32984773,21
Apodaca,32984773,4
Potos,32984773,17
Yana,32984773,21
Place,32984773,19
Blackthorn,32984773,17
o,32984773,17
Ryan,32984773,22
Mackinley,32984773,18
Emilie,487300,21
Retzinsky,487300,19
Alexander,487300,4
Helena,487300,22
Fanny,487300,23
Ekdahl,487300,1
Alan,1508868,6
Peytraud,1508868,14
Mozart,1508868,6
Falcon,19859269,23
Angel,19859269,22
Hermann,3111594,6
Maria,3111594,21
Braun,3111594,10
Bill,3111594,21
Venus,35765110,0
Michael,35765110,0
Pepe,35765110,0
Vance,35765110,21
Wolf,29647722,9
Thumb,29647722,17
Marie,1157922,3
Alex,1157922,3
Hastings,31421041,10
Blanchard,26349729,12
Birch,26349729,7
Hill,26349729,4
Rovinsky,26349729,13
Bethany,26349729,21
Tom,26349729,3
Hamilton,26349729,10
Malina,26349729,4
Holt,26349729,16
Alana,26349729,21
Sarah,26349729,3
Byron,26349729,17
Swain,2267088,6
Paul,2267088,3
Umilak,2267088,4
Rachel,2267088,17
Annie,2267088,9
Ken,2267088,3
Bedford,2267088,13
Novak,2267088,18
Nolan,2267088,6
Mackey,7587190,13
Uta,7587190,5
Linda,7587190,0
Kei,7587190,3
Nozomi,7587190,2
Kyoko,7587190,3
Moe,7587190,20
Takako,7587190,12
Semanaris,10954743,12
Hettiarachchi,10954743,12
Karuna,10954743,14
Lalith,10954743,0
Fernando,10954743,3
Ranasinghe,10954743,20
Surangani,10954743,13
Ram,10155744,17
Danai,10155744,3
Tweepong,10155744,23
Somsak,10155744,23
Karen,10155744,22
Tulay,10155744,17
Proclo,14521327,23
Gomez,14521327,0
Vespucci,14521327,22
Gaetano,14521327,17
Cameron,20966610,12
Kinney,20966610,0
Sam,12256912,21
Steven,12256912,6
Thompson,12256912,9
Lisa,12256912,3
Gertrudis,15142854,3
Rosaura,15142854,4
Pedro,15142854,21
Tita,15142854,6
Brown,15142854,13
Elena,15142854,17
Dutcher,4229342,7
Edgar,5617131,4
Sam,2184642,3
Primo,2184642,6
Roy,2184642,10
Jared,2184642,3
Robin,2184642,4
Bates,2184642,13
Amanda,2184642,17
Bryce,2184642,3
Niles,3450570,13
Danny,3450570,6
Lester,3450570,12
Maine,3450570,17
Blodgett,3450570,3
Vicki,3450570,6
Esther,3450570,6
Oscar,3450570,14
Norman,3450570,3
Libby,3450570,2
Moosa,7804484,3
Menon,7804484,11
Sreekumar,7804484,16
Wagner,10016161,17
Janes,10016161,16
Thomas,10016161,8
Hontvedt,10016161,24
Johnny,80405,3
Jones,80405,7
Pharma-Kon,80405,16
Takahashi,80405,17
Shinji,80405,6
Ralfi,80405,4
Brice,12064241,11
Fanny,12064241,21
Arnstein,12064241,21
Jeff,14925191,8
Linda,14925191,2
Marco,33082797,17
Marinelli,33082797,24
Malloy,324616,23
Vinny,324616,6
Billy,324616,23
Gambini,324616,23
Vito,324616,4
Trotter,324616,21
Wilbur,324616,0
Gibbons,324616,11
Gallo,324616,15
Haller,324616,6
Rothenstein,324616,10
III,324616,9
Lisa,324616,3
Callo,324616,12
Quinette,7681320,3
Sullivan,7681320,11
Kailey,7681320,2
Teddy,7681320,15
Janssen,7681320,17
David,7681320,6
Gully,7681320,20
Yukon,4926447,17
Fallon,4926447,19
Meredith,4926447,12
Gregg,4926447,11
Jim,4926447,21
Bixby,4926447,11
Alicia,4926447,0
Burns,4926447,0
Scott,29122680,15
Hamill,31914797,2
T.B.,8704297,5
Bradfield,8704297,23
Phalen,8704297,13
Peggy,8704297,23
Dorney,8704297,23
Rafferty,8704297,13
Zammo,20600075,3
Arjun,8077348,24
Khusboo,8077348,24
Ronnie,31958798,12
Rimi,31958798,21
Kumar,26615730,15
Raja,26615730,4
Shankran,26615730,19
Dakshin,26615730,20
Chopra,26615730,12
Kapoor,26615730,9
Ghai,26615730,12
Shroff,26615730,10
Adi,21409994,21
Siddharthan,21409994,21
Vaidyanathan,21409994,10
White,1691989,5
Halloran,1691989,14
Waggner,1691989,0
Quist,1691989,4
Stone,1691989,0
Karen,1691989,3
Marsha,1691989,17
Fisher,1691989,22
Terri,1691989,17
Bill,1691989,23
Sharpe,7154908,11
Jessica,7154908,16
Erica,7154908,6
Toulon,7154908,6
Alexandra,7154908,13
Jack,7154908,18
Attack,7154908,23
Robert,7154908,3
Russell,7154908,18
Paul,1572821,12
Jane,1572821,17
Nick,1572821,3
Anderson,1572821,4
Khan,9678335,0
Vijay,9678335,3
Diaz,342041,8
Doris,342041,6
Taylor,11296559,15
Justin,11296559,9
Mak,28176057,1
Mimi,28176057,19
Benedek,28176057,15
Tom,6007686,6
Ernie,6007686,6
Phillips,6007686,3
Greene,19272325,21
Tenga,26188295,7
Kalua,26188295,23
Laurence,26188295,17
Gregg,7173157,22
Boop,7173157,4
Ashley,27348520,9
Gopher,2773212,5
Rabbit,2773212,3
Robin,2773212,5
Roo,2773212,5
Kanga,2773212,5
bush,2773212,17
Mario,12298624,24
North,4115219,12
Claus,4115219,13
Kane,9190922,20
Hagen,9190922,13
Bates,9190922,11
Sanders,7715229,21
Kelly,7715229,6
Jr,7715229,24
Webber,7715229,22
Peck,7715229,6
Kingman,7715229,3
Vasquez,7715229,14
Sara,7715229,23
Sam,17981877,17
Fudd,17981877,10
Elmer,17981877,6
Daffy,17981877,17
Lolly,17981877,3
Doc,17981877,23
Gallegos,731501,17
Felix,731501,7
Barbossa,731501,6
Hern,731501,6
Betty,731501,6
McCutcheon,731501,4
Taft,731501,17
Stevens,731501,6
Chac,731501,1
Dudley,731501,0
James,731501,13
Gerald,731501,10
Jason,731501,4
Hull,731501,11
Guzman,731501,9
Jr.,731501,18
Carver,731501,6
Spike,11261435,23
Tom,11261435,3
Jerry,11261435,23
Butch,11261435,3
Turner,20713868,15
Carter,20713868,13
Britton,20713868,8
Matty,33266137,6
Michael,33266137,19
Amma,12873578,4
Unniyamma,12873578,6
Veedu,12873578,4
Paalaattu,12873578,17
Koman,12873578,4
Tharavadu,12873578,18
Chandrappan,12873578,24
Lewis,25090684,18
Matt,25090684,16
Joe,25090684,14
Mace,20388612,7
Coe,20388612,19
Durrell,20388612,16
Scanlon,20388612,15
Mila,20388612,4
Belov,8764756,3
Kostya,8764756,6
Ivan,8764756,15
Vika,8764756,17
Artyom,8764756,3
Victoria,8764756,17
Kolchin,8764756,3
Larry,8764756,13
Konstantin,8764756,3
III,8764756,7
Artem,8764756,16
Valiyev,8764756,6
Harry,13755834,6
Phyllis,13755834,3
Jordan,13755834,16
Graham,13755834,2
Madhavankutty,31119172,9
Yeon-woo,20541936,16
Sook,20541936,1
Vijayakrishnan,5933142,4
Dileep,5933142,11
Fitz,35760234,3
Jimmy,35760234,3
Monica,35760234,6
Farjami,5341658,10
Geremio,17259609,18
VII,22340794,15
Gregory,22340794,12
Michael,22340794,8
Munkar,22340794,24
Tomas,22340794,18
Dressler,22340794,18
Johnson,10068581,13
Phulbanu,24372734,21
Moti,24372734,21
Mejuben,24372734,21
Gottlieb,15804268,16
Halsey,15804268,16
Miriam,16928777,6
Agnes,16928777,3
Ruth,16928777,19
Martha,16928777,3
Livingston,16928777,13
Todd,4018828,9
Jo,4018828,13
Munro,4018828,15
Irv,4018828,0
Earl,4018828,13
Carl,4018828,23
Cassie,4018828,3
Bob,4018828,3
Billy,4018828,21
Jamie,4018828,13
Judd,9813617,3
Marty,9813617,3
Miller,15365850,3
Freddy,15365850,4
Dayne,15365850,13
Zubaidi,15365850,15
Al-Rawi,15365850,4
Poundstone,15365850,6
Brown,15365850,18
Steven,5565318,21
Howard,5565318,3
Mary,5565318,3
Kolczyk,19092476,13
Miezi,19092476,16
Ginny,19092476,13
Jackson,6232030,2
Ethel,6232030,14
Putnam,6232030,14
Sherman,6232030,9
Barrymore,6232030,23
Raja,10792106,14
Anita,10792106,2
Suman,10792106,15
Ravi,10792106,21
Radha,10792106,11
Dankhopf,933321,16
Kelly,933321,16
Francisco,19793556,17
Carmen,19793556,18
Diego,19793556,6
Huerta,19793556,17
Miguel,19793556,17
Zorro,19793556,3
de,19793556,23
Fernando,19793556,24
Markel,19793556,12
Vega,19793556,20
Serna,19793556,13
Garcia,19793556,6
Joaquin,19793556,3
Hortensia,19793556,3
Aragon,19793556,20
Chico,19793556,6
Pulido,19793556,0
la,19793556,24
Murdoch,3423042,0
Goldring,3423042,7
Tanner,3423042,6
Garson,3423042,16
Goldrings,3423042,6
Danny,6248136,3
Samways,6248136,15
Spencer,6248136,13
Smith,6248136,7
Lancaster,6248136,4
Hazell,6248136,6
Snoddy,6248136,6
Mosely,31456026,15
Rocky,31456026,21
MacGuff,11862690,6
Vanessa,11862690,6
Mark,11862690,6
Bren,11862690,1
Loring,11862690,10
Juno,11862690,21
Paulie,11862690,13
Leah,11862690,6
Bleeker,11862690,23
Reynolds,2823903,12
Monroe,2823903,9
Badii,1873693,6
Briggs,26241157,1
Gabe,26241157,3
Blackjack,26241157,4
Joe,26241157,11
McCoy,26241157,11
Louie,26241157,16
Coombes,7210351,23
Hudson,7210351,19
Rowena,7210351,8
Fox,4213172,3
Gar,20331301,15
Darcy,2200993,3
Thea,2200993,24
Stan,2200993,21
Brown,2200993,15
Michaela,2200993,18
Holmes,42293,3
Judson,42293,17
Lee,42293,9
Maggio,42293,3
Prewitt,42293,6
Karen,42293,21
Ross,42293,4
Wells,42293,7
Galovitch,42293,3
Lorene,42293,13
Alma,42293,6
Warden,42293,6
Stark,42293,17
Johns,1352794,22
Riddick,1352794,17
Jack,1352794,14
Chillingsworth,1352794,22
Imam,1352794,17
Ahmed,10573364,17
Amritha,19812190,14
Kirkorov,15684703,8
Earl,15684703,14
Marceline,15684703,4
Susanna,15684703,4
Figaro,15684703,16
Danilko,15684703,15
Cherubin,15684703,18
Rosine,15684703,2
Hvoshnyansky,15684703,8
Hu,10602018,14
Yi,10602018,14
Raja,4965004,2
Rathnam,4965004,21
Pillai,4965004,14
Rajaselvam,4965004,4
Ammal,4965004,2
Rajamanikyam,4965004,6
Nadar,4965004,4
Muthu,4965004,13
Laeddis,13950959,3
Sheehan,13950959,13
Noyce,13950959,4
Daniels,13950959,5
Chanal,13950959,11
Solando,13950959,18
Aule,13950959,7
Cawley,13950959,4
Hortense,34981874,16
Myriam,34981874,2
Jean-Paul,34981874,18
Dani,34981874,15
Keith,3584797,9
Grebb,3584797,18
Anderson,3584797,5
Jaeckel,3584797,7
Meyer,3584797,12
Guthrie,3584797,10
Quine,3584797,18
Wallach,3584797,1
Tully,3584797,17
Jameson,11506772,3
Edgar,11506772,15
Stratton,11506772,15
Mike,11506772,20
Bertolucci,27785844,9
Varda,27785844,23
Madiaga,11582167,2
Pol,11582167,13
Atong,11582167,19
Cruz,11582167,13
Ligaya,11582167,3
Julio,11582167,3
Nafiza,31916104,13
Ann,31916104,13
Arjun,31916104,3
Ansari,31916104,3
Sonia,31916104,7
Biggs,682275,13
Dudley,682275,18
Julia,682275,2
Hamilton,682275,14
Horgan,1189804,13
Polhemus,1189804,24
Sabich,1189804,0
Lyttle,1189804,20
Sandy,1189804,13
Nico,1189804,16
Molto,1189804,6
Stern,1189804,9
Rusty,1189804,6
Greer,1189804,11
Kumagai,1189804,13
Carolyn,1189804,2
Leon,1189804,23
Schwartz,733176,12
Weronika,733176,3
Antek,733176,6
Alexandre,733176,3
Fabbri,733176,10
Weinstein,733176,9
Flora,29435348,12
Vanessa,29435348,1
Avram,29435348,15
Sky,29435348,6
Oritel,29435348,13
Darcy,29435348,3
Bloom,29435348,16
Marion,29435348,8
Daphne,29435348,3
Mike,29435348,1
Erendor,29435348,6
Belladona,29435348,21
Balthazar,1885499,21
Marie,1885499,2
Howe,699208,9
Ian,699208,2
Ben,699208,3
Riley,699208,24
Lane,699208,5
Chase,699208,13
Sadusky,699208,4
Matlack,699208,0
Revere,699208,15
Gates,699208,11
Abigail,699208,17
Carroll,699208,12
Poole,699208,17
Oswald,31527445,3
Miyazaki,621946,6
Hill,35013147,4
Vinh,27384074,21
Cooper,27384074,18
Simone,19844891,5
Jill,19844891,6
Allen,19844891,24
Pamela,19844891,4
Young,19844891,9
Denlon,19844891,15
Emily,19844891,24
Strahm,19844891,19
Debbie,19844891,17
Kramer,19844891,21
Jenkins,19844891,1
Shelby,19844891,24
Abbott,19844891,12
Eddie,19844891,17
Hoffman,19844891,3
Perez,19844891,4
Tara,19844891,17
Erickson,19844891,6
Easton,19844891,3
Adams,19844891,9
Amanda,19844891,24
Tuck,19844891,13
Nicky,14855907,3
Weber,14855907,10
Martin,14855907,3
Korolenko,14855907,1
Alexandra,14855907,4
Ripley,14855907,6
Robinson,8931001,3
Patty,187642,14
Gresham,187642,9
Slater,187642,9
O'Neill,187642,9
Mandy,36216637,2
Claire,36216637,3
Barbara,36216637,4
Wilder,2037842,6
Davidson,2037842,23
Anton,29007213,14
Marianne,29007213,14
Claus,29007213,15
Christian,29007213,3
Elias,29007213,6
Trish,21052499,20
Gill,21052499,19
Rhonda,21052499,19
Denny,12235107,13
Marshall,12235107,19
Victor,12235107,6
Mancini,12235107,13
Paige,12235107,6
Singh,7567631,17
Balwant,7567631,4
Ladd,6701452,12
Loren,6701452,16
Webb,6701452,9
Delgado,26559182,16
Alexandra,26559182,23
James,26559182,3
McKinsey,26559182,5
Alex,26559182,3
Donald,666419,22
Lisheng,17597225,17
Ma,17597225,23
Sen,2383581,7
Burns,34476943,24
Zartan,13734892,17
Nichols,13734892,18
Lewis,13734892,13
Baroness,13734892,4
Joe,13734892,14
Team,13734892,14
McCullen,13734892,4
DeCobray,13734892,23
O'Connor,13734892,18
Jackson,2246979,9
McCloud,2246979,9
Giri,9516017,2
Ramu,9516017,23
Lakshmi,9516017,8
Richard,3096248,6
Tom,3096248,21
Drago,3096248,15
Eleanor,3096248,12
Janice,3096248,23
Adams,3096248,5
Hatch,3096248,4
Ruth,3096248,23
Ormstead,3096248,12
Marie,3096248,3
Darlene,3957197,9
Nancy,3957197,21
Morgan,3957197,12
Delong,3957197,6
Mulloy,3957197,4
Castro,3957197,4
Cobb,3957197,3
Harry,98503,19
Alfie,98503,6
Gilbert,98503,10
Gilda,98503,12
Heller,98503,7
Annie,98503,1
Jill,4556334,4
Lawson,4556334,23
Laurie,4556334,6
Claridon,4556334,7
Henderson,4556334,11
Adams,4556334,3
Walsh,4556334,13
Pringle,4556334,17
Osborne,4556334,18
Hyde,18733228,4
Michaels,18733228,9
Utterson,18733228,6
Lanyon,18733228,13
Stoddard,18733228,18
Jekyll,18733228,18
Edward,18733228,21
Lynn,18733228,21
Ajay,25058379,3
Naidu,25058379,6
Girija,25058379,2
Woody,12389312,3
Winnie,12389312,6
Paul,14671645,14
Dean,14671645,3
Johnny,14671645,3
Kendall,14671645,19
Pat,14671645,3
Frisch,14671645,0
Nash,14671645,0
see,11290558,1
Clemence,11290558,12
Margot,11290558,21
Virgile,11290558,1
Mazeau,11290558,7
Pierre,11290558,3
Sid,11290558,3
Soupir,11290558,3
Angie,11290558,13
Vo,11290558,11
Guinness,12888902,10
Flambeau,12888902,10
Brown,12888902,24
Kent,2372994,16
White,2372994,17
Elisabeth,2372994,21
Fowler,2372994,0
Campbell,2372994,6
Beasley,2372994,5
Brenner,2372994,17
Moore,2372994,6
Sunhill,2372994,23
Detha,14432487,22
Tanvir,14432487,24
Wiseman,7752732,7
Barb,7752732,16
Sullivan,1052246,21
Gilbert,1052246,6
Ida,1052246,1
Wilhelm,1052246,9
Duvivier,24643555,22
Lion,24643555,8
Megan,8775743,3
Paige,8775743,15
Eckers,8775743,1
Harper,8775743,9
Shine,8775743,16
Walsh,8775743,2
Maestro,8775743,2
Castillo,8775743,10
Ledge,8775743,17
Pasha,13104315,7
Travis,33500890,20
Dessau,33500890,23
Merritt,33500890,5
Nate,33500890,14
Louise,33500890,19
Deb,33500890,19
Huddle,33500890,23
Klemm,33500890,14
Forte,33500890,3
Andy,33500890,6
Cthulhu,6734914,5
Charles,6734914,3
Jabez,6734914,17
Willet,6734914,18
Weeden,6734914,0
Hester,6734914,3
Anne,6734914,6
Ward,6734914,17
Simon,6734914,19
Yog-Sothoth,6734914,5
Abigail,28459589,24
Kirk,28459589,16
Bow,28459589,2
Starndorf,21212647,0
Sarah,21212647,17
Parker,21212647,13
Harrison,21212647,15
Hintze,21212647,17
Henley,21212647,11
Malasmas,10841191,15
Sally,10841191,6
Charry,10841191,16
Will,10841191,3
Taylor,28946416,1
Piper,28946416,6
Fred,6244430,22
Gesberg,6244430,5
Tekya,31329513,20
Elderkin,31329513,22
O'Rourke,2558435,24
Drew,2558435,0
Ballard,2557050,9
Payne,2557050,24
Evans,2557050,24
McCarty,2557050,16
Harry,5271335,2
McKenzie,5271335,6
Audrey,5271335,2
Kate,5271335,6
Minelli,5271335,11
Helen,5271335,13
Aoi,32066683,4
Shunsuke,32066683,12
Kawada,32066683,22
Melora,1591979,2
Daisy,1591979,3
Ray,1591979,21
Lewis,1591979,20
Clover,1591979,13
Bracken,30962952,21
Lewis,30962952,2
Page,896395,1
Harrington,896395,7
Cross,896395,14
Anderson,896395,1
Swain,896395,16
MacKenzie,896395,14
Place,896395,9
Allison,896395,13
Selena,896395,10
Rossi,896395,0
William,6393328,4
Jones,6393328,11
Churchill,6393328,20
Solomon,6393328,12
Delores,6393328,20
Kevorkian,26477451,23
Knowles,9002807,0
Lawson,9002807,19
Tyne,9002807,0
Zimen,10123986,17
Goodall,10123986,19
Jill,3707686,23
Christopher,3707686,11
Lynn,3707686,1
Cornell,3707686,11
Hfuhruhurr,199505,3
Warner,199505,8
Griffin,199505,4
Uumellmahaye,199505,19
Anne,199505,14
Benedict,199505,11
Necessiter,199505,17
Dolores,199505,3
Zin,15117612,4
Masashi,15117612,6
Moom,15117612,10
Kathy,25366294,4
Ellen,25366294,3
Pearl,25366294,2
Jenny,25366294,8
Holloway,25366294,4
Jean,25366294,13
Monroe,25366294,2
Sarah,1353086,23
Alfred,1353086,3
Shagal,1353086,4
Krolock,1353086,4
Koukol,1353086,6
Herbert,1353086,19
Magda,1353086,19
Abronsius,1353086,6
Burke,7865906,2
Aarons,7865906,18
Jess,7865906,6
Edmunds,7865906,6
Leslie,7865906,21
Ritu,26705991,20
Rimzim,26705991,6
Khogiram,26705991,21
Pinu,26705991,6
Rowana,33931331,17
Cornelia,33931331,17
Angelie,33931331,17
Lando,33931331,4
Andoy,33931331,3
Bikbok,33931331,3
Isay,33931331,3
Bryan,33931331,3
Pey,33931331,23
Shane,33931331,3
Norman,33931331,3
Cynthia,33931331,3
Dina,33931331,3
Epang,33931331,6
Lucy,33931331,3
Allan,33931331,3
Beth,33931331,23
Maritess,33931331,13
Nante,33931331,23
Holly,25548532,21
Peter,25548532,17
Crosby,25548532,6
Richards,25548532,6
Trina,7800159,13
Rollie,7800159,10
Suzanne,7800159,2
Guber,7800159,21
Josh,7800159,15
Cutrera,7800159,14
Dean,30642218,17
Cooper,30642218,15
Karsten,30642218,22
Cassie,30642218,3
Hannah,30642218,23
Naylor,30642218,17
Deepa,32442607,3
Aruna,32442607,16
Preeti,32442607,21
Kundu,32442607,21
Prabodh,32442607,6
Nandy,32442607,5
Rupmati,32442607,6
Ajit,32442607,3
Kent,2977312,3
Pumpkin,2977312,6
McDuffy,2977312,14
Thurber,2977312,19
Julie,2977312,14
Carolyn,2977312,3
Judy,2977312,6
Jesse,2977312,15
Woodlands,2977312,22
Romanoff,2977312,10
Gray,5150761,3
Sadler,5150761,20
Marisol,5150761,12
Kater,5150761,10
Reisz,5150761,23
Kilton,5150761,4
Horn,27458777,10
Deinbaruto,27458777,5
Buredoran,27458777,16
Warstar,27458777,10
Rasil,27458777,23
Alata,27458777,21
Paul,1202791,17
Simon,1202791,3
Nina,1202791,12
Fletcher,1202791,22
Childers,1202791,5
Jay,1202791,3
Roger,1202791,22
Terri,1202791,3
Denise,1202791,23
Frances,1202791,19
James,1202791,15
Turtle,1423029,16
Chester,1423029,6
Cecil,1423029,21
Benjamin,13861985,6
Latifah,13861985,5
Emily,13861985,13
Howard,13861985,10
Nancy,13861985,21
John-John,13861985,1
Jamal,13861985,12
Stevenson,2590391,4
Lanyon,2590391,21
Warren,2590391,13
Veidt,2590391,11
O'Connor,2590391,7
Farley,32896134,23
Fisher,32896134,12
Worrall,32896134,6
Dong,20632614,5
Jeong-nam,20632614,15
Ki-Dong,20632614,21
Salvatore,2739013,16
Antoinette,2739013,3
Domenico,2739013,24
Lydia,2739013,3
Frankie,2739013,21
Dom,2739013,3
Ramirez,15033858,6
Luz,15033858,6
Water,15033858,9
Cruz,15033858,11
Rio,15033858,9
Kiran,21852596,8
Pratap,21852596,21
Varun,21852596,1
Thakur,21852596,18
Singh,21852596,18
Anand,21852596,21
Winston,1152416,5
Chin,1152416,5
Kempley,1152416,24
Bowman,1152416,4
Skullbocks,1152416,9
Calighan,1152416,4
Robbins,1152416,15
Hoffman,1152416,16
Poulson,1152416,2
Kensington,5154250,10
Don,5154250,3
Sawyer,5154250,16
Allison,5154250,6
Chaney,5154250,6
Cheney,5154250,6
Walrus,17813880,6
Woody,17813880,20
Woodpecker,17813880,12
Geetha,13914696,13
Lakshmi,13914696,13
Ravi,13914696,3
Sunanda,13914696,23
Devan,13914696,15
Miller,5326903,0
Dobrinsky,5326903,20
Skoblin,5326903,20
Voronin,5326903,17
Jo,33269485,14
Prasad,33269485,7
Rao,33269485,15
Chamundeshwari,33269485,10
Bujji,33269485,16
Rajeshwari,33269485,14
Prescott,4213198,2
McGrath,4213198,13
Molly,4213198,2
Oswald,31494246,23
Joan,2415806,1
Holt,2415806,1
Pamela,2415806,21
Doug,2415806,21
Eleanor,2415806,4
Jacey,2415806,3
Abbott,2415806,1
Alice,2415806,13
Fang,25119882,10
King,25119882,14
Husband,25119882,10
Maar,29771645,22
Angelica,8475649,23
Luciana,8475649,23
D,694405,20
Hall,694405,22
Suggs,694405,4
Halle,694405,16
D.,694405,15
Denver,694405,11
Garner,694405,12
Garrett,264869,23
Willi,264869,23
Kovac,264869,17
Angel,264869,3
Anderson,264869,13
Rittenhouse,264869,13
Smith,264869,23
Porter,264869,20
Kolb,7677747,17
Liz,7677747,10
Kavanaugh,7677747,13
Conway,7677747,13
K,7677747,10
Chloe,7677747,17
Lockwood,5387833,6
Rudge,5387833,19
Barnett,5387833,21
Timms,5387833,6
Dakin,5387833,6
Rodgers,5387833,5
Lintott,5387833,12
Akthar,5387833,6
Irwin,5387833,3
Fiona,5387833,12
Posner,5387833,15
Hector,5387833,20
Crowther,5387833,6
Pollard,1067272,23
Kate,1067272,3
Terry,1067272,14
Joe,1067272,6
Harvey,1067272,13
Genevieve,6719022,21
Lacey,6719022,4
Randolph,6719022,19
Rowena,6719022,3
Desmond,6719022,17
Brutus,6719022,5
Isabella,6719022,24
Derek,6719022,3
Lucy,30468968,6
Annette,30468968,4
Bentley,30468968,20
Kevin,30468968,1
Lance,30468968,19
Jack,7685801,1
Spookley,7685801,4
Boris,7685801,6
Dollie,25902613,6
Bobby,21905305,6
Ceyda,21905305,22
Alice,21905305,24
Vitelli,24380314,11
Sorensen,1273496,19
Andersen,1273496,7
Pidgeon,1273496,7
Sakana,570428,17
Akoba,570428,8
Brown,570428,9
Ahot,570428,3
Loana,570428,3
Herbert,570428,20
Richardson,570428,11
Kate,3702581,6
McBainbridge,3702581,14
Ricky,3702581,6
Hayman,3702581,11
Elster,4083099,3
Barnett,4083099,17
Smith,4083099,3
Billy,4083099,17
Merton,4083099,22
Lyla,4083099,3
Dan,4083099,3
Skaggs,4083099,17
Ronald,4083099,2
Tom,4083099,17
Toni,4083099,3
Hawkes,4083099,24
Bain,4083099,3
Nell,4083099,3
Sutcliff,4083099,11
Potter,4083099,21
Curtis,4083099,17
Jordan,33582821,8
Kennedy,33582821,20
Bush,33582821,0
Harkin,33582821,17
Coelho,33582821,20
Buddy,2216783,6
Guerrero,2216783,4
Greg,2216783,6
Abby,2216783,6
Janice,2216783,7
Jim,2216783,16
Janello,2216783,3
Mimi,2216783,19
Scott,2216783,15
Lakshmi,19246209,2
Subbulakshmi,19246209,0
Satya,19246209,4
Rao,19246209,21
Siddhu,19246209,3
Arvind,19246209,21
Kanaka,19246209,2
Aravind,19246209,6
Lockwood,11962392,6
Gunter,11962392,6
Metcalfe,11962392,6
Alstad,11962392,6
Kari,11962392,4
Doraemon,2846827,0
Jack,8897338,23
Hammond,8897338,0
Chris,8897338,14
Desjardins,16731548,19
Brault,16731548,16
Lal,7999852,13
Iqbal,7999852,6
Meghna,7999852,12
Khurana,7999852,22
Cherry,7999852,13
Khoslas,7999852,24
Khosla,7999852,6
Johns,488484,20
Riddick,488484,6
Fry,488484,3
Jack,488484,22
Imam,488484,5
Carrie,600209,13
Laughlin,600209,21
Kessler,600209,7
Early,600209,21
Brian,600209,17
Verona,25645569,2
Petry,25645569,21
Balling,25645569,24
Anders,25645569,18
Andy,25645569,12
Naddel,25645569,2
Vesna,16614186,2
Briggs,31532443,6
Raymer,31532443,6
Gonzalo,31532443,17
Kate,31532443,3
Church,31532443,6
Farraday,31532443,20
Foster,31532443,6
Chris,31532443,3
Andy,31532443,20
God,6774987,17
Muller,6774987,0
Gideon,6774987,13
Cucumber,6774987,5
Larry,6774987,15
Bob,6774987,3
Simon,6774987,8
Cooper,3256994,3
Ferguson,3256994,17
Terry,3256994,6
Jeffries,3256994,8
Brad,3256994,21
Jacey,3256994,6
Bob,3256994,13
Donna,3256994,21
Macy,3256994,23
Lotte,165366,12
Eva,165366,3
Willie,165366,6
Eddie,165366,16
Billy,165366,22
Crisp,1001896,8
Royce,1001896,20
Mitchell,1001896,16
Messerschmitt,1001896,11
Merlin,1001896,23
McGrath,2012442,20
Justice,2012442,20
Sally,2012442,4
Greaser,17046277,6
Jesse,17046277,6
Paul,27997159,15
Martha,27997159,2
Carden,27997159,7
Mayfield,27997159,24
Stuart,11334798,14
Williams,11334798,12
Kruse,11334798,20
Butler,11334798,20
Dervish,11334798,16
Ballard,4836948,7
Miniver,4836948,3
Beldon,4836948,8
Kay,4836948,23
Vin,4836948,6
Carol,4836948,22
Clem,4836948,8
McDeere,287767,4
Tolar,287767,13
Abigail,287767,4
Morell,9606474,2
Tarry,9606474,23
Wylie,9606474,21
Fergus,9606474,16
Duke,9606474,16
San,20192695,11
Gibbs,25297309,0
Zaminski,4260551,17
Kiki,4260551,3
Green,4260551,22
Char,4260551,24
Gordian,4260551,6
Calvin,4260551,1
Phil,4260551,14
Ilana,4260551,17
Grau,213224,4
Fritz,213224,15
Schroeder,213224,19
Murnau,213224,3
Wagner,213224,20
Greta,213224,17
Muller,213224,4
Galeen,213224,21
Schreck,213224,23
Wangenheim,213224,12
Roberts,17999628,10
Walker,17999628,13
Veronica,17999628,23
Helsing,19908658,21
Rita,19908658,12
Ward,19908658,3
Blaisdell,19908658,15
Voorhees,19908658,9
Marissa,19908658,3
Byron,19908658,3
Altman,19908658,24
Ackerman,19908658,14
Cooper,23881530,24
Don,23881530,21
Haines,23881530,20
Gwen,23881530,21
Larry,23881530,4
Barnes,23881530,20
Robert,61052,15
Coogan,61052,10
Kitami,15992631,10
Ting,21078898,21
Wei,21078898,13
D.B.,21078898,4
Hall,2262072,9
Frank,2262072,18
Jenny,2262072,13
Lindbergh,2262072,3
Mahoney,2262072,24
Hillyard,32896184,23
Lawson,32896184,21
Elsa,32896184,7
Paloma,16051516,0
Aldj,16051516,22
Veda,1480748,21
Showboat,1480748,0
Martin,1480748,11
Vester,1480748,16
Pierre,25757812,1
Keller,19931725,13
Dashavatar,17618251,2
Gita,17618251,18
Yuga,17618251,22
Krishna,17618251,7
Matsya,17618251,8
Vishnu,17618251,16
Narasimha,17618251,8
Kalki,17618251,8
Yug,17618251,22
Narsimha,17618251,1
Veena,26550158,2
Gopi,26550158,16
Romero,5176252,11
Hendry,7427038,5
Marcel,950429,17
Franck,950429,6
Bosload,950429,17
Sarah,950429,3
Julie,950429,3
Morton,950429,11
John,950429,24
Stilson,25771135,20
Schmidt,25771135,4
Marrick,6109201,11
Turner,6109201,17
Severence,6109201,17
Rita,6109201,14
Santee,6109201,17
Agnos,6109201,14
Shoeshine,6109201,12
Esther,6109201,2
Rudisill,6109201,4
Lee,12657358,3
Jim,12657358,3
Adam,12657358,6
Hickenlooper,504985,0
Coppola,504985,8
Bahr,504985,8
Heinzman,5700240,1
Hewes,918091,6
Don,918091,6
Johnny,918091,3
Nadine,918091,6
Brown,918091,4
Hale,918091,9
Mike,918091,9
Hannah,918091,3
Teasdale,3838937,4
Hawtrey,3838937,12
Lamb,3838937,20
Thorne,3838937,21
Gladwell,24372500,12
Margery,24372500,17
Keynes,24372500,22
Heywood,24372500,14
Johnson,25766248,4
Chan,25766248,11
Tommy,25766248,17
Haynes,25766248,7
Jennings,25766248,1
James,25766248,2
Regan,16907084,3
Nashi,35356742,23
Drokova,35356742,18
Kashin,35356742,0
Putin,35356742,14
Crecilius,10034941,21
Pryme,10034941,7
Nura,33054543,3
Niloy,33054543,6
Swapna,33054543,13
Talukder,33054543,15
Arthur,286852,17
Katey,286852,1
Calvin,286852,3
Fuller,286852,18
Merlin,286852,5
Addy,20985745,3
Maxine,20985745,13
Holly,20985745,3
Doris,20985745,23
Cora,20985745,12
Bambi,20985745,3
Shanti,30864791,4
Krishna,30864791,12
Gopal,30864791,2
Radha,30864791,2
Jackson,1771625,10
Lanchester,1771625,9
Whitman,1771625,12
Bishop,1771625,9
Symington,1771625,15
Carey,1771625,23
Wyler,1986156,6
Katherine,1986156,4
Cash,1986156,17
Tango,1986156,6
Requin,1986156,21
Perret,1986156,3
Sokowski,1986156,6
Schroeder,1986156,9
Gailland,13266250,13
oise,13266250,9
Letessier,13266250,12
Kanjikuzhi,18002803,20
Soman,18002803,7
Tony,18002803,3
Mammooty,18002803,1
Nair,18002803,1
Hari,18002803,18
Mammootty,18002803,6
Nadar,18002803,18
Kariyachan,18002803,14
Murthy,18002803,13
Grant,4939088,21
Aubrey,4939088,5
Fiona,4939088,21
Marian,4939088,2
Conroy,3644204,16
Willis,3644204,22
Marianna,3644204,15
Helen,3644204,2
Tracy,4265347,3
Maybelle,4265347,6
Inez,4265347,16
Flak,4265347,7
Brenda,4265347,16
Wilbur,4265347,24
Larkin,4265347,22
Edna,4265347,17
Link,4265347,12
Collins,4265347,0
Show,4265347,0
Pinky,4265347,7
Turnblad,4265347,16
Velma,4265347,6
Wimsey,4265347,9
doe,10772270,5
Pal,10772270,1
Pokey,10772270,8
Henry,10772270,11
Barbara,10772270,10
Arnie,10772270,6
Strauss,10772270,7
Jasper,10772270,1
Rex,10772270,15
Brownie,1433676,21
Mavis,1433676,2
Lola,1433676,21
Lyle,1433676,2
Rohan,1433676,14
Simon,19877711,21
Jerome,19877711,18
Santoro,26052390,18
Tyler,26052390,24
Federico,26052390,10
Clarke,26052390,11
Mark,26052390,5
Franko,26052390,12
Giorgio,26052390,18
Samuel,26052390,21
Pietro,26052390,5
Andrades,26052390,2
Yashodara,10217126,7
Tiwari,10217126,21
Yashodra,10217126,16
Hasan,10217126,21
Lucy,73380,3
Huan,73380,14
Burrows,73380,22
Linda,12347447,18
Blodgett,8414382,15
Tokyo,8414382,8
Tucker,8414382,6
Gallery,8414382,11
Lynn,8414382,3
Phillip,8414382,21
Bert,8414382,3
Reid,8414382,19
Nicholas,8414382,15
Peters,8414382,6
Parish,8414382,7
Heston,8414382,3
Amanda,8414382,3
Richardson,8414382,1
Hare,24776112,8
Clyde,24776112,8
Rabbit,24776112,0
Samantha,1018874,21
Mia,1018874,4
James,1018874,17
MacKenzie,1018874,13
Katadreuffe,334156,20
Dreverhaven,334156,6
Joba,334156,6
Hubert,177776,16
Claudet,177776,21
Lawrence,177776,21
Boretti,177776,5
Dulac,177776,2
Carlo,177776,2
Young,177776,13
Hamilton,177776,17
Kendra,22830026,6
Taylor,22830026,2
Hilferty,22830026,11
Kyle,22830026,13
Kingson,22830026,14
Victor,22830026,24
Zola,22830026,4
Lindy,22830026,21
Molly,17273758,14
Lo,17273758,18
Madden,17273758,5
Sylva,17273758,5
Benson,34235410,10
Jennifer,11618840,3
Linda,11618840,17
Craig,11618840,17
Hicks,11618840,24
Nobuyuki,3614858,23
Tatsuya,3614858,22
Saeki,3614858,13
Kyoko,3614858,16
Kayako,3614858,23
Yoshimi,3614858,4
Yoshikawa,3614858,16
Iizuka,3614858,18
Manami,3614858,1
Kitada,3614858,5
Kobayashi,3614858,17
Willi,2565462,8
Hitler,2565462,6
Probst,2565462,20
Hans,2565462,23
Mohr,2565462,3
Sophie,2565462,6
Prabha,8077258,20
Ahmed,17604448,6
Aamina,17604448,9
Ayaan,17604448,20
Anand,17604448,3
Kar-Wai,31102286,10
Kumareshan,26773412,23
Malli,26773412,21
Pollachi,26773412,17
Kocherukkan,26773412,3
Radha,3011301,9
Donga,3011301,15
Raja,3011301,6
Chen,10640635,3
Ho,10640635,24
Mao,10640635,9
Tuen,10640635,6
Harry,956994,6
Beth,956994,6
Rowe,956994,0
Pete,956994,3
Frankie,956994,6
Moss,956994,3
Suzy,956994,3
Bonner,956994,0
Belmont,956994,10
Arthur,16791614,17
Blake,16791614,24
Pratt,16791614,9
Davenport,16791614,22
Ben,16791614,3
III,16791614,0
Digges,16791614,12
Green,16791614,16
Spivey,15263355,6
Holm,17550887,15
Elina,17550887,21
Greenleaf,22216002,10
J.T.,22216002,6
Quincy,22216002,7
Thorne,22216002,17
Mark,22216002,4
Macalousso,22216002,6
Hannah,22216002,4
Spino,22216002,21
Wells,22216002,19
Kennan,22216002,3
Goss,22216002,11
Dave,22216002,16
Kendrick,22216002,3
Helen,22216002,23
Selma,22216002,6
Davis,22216002,17
McMahon,22216002,6
Oshiro,31465744,6
Brian,25557070,21
Jennifer,25557070,3
Ralph,25557070,6
Windom,25557070,21
Vidya,23257851,2
Amol,23257851,2
Haarmann,27249473,21
Woodhope,183851,20
Evelyn,183851,6
Boult,183851,6
Eileen,183851,17
Perrin,183851,12
Edward,183851,17
Mayden,183851,9
Larry,183851,6
Simpkin,183851,13
Arnold,183851,20
Foxley,183851,4
Mike,5056637,21
Hank,5056637,7
Elaine,5056637,3
Tina,5056637,3
Gavin,5056637,3
Narayanan,26599859,3
Chik,3315039,24
Paul,1188393,3
Shaughnessy,1188393,9
Farrell,1188393,16
Leah,1188393,4
Volaju,364250,15
Electra,364250,20
Leslie,811849,23
Garofalo,8248274,3
Capello,8248274,15
Nino,8248274,16
Elena,8248274,11
Raja,5945470,3
Madhu,5945470,6
Hazari,5945470,3
Mehra,5945470,6
Prasad,5945470,14
Roberta,20179720,6
Seymour,20179720,3
Becky,20179720,6
Enid,20179720,21
Norman,20179720,10
Rebecca,20179720,19
Tshepo,34983834,22
Cotter,27714851,4
Bobby,18062757,17
Melissa,18062757,3
Jordan,18062757,22
Kayla,18062757,17
Nail,18062757,3
Goldilocks,18062757,15
Nik,18062757,3
Whitefeather,13393215,3
Olivia,13393215,3
Danielson,13393215,3
Goo-Gaa,13393215,6
Evan,13393215,3
Richard,28873034,14
Phelps,28873034,8
Paul,28873034,8
Judson,28873034,13
Anders,28873034,19
Courtney,28873034,24
Emily,28873034,24
Cartwright,28873034,5
Clarissa,28873034,6
Julia,28873034,16
Joyce,28873034,16
Pauline,28873034,14
McSwain,2700693,17
Osborne,2700693,4
Anne,2700693,2
Ben,25277370,0
Annapoorni,14230594,13
Raj,14230594,20
Arjun,14230594,6
Poorni,14230594,14
Gopal,14230594,8
Poonkodi,14230594,2
Guna,14230594,13
Beckett,475977,18
Myers,475977,3
Mike,475977,16
Dexter,475977,21
Lichter,475977,20
Fleming,475977,20
Fisher,475977,24
Amanda,475977,6
Denise,475977,19
Vonnegut,475977,12
McNeely,475977,10
Haruko,1659553,16
Takazawa,1659553,4
Abdul-Jabbar,4616881,8
Ernest,4616881,21
Grant,2209172,6
Pratt,2209172,7
Dean,2209172,3
Korman,2209172,13
Stayton,2209172,9
Andrew,2209172,21
Proffitt,2209172,14
III,2209172,1
Edith,2209172,6
Joanna,2209172,3
Danny,5470975,6
Swadurski,5470975,3
Allen,5470975,9
Nick,5470975,21
Stan,5470975,17
Bowers,5470975,6
Mitch,5470975,3
Vespucci,5470975,3
Lake,5470975,18
Kathy,5470975,2
Alber,5470975,6
Matthews,5470975,17
Raymond,5470975,20
Potter,5470975,4
Grant,13167033,17
Niles,13167033,6
Alaina,13167033,6
Alan,13167033,6
Robbie,13167033,3
Sachariah,13167033,3
Kirk,13167033,3
Sharona,13167033,10
Brian,13167033,3
Collette,13167033,3
Alys,13167033,24
Daisy,17475674,13
Warren,17475674,5
Tentrees,17475674,14
Melinda,17475674,0
Chabot,17475674,16
Quim,22391703,17
Goodyear,22391703,21
Vesuvia,22391703,16
Gabriel,22391703,13
Thomas,22391703,0
Angel,22391703,21
Bead,22391703,15
Stewart,22391703,19
Duncan,22391703,3
Birch,22391703,16
Taylor,26109999,3
Kirbe,26109999,19
Jeremy,26109999,24
Kinston,26109999,10
Alison,26109999,6
Terence,26109999,24
Keath,26109999,3
Reilly,26109999,14
Kilmer,19408575,22
Smithers,19408575,18
Galindo,12594852,1
Araki,7558410,17
Oswald,34353005,3
McKee,12652521,23
Basehart,12652521,9
Curt,12652521,14
Henry,12652521,23
Beige,12652521,9
Laura,12652521,6
Burt,12652521,6
Cora,12652521,2
Brown,12652521,6
Colson,12652521,21
Monaghan,77619,8
Gordon,77619,13
McHugh,77619,12
Parris,77619,6
Mitchell,77619,21
Louise,77619,23
Drake,77619,3
Cassie,77619,23
Elise,77619,8
Tower,77619,13
Nicolas,14938510,3
Ren,14938510,23
Patrick,14938510,11
Hodkann,14938510,6
Renault,17826058,11
Overman,17826058,8
Kolychev,28991622,6
Malgesto,26845296,19
Eufemia,26845296,3
Cruz,26845296,0
Janet,22771725,16
Leubner,22771725,17
Gregory,22771725,15
Mathilda,22771725,6
Bart,22771725,3
Joey,22771725,19
Bollen,6288902,13
Dharam,7584796,15
Radha,7584796,23
Jeet,7584796,14
Rainwood,2120933,6
Scalise,2120933,7
Parnell,2120933,17
Fitzgerald,2120933,11
Virgil,2120933,13
Kate,2120933,6
Jimmie,2120933,3
Cane,2120933,17
Scaliese,2120933,20
Malcolm,2120933,12
Nelson,18664245,2
Jing,431014,18
Amos,431014,9
Will,431014,21
Templeton,431014,0
Don,431014,17
Bloom,431014,6
Ping,431014,18
Calloway,431014,9
Jenny,431014,3
Sandra,431014,6
Edward,431014,6
Winslow,431014,23
Fulton,22775734,3
Wesley,22775734,10
Nephilim,22775734,24
Yoshi,22775734,6
Nickels,22775734,3
Duncan,22775734,22
Cardell,22775734,3
Hicks,22775734,17
Doc,22775734,3
Cennet,26524427,5
Cyril,11585638,14
Pennington,11585638,17
Saxena,26258039,24
Khan,26258039,12
Nisha,26258039,1
Rajeshwari,26258039,21
Yuvraj,26258039,14
Bishop,3158499,3
Raheem,3158499,12
Quiles,3158499,1
Steel,3158499,3
Cairn,18097760,15
Pecket,18097760,21
March,18097760,1
Jeff,18097760,24
Sara,18097760,13
Kunal,26332322,16
Tolstoy,11501271,8
Karenina,11501271,21
Levin,11501271,8
Karenin,11501271,6
Vronsky,11501271,21
Murdock,8002440,18
Matt,8002440,3
Fisk,8002440,4
David,8002440,14
Brihaspati,31529757,15
Sasank,31529757,12
Tara,31529757,24
Rao,31529757,0
William,19087098,6
Lucie,19087098,6
Burbage,19087098,3
Jonson,19087098,1
Hall,19087098,6
Countess,19087098,1
Hamnet,19087098,1
Sidney,19087098,13
Wilkins,19087098,0
Anne,19087098,0
Herbert,19087098,3
Baterman,5018573,9
Zelda,5018573,4
Rachel,5018573,6
Crandall,5018573,2
Louis,5018573,3
Pascow,5018573,24
Gage,5018573,17
Creed,5018573,17
Bill,5018573,17
Ellie,5018573,13
Levar,2617126,15
Marcus,2617126,3
Caesar,2617126,23
Bama,2617126,10
Burke,308430,1
Mitchell,308430,15
Drake,308430,18
Rosado,308430,6
Furlong,308430,7
Profitt,308430,1
Tyler,308430,10
Hutchinson,308430,22
Zeke,308430,17
Stokes,308430,4
Delilah,308430,3
Marybeth,308430,5
Bowman,3779120,10
Goldfine,3779120,9
Lil,3779120,10
onore,32744379,9
Carlito,32744379,9
Segonzac,32744379,19
Sandya,7832996,21
Aruna,7832996,3
Pratap,7832996,3
Hawk,8118416,20
Mathias,10662403,15
II,10662403,18
Rudolph,10662403,17
Strada,10662403,16
Rachel,10662403,14
Trignac,10662403,4
Friedrich,10662403,17
Jacob,10662403,23
Vinnie,2272726,8
Angie,2272726,21
Noel,2272726,10
Yoon-ki,19422338,8
Tony,29220422,17
Carter,29220422,15
Joe,29220422,4
Jean,29220422,2
Alec,165330,3
Alexander,165330,21
Dailey,165330,6
Snoe,165330,10
Ramsay,165330,3
Drake,165330,11
Chandu,34694046,23
Radha,34694046,19
Kishan,34694046,21
Katie,31092862,21
Tony,31092862,21
Patricia,31092862,3
Rosie,31092862,2
Pastor,31092862,20
Miklos,31092862,8
Moore,31092862,21
Barton,31092862,21
O'Grady,31092862,21
Naish,2995378,17
Collings,3970995,17
Harris,3970995,6
Griffen,3970995,6
Hannah,3970995,23
Polly,3654841,13
Orville,3654841,7
Dino,3654841,21
Zelda,3654841,6
Spooner,3654841,21
Mithun,33406568,5
Puri,33406568,0
Khan,33406568,9
Kapoor,33406568,0
Chakraborty,33406568,5
Babbar,33406568,5
Fenster,10396412,23
Jordan,10396412,17
Armstrong,10396412,19
Miles,10396412,18
Khamlao,9912115,2
Christopher,23927080,24
Byrd,23927080,9
Teener,23927080,9
Clara,23927080,3
Jones,23927080,0
Jenny,23927080,3
Joe,23927080,3
Rickle,23927080,10
Kiril,30864723,2
Zamira,30864723,3
Nick,30864723,8
Aleksandar,30864723,21
Anne,30864723,23
Kirkov,30864723,0
Valmiki,28795408,9
Sergio,29636403,1
Laura,29636403,24
Lester,29636403,10
Fred,29636403,3
Crystal,29636403,10
Steve,29636403,18
Daphne,29636403,14
Dottie,29636403,9
Scooby,29636403,2
Max,29636403,24
Velma,29636403,3
Cooper,32895091,15
Pike,32895091,20
Maxwell,32895091,22
Sylvia,32895091,13
Edna,32895091,8
Bryce,32895091,17
Philip,32895091,3
Fawcett,24162487,0
Darwin,24162487,5
Sr.,24162487,9
Jr.,24162487,24
Manasu,18738928,6
Akka,18738928,3
Devi,18738928,9
Didi,18738928,12
Renu,18738928,6
Chanchu,18738928,3
Akash,18738928,13
Chanchala,18738928,5
Tom,11341245,23
Jerry,11341245,3
Gwendolyn,11243510,24
Novick,28403410,22
Mustar,9186353,13
Sudin,9186353,21
Ramli,9186353,21
Nisfu,9186353,13
Cutler,9129701,15
Douglas,3863892,1
Nina,3863892,6
Fitch,3863892,10
Coles-Janess,3545693,9
Kouna,3545693,14
Ona,3545693,5
Flyn,240357,21
Joey,240357,21
Renata,240357,21
Arthur,240357,1
Master,29378763,1
Mazi,29378763,17
Tang,29378763,12
Bangde,29378763,12
Zhang,29378763,6
Huang,29378763,16
Wu,29378763,17
Ma,29378763,6
Nevins,156613,6
Judy,156613,23
Morgan,156613,14
Chris,156613,6
Dora,14074305,12
Jakubisko,4440206,12
Taylor,1203340,8
Jason,1203340,6
Alexis,1203340,2
Bennett,1203340,17
Jenny,1203340,3
Ryan,1203340,3
Kumar,26006081,19
Jagaru,26006081,24
Bolly,26006081,1
Aditya,26006081,3
Castell,14144177,15
Drake,14144177,7
Walsh,14144177,19
Kingsley,65834,1
Schindler,65834,3
H,65834,10
Stern,65834,16
Neeson,65834,7
Goeth,65834,17
Derek,10570436,21
Cheryl,10570436,12
Allison,10570436,12
Prabhu,16166862,2
Eashwari,16166862,14
Miller,3024248,17
Elizabeth,3024248,17
Crowley,3024248,13
Bathory,3024248,5
Loomis,3024248,3
Phineas,3024248,3
Abigail,3024248,6
Malkus,3024248,1
Thibodeaux,3024248,17
bush,3024248,11
King,3024248,17
Emma,3024248,8
Swink,3024248,23
Hutch,3024248,3
Pavithra,34167034,14
Phadnis,34167034,3
Manu,34167034,14
Ganesh,34167034,3
Holmes,25162403,4
Moriarty,25162403,12
Watson,25162403,13
Annette,29198845,6
Manning,29198845,23
Logan,29198845,11
Broyer,1961084,6
Tyler,1961084,12
Graham,1961084,6
Marcus,1961084,23
Eloise,1961084,21
Lewis,1961084,15
Angela,1961084,6
Gerard,1961084,3
Strang,1961084,8
Nelson,1961084,6
Clay,3640544,13
Walter,3640544,24
Shepherd,3640544,4
Harville,3640544,4
Charles,3640544,20
Smith,3640544,12
Russell,3640544,12
Henrietta,3640544,24
Elizabeth,3640544,23
Hall,3640544,17
Mary,3640544,8
Benwick,3640544,4
Louisa,3640544,23
Wentworth,3640544,3
Croft,3640544,12
Anne,3640544,21
Hammond,3640544,12
Elliot,3640544,7
Gordon,4908352,13
Rheya,4908352,3
Kelvin,4908352,1
Gibarian,4908352,13
Chris,4908352,3
Solaris,4908352,3
Jules,3671100,22
Jean,3671100,16
Juliette,3671100,3
Holloway,4450552,23
Henderson,4450552,11
Kiles,29581839,10
Teuy,29581839,8
Plok,29581839,14
Chandy,26074963,8
Alice,26074963,2
Kutty,26074963,0
Ittichen,26074963,21
Leopardi,10281421,9
Visconti,10281421,21
Craig,10281421,8
Nannuzzi,10281421,9
Sydow,1411283,18
Karin,1411283,21
Odin,1411283,1
Ingeri,1411283,4
Valberg,1411283,12
Chauvel,5483303,3
Potrero,36454836,9
Kuthbert,36454836,14
Sinclair,36454836,12
Rivers,36454836,22
Bateman,4121036,14
Evans,4121036,17
Syd,4121036,3
Rebecca,4121036,2
Corliss,20968423,7
Rena,20968423,21
Walden,20968423,15
Fowler,20968423,11
Wilma,12211624,7
Stoney,12211624,3
Fred,12211624,6
Roxy,12211624,8
Flintstone,12211624,3
Clements,24929382,24
Lee,24929382,3
Corrie,24929382,24
Robyn,24929382,5
Kevin,24929382,1
Chris,24929382,0
Ellie,24929382,3
Amy,1123132,4
Charley,1123132,3
Billy,1123132,24
Peter,1123132,4
Jerry,1123132,3
Peterson,1123132,9
Vincent,1123132,3
Brewster,1123132,16
Dandridge,1123132,17
Charlie,1123132,23
Stark,1123132,17
Thompson,1123132,18
Daniel,9549959,14
Geoff,13070759,17
Ron,13070759,13
Ian,13070759,1
Mandy,13070759,6
Colin,13070759,3
Sandra,13070759,6
Rusby,13070759,11
Bristow,13070759,17
Sonja,13070759,18
Hamilton,10589504,4
Garcia,8267640,9
King,8267640,17
Simpson,14625185,2
Spedding,14625185,24
Eddie,14625185,3
Billy,14625185,14
Taylor,2650227,15
Killicks,2650227,6
Pheoby,2650227,6
Hurston,2650227,13
Starks,2650227,3
Crawford,2650227,8
Taller,2650227,23
Phoeby,2650227,6
Janie,2650227,3
Joe,2650227,16
Watson,2650227,9
Hicks,2650227,3
Arden,8620409,6
Melora,8620409,23
Krista,8620409,3
Rudy,8620409,13
Kutcher,8620409,5
Carl,8620409,3
Jenny,8620409,7
Tarlow,8620409,11
Ruth,8620409,3
Leah,8620409,13
Tommy,8620409,10
Rosetta,8620409,3
Haron,35013001,20
Klynn,20492610,22
Forsyth,1151726,0
Hector,1151726,21
Williams,1151726,1
Kumar,11864625,21
Raju,11864625,6
Swathi,11864625,3
Satyanandam,11864625,21
Anand,11864625,13
Doyle,15025581,3
Ryan,15025581,13
Brooks,910742,6
Jeannette,910742,2
Yeager,910742,9
Cunningham,16957895,5
Lacey,16957895,21
Brodie,16957895,14
Perry,16957895,3
Batista,16957895,12
Cox,16957895,10
Dutra,25248084,3
Beth,25248084,13
Loren,25248084,6
Mark,25248084,10
Abby,25248084,3
Jones,25248084,24
Fay,25248084,12
Charlie,25248084,22
Karen,25248084,11
Bob,25248084,17
McWilliams,25248084,15
Squeezit,496401,23
Satan,496401,6
Hercules,496401,12
Ren,496401,12
Jones,496401,24
Fausto,496401,3
Boingo,496401,14
Henderson,496401,5
Gramps,496401,17
Frenchy,496401,4
King,496401,5
Rod,496401,6
Paul,22226172,6
Renard,22226172,9
Elsa,22226172,1
Holderlin,22226172,13
Harris,18153153,14
Beering,18153153,9
Diana,18153153,21
Stoltenberg,29345692,19
Mikami,27641538,22
Etsuko,27641538,19
Yin,7885364,24
Erica,12000999,17
Mercer,12000999,11
David,12000999,3
Bain,12000999,9
Mithun,29541576,16
Rajkumar,29541576,5
Khan,29541576,15
Kohli,29541576,6
Todd,15062229,22
Carlyle,15062229,4
Mannheim,15062229,5
Charlie,15062229,17
Lovett,15062229,15
Alice,15062229,10
Janardan,32051337,6
Sam,1745413,10
Bucky,1745413,16
Ditka,1745413,21
Weston,1745413,6
Buck,1745413,21
Paul,3099586,11
Jane,3099586,15
Sam,3099586,18
Lovejoy,3099586,15
Lindner,3099586,11
Weber,3099586,6
O'Hara,3099586,3
Hazel,3099586,15
Thatcher,3099586,15
Jiya,5374593,21
Madhwani,5374593,8
Uncle,5374593,2
Connie,6057810,4
Craven,6057810,1
Gilbert,6057810,0
Mitchell,6057810,0
Lee,6057810,8
Shelby,6057810,20
McKee,6057810,16
Tramell,481649,16
Nick,481649,3
Vasquez,481649,24
Gus,481649,16
Dobkins,481649,18
Garner,481649,1
Moran,481649,12
Catherine,481649,3
Hoberman,481649,2
Goldstein,481649,18
Beth,481649,3
Curran,481649,11
Nilsen,481649,16
Sims,9322577,4
Monro,9322577,11
Nell,9322577,21
Bowen,9322577,22
Karloff,9322577,5
Mortimer,9322577,2
Wilks,9322577,11
Miller,24999842,19
Schultz,24999842,24
Dorfer,24999842,4
Beck,24999842,21
Bleicher,24999842,15
Grauber,24999842,22
Saxena,29266340,14
Jhonny,29266340,17
Nair,29266340,0
Monisha,29266340,3
Kareem,29266340,8
Krishnan,29266340,8
Mohanlal,29266340,21
Soman,29266340,3
don,29266340,18
Devi,2443868,21
Puri,2443868,6
Dushyant,2443868,23
Aman,2443868,14
Singh,2443868,19
Esha,2443868,21
Aai,4736692,3
Shyam,4736692,23
Turner,4902239,14
Robbie,4902239,6
Marshall,4902239,15
Tallis,4902239,23
Lola,4902239,8
Briony,4902239,6
Cecilia,4902239,6
Elvira,5878592,11
Giovanni,5878592,24
Leporello,5878592,11
Anna,5878592,11
Ottavio,5878592,24
Bill,443718,20
Abby,443718,3
Linda,443718,23
Maranchara,23141260,17
Satyanath,23141260,6
Menon,23141260,6
Anuradha,23141260,18
Chacko,23141260,5
Tony,36420900,20
Surja,36420900,3
Mohan,36420900,18
Indrajit,36420900,9
Devdas,4259578,7
Mukherjee,4259578,21
Chandramukhi,4259578,21
Bhuvan,4259578,15
Paro,4259578,21
Gretel,5128564,4
Hertzstein,29415555,9
Leiser,29415555,16
Bronwen,19983169,23
Deans,19983169,17
Allen,19983169,8
Edwards,19983169,9
Martin,19983169,18
Llewellyn,19983169,9
Sanderson,19983169,5
Morgan,19983169,21
Hugh,19136103,23
Lili,19136103,16
Erich,19136103,17
Martin,19136103,6
Christa,19136103,8
Bruckner,19136103,7
Moltke,19136103,17
Carla,19136103,3
Hoffman,19136103,6
Sophie,19136103,12
Diggs,6392129,21
Hargrove,6392129,22
Torres,6392129,10
Fitz,6392129,3
Mangrum,6392129,24
Graham,6392129,3
Busby,6392129,6
Hagan,6392129,19
Holland,6392129,0
Hawkins,6392129,16
Caine,6392129,3
Gillon,6392129,3
Slim,6392129,15
Diggstown,6392129,16
Palmer,6392129,3
Lester,6392129,9
Hambone,6392129,17
Clarence,1855828,23
Bob,1855828,17
Gary,1855828,8
Black,1855828,5
Hubie,7302414,20
Bertie,7302414,23
Claude,7302414,3
Chaplin,724551,18
Paul,724551,23
Louis,724551,3
Maud,724551,18
Viens,724551,12
Jeanne,724551,21
Ulrich,33569921,12
Albach-Retty,33569921,24
Fritz,33569921,1
Katinka,33569921,14
Pai,25639403,4
Deu,25639403,21
Sanim,25639403,11
Ma,25639403,20
Hein,1276943,4
Grombak,1276943,12
Gretchen,1276943,3
Paula,1276943,3
Henning,1276943,12
Grombek,1276943,13
Travis,28880973,17
Dylan,4496097,19
Mullin,4496097,10
Elizabeth,4496097,12
Clair,4496097,7
Marc,4496097,11
Gloop,174560,15
Jopeck,174560,6
Slugworth,174560,10
Beauregarde,174560,11
Wilkinson,174560,10
Bucket,174560,18
Charlie,174560,6
Wonka,174560,3
Joe,174560,6
Teavee,174560,7
Bill,174560,3
Paul,492056,18
Gabe,492056,17
Eckhart,492056,19
Jezzie,492056,10
Sarah,492056,2
Newman,492056,10
Singer,492056,3
Louis,492056,17
Jacob,492056,4
Rosemary,164517,16
Pringle,164517,1
Buzzy,164517,3
Shaun,438417,3
Ashley,438417,6
Durkett,438417,20
Faulkner,438417,20
Tanya,438417,12
father,438417,12
Brumder,438417,7
Bud,438417,21
Lance,438417,20
Cobb,438417,22
Lonny,438417,17
Joyce,438417,21
Skinner,438417,6
Sakaguchi,5138762,9
Klein,5138762,6
Jubeh,5138762,3
Matsui,5138762,20
Seido,5138762,13
Bancho,5138762,3
Gilligan,12975952,15
Anjali,19998520,12
Chan,27263856,20
Harry,12979271,15
Max,12979271,15
Johnny,10034470,20
Fernando,10034470,22
Willie,10034470,16
Tom,9416060,23
Jerry,9416060,0
Avinash,15183799,11
Singh,15183799,10
Marthe,18555807,3
Jacques,18555807,3
Dinu,9976763,6
Shyamlal,9976763,17
Bholaram,9976763,3
Chander,9976763,7
Mohan,9976763,3
Karuna,9976763,21
Rajiv,9976763,19
Champa,9976763,3
Lal,9976763,3
Maa,9976763,6
Thomas,34314803,3
Jesse,34314803,16
McCormick,34314803,20
Jr.,34314803,9
Jackson,1055569,10
Taylor,1055569,1
Allen,1055569,23
Tonkinson,1055569,0
Cope,1055569,1
Neal,1055569,1
Bassett,1055569,6
Mike,1055569,24
Wackett,1055569,8
Smalls,1055569,16
Bashir,1055569,21
Harper,1055569,9
Urquart,1055569,6
Tim,6760614,5
Sam,6760614,5
Finley,6760614,10
Tucker,6760614,5
Devers,6760614,14
Nona,6760614,2
Harmie,6760614,13
Rai,11255321,7
Mohan,11255321,21
Mette,24678360,21
Pablo,7893719,15
Sadie,12824962,5
Martin,12824962,9
Rincon,12824962,9
Bob,12824962,13
Helen,12824962,17
Thorne,12824962,8
Gohan,1315063,12
Saiyan,1315063,17
Star,1315063,12
Yajirobe,1315063,17
Roshi,1315063,4
Krillin,1315063,12
Goku,1315063,4
Piccolo,1315063,14
Namek,1315063,8
Vegeta,1315063,4
Lennie,74902,11
Joey,74902,3
Norton,74902,9
Osborn,2319006,17
Flem,2319006,16
Patricia,2319006,17
Dowell,2319006,1
Knox,2319006,23
Porker,2319006,2
Coste,20869369,3
Pierre,20869369,6
Guiot,20869369,6
Colinet,20869369,6
Olivier,20869369,6
Freddy,20869369,2
Alain,20869369,3
Roux,20869369,3
Costes,20869369,6
Claire,20869369,6
Pascal,20869369,3
Rivet,20869369,8
Jacquillat,20869369,6
Manise,20869369,3
Jeanne,20869369,6
Balakirev,18823741,21
Sheena,18661279,12
Chantu,18661279,16
Bantu,18661279,6
Malhotra,18661279,10
Jack,5346664,3
Manuel,5346664,3
Ryan,5346664,23
Jennifer,5346664,3
Suneo,18612895,3
Shizuka,18612895,3
Gian,18612895,3
Nobita,18612895,21
Ileana,2857073,3
Beth,2857073,9
Camryn,2857073,3
Aron,2857073,9
Miranda,2857073,19
Karsh,2857073,23
Alex,2857073,6
Thomas,1756687,13
Charles,1756687,21
Arpin,1756687,20
Yuzhen,18387449,22
Qinglan,18387449,14
Wei,18387449,14
Qun,18387449,14
Yao,18387449,8
Feng,18387449,2
Tebah,26178888,2
Orpah,26178888,20
Elimelech,26178888,22
Mahlon,26178888,23
Naomi,26178888,20
Ruth,26178888,15
Hauptmann,30201005,22
Lamour,30201005,15
Caminetti,30201005,20
Tolson,30201005,14
Rogers,30201005,21
Nixon,30201005,6
Dillinger,30201005,0
Goldman,30201005,8
Jr.,30201005,8
Hoover,30201005,21
Palmer,30201005,21
Stone,30201005,20
Gandy,30201005,6
Kent,18463637,24
Holmes,2175456,17
Doyle,2175456,16
Ripper,2175456,23
Jack,2175456,14
Richard,21984149,10
McIntire,21984149,8
McIntyre,21984149,17
Koekemoer,24915636,0
Katrien,24915636,2
Werner,24915636,0
Reich,25725655,1
Wright,25725655,1
Hugh,21029252,20
Underwood,21029252,12
Cindi,21029252,6
Rick,21029252,15
Hefner,21029252,2
Phil,21029252,0
Tucker,21029252,3
Whitehall,21029252,11
Eugene,21029252,3
Robinson,21029252,11
Candace,21029252,23
Pikul,296252,3
Merle,296252,17
Carlaw,296252,17
Vinokur,296252,24
Nader,296252,17
Geller,296252,22
Nourish,296252,22
Allegra,296252,17
Dichter,296252,10
Iruvikutti,12103218,7
Appukuttan,12103218,14
Nair,12103218,6
Chandra,12103218,24
Lekha,12103218,8
Sreenivasan,12103218,12
Selvi,10791769,21
Balaji,10791769,6
Prasath,10791769,14
Peters,27664841,19
Jennifer,27664841,3
Cynthia,74912,14
Polly,74912,6
Beezy,74912,13
Betsy,74912,21
Emily,74912,17
Jr,74912,20
Booth-only,74912,10
Booth,74912,10
Benedict,74912,0
Andy,74912,6
Hardy,74912,21
Tsukio,11178166,3
Poppo,11178166,6
Perkins,27265721,8
Kelly,27265721,7
Bennett,27265721,15
Winthrop-Scott,27265721,9
Theo,27265721,14
Cordelia,27265721,13
Riley,27265721,17
Grace,27265721,9
Owen,27265721,21
Marchand,27265721,24
Emma,27265721,21
Meg,27265721,21
Alicia,27265721,13
Jackson,35937785,14
Dabao,35937785,5
Xiaoshuai,35937785,5
Chacha,22816824,4
Mitsuhide,22816824,20
Hideyoshi,22816824,17
Hanz,22816824,10
Hanzo,22816824,22
Nobunaga,22816824,17
Goemon,22816824,1
Saiz,22816824,17
Koheita,22816824,5
Mitsunari,22816824,6
Saizo,22816824,17
Oda,22816824,1
Sasuke,22816824,16
Shoucheng,27361263,21
Dawei,27361263,14
Weigang,27361263,21
Zhenfa,27361263,8
Gimplewart,5463760,16
Amy,781758,21
Demi,781758,1
Jo,781758,21
Beth,781758,13
Laurence,781758,7
Neville,781758,20
Brooke,781758,1
Laurie,781758,13
Bhaer,781758,17
Meg,781758,2
Sambath,28167488,13
Nixon,28167488,7
Chea,28167488,18
Khoun,28167488,2
Enlai,28167488,22
Briggs,2018960,3
Fitzgerald,2018960,13
Magruder,2018960,16
Wright,1394661,0
Hart,1394661,17
Sherrit,1394661,19
Hare,1394661,13
Kelly,1394661,17
Kate,1394661,2
Joe,1394661,12
Dan,1394661,4
bush,1394661,3
Fitzpatrick,1394661,6
Marion,2417064,3
Bella,2417064,17
Jack,2417064,3
Manfred,2417064,12
Polly,4037368,4
McLean,4037368,18
B,4037368,3
B.,4037368,7
Bruce,4037368,21
Brown,4037368,3
Billy,4037368,4
Claire,1425905,6
Yashpal,10938786,13
Pooja,10938786,4
Arjun,10938786,21
Nisha,10938786,6
Nanda,10938786,7
Vijay,10938786,16
Narasimhudu,6117126,4
Wakahara,21482017,2
Taishaku,21482017,8
Murai,21482017,10
Shimura,21482017,21
Emiko,21482017,6
Marlon,3229724,13
Patris,3229724,21
Diana,3229724,3
Dunan,3229724,17
Teo,3229724,20
Sho,3229724,6
Norman,3229724,11
Kyle,3229724,21
Baasen,3229724,17
Doria,3229724,4
Yajil,3229724,17
Randis,3229724,17
Hanna,3229724,5
Ulsra,3229724,24
Yoshikawa,6159275,13
Kobayashi,6159275,3
Manami,6159275,2
Takeo,6159275,17
Toshio,6159275,3
Saeki,6159275,13
Kyoko,6159275,21
Mizuho,6159275,6
Noriko,6159275,6
Yuki,6159275,2
Murakamis,6159275,23
Kanna,6159275,3
Hisayo,6159275,8
Kayako,6159275,4
Yoshimi,6159275,23
Tatsuya,6159275,6
Tamura,6159275,24
Tsuyoshi,6159275,2
Hanazawa,147810,14
Todou,147810,22
Domyouji,147810,23
Mimasaka,147810,9
Tsukushi,147810,16
Sojirou,147810,13
Makino,147810,13
Tom,2839369,6
Cindy,2839369,17
Howard,2839369,3
Gloria,2839369,3
Ricky,2839369,6
Glenda,2839369,11
Lisa,2839369,3
Alex,2839369,3
Mikey,5107366,17
Jesse,5107366,16
Jeannette,16007032,23
Marius,16007032,24
Jijau,34394978,17
Shivaji,34394978,7
Jijabai,34394978,12
Gresham,265508,19
Lewis,265508,24
Joy,265508,13
Dong,2963323,24
Sakatsuka,2963323,6
Hanchen,2963323,12
Dasan,2963323,12
Hanaya,2963323,18
Liu,2963323,9
Ma,2963323,23
Wu,2963323,9
Kachim,24663528,12
Robbie,24663528,17
Barbara,24663528,11
Slansky,24663528,6
Alton,24663528,21
Esposito,24663528,21
Trey,24663528,17
McCoy,24663528,18
Boyd,24663528,17
Levinson,24663528,18
Chris,24663528,3
Harry,673682,8
Krusemark,673682,9
Winesap,673682,13
Margaret,673682,6
Favorite,673682,13
Higgins,673682,14
Toots,673682,17
HAROLD,673682,7
Angel,673682,6
Cyphre,673682,6
Proudfoot,673682,9
Fowler,673682,17
Allin,3629098,11
Zevon,3629098,20
Rivera,3629098,15
Kang,9460450,6
Jo,9460450,21
Ari,9460450,6
O'Connor,24285379,2
Kathleen,24285379,21
O'More,24285379,7
Halliday,19035964,15
Jones,19035964,9
Mickey,8075640,3
Donald,8075640,3
Kumar,34290726,4
Parvathi,34290726,23
Darmaraj,34290726,10
Veerapandian,34290726,13
Balu,34290726,5
Janaki,34290726,6
Hill,3757107,2
Chennault,3757107,23
Jr.,3757107,16
Englund,6819522,9
Anderson,6819522,24
James,6819522,1
Slate,2969247,20
Mitchell,2969247,9
Beam,2969247,8
White,2969247,4
Yusef,2969247,17
Lynd,2969247,15
Greene,2969247,4
Leiter,2969247,4
Kabira,2969247,16
Medrano,2969247,17
Montes,2969247,2
Haines,2969247,12
Bond,2969247,17
Mathis,2969247,17
Camille,2969247,4
Beaver,23979665,19
Tumnus,23979665,7
Lucy,12190326,10
Rose,12190326,3
Nolan,12190326,3
Alan,16842403,21
MacNally,16842403,21
Wanda,16842403,21
Holland,16842403,15
David,16842403,23
Lahala,23758269,16
Mammootty,23758269,11
Antonelli,25222645,0
Carlo,25222645,3
Badong,13269065,21
Eric,13269065,11
Wesley,13269065,6
Anna,13269065,19
Lia,13269065,6
Kiko,13269065,6
Kikay,13269065,3
Tosh,15223883,6
Johnson,36190244,9
Mac,36190244,18
Overstreet,36190244,18
Manuela,15130405,23
Miguel,15130405,4
Angela,15130405,3
Tom,2221389,3
Jerry,2221389,3
Spike,2221389,4
Shakeela,31598506,12
Naila,31598506,8
Reshma,31598506,3
Suryakanth,31598506,16
Ganesh,31598506,23
Abraham,31598506,13
Galt,872441,4
Berry,872441,1
Trautman,872441,13
Rambo,872441,17
Teasle,872441,6
Kumar,30712363,18
Johnny,30712363,7
Arjun,30712363,24
Neelkanth,30712363,18
Vinay,30712363,14
Jukaso,30712363,6
Singh,30712363,18
Frost,2171715,3
Charlie,2171715,3
Gabby,2171715,2
Mac,2171715,3
Jack,2171715,16
Buck,2171715,4
Talman,74028,20
Pooja,3900596,3
Anita,3900596,21
Viren,3900596,23
Sidhharth,3900596,2
Kapoor,3900596,3
Jaa,3900596,21
Vire,17956798,12
Caberra,17956798,10
Patrick,17956798,2
Wadd,17956798,7
Carrion,17956798,4
Nirbhay,27434903,5
Preeti,27434903,2
Vijay,27434903,21
Gulla,27434903,15
Brian,3517536,24
Ray,3517536,13
Holly,3517536,19
Fenerman,3517536,24
Connors,3517536,23
Abigail,3517536,3
Lindsey,3517536,23
Ruth,3517536,8
Singh,3517536,3
Salmon,3517536,8
Jack,3517536,3
Susie,3517536,3
Lynn,3517536,21
Clarissa,3517536,12
Harvey,3517536,3
Quinn,5787604,16
Horn,5787604,10
Rogor,5787604,9
Weezil,5787604,19
Armstrong,5787604,6
Shorty,5787604,4
Fang,5787604,10
Sylvester,19880579,23
Carmella,19880579,13
Manuelito,19880579,4
Gonzales,19880579,23
Krishna,26759151,8
Duvall,2798805,8
Altman,2798805,20
Hart,2798805,24
Rule,2798805,4
Spacek,2798805,11
Lammoreaux,2798805,5
Fauntleroy,21135479,15
Errol,21135479,9
Hubert,13162391,18
Berry,8994566,21
Ramsey,2019849,23
SuperEula,2019849,19
Napier,2019849,22
SuperHaji,2019849,20
Miller,14965069,6
Flynn,14965069,6
Adams,14965069,11
James,14965069,3
Aloysius,14965069,6
Saroja,26408859,2
Baswa,26408859,16
Puttachari,26408859,7
Tantrik,26408859,24
Shashtri,26408859,7
Sam,14736972,17
MacDonald,14736972,16
Moe,14736972,17
Larry,14736972,17
Mallard,14736972,13
Tyler,6704917,7
Daniels,6704917,0
Shauna,6704917,10
Karin,6704917,12
Tammy,6704917,6
Izzy,6704917,3
Rodney,6704917,3
Yolanda,6704917,16
Jokes,6704917,13
Keisha,6704917,10
Mary,6704917,3
Kenneth,6704917,15
Fryatt,32880550,4
Holmes,2379908,12
Sam,2379908,14
Stanton,2379908,8
Jerry,2379908,21
Richie,2379908,22
Denise,2379908,3
Emma,2379908,21
Anjali,19908244,18
Madhu,19908244,21
Milosh,24760349,2
Claire,24760349,21
Pablo,24760349,14
Annie,24760349,13
Abhay,31129842,14
Ramesh,31129842,22
Tilak,31129842,6
Shalmili,31129842,19
Mandook,31129842,22
Visarjan,31129842,24
Chaturthi,31129842,0
Karunakaran,23487599,6
karunakaran,23487599,22
Saravanan,23487599,24
Pandi,23487599,6
Chandran,23487599,6
Maariyappan,23487599,12
Mugford,16764074,0
DeLuca,16764074,15
Hunter,16764074,7
Bob,16764074,5
James,16764074,21
Brien,16764074,3
Cassivi,16764074,9
Danny,2376432,3
Amery,2376432,1
Freya,2376432,2
Trevor,2376432,4
Sara,2376432,7
Yates,14076924,10
Dorothy,14076924,24
Debbie,14076924,23
Jackie,14076924,3
Halliday,10274845,11
Ibbetson,10274845,4
Mary,10274845,13
Mimsey,10274845,11
Ames,242542,0
Hamlin,242542,24
Harris,242542,15
Liz,242542,13
Abhart,242542,6
Mike,242542,8
Brad,242542,3
Larry,242542,10
Hiroshi,242542,10
Scottie,242542,13
Carol,242542,6
Jacobs,15329247,20
Jessica,15329247,3
God,15329247,6
Naomi,15329247,24
Isaac,15329247,6
King,15329247,7
Jessie,15329247,20
Creek,15329247,23
Wesley,24052462,1
Jim,24052462,14
Bandara,30841627,4
Wannihami,30841627,7
don,21405011,17
Bhai,21405011,17
Baker,2572072,17
Bill,2572072,17
Thorkel,2572072,3
Pedro,2572072,17
Mary,2572072,23
Robinson,2572072,13
Bullfinch,2572072,16
Stockton,2572072,0
Rey,8355088,23
Shapiro,14054434,7
Erickson,14054434,8
Jeannie,24626370,23
Lange,24626370,2
Mangeres,24626370,3
Amber,24626370,3
Tabitha,24626370,6
Thayer,24626370,3
Bala,206845,21
Mandible,206845,6
Z.,206845,4
Cutter,206845,17
Barbatus,206845,10
Weaver,206845,24
Muffy,206845,18
Maan,26112364,17
Reshma,26112364,19
Sukhmani,26112364,13
Singh,26112364,9
Harper,22939533,24
LaRue,22939533,12
Colton,22939533,24
Katie,31232673,19
Elizabeth,31232673,7
Jerry,31232673,2
Chapman,31232673,1
Louise,31232673,12
Luigi,31232673,1
Mike,31232673,13
Marie,31232673,5
Sethulakshmi,26114902,23
Murali,26114902,1
Ciccio,11482407,3
Sara,11482407,9
Montagne,16511975,24
Cagliostro,16511975,8
Balsamo,16511975,4
Dumas,16511975,22
Lorenza,16511975,23
Antoinette,16511975,5
Gilbert,16511975,24
Mesmer,16511975,13
Bobby,20186742,23
Kate,20186742,21
Shetty,29784104,12
D.K.,29784104,14
Tarzan,29784104,4
Verma,29784104,21
Ruby,29784104,21
John,18467597,0
Tristen,1189552,21
Parr,1189552,9
Erica,1189552,3
Stephen,1189552,3
Jeff,1189552,3
Kim,1189552,20
Maggie,4451440,6
Ashley,4451440,3
Ryan,4451440,14
win,4451440,6
Chris,4451440,19
Johnson,27639550,6
Koch,6149419,17
Snow,6149419,11
Abby,6149419,3
Goode,6149419,13
Ethan,6149419,4
David,6149419,15
Raymond,6149419,6
Juan,33162443,5
Lucie,61519,2
Defarge,61519,0
Manette,61519,13
Darnay,61519,6
Woods,61519,4
Barsad,61519,20
Pross,61519,3
Evremonde,61519,24
Lane,16071798,22
Sellers,16071798,9
Carlito,15079086,18
Zuzu,15079086,24
Catiti,15079086,0
Glasscock,723288,17
God,723288,2
Newton,723288,13
Willis,723288,3
Bodo,77674,19
Farrelly,77674,9
Joshua,77674,1
Freidech,77674,4
Muller,77674,4
Babette,77674,19
Sara,77674,6
Joan,22372556,3
Loring,22372556,13
Woods,22372556,8
David,22372556,17
Jason,28103641,15
Medea,28103641,21
Creon,28103641,21
Aegeus,28103641,12
Solange,9221129,3
Carlos,9221129,14
Gresham,9594023,22
Maggie,9594023,7
Saperstein,9594023,9
Sheppard,9594023,11
Morris,9594023,3
Jan,1367581,0
Schlichtmann,1367581,7
Riley,1367581,11
Ryan,1367581,13
Nesson,1367581,12
Gray,1958642,16
Hitler,1958642,1
Morand,1958642,18
Seydlitz-Gabler,1958642,12
Tanz,1958642,17
Hartmann,1958642,6
Kahlenberg,1958642,20
Doug,21487707,21
Alton,21487707,21
Smith,8511563,6
Mohan,9143511,13
Tong,1677820,20
Chow,1677820,21
Toby,177906,4
Didymus,177906,4
Escher,177906,9
Lancelot,177906,14
Hoggle,177906,19
Sarah,177906,3
Ludo,177906,4
Jareth,177906,4
Ciske,22643842,4
Vrijmoeth,22643842,1
Jans,22643842,12
Macleane,4025067,21
Plunkett,4025067,17
Rebecca,4025067,19
Queen,10850871,23
Albert,10850871,3
Harold,10850871,3
Popplewell,10850871,1
Barrow,10850871,0
Russell,10850871,7
Hooper,8202067,21
Ball,8202067,1
Helen,8202067,16
O'Riley,8202067,1
James,8202067,22
Manesquier,296466,23
Necros,566713,4
Koskov,566713,5
Pushkin,566713,17
Milovy,566713,4
Bond,566713,13
Whitaker,566713,4
Saunders,566713,12
Shah,566713,1
Spionam,566713,6
Winter,12757559,13
Joseph,12757559,14
Yau,27975847,14
Pearl,27975847,21
Ying,27975847,3
Chuen,27975847,21
Mother,27975847,5
Wu,27975847,5
Nigel,7029299,0
Alex,7029299,5
Linda,461563,13
Connors,461563,19
Helen,461563,13
Sharon,28000044,19
Chetleys,28000044,15
Nachiyar,24646437,1
Mohini,24646437,2
Kallan,24646437,5
Williams,14846707,17
Hart,14846707,3
Hawkins,14846707,10
McCarthy,14846707,18
Inglish,35027707,0
Amy,2295231,2
Jim,2295231,8
Jessica,2295231,16
Teresa,2539874,21
Santiago,2539874,4
Tyreen,2539874,17
Ryan,2539874,15
Charriba,2539874,10
Maximilian,2539874,18
Dundee,2539874,3
Karen,6097565,10
Vel,14191962,16
Mariadas,14191962,4
Manju,14191962,21
Jacqueline,28621291,11
Jilliana,28621291,18
Marie-Alice,28621291,19
Teresa,28621291,6
Barbie,28621291,6
Roxelle,28621291,5
Millicent,28621291,12
Grace,28621291,6
Delphine,28621291,22
Ken,28621291,6
Raquelle,28621291,13
Glen,33638304,21
Cullen,33638304,17
John,33638304,10
Russell,33638304,3
Jamie,33638304,6
Dora,1223479,3
Irene,1223479,12
Jesus,1223479,16
Isa,1223479,6
Josu,1223479,21
Rico,15008129,6
Kubick,15008129,16
Alice,6601066,6
James,6601066,21
Edwards,6601066,21
Dave,6820834,3
Saul,6820834,17
Bob,6820834,3
Larry,6820834,20
Jesse,6820834,8
Egleston,6820834,1
David,6820834,7
Woody,20518817,3
Penelope,1347607,24
Fedra,1347607,17
Irma,1347607,1
Petersen,1347607,17
Drummond,1347607,17
Devi,11253386,22
Pritam,11253386,21
Mehra,11253386,9
Jaikishan,11253386,15
Verma,11253386,22
Prince,11253386,20
Kapoor,11253386,11
Street,185058,22
Staehle,185058,21
Pfeifer,185058,10
Hlava,185058,2
Gedeon,185058,21
Benetatos,185058,23
Hanlon,185058,22
Jules,185058,23
Euphegenia,348737,6
Hillard,348737,6
Denmeyer,348737,9
Lundy,348737,17
Miranda,348737,6
Frank,348737,14
Lydia,348737,19
Doubtfire,348737,15
Natalie,348737,6
Sellner,348737,12
Chris,348737,3
Cushman,4015188,11
Fidello,4015188,20
Dan,4015188,24
Cheyne,4015188,14
Harvey,4015188,4
Westerman,1273619,18
Eisenstein,1273619,11
Rosalinda,1273619,21
Douglas,14233645,0
Solomon,14233645,21
Corrigan,14233645,16
Reardon,14233645,3
Edy,31323889,1
Sonja,31323889,1
Dieter,31323889,21
Hitler,21008812,15
Frank,21008812,23
Mitchell,21008812,17
Baldwin,21008812,5
Sylvia,21008812,24
Billy,21008812,2
Ethel,21008812,21
V,21008812,17
Mosley,21008812,4
Sam,21008812,8
Phyllis,21008812,6
Queenie,21008812,3
Vi,21008812,6
Reg,21008812,22
Jessica,21219505,11
Clarke,21219505,6
Overton,21219505,9
Jack,6032841,15
Gilcrest,6032841,23
Ellison,6032841,21
Song-Kyung,35179560,18
Dong-Joo,35179560,21
Mason,5266380,7
Eyre,5266380,8
Fairfax,5266380,23
Hall,5266380,11
Wilson,5266380,15
Rivers,5266380,23
Jane,5266380,3
Ingram,5266380,19
Bessie,5266380,17
Bertha,5266380,4
Rochester,5266380,7
Thornfield,5266380,3
Reed,5266380,12
Balasubramaniam,30042730,9
Vijayakumari,30042730,9
Rajendran,30042730,9
Rao,30042730,9
Rajamma,30042730,9
Ganesan,30042730,15
Muthuraman,30042730,9
Sahasranamam,30042730,0
Abram,19092347,2
Hannelore,19092347,17
Odille,10827616,6
Rothbart,10827616,23
Odette,10827616,3
Sigfried,10827616,3
Siegfried,10827616,21
Sameera,23672869,21
Bhai,23672869,23
Kailash,23672869,23
Chidambaram,23672869,5
Chotu,23672869,3
Claypool,22165566,17
Cletus,22165566,4
Goodman,22165566,10
Luke,22165566,17
Geronimo,22165566,15
Ben,22165566,17
Elmer,22165566,23
Winslow,22165566,8
Sheriff,22165566,23
Kermit,22165566,17
Sue,22165566,4
Namboodhiri,9419443,0
Vimala,9419443,10
Master,9419443,13
Sumitra,9419443,20
Shubha,9419443,3
Asan,9419443,7
Shobha,9419443,23
Sreedharan,9419443,18
Adiga,9419443,14
Ching,754442,13
Sam,754442,19
K.S.,754442,11
Ryoko,25715998,2
Muraki,25715998,5
Weisser,25715998,11
Goldtooth,36459873,6
Frank,36459873,6
Daniel,36459873,23
DeShawn,36459873,3
Mike,36459873,6
Romero,27381786,21
Soledad,27381786,7
Blasco,27381786,9
Julia,27381786,3
Isaac,27381786,21
Sara,27381786,3
Vera,16162546,12
Phil,16162546,6
Sharon,16162546,3
Matthew,16162546,15
Patty,31471442,16
Franklin,31471442,11
Mason,31471442,24
Rooney,31471442,14
Lincoln,31471442,2
Kerrey,31471442,17
Volz,31471442,16
McCain,31471442,11
Bush,31471442,0
Reagan,31471442,0
Autry,31471442,8
Harris,31471442,14
Washington,31471442,0
Adams,31471442,11
Heston,31471442,16
Mallet,18846797,17
Cromwell,18846797,6
Palmer,18846797,3
Morgan,18846797,21
Almsbury,18846797,6
Carlton,18846797,12
Redcap,18846797,23
Bruce,18846797,6
Daniel,28993970,17
Cerebro,28993970,22
Thorne,9314445,0
Hynes,8399302,23
French,8399302,17
Bradley,8399302,19
Doyle,8399302,20
Peter,8399302,2
Grogan,8399302,24
Kelly,8399302,15
Anto,8399302,17
McDonald,8399302,19
Wilmot,8399302,9
II,825149,10
Anna,825149,1
Ralph,825149,13
Jones,825149,10
Hale,825149,5
Halliwell,825149,12
Cedric,825149,1
Greene,825149,6
McGuire,825149,17
Duncan,825149,6
Willingham,825149,9
Phipps,825149,3
Blanca,13382767,19
Calvo,13382767,3
Vargeese,27302715,5
Khorpade,27302715,0
IAS,27302715,14
Prasad,27302715,0
Madhukumar,27302715,16
Sanjay,27302715,17
Murali,27302715,17
Vijay,27302715,12
Alex,27302715,0
Shankar,27302715,23
Iyer,27302715,15
Joseph,27302715,20
Seetha,30722673,21
Narayanan,30722673,9
Vishnu,30722673,8
Kuruppu,30722673,22
Sando,6333302,23
Munsu,6333302,2
Polly,22821842,13
Hart,22821842,12
Fulton,22821842,7
Tom,22821842,2
B.F.,22821842,23
Tasmin,22821842,17
Brett,22821842,19
Ator,946060,3
Mila,946060,3
Akronas,946060,6
Tycus,8356668,23
Jake,8356668,16
Crawford,8356668,3
Lowe,8356668,16
Tony,12466044,17
Mareda,12466044,20
Ann,12466044,13
Kowalski,12466044,13
Jr.,12466044,24
Laura,22907524,4
Linda,22907524,4
Colin,22907524,16
Damien,22907524,17
Lyle,11939381,14
Tatsuno,11939381,10
Roosevelt,11939381,0
Burrell,11939381,22
Nolan,11224264,18
Draper,3623294,11
Mathews,3623294,10
Harris,23149191,20
Bryant,23149191,13
Nathan,31303822,21
Philbert,31303822,8
Sam,886560,17
Hesselman,886560,12
Marshall,886560,18
Farrell,886560,3
Susan,886560,17
Beka,886560,19
Brice,886560,14
Pritchard,886560,20
Atwell,886560,19
Yuri,886560,21
Crusoe,2515369,4
Defoe,2515369,17
Mary,2515369,14
Lin,11188650,2
Lok-Yun,11188650,15
Shing,11188650,0
Bayley,184158,19
Murdoch,184158,19
Iris,184158,3
John,184158,15
Zenigata,89629,20
Clarisse,89629,4
Jigen,89629,24
Meghan,3466894,20
Charlie,3466894,19
Nathan,3466894,21
Robert,3466894,9
Alaine,14312185,22
Pentecost,14312185,21
Henri,24631427,14
Nodas,24438182,6
Mixalis,24438182,6
Palesi,8513207,17
Jesus,8513207,21
Magdalene,8513207,13
Childress,8513207,20
Younger,8513207,22
Abel,16543421,8
Margy,16543421,23
Melissa,16543421,19
Emily,16543421,19
Pat,16543421,7
Wayne,16543421,6
Laurel,5161871,3
Ollie,5161871,3
Stan,5161871,17
Hardy,5161871,7
Vasanth,7529573,4
Malini,7529573,13
Ajay,7529573,23
Abbas,7529573,3
Manju,7529573,24
Ranjan,7529573,13
Zoya,8212331,23
Ronnie,8212331,14
Story,4867172,2
Clark,4867172,0
Lift,1968844,3
Donner,1968844,12
Momma,1968844,23
Owen,1968844,3
Ryan,1968844,22
Larry,1968844,3
Margaret,1968844,17
Shawn,1480754,6
Gregory,1480754,6
Satie,1480754,17
Grotowski,1480754,0
Debbie,1480754,6
Turner,1661774,12
Ellen,1661774,6
Stryker,1661774,13
Treleaven,1661774,4
Joey,1661774,15
Goodman,19944417,12
Huxley,73376,7
Vance,73376,1
Mark,73376,13
Random,73376,12
Susan,73376,3
Irving,73376,0
David,73376,6
Peabody,73376,1
Gerald,73376,18
Swallow,73376,2
Slocum,73376,9
Lehman,73376,20
Tumak,2594501,3
Akhoba,2594501,3
Loana,2594501,3
MacDonald,25725626,20
Horton,25725626,9
Ramya,19859274,7
Ghooli,19859274,3
Patrick,12465343,18
Mencken,12465343,3
Brent,12465343,19
Blanche,12465343,21
Benes,24171144,22
Lopez,24171144,9
Miranda,24171144,15
Wells,24171144,15
Carla,24171144,10
Ballard,733818,17
McCord,733818,0
Wesley,733818,17
George,733818,6
Charlie,733818,8
Del,733818,6
Betty,733818,6
Rosa,733818,1
David,733818,19
Leung,9362631,7
Kung,9362631,2
Gigi,9362631,0
Lo,9362631,7
Smartie,9362631,15
Fei,9362631,7
Don,565318,23
Smith,565318,17
Johnson,565318,23
West,565318,24
Robinson,565318,3
Gertrude,5399016,6
Sylvia,5399016,23
Stephanie,5399016,9
Hubbard,5399016,9
Hobbs,5399016,17
Shirley,5399016,3
Kenny,5399016,15
Likens,5399016,6
Baniszewski,5399016,10
Marie,5399016,9
Johnny,5399016,8
Andy,5399016,0
Zane,15234647,21
Peter,10164799,8
Dolores,10164799,3
Kathy,4386957,17
Kane,4386957,3
Hatcher,4386957,10
Braden,4386957,17
Cho,4386957,3
Dave,4386957,13
Caifano,4386957,3
Stevens,33108995,10
Fisher,33108995,8
Breitenbach,33108995,3
Winkle,33108995,9
Parul,19437715,2
Harimohan,19437715,15
Sen,19437715,6
Babulal,19437715,6
Ishani,19437715,21
Simulpur,19437715,10
Phule,35024167,19
Peth,35024167,20
Robert,7634397,19
Lisa,7634397,3
Donahue,8779670,19
Tony,8779670,13
Bongo,8779670,9
Mitchell,8779670,17
Jim,8779670,6
Joey,8779670,3
Buck,8779670,6
Luke,4305043,3
Violet,4305043,6
Grace,4305043,3
Senga,5882490,3
Christine,5882490,20
Nat,5882490,21
Thomas,15269861,21
Lee,15269861,3
Cochran,15269861,22
Jerry,15269861,10
Wingate,15269861,24
Frankie,15269861,24
Colman,15269861,5
Laura,15269861,24
Molly,15269861,7
Dooley,15269861,6
Catherine,15269861,6
Maurice,15269861,1
Fields,15269861,22
Thyer,15269861,6
Bednarz,14127574,16
Menelaus,2254896,17
Helen,2254896,23
Franklin,3027347,6
Rita,3027347,4
McGivney,3027347,7
Gaerity,3027347,5
Kate,3027347,9
Jimmy,3027347,13
Cortez,3027347,4
Christ,8381793,12
Buchan,8381793,11
Angus,8381793,13
Bhengu,8381793,24
Peter,26391984,22
Smith,26391984,23
Sutcliffe,26391984,15
Cynthia,26391984,13
Show,26391984,9
Lennon,26391984,21
Starr,26391984,9
Brian,26391984,15
Lucy,3509771,6
Collins,3509771,18
Bennett,3509771,7
Amberson,3509771,1
George,3509771,13
Fanny,3509771,12
Morgan,3509771,6
Minafer,3509771,6
Marina,32589533,14
Manfred,32589533,12
Krishna,2262277,3
Saal,2262277,10
Torco,23789267,3
Dan,23789267,3
Julia,23789267,3
Lily,23789267,21
Kiran,8541076,9
Walia,8541076,4
Rao,8541076,20
Ansari,8541076,21
Roshni,8541076,4
Kadam,8541076,17
Ravi,8541076,16
Joshi,8541076,11
Singh,8541076,14
Pathan,8541076,6
Sarojini,6701429,18
Ajith,6701429,2
Tottie,32998598,1
Stanton,32998598,9
Sal,32998598,4
Basil,32998598,2
Nell,14737193,19
Barker,14737193,3
Shemp,14737193,21
Moe,14737193,23
Willis,14737193,17
Larry,14737193,17
Talbot,3303226,4
Niemann,3303226,21
Rita,3303226,14
Lampini,3303226,1
Hussman,3303226,1
Daniel,3303226,3
Dracula,3303226,4
Collins,2627813,6
Bathgate,2627813,15
Peggy,2627813,2
Gatlin,2627813,2
Billy,2627813,10
Daniel,9636080,6
Love,9636080,19
Jimmy,13495676,24
Dee-Dee,13495676,24
Ray,13495676,17
Janelle,13495676,17
Sanders,13495676,7
Anderson,13495676,17
Jack,13495676,24
Harriet,13495676,21
David,13495676,3
Tom,13495676,17
Lamson,13495676,0
Cathy,13495676,17
Hennessey,13495676,23
Schwick,13495676,19
see,13495676,1
Grefe,13495676,3
Ward,13495676,21
Doug,13495676,3
Chloe,13495676,3
Rosen,33734470,17
Warczewski,33734470,21
Sakowicz,33734470,19
Roman,33734470,16
Kamila,33734470,21
Ofelia,3261733,4
Carmen,3261733,22
Vidal,3261733,6
Pedro,3261733,17
Moanna,3261733,1
Ranson,16338862,0
Hertog,16338862,1
Howard,16338862,1
Holmes,5663440,17
Henry,5663440,17
Selden,5663440,17
Mortimer,5663440,7
Cecile,5663440,23
Hall,5663440,16
Perkins,5663440,16
Baskerville,5663440,23
Barrymore,5663440,18
Stapleton,5663440,10
Cecille,5663440,13
Watson,5663440,3
Raimi,2235410,11
Carpenter,2235410,3
Chaank,2235410,18
Dante,2235410,17
Ridley,2235410,6
Cale,2235410,6
Hardman,2235410,15
O'Hara,1298984,10
Adams,1298984,20
Mary,1298984,23
Potter,1298984,21
Lakshmi,33583110,2
Amudha,33583110,0
Karnaa,33583110,21
Anjali,33583110,12
Devaraj,33583110,4
Vijay,33583110,4
Jerry,8463574,17
Feldshuh,8463574,13
Butchie,8463574,10
Serge,8463574,23
Joe,8463574,14
Bolanti,8463574,14
Takeba,2359777,21
Yakusho,2359777,11
Mamiya,2359777,23
Sakuma,2359777,10
Takabe,2359777,11
Grant,3815462,2
Marcia,3815462,20
Barton,3815462,13
Grimsdyke,1069944,8
Jacobs,1069944,0
Blake,1069944,1
Susan,1069944,13
Enid,1069944,21
Shane,1069944,7
Rogers,1069944,1
James,1069944,21
Jason,1069944,10
Collins,1069944,8
Clayton,1069944,7
Maitland,1069944,3
Carter,1069944,5
Elliott,1069944,24
Emmet,27123043,11
Brooke,27123043,3
Kaitlin,27123043,6
Kennedy,27123043,10
Bolton,27123043,0
Hill,27123043,20
Laura,27123043,3
Stevenson,27123043,11
Carol-Ann,27123043,4
Pickler,27123043,20
Masoudi,430788,9
Bell,430788,3
Sedgewick,430788,20
Blythe,430788,13
Caesar,430788,20
Hundert,430788,3
Benedict,430788,7
Mehta,430788,20
Collins,2055814,14
Gallagher,2055814,14
Munsey,2055814,23
Ruth,2055814,2
Smith,2055814,18
Wilson,2055814,1
Tracy,3779953,17
Travis,3779953,3
Zack,3779953,1
Becca,3779953,6
Theo,3779953,6
Crawl,3779953,17
Sr.,3779953,20
Rebecca,3779953,21
Lekha,21592734,9
Holger,3547149,16
Patrick,3547149,11
Ulrike,3547149,10
Gudrun,3547149,16
Lena,9143451,16
Michel,9143451,18
Madeleine,9143451,20
Lama,28777932,18
Arrien,28777932,18
Fox,28777932,6
Yudronma,28777932,4
Khando,28777932,7
Yashodhara,28777932,19
Choechen,28777932,22
Dorje,28777932,13
Murphy,695266,4
Rianne,695266,18
Murtaugh,695266,3
Travis,695266,4
Darryl,695266,18
Tyrone,695266,15
Getz,695266,24
Riggs,695266,3
Cole,695266,17
Hope,168774,24
Faith,168774,20
Thomas,168774,12
Liz,168774,6
Morley,168774,21
McManus,168774,3
Seamus,168774,8
Mary,168774,13
Abbott,168774,3
Brian,168774,3
Norm,168774,6
Casey,168774,6
Minnelli,365025,20
Marceau,365025,21
Vilma,365025,3
Carey,365025,15
Newman,365025,21
Bancroft,365025,6
Reynolds,365025,14
Devour,365025,7
Caan,365025,22
Engulf,365025,6
Kaplan,365025,7
Bell,365025,23
Jeffrey,31391105,14
Campo,31391105,14
Jacobson,31391105,19
Neuhaus,31391105,7
King,31391105,13
Sanchez,31391105,10
Clifford,31391105,14
Turner,14831897,20
Hodges,14831897,9
Fleet,27439204,18
Nolan,27439204,16
Madhvi,5113644,18
Shabnam,5113644,18
Kailash,5113644,5
Sinha,5113644,19
Kamal,5113644,14
Poonam,5113644,19
Lakshmi,18325540,2
Arjun,18325540,8
Meena,18325540,15
Thakur,18325540,18
Asya,26523342,16
Salih,26523342,11
Nuriye,26523342,16
Malkin,8390126,19
Albertson,8390126,17
Milt,8390126,8
Nichols,8390126,18
Pesquino,8390126,0
Farrel,8390126,24
Eddie,8390126,6
Annie,8390126,13
Babu,10771836,0
Sinha,10771836,18
Kumar,10771836,18
Rashmi,10771836,6
Tiwari,10771836,18
Pur,10771836,22
Bheegi,10771836,12
Sardarilal,10771836,0
Puri,10771836,10
Noone,10771836,13
Sonia,10771836,23
Bahadur,10771836,24
Rohit,10771836,6
Saxena,10771836,6
Reshmi,10771836,0
Ajnabee,10771836,14
Bijli,10771836,3
Abraham,21413341,2
Merengue,21413341,10
Junior,21413341,16
Jacques,21413341,16
Bob,21413341,16
Harry,13342762,10
Cheese,13342762,7
Rockit,13342762,18
E.,13342762,11
Astrid,13342762,10
Mortimer,12981754,23
Shemp,12981754,3
Moe,12981754,3
Fleecem,12981754,20
Larry,12981754,3
Cook,8610674,22
Aaron,8610674,13
Chantal,8610674,3
Andrea,8610674,17
Keller,8610674,1
Molly,8610674,3
Kelso,8610674,17
Nordstrom,8610674,24
Kane,8610674,15
Marshall,8610674,17
Korda,8610674,17
Marisa,8610674,23
Paul,227231,15
Maggie,227231,12
Andrew,227231,12
Vera,227231,10
Peter,227231,14
Sarah,227231,22
Roger,227231,18
Mary,227231,18
Briers,227231,7
Brian,227231,16
Carol,227231,11
Hardy,19839179,19
Alex,19839179,21
Rosalina,19839179,16
Wolff,19839179,16
Harry,17021034,2
Boutelle,17021034,1
Okouchi,35188575,3
Tetsuo,35188575,3
Kyoko,35188575,3
Roshan,2681496,21
Bilimoria,2681496,12
Gustad,2681496,3
Dilnavaz,2681496,21
Deboo,2681496,12
Sohrab,2681496,7
Jimmy,2681496,4
Temuhl,2681496,7
Tehmul,2681496,7
Dinshawja,2681496,7
Dinshawji,2681496,12
Marlowe,13544172,17
Peter,13544172,13
Kettle,13544172,2
Shaw,13544172,1
Kitty,13544172,17
Chappy,13544172,6
Osborne,13544172,2
Wheeler,13544172,6
Gully,13544172,5
Doug,13544172,6
Pierce,13544172,9
Alastair,31308475,20
Buddy,9609384,8
Courtland,9609384,12
Gandhi,1828843,16
Kishan,1828843,24
Dutt,1828843,14
Bhagat,1828843,23
Rai,1828843,10
Dyer,1828843,20
Rajguru,1828843,1
Singh,1828843,7
Manavali,1828843,10
Saunders,1828843,10
Uma,26798232,2
Bhaskar,26798232,24
Syrtis,526822,12
Coyne,526822,6
Salai,21426608,19
Rajkumar,21426608,18
Lala,21426608,21
Natasha,21426608,3
Arif,21426608,3
Khan,21426608,12
Sethu,21426608,3
Maraar,21426608,3
Abdullah,21426608,17
Klein,10977,18
Brillstein,10977,9
Perlman,10977,16
Hummel,10977,21
Nan,10977,14
Jeff,10977,8
Max,10977,3
Lauren,10977,3
O'Connell,10977,19
Alison,10977,13
Rodrigo,10977,11
Jonah,10977,15
Carla,10977,4
Judith,2360326,13
Lawton,2360326,0
Arab,2360326,13
Stein,2360326,7
Schiller,2360326,21
Blazejowski,533767,0
Chuck,533767,7
Belinda,533767,23
Nikolai,24542023,20
Marta,24542023,12
Stewart,24542023,15
Bruno,24542023,1
Seel,24542023,6
Benengeli,5556082,13
Carmen,5556082,18
Hiro,11110287,4
Felix,35882147,3
Invitational,16388403,18
Hitler,16388403,1
Shokof,19453588,19
Satan,19453588,19
Tracy,6268880,21
Bray,6268880,20
Gloria,6268880,10
Count,6268880,15
Draco,6268880,17
Bunt,6268880,7
Gumbold,6268880,19
Bond,6268880,3
Blofeld,6268880,4
Balthazar,6268880,24
Sylvester,23003389,3
Granny,23003389,16
Mario,19267703,3
Bee,19267703,17
Newman,19267703,15
Emmanuelle,19267703,3
Jean,19267703,6
Marie-Ange,19267703,3
Danny,25387001,20
Cass,25387001,15
Girard,25387001,10
Griard,25387001,13
Ritesh,5612517,6
Nishi,5612517,0
Gulabrao,5612517,21
Sehgal,5612517,21
Basu,5612517,11
Steve,5612517,3
Pervez,5612517,5
Ashwini,5612517,5
Marwah,5612517,6
Taylor,12180811,0
Millais,12180811,11
John,12180811,20
Fisk,12180811,18
Grant,73498,17
Katherine,73498,16
Ronnie,17548651,0
Heung,17548651,15
Lucy,23837717,3
Aslan,23837717,3
Wolf,23837717,19
Susan,23837717,16
Kirke,23837717,7
Beaver,23837717,6
Pevensie,23837717,13
Tumnus,23837717,3
Edmund,23837717,3
Noel,11769849,21
Williams,1271405,10
Wood,1271405,21
Velez,1271405,2
Lewis,1271405,23
Ponnumani,33502250,4
Sivakumar,33502250,2
Chintamani,33502250,2
Saxena,20891507,18
Shivshankar,20891507,16
Rajesh,20891507,21
Neha,20891507,7
Tripathi,20891507,21
Monica,677920,3
Hillary,677920,12
Tom,677920,20
Cindy,677920,12
Bridget,677920,23
Eric,677920,1
Costello,677920,9
Jack,677920,24
Dave,677920,20
Kevin,677920,1
mid-coitus,677920,19
Ellie,677920,9
Ignat,2560314,6
Maria,2560314,13
Natalia,2560314,2
Alexei,2560314,8
Pushkin,2560314,15
Lisa,2560314,24
McCoy,21276522,9
Franklin,21276522,24
Isabel,143814,2
Fuentes,143814,8
Perry,143814,10
Alex,143814,17
Shona,25019628,15
Ruben,25019628,12
Cher,25019628,4
Dino,25019628,20
dart,9930507,23
Coyote,9930507,3
Wile,9930507,3
E.,9930507,23
Cox,28271211,0
Mimi,15287430,10
Vacco,2850808,14
Merced,2850808,11
Gronbeck,2850808,10
Kelly,2850808,9
McGloin,2850808,12
Rose,2850808,22
Drake,2850808,24
Rodriquez,2850808,11
Uma,5970848,6
Roberto,5970848,12
Violeta,5970848,23
Gretorex,15164491,10
Jervis,15164491,2
Rushworth,15164491,23
Miles,15164491,8
Lexton,15164491,20
Janie,22895245,1
Streeter,22895245,22
Hall,22895245,0
Mayme,22895245,13
Bill,22895245,1
Tracy,2687986,6
Ray,2687986,14
Heart,2687986,11
Nguyen,2687986,15
Jonny,2687986,6
Kepplar,26267583,11
Lola,26267583,10
Brynk,26267583,6
Marino,26267583,22
O'Malley,26267583,5
Hattie,26267583,12
Malone,26267583,11
Garner,1416847,7
Ferdinand,20100567,17
Marilyn,20100567,6
Isabella,20100567,14
Marliyn,20100567,5
Bob,20100567,24
King,20100567,3
Jarreau,20100567,22
Columbus,20100567,3
Maria,31281519,12
Joubert,31281519,21
Lynch,15406605,9
Jacob,15406605,3
Chun,22475851,15
Leung,22475851,10
Milos,22475851,10
Wong,22475851,17
Chun-nam,22475851,13
Wallace,22475851,21
Hung,22475851,3
Lee,22475851,10
Shanzhao,22475851,8
Randal,26057580,23
Vargas,2025985,12
Beck,2025985,12
Celia,2025985,5
Amonte,2025985,19
Lois,2025985,3
Charlie,2025985,3
Vicky,2025985,8
Shemp,2567937,3
Moe,2567937,3
Larry,2567937,20
Dinkelmeyer,2567937,14
Hopkins,2567937,10
Bammer,15930247,0
McGowan,15930247,0
Hopwood,15930247,22
Mohan,23451023,10
Chakraborty,10153657,19
Ishwar,10153657,14
Bruna,14719603,0
Callas,14719603,6
Bizet,14719603,15
Michael,14719603,19
Kelly,14719603,21
Carmen,14719603,16
Marco,14719603,24
Jos,14719603,24
Keller,14719603,11
VII,6640544,18
Rudolf,6640544,13
Elisabeth,6640544,12
Gardner,6640544,11
Vetsera,6640544,24
Lucy,8663385,21
Helsing,8663385,3
Mina,8663385,3
Jonathan,8663385,17
Dracula,8663385,4
Seward,8663385,13
Harker,8663385,9
Morgan,1346925,3
Rudd,1346925,10
Fai,7767619,21
Wai,7767619,19
Chin,8419685,0
Christine,8419685,20
Kim,8419685,10
Mundy,30879026,3
Bitterfield,30879026,6
Barbara,30879026,13
Haddie,30879026,2
Daddy,30879026,12
Wendell,30879026,6
Sonia,30879026,6
Angela,30879026,6
Pierce,30879026,3
Bob,30879026,6
Richardson,30879026,13
Robinson,30879026,1
Se-jin,33049597,6
Kim,33049597,9
Black,2184458,24
Nola,2184458,6
Shug,2184458,2
Arnel,2184458,17
Junpei,9136345,4
Geller,25513596,21
Dorota,25513596,6
Barbara,25513596,11
Condren,36030580,10
Harris,36030580,19
Talbert,36030580,22
Lucy,1882179,3
Nikabrik,1882179,17
Sopespian,1882179,3
Peter,1882179,17
Miraz,1882179,17
Cornelius,1882179,4
Susan,1882179,17
Trufflehunter,1882179,10
Edmund,1882179,17
Margo,2236146,21
Kelly,2236146,21
X,2236146,19
Cece,2236146,16
Clifford,2236146,18
Tom,2587262,23
Jerry,2587262,24
Raju,1580851,13
Laxmi,1580851,6
Saraswati,1580851,6
Fernicola,4753550,7
Mocata,13861681,23
Richard,13861681,6
Richelieu,13861681,24
Aron,13861681,19
Peggy,13861681,4
Duc,13861681,17
Eaton,13861681,12
Simon,13861681,24
Macgruder,7714023,10
Otis,7714023,8
Frank,7714023,8
Karen,7714023,21
Surtayne,7714023,15
Alex,7714023,8
Reshma,8645960,10
Shera,8645960,23
Gopal,8645960,17
Singh,8645960,12
Chotu,8645960,17
Greg,24717406,3
ask,24717406,4
Lee,24717406,10
Heffley,24717406,4
Angie,24717406,13
ller,24717406,10
Winsky,24717406,6
Farrell,24717406,13
Gupta,24717406,14
Irvine,24717406,12
Steadman,24717406,21
Jefferson,24717406,24
Rowley,24717406,6
Walsh,24717406,20
Farrel,24717406,3
Malone,24717406,17
Yobi,10175018,7
Rosebud,27535031,23
Aunty,35608447,9
Satheeshan,35608447,6
Dhwani,35608447,6
Relton,35608447,21
Narayanan,35608447,21
Vellayani,35608447,15
Sagar,35608447,15
Ravisankar,35608447,1
Malavika,35608447,2
Katie,25483985,4
Brewer,25483985,7
Bobby,25483985,21
Jess,25483985,15
Millie,25483985,12
Manjrekar,26159176,10
Lena,26274453,7
Mason,26274453,10
Doyle,26274453,24
Gacy,24838342,3
Moss,24838342,16
Forsythe,24838342,20
Fudd,11947610,3
Burrows,11947610,7
Gunn,1364445,6
Halliday,1364445,4
Rommel,1364445,0
Ingram,1364445,20
Giuseppe,1364445,17
Belle,1364445,21
Kara,33044016,14
Charmaine,33044016,21
Jean,7585324,22
Pat,7585324,2
Frank,7585324,24
Bentwood,15117778,7
Sophie,15117778,5
Magazannik,640260,24
Vavilova,640260,16
Seo,32624770,11
Myung-shik,32624770,20
Kim,32624770,4
Juan,25479531,3
Romero,25479531,13
Caine,4010356,15
Lee,4010356,22
Darlow,4010356,9
Pruden,16722954,5
Arth,16722954,24
Divya,24319139,2
Christy,24319139,6
Parker,24319139,6
Lee,24319139,7
Albright,24319139,9
Eduardo,24319139,6
Cameron,24319139,6
Mark,24319139,17
Thiel,24319139,7
Narendra,24319139,13
Erica,24319139,12
Summers,24319139,0
Saverin,24319139,9
Winklevoss,24319139,2
Gates,24319139,0
Delpy,24319139,19
Alice,24319139,12
Zuckerberg,24319139,6
Franz,12510736,2
Sissi,12510736,21
Mark,12510736,15
Gisella,12510736,4
Sophie,12510736,19
Kang,16448799,18
Spensser,21153027,0
Jeremy,21153027,22
Henry,21153027,9
Todorovsky,14404773,18
Mironov,14404773,20
Vinogradov,14404773,2
Henner,17697199,0
Emma,17697199,6
Max,17697199,23
Gordon,19215688,1
Ward,19215688,4
Sally,19215688,21
Schuyler,19215688,19
Glossop,61169,6
Austin,61169,20
Fitzgerald,61169,18
Guy,61169,23
Holden,61169,12
Mimi,61169,13
Tonetti,61169,16
Frohman,33839507,16
Deslys,33839507,10
Garza,33839507,19
Khuddar,8249681,5
Harish,8249681,23
Kapoor,8249681,15
Sridevi,8249681,24
Rennick,84213,17
Ecker,84213,15
Monique,84213,23
Devlin,84213,21
Joe,4343392,21
Billy,4343392,16
Balachander,30746015,0
Jayakumari,30746015,2
Vijayalalitha,30746015,2
Srividya,30746015,2
Trudy,640643,18
Frankenstein,640643,11
Morton,640643,7
Stefan,23606024,4
Beck,23606024,6
Annika,23606024,17
Lindgren,23606024,17
Schuller,30253127,16
Brady,30253127,2
Cottrell,30253127,13
Kim-Sun,30253127,10
Warnowski,30253127,4
Wyler,30253127,6
MacIntyre,30253127,4
Dixon,30253127,8
Matt,30253127,6
Veddors,30253127,6
Conners,30253127,16
Donna,30253127,17
Kungju,30253127,7
Nandhini,18849298,0
Fama,26100091,6
Arantza,26100091,18
Martin,26100091,12
Mikel,26100091,21
Bego,26100091,6
Luisa,26100091,12
Baylor,3788150,24
Bachman,3788150,18
Leeson,3788150,12
George,3788150,23
Burgess,3788150,2
Emory,3788150,14
Drucker,3788150,6
Long,5722849,0
Yiu,5722849,23
Ping,5722849,16
Butterfly,5722849,14
Kim,5722849,21
Lulu,5722849,17
Donny,5722849,23
Sun,5722849,15
Karl,5722849,6
Mozart,1183423,21
Doc,1183423,14
Maskhov,2976107,21
Rob,2976107,19
Stella,2976107,23
Steve,2976107,4
Croker,2976107,6
Charlie,2976107,21
Lyle,2976107,7
Bridger,2976107,3
Yevhen,2976107,5
Mehra,14467499,22
Asha,14467499,2
Ajay,14467499,3
Maggie,2417326,5
Isabelle,2417326,21
Parker,2417326,17
Warner,2417326,9
Bourget,2417326,8
Harrison,2417326,6
Whelan,2417326,7
Kevin,2417326,19
Patroni,2417326,21
Rollie,2417326,3
Halpern,2417326,12
Joe,2417326,21
Willie,2417326,3
Metrand,2417326,21
Gaulle,2417326,24
Whalen,2417326,6
SAM,2417326,18
Pocahontas,399433,3
Kocoum,399433,17
Ratcliffe,399433,18
Percy,399433,19
Thomas,399433,6
Meeko,399433,5
Town,399433,21
Smith,399433,24
Marcus,31161925,3
Meng,31161925,24
Yen,31161925,17
Lang,31161925,19
Embok,31161925,6
Kamawas,31161925,17
Lycius,31161925,6
Sultan,31161925,15
Yasodhar,31161925,16
Hua,31161925,5
Yun,31161925,6
Sunder,31161925,12
Carprenius,31161925,10
Mahawangsa,31161925,11
Merong,31161925,3
Ying,31161925,4
Shah,31161925,19
Kesum,31161925,6
Paul,3510976,23
Coldheart,3510976,12
Bresson,7874454,9
Tolstoy,7874454,8
Taniya,23117688,9
Babloo,23117688,12
Ellenstein,3407587,18
Carlos,3407587,17
Methos,3407587,6
MacLeod,3407587,21
Hale,3407587,23
Rainey,3407587,8
Kate,3407587,6
Kell,3407587,17
Duncan,3407587,6
Connor,3407587,21
Miranda,19939214,0
Starfighter,19939214,14
Oversmart,19939214,12
Buster,6836566,3
Neglia,7129971,17
Williamson,7129971,8
Lee,7129971,17
Banks,7129971,18
Caesar,7129971,6
Louie,7129971,0
Clief,7129971,15
Story,7129971,8
Dora,5818165,3
Albert,5818165,22
Anton,5818165,10
Anna,5818165,3
Kersch,5818165,4
Mitterhaus,5818165,24
Emil,5818165,4
Richards,2923504,9
Ollie,5686956,16
Stan,5686956,6
Kumaran,22114529,23
Hassan,22114529,15
Vijay,22114529,3
Montes,12836960,3
Torres,12836960,3
Karyn,12836960,21
Villanueva,12836960,9
Joanna,12836960,5
Kalle,23103414,18
Karla,23103414,23
Sahasra,6017005,19
Luna,25127240,9
Zartog,25127240,23
Symons,21265202,7
Gurney,21265202,24
Salvadori,21265202,5
Shelby,21265202,5
Mabel,76643,19
Nick,76643,21
Birdo,15079534,3
Napoleon,15079534,3
Napolean,15079534,6
Nancy,15079534,21
George,14368280,12
Anne,14368280,24
Superior,14368280,19
Schaeffer,3396829,12
Schaefer,3396829,21
Kropotkin,3396829,14
Richard,33798421,6
Gerrie,33798421,3
Rikkert,33798421,3
Rickert,33798421,21
Quayle,24827899,6
Tracy,24827899,15
Ronald,24827899,16
Utterson,24827899,23
Lewis,24827899,9
Crockett,24827899,9
Caroline,24827899,24
Lowel,24827899,9
rex,7000543,23
Tanner,7000543,3
Ying,17468008,4
Perugino,28784914,21
Iris,28784914,6
Holmes,4138142,17
Gray,4138142,17
Dorian,4138142,14
Nemo,4138142,6
Moriarty,4138142,21
Jekyll,4138142,13
Skinner,4138142,9
Hyde,4138142,22
Vinci,4138142,9
Mina,4138142,17
Sawyer,4138142,17
Harker,4138142,1
Fantom,4138142,24
Reed,4138142,18
Jay,1317241,24
Barbie,1317241,3
Rena,1317241,3
Madge,1317241,21
Victoria,1430128,5
Din,1430128,14
Ruff-Diamond,1430128,6
Hawtrey,1430128,12
Jelhi,1430128,4
Keene,1430128,4
James,5552960,14
Steve,5552960,20
Dexter,5552960,20
Lee,5552960,24
Davidson,5552960,8
Bishop,4300597,9
Monroe,4300597,9
Kennedy,4300597,0
Lawford,4300597,21
Martin,4300597,14
Gardner,4300597,2
Crosby,4300597,22
Nixon,4300597,7
Lewis,4300597,12
Pat,4300597,6
Giancana,4300597,9
Davis,4300597,2
Campbell,4300597,24
Sinatra,4300597,6
DiMaggio,4300597,11
Britt,4300597,18
Gordon,27997402,14
Clark,27997402,21
Runyan,27997402,17
Adams,27997402,19
Boyd,27997402,5
Deets,27997402,4
Arnold,12985118,7
Porky,12985118,3
Faria,4578771,23
Pasha,4578771,14
Danglars,4578771,20
Dant,4578771,13
Albert,4578771,6
Valentine,4578771,1
Napoleon,4578771,22
Villefort,4578771,5
Mondego,4578771,13
Mariana,24342858,18
Fonseca,24342858,17
Raghu,5049061,22
Ravi,5049061,19
Sujatha,5049061,14
Venkatesh,23590769,10
Sakleshpura,23590769,23
Preetham,23590769,21
Anjali,23590769,6
Sandhya,23590769,12
Thammiah,23590769,10
Gilbreth,18586588,22
Fung-wu,4538118,12
Liu,4538118,4
Nagakanya,29244961,4
Krishna,29244961,15
Hanuma,29244961,19
Rama,29244961,15
Anjaneya,29244961,15
Gale,3312138,9
Warren,3312138,10
Beechum,3312138,24
Everett,3312138,16
Tiptree,4894893,17
Thrush,4894893,10
Doc,4894893,4
Timothy,447672,0
Elle,447672,3
Rudd,447672,6
Thomas,447672,12
Woods,447672,13
Marks,447672,0
Emmett,447672,13
Grace,447672,17
Hauser,447672,16
Bill,447672,2
Leslie,447672,1
Arianne,22044760,17
Dias,22044760,4
Bothos,22044760,17
Agricola,22044760,19
Leonidas,22044760,10
Virilus,22044760,7
Vortix,22044760,4
Gorlacon,22044760,22
Hadrian,22044760,18
Tarak,22044760,17
Shanti,16191901,8
Emanuelle,16191901,21
Norman,16191901,7
Marquise,4796062,24
Torres,4796062,15
Yolanda,4796062,21
Superior,4796062,6
Terry,31992423,10
Harris,31992423,21
Carlos,18376449,2
Smith,18376449,8
Norman,18376449,6
McGee,149789,8
Alexander,149789,6
Jolson,149789,6
Baron,149789,17
Martin,149789,6
Yoelson,149789,3
Benson,149789,10
Al,149789,8
Hammerstein,149789,1
Julie,149789,3
Kotaro,11531498,3
Momotaros,11531498,16
Ryotaros,11531498,23
Ryotaro,11531498,17
Sieg,11531498,4
Sanada,11531498,17
Imagin,11531498,13
Gaoh,11531498,24
Cruella,179326,6
Williams,179326,10
Anita,179326,21
Jasper,179326,18
Horace,179326,18
Roger,179326,21
Pongo,179326,16
Laurie,179326,20
Campbell-Green,179326,8
Vil,179326,24
Phil,23978622,2
Dennis,23978622,22
Hutchinson,13253962,19
Grace,13253962,20
Cuthberston,13253962,14
Lala,1261294,13
George,1261294,13
Harold,1261294,6
Russell,1261294,17
Johnny,20647437,16
sonny,20647437,7
Ortega,20647437,2
Cinthya,4842594,21
Bhaskar,4842594,19
Baskar,4842594,21
Jayachandran,4842594,22
Malar,4842594,2
Sam,11020765,3
Klein,850866,23
Macabee,850866,17
Lamont,850866,6
Julie,850866,6
Lewis,850866,9
Carr,850866,16
Schlotsky,850866,6
Alex,850866,11
Padrino,3044606,6
Barracinis,3044606,17
Rabia,3044606,11
Lydia,3044606,13
Nevil,3044606,19
Barracini,3044606,11
Colomba,3044606,21
Sahibjaan,4150217,21
Shahabuddin,4150217,2
Khan,4150217,7
Nawab,4150217,13
Harald,8677111,15
Arvid,8677111,18
Allah,2983983,18
Said,2983983,3
Khaled,2983983,6
Suha,2983983,14
Amy,155921,6
Warner,155921,4
Wells,155921,17
Anthony,155921,1
Robbins,155921,15
Herbert,155921,3
Shaan,17814094,9
Rana,17814094,4
Begum,17814094,11
Ralston,28081652,7
Eva,28081652,3
Smith,28081652,6
Bonisseur,28081652,16
Wilson,28081652,16
Annikki,5884145,2
Louhi,5884145,3
Lemmink,5884145,14
Ramadorai,19863623,20
Rajadorai,19863623,4
Parvathi,19863623,23
Dharmadorai,19863623,3
Bergeron,18932830,4
Galt,18932830,11
George,18932830,3
Vonnegut,18932830,6
Jack,9308910,4
Walsh,9308910,15
Hazel,9308910,19
Saxon,3619079,13
Ferguson,3619079,8
Jason,3619079,9
Virgil,3619079,19
Sid,3619079,10
Roy,34833598,24
Geeta,4457586,2
Jaswant,4457586,17
Pratap,4457586,4
Shanti,4457586,21
Jojo,4457586,15
Baldev,4457586,22
Sinha,4457586,0
Kapoor,4457586,17
Raju,4457586,17
Dalal,4457586,18
Singh,4457586,17
Vicky,4457586,17
Preeti,4457586,13
Malhotra,4457586,4
Stunting,31317990,21
Simms,1954311,3
Pamela,1954311,6
Margaret,1954311,3
Denise,1954311,3
Billy,1954311,3
Richards,1954311,17
Claus,1954311,3
Santa,1954311,6
Chapman,1954311,16
Ricky,1954311,23
Superior,1954311,3
O'Brien,1954311,7
Sister,1954311,13
Barnes,1954311,3
Randall,1954311,6
Andy,1954311,3
Fried,24381665,15
Cat,24381665,16
Hubie,24381665,3
Bertie,24381665,3
Claude,24381665,3
Michaels,7161386,22
Benjamin,7161386,16
Slessor,7161386,23
McLean,19036260,2
Book,84931,4
Carter,84931,17
Ferguson,84931,17
Lapp,84931,21
Eli,84931,6
Rachel,84931,3
Schaeffer,84931,17
Samuel,84931,3
John,84931,17
Corbett,24237207,17
Dean,9009215,21
Polly,9009215,7
Nambiar,35897047,10
Surendran,35897047,24
Jayakrishnan,35897047,21
Verne,29294553,23
Bhagawan,33401605,18
Guruvayya,33401605,10
Don,33401605,22
Jaidev,33401605,4
Sandhya,33401605,16
Kulkarni,33401605,22
Bhagavan,33401605,17
Ashok,33401605,15
Guravayya,33401605,18
Jai,33401605,9
Munna,33401605,17
Bhagwan,33401605,21
Henry,171562,10
Danny,171562,13
Whitty,171562,4
Alexander,171562,17
Sweeney,171562,13
Ryan,171562,17
Lincoln,171562,2
Lamont,171562,1
Murray,171562,6
Derek,171562,3
Dara,31325794,17
Maren,31325794,4
Garrett,19780194,8
Garret,19780194,23
Jacqueline,19780194,23
Johnson,19780194,6
Derrick,19780194,4
Ava,19780194,23
Kent,73473,5
Apolinaris,73473,7
Nan,73473,12
Cagney,73473,5
Kenway,6899383,7
Schumacher,7056998,16
Toshio,7293394,22
Petunia,6760470,6
Bumbly,6760470,17
Alfred,6760470,21
Larry,6760470,6
Bob,6760470,6
Apply,6760470,10
Blueberry,6760470,2
Tony,2001394,3
Graham,2001394,6
Bea,2001394,3
Younger,2001394,1
Thompson,2001394,11
Peggy,2001394,3
Manning,2001394,12
Preston,2001394,9
Stanley,2001394,6
Brian,2001394,6
Byrnes,2001394,13
Starr,8056384,10
Long,8056384,0
Perelman,17401665,1
Slamon,17401665,11
Nicole,17401665,21
Tish,17401665,16
Tartikoff,17401665,4
Tina,17401665,22
Rukmani,2748232,13
Arjun,2748232,18
Sikander,2748232,15
Tayaji,2748232,17
Singh,2748232,12
Firozi,2748232,17
Reema,21563944,23
Justine,11541829,3
Marta,11541829,17
Michelle,11541829,17
Stephen,11541829,3
Lucas,1918376,2
Grace,17595675,8
Tom,11491196,3
Jerry,11491196,23
Dick,14143380,15
Fowler,19218418,9
Marilyn,12926104,10
Varghese,28511974,11
Ravi,28511974,10
Menon,28511974,5
Anandhan,28511974,8
Bees,28511974,2
Kutty,28511974,2
Kitty,10873860,6
Detaille,10873860,5
Craig,10873860,19
Foyle,10873860,15
Eisen,10873860,21
Wyn,10873860,6
Tomka,26941666,13
Chandini,26681637,3
Nischal,26681637,3
Balu,26681637,3
Joji,26681637,21
Tom,11065284,17
Jerry,11065284,23
Mammy,11065284,6
Tom,24213437,4
Leer,3030423,17
Bud,3030423,6
Jeffrey,35340704,6
Carlyle,35340704,0
Elsa,35340704,3
Livingston,35340704,4
Bjorg,18351401,5
Philippe,18351401,19
Bernard,18351401,2
Licht,18351401,7
Nathalie,18351401,23
Poussin,18351401,23
Bergstrom,306195,23
Dale,306195,13
Bennett,306195,3
Microsystems,306195,8
Devlin,306195,17
Marx,306195,15
Arthur,12714295,1
Caesar,12714295,13
Aurelius,12714295,6
Orestes,12714295,17
Igraine,12714295,10
Batiatus,12714295,22
Augustulus,12714295,4
Merlin,12714295,14
Tiberius,12714295,18
Mira,12714295,10
Antonius,12714295,22
Vortgyn,12714295,21
Romulus,12714295,6
Ambrosinus,12714295,6
Erling,30099851,17
Braaten,30099851,17
Ivar,30099851,2
Bjern,30099851,18
Patricia,403016,2
Tom,403016,2
Washington,403016,24
Johnson,403016,0
Canady,403016,13
Adams,403016,18
Em,403016,23
Fujita,2511741,17
Chen,2511741,17
Akutagawa,2511741,16
Huo,2511741,21
Yuanjia,2511741,4
Jingwu,2511741,16
Yamada,2511741,24
Mitsuko,2511741,17
Zhen,2511741,11
Fumio,2511741,3
Camacho,2600144,15
Frito,2600144,3
Rita,2600144,16
Pendejo,2600144,23
Joe,2600144,4
Wilson,2600144,21
Bauers,2600144,0
Satan,7106195,1
Sands,7106195,8
Mace,804933,24
Chukha-Trok,804933,10
Catarine,804933,4
Gorax,804933,20
Jeremitt,804933,4
Izrina,804933,10
Bimbo,7210182,16
Betty,7210182,21
Chan,1211776,11
Jiang,1211776,3
Giovanni,9216379,10
Wright,9216379,6
Bradley,9216379,9
Peter,9216379,18
Kate,9216379,2
Damon,9216379,9
Poochi,36057875,3
Uma,36057875,2
Sivagami,36057875,4
Shun-ji,22798538,8
Cratchett,13503537,0
Renie,13503537,12
Nan,13503537,12
Peter,13503537,16
Tammy,13503537,3
Brent,13503537,6
Tyree,13503537,18
Dinwitty,13503537,11
Martin,9085771,18
West,9085771,0
Trevor,9085771,9
Mosaico,27999190,21
Frankenstein,27999190,13
Jude,2678942,0
Wyatt,2678942,20
Jen,2678942,0
Caitlin,2678942,20
Jonesy,2678942,23
Mukurob,2201333,3
Beyman,2201333,6
Mark,2201333,3
Wendy,2201333,17
Joe,2201333,6
Niemand,2201333,3
Dutoit,2201333,18
Bates,2201333,18
Leidzinger,2201333,13
Saarke,2201333,10
Montpetit,21577731,11
Pascale,21577731,11
Neufeld,21577731,18
Michele,21577731,21
Carlos,23117893,8
Annette,23117893,6
Alberto,23117893,6
Fernando,23117893,6
Josefina,23117893,7
Marie,23117893,2
Marcos,23117893,21
Kael,20951888,22
Lilli,20951888,6
Ally,20951888,5
Halasz,17355548,16
Liptus,17355548,17
Miron,17355548,12
Melita,17355548,3
Zhaoyang,1511826,12
Mace,2935848,6
Jenkins,2935848,17
Bernie,2935848,0
Sarah,2935848,17
McCallum,2935848,17
Napier,2935848,9
Atkins,2935848,17
Donna,2935848,11
Stiles,2935848,17
Il-sung,3582090,20
Ho-jeong,3582090,2
Brothers,17088994,18
Sarner,17088994,14
Gannon,17088994,10
Trou,32174547,8
Mario,32174547,10
Laure,32174547,21
Betty,32174547,23
Ayla,26011655,0
Nazik,26011655,14
Muhsin,26011655,6
Kanadikirik,26011655,1
Augusto,3819743,18
Eva,5891915,3
Diego,5891915,6
Cardenal,5891915,12
Teena,26612982,13
Urmila,26612982,23
Menon,26612982,23
Sreelakshmi,26612982,18
Zakhariah,26612982,14
Maurine,1352821,21
Jeremy,1352821,21
Williams,1352821,19
Sheen,1352821,11
Karen,1352821,23
Collier,1352821,3
Bates,1352821,11
Estevez,1352821,21
Ming,7169360,4
Lee,7169360,17
Bob,7169360,21
Ramesh,10791993,6
Raja,10791993,10
Mahendran,10791993,18
Sridevi,10791993,3
Beck,13032457,16
Larsson,13032457,22
Rootintootin,8013508,17
Sober,8013508,1
Rumma,8013508,2
Suzie,16183064,21
Chuck,16183064,16
Simmons,16183064,3
Wallace,16183064,1
Greeley,14405752,18
Gruenwald,14405752,18
Hart,14405752,11
Green,14405752,14
Cavanaugh,25492486,9
Donahue,25492486,19
Jeffrey,25492486,8
Bailey,25492486,0
Stewart,25492486,15
Marie,25492486,22
Mandighan,25492486,6
Nazarin,17636563,6
Jones,17636563,0
Tobey,17636563,6
Paxton,17636563,3
Clinton,17636563,11
Red,26547293,5
Cardini,26547293,6
Caudill,16657224,8
Boone,16657224,6
Calloway,16657224,6
Poordevil,16657224,17
Jim,16657224,14
Jourdonnais,16657224,5
Zeb,16657224,13
Deakins,16657224,24
Rodriguez,3242877,24
Ellis,3242877,17
Henson,3242877,17
Bart,3242877,17
Alexandra,3242877,17
Griffin,3242877,17
Morgan,3242877,1
Casper,3242877,15
Amanda,3981967,2
Arden,3981967,23
Cooper,3981967,9
Dr.,3981967,6
Bulbeck,12555559,15
Slaughter,12555559,20
Amy,25283083,12
Newhouse,25283083,10
Barkley,6708645,3
Durai,26534182,12
Chawla,26534182,5
Dileep,26534182,5
Pandi,26534182,17
Chandran,26534182,3
Swami,26534182,17
Bhuvana,26534182,17
Rangadu,26534182,22
Meena,26534182,8
Rick,8572609,17
Bloom,8572609,2
Alice,8572609,3
Sheryl,8572609,3
Christine,9995174,22
Isha,34440169,12
Ramesh,34440169,1
Raana,34440169,24
Ramanna,34440169,3
Thimothy,34440169,0
Jai,34440169,18
Swamiji,34440169,14
Stefan,14259399,18
Valerie,14259399,21
Sakaki,27797260,18
Masayo,27797260,1
Miller,29836847,7
Galiote,18204467,3
Nansac,18204467,16
Lina,18204467,21
Jacquou,18204467,3
Micci,11052424,19
Teresa,11052424,12
B.,11052424,4
Sica,11052424,24
Kuroki,2847874,5
Azumi,2847874,17
Toshikazu,2847874,14
Brooks,25934563,23
Stranger,25934563,9
Jake,25934563,17
Tibbs,25934563,11
Ben,25934563,17
Wolfgang,25934563,21
Quincy,25934563,3
Hickman,25934563,6
Shah,25934563,22
John,25934563,3
Wayne,25934563,17
Slavin,2367337,22
Donovan,2367337,6
Bala,24388866,3
Divya,24388866,11
Vasu,24388866,3
Ramya,24388866,8
Hettinger,15607846,18
Powell,15607846,4
Smith,15607846,12
Campbell,15607846,17
Kato,10140793,1
Crogan,10140793,15
Reid,10140793,9
Baboottan,28683974,18
Saritha,28683974,6
Yakobi,28683974,21
Diya,28683974,0
Muthu,28683974,7
Brou,459586,17
Cond,459586,24
Richelieu,459586,5
Barre,459586,3
Laubardemont,459586,6
XIII,459586,24
Grandier,459586,20
Louis,459586,6
Jeanne,459586,3
Parker,12466125,16
Spider-Man,12466125,0
Mahowny,1244822,24
Belinda,1244822,1
Bernie,1244822,15
Ebert,1244822,20
Alvin,25932667,18
Dwiggins,25932667,13
Hicks,25932667,7
Coyote,10131432,16
Wile,10131432,3
E.,10131432,3
Mani,26431639,3
Nimitz,962431,11
Yamamoto,962431,10
Sakura,962431,16
Garth,962431,11
Boulaye,7893461,13
Sav,7893461,19
Mickey,7070586,2
Mouse,7070586,19
Minnie,7070586,6
Pete,7070586,16
Roshan,33471439,11
Beena,33471439,16
Victor,33471439,23
Rosetti,33471439,24
Mark,33471439,6
Susan,33471439,18
Deepthi,33471439,6
Christie,33471439,23
Jerome,33471439,5
Thomson,33471439,19
Jacob,33471439,13
Mathew,33471439,17
Narayanan,33471439,20
Chandrika,33471439,3
Chandrasekhar,33471439,6
Poirot,33471439,11
Alice,33471439,17
Jackson,12545571,12
Knowles,12545571,19
Blake,12545571,4
Crowson,12545571,18
Phyllis,12545571,23
Forbes,12545571,18
Celia,12545571,21
Price,12545571,7
Johnson,34272720,7
Daniloff,2742724,2
Ursula,2742724,23
Andrea,2742724,21
Widdington,2742724,12
Smith,2742724,7
Dench,2742724,10
Napoleon,22944765,14
Gilliatt,22944765,6
Spencer,14531115,0
Valentine,14531115,3
Thomas,14531115,13
Ralph,14531115,6
Annabel,14531115,21
Jimmy,14531115,6
Ben,14531115,3
Price,14531115,3
Ellen,2009711,3
Putnam,2009711,11
Warren,2009711,17
Fields,2009711,5
John,2009711,4
Vic,523419,6
Shosho,523419,3
Jim,523419,17
Mabel,523419,6
Wilmot,523419,13
Yablonski,733609,14
Lewis,733609,10
Jones,733609,15
Boyle,733609,13
peter,733609,7
Biskind,733609,19
Kopple,733609,13
Scott,733609,6
Po,2148679,23
Carnahan,28118500,19
Breman,22644279,24
Kikker,22644279,24
Sientje,22644279,3
Ko,22644279,8
Jan,22644279,6
Frans,22644279,17
Marie,22644279,14
Buren,22644279,16
Sien,22644279,3
Angelique,22644279,12
Momomi,2947484,16
Mikura,2947484,20
Momoi,2947484,9
Scheider,25817015,22
Sid,25817015,9
Michelle,2368143,16
Schaffer,2368143,22
Mamuwalde,2368143,4
Thomas,2368143,24
Peters,2368143,24
McCoy,2368143,20
Tina,2368143,17
Christina,6023070,6
Trixie,685931,3
Voytek,685931,17
Edwards,685931,15
Ben,685931,3
Young,685931,0
Smith,685931,23
Emmett,685931,1
Murph,685931,14
Dumore,685931,18
Junior,685931,3
Emily,685931,21
Aron,685931,3
Rhoda,685931,22
Peabody,685931,3
LaWanda,685931,3
Thorn,685931,20
Madison,685931,21
Annie,685931,6
Healy,685931,6
Claukinski,685931,9
Dolly,685931,21
Snape,9834441,8
Bagshot,9834441,18
Harry,9834441,3
Fletcher,9834441,5
Yaxley,9834441,21
Weasley,9834441,0
Delacour,9834441,8
Hermione,9834441,3
Gregorovitch,9834441,12
Gryffindor,9834441,0
Umbridge,9834441,11
Moody,9834441,19
Malfoy,9834441,14
Dumbledore,9834441,6
Apparates,9834441,10
Ron,9834441,3
Luna,9834441,10
Manor,9834441,4
Lovegood,9834441,21
Voldemort,9834441,4
Bard,9834441,10
Nagini,9834441,5
Ollivander,9834441,10
Grindelwald,9834441,19
Tuffy,6892118,3
Tom,6892118,16
Jerry,6892118,3
Shaiza,1167860,1
Nawab,1167860,12
Walker,1167860,15
Aslam,1167860,12
Cath,6265220,23
Sam,6265220,10
Vaines,6265220,17
Sarah,6265220,3
Greg,6265220,16
Juno,6265220,17
Rios,6265220,19
Dan,6265220,17
Oswald,6265220,12
Elen,6265220,23
Kaplan,6265220,15
Baekeland,11308555,8
Balaguer,29970414,16
Rizal,29970414,13
Narcisa,29970414,9
Alonso,29970414,1
Bracken,29970414,2
Christine,304392,13
Doinel,304392,14
Darbon,304392,20
Antoine,304392,3
Helena,4898573,11
Magdalene,4898573,13
Elizabeth,4898573,19
Mary,4898573,23
Superior,4898573,19
James,4898573,8
Jane,4898573,24
Catherine,4898573,23
Richard,4898573,8
Daly,4898573,9
Ann,4898573,23
Sarah,4898573,23
Muntz,15516110,2
Cranehill,15516110,16
Ida,15516110,22
Badger,15516110,13
Kellogg,15516110,13
Ossining,15516110,14
Spitzvogel,15516110,15
Will,15516110,23
Eleanor,15516110,4
Lightbody,15516110,20
Bender,15516110,24
Nambiar,10628948,9
Vaitheeswari,10628948,3
Vallavaraayan,10628948,2
Vallavarayam,10628948,17
Sembattai,10628948,8
Vaanavaraayan,10628948,16
Moe,14615738,20
Shemp,14615738,2
Larry,14615738,2
O'Neil,6575394,19
Claire,6575394,23
Barbara,6575394,8
Kahei,5119319,3
Rokubei,5119319,17
Osugi,5119319,17
Sutekichi,5119319,6
Okayo,5119319,23
Taylor,5498661,11
Tony,5498661,8
Sarah,5498661,6
Ramirez,5498661,20
Fei,9893039,16
Rico,2032676,17
Sosa,2032676,5
Tommy,2032676,6
Mark,2032676,19
Saviour,2032676,17
Sha,2032676,1
Shameek,2032676,17
Keisha,2032676,17
Black,2032676,17
Barrington,4095645,18
Crowfoot,4095645,5
Stewart,4095645,12
Boomer,6079196,17
Hayes,6079196,22
Masterson,6079196,9
Kelvin,6079196,9
Sage,6079196,4
Benitez,6079196,10
Joan,32995549,2
Emilienne,32995549,24
Moreau,32995549,2
Karamanlis,1522227,15
Brandt,234537,10
Partridge,234537,17
Prozium,234537,4
DuPont,234537,6
Father,234537,3
Prozuim,234537,24
O'Brien,234537,13
Sam,2349209,17
Dougal,2349209,21
Rusty,2349209,0
Zeebad,2349209,24
Zebedee,2349209,6
Brian,2349209,4
Vic,20844864,23
Santo,20844864,15
Ray,20844864,23
Frank,20844864,17
Thea,20844864,9
Cho,20844864,14
Butch,20844864,20
Jane,15337018,12
Tarzan,15337018,17
Velayudham,28731928,16
Palwai,28731928,21
Micheal,28731928,21
Sudheer,28731928,23
Michael,28731928,13
Shastri,28731928,21
Kepesh,12224231,3
Kenny,12224231,16
George,12224231,21
Consuela,12224231,6
O'Hearn,12224231,24
Castillo,12224231,1
Caroline,12224231,12
David,12224231,21
Sanjana,5157752,13
Yadav,5157752,12
Aishwarya,5157752,1
Madhav,5157752,23
Annavaram,5157752,3
Ganga,5157752,23
Sairam,5157752,19
Balu,5157752,17
Varam,5157752,3
Narasimha,5157752,17
Pandu,5157752,23
Norrick,2626454,19
Solana,2626454,2
Konreid,2626454,18
Gallian,2626454,22
Muffet,7488209,23
Betty,7488209,3
Rajini,11141776,11
Kamal,11141776,10
Archie,220521,22
Earl,220521,24
Shapiro,220521,24
Sally,220521,22
Hodgson,220521,12
Sam,9475022,10
Mayhew,9475022,4
Patty,9475022,16
Richard,1395159,24
Zak,1395159,16
reach,1395159,7
Gates,1395159,17
Dopler,1395159,17
Francesca,1395159,3
Jay,1395159,24
Gibbs,1395159,23
Marcos,27994466,9
Stevens,26342592,2
Morgan,1094516,3
Nordstrom,1094516,16
Seetha,30809577,14
Pandian,30809577,16
Pandiarajan,30809577,15
Pandiyarajan,30809577,14
Ramasamy,30809577,0
Revathi,30809577,8
Aoki,4185779,14
Yoshimura,4185779,5
Ota,4185779,5
Yukio,4185779,5
Kujo,4185779,21
Raja,32269495,17
Karan,32269495,13
Saab,32269495,14
Daara,32269495,13
Singh,32269495,14
Thakur,32269495,4
Yogi,32269495,7
Patricia,5638157,11
Gossett,5638157,11
Norris,5638157,24
Donigan,5638157,19
Porter,5638157,8
Lillee,31423990,4
Holding,31423990,14
Richards,31423990,21
Greenidge,31423990,12
Greig,31423990,8
Garner,31423990,9
Lloyd,31423990,14
Thomson,31423990,15
Constantine,31423990,15
Roberts,31423990,0
Marshall,31423990,7
Packer,31423990,9
Bedi,31423990,18
Worrell,31423990,9
Kolchak,13439015,6
Oakland,13439015,9
Carl,13439015,16
Vincenzo,13439015,9
Foster,13439015,10
Buffgun,4759392,6
Elvis,4759392,17
Presley,4759392,9
Ratnam,22858004,19
Ammini,22858004,17
Kailash,22858004,5
Kuttimalu,22858004,21
Haridas,22858004,23
Forsberg,6149264,7
Ammu,32629392,22
Pavithran,32629392,11
Ajayan,32629392,10
Floreal,19308865,16
Miller,1052133,24
Maria,1052133,12
Ivan,1052133,17
Nicholas,1052133,3
Reznik,1052133,23
Reynolds,1052133,18
Stevie,1052133,13
Trevor,1052133,3
Janet,7452100,3
Mr.,7452100,12
Jasper,7452100,14
Jones,7452100,13
Mary,7452100,6
Loring,8267311,24
Fremont,8267311,0
Burr,8267311,20
Raspinoff,8267311,4
Quarles,11461593,13
Friedman,11461593,18
Lewis,11461593,3
Pierre,11461593,21
Leo,55495,21
Reagan,55495,17
Bernbaum,55495,4
Verna,55495,14
Caspar,55495,4
O'Bannon,55495,6
Bernie,55495,5
Shrivastav,5090583,17
Kamini,5090583,6
Dharmdas,5090583,19
Srivastav,5090583,3
Dharamdas,5090583,6
Shekhar,5090583,3
Rekha,5090583,17
Nicholi,4369608,3
Stuart,4369608,11
Michael,4369608,14
Jon,4369608,24
Cold,4369608,11
Amanda,4369608,4
Donovan,4369608,21
Oates,10890384,23
Priscilla,1721437,17
Delaney,1721437,17
Booth-a,1721437,8
Lance,1721437,19
Hannon,1721437,3
Mansingh,12128552,22
Sapna,12128552,16
Vaishali,12128552,0
Nagar,12128552,0
Ozo,12128552,7
Khote,12128552,0
Shakal,12128552,13
Gulzar,34536204,24
Hirshfeld,24501467,4
Charlotte,24501467,21
Lothar,24501467,0
Carow,24501467,3
Zitzenau,24501467,19
Berfelde,24501467,15
Luise,24501467,4
Mahlsdorf,24501467,12
Joechen,24501467,19
Mike,10407964,21
Mary,10407964,24
Nadeem,4026639,6
Mujhe,4026639,5
Rita,4026639,3
Aina,4026639,22
Seth,4026639,8
Romero,32808718,19
Grey,32808718,12
Mary,32808718,13
Tex,32808718,17
Penrose,32808718,17
Corbett,32808718,14
Spengler,32808718,2
Kinnane,32808718,24
Muldoon,32808718,18
Rhonda,4694464,23
Adam,4694464,23
Steve,4694464,21
Michael,4694464,23
Holt,4597853,8
Jacqueline,4597853,6
Andrea,4597853,23
Emily,4597853,6
Garavani,4597853,3
Nigel,4597853,9
Miranda,4597853,6
Follet,4597853,19
Charlton,4597853,7
Lily,4597853,6
Thompson,4597853,11
Andy,4597853,3
Shimin,3024239,4
Shichong,3024239,4
Yuan,3024239,3
Sifu,3024239,21
Xia,3024239,6
Ho,4410476,3
Su-eun,4410476,23
Kyo,4410476,22
Eun,4410476,23
Ben,28683657,21
Moe,8224272,3
Larry,8224272,3
Catsby,8224272,8
Stefan,31322526,4
Horn,31322526,13
Brause,31322526,1
Gitfinger,9162180,13
Frost,9162180,9
Kremmen,9162180,6
Benny,9162180,8
Carla,9162180,8
Cady,171029,3
Taylor,171029,10
Bowden,171029,12
Dutton,171029,3
Sievers,171029,22
Peggy,171029,2
Nancy,171029,13
Katt,33117749,4
Patty,4147193,17
Terry,4147193,1
Joe,4147193,6
Marjorie,4147193,23
Agatha,14420555,3
Vicky,14420555,17
Greg,14420555,17
Snow,14420555,11
Colt,14420555,17
Anderson,14420555,16
Gary,14420555,17
Mike,14420555,9
Bill,14420555,17
Fallander,14420555,8
Yun-ha,32985704,1
Suk-gi,32985704,17
Dong-ju,32985704,0
Moonbow,32985704,17
Ho-jeong,32985704,8
Spears,15796936,9
Jesus,15796936,4
Livingston,25731303,19
Spaggiari,32762905,24
Edgar,27510681,6
Louie,27510681,1
Whitey,27510681,6
Poiccard,5989305,3
Lewis,5989305,12
Jesse,5989305,6
Lujack,5989305,17
Burns,5989305,23
Talbot,3339200,16
Jordan,3339200,15
Vance,3339200,11
Ferncliffe,3339200,8
Dan,3339200,6
Carlotta,3339200,6
Oliver,3339200,6
Kitty,3339200,20
Paula,3339200,20
Renault,3339200,20
Stengel,3339200,15
Lucy,3339200,2
Kane,3339200,18
Millicent,3339200,13
DeGraff,3339200,0
Larry,3339200,21
Packard,3339200,15
Catali,26448607,6
Stolypin,99464,5
Yurovsky,99464,5
Alexandra,99464,21
Trotsky,99464,0
Alexei,99464,21
Tatiana,99464,23
Olga,99464,23
Cox,99464,24
Dmitri,99464,9
Ferdinand,99464,10
Potter,99464,4
Witte,99464,22
Gapon,99464,21
Rasputin,99464,9
Botkin,99464,13
Nicholas,99464,6
Tsaritsa,99464,0
Joseph,99464,14
Foeodorovna,99464,12
Stalin,99464,14
Cragis,4162883,4
Maxine,4162883,19
Abdulah,11217695,16
Meribella,35954378,20
Crider,35954378,16
Amelia,35954378,9
Keira,35954378,3
Rupert,35954378,0
Tori,35954378,3
Liam,35954378,13
Willy,22199726,21
Mago,22199726,6
Smiley,22199726,4
Sayra,22199726,3
Martha,22199726,17
Marlen,22199726,19
Casper,22199726,3
Varga,24643389,17
Gergely,24643389,5
Strickland,24643389,10
Antal,24643389,19
Henry,3683823,14
Gilbert,3683823,2
Orient,3683823,11
Boyd,3683823,4
Dunnworthy,3683823,1
Kum,6156767,3
Williams,11142423,22
Nair,11142423,9
Vijayam,11142423,1
Barnacle,8500485,4
Porgie,8500485,10
Piper,8500485,4
Mary,8500485,23
Jack,8500485,13
Nimble,8500485,4
Lisa,8500485,3
Tony,17957236,20
Jim,9054462,21
Terje,9054462,13
Taylor,15777230,3
Cory,15777230,17
Aiden,15777230,17
Kristen,15777230,6
Breslin,15777230,5
Spitz,15777230,3
Sean,15777230,3
Alex,15777230,3
Chakraborty,30603944,5
Turner,10133217,14
Abel,10133217,3
Wilson,10133217,11
Lisa,10133217,6
Darlington,10133217,9
Chris,10133217,6
Jennifer,450634,21
Johnson,450634,0
Parker,450634,13
Bud,450634,3
Bob,450634,12
Sue,450634,13
David,450634,3
Duessa,2103762,8
Prasus,2103762,17
Eugenie,17050837,14
Disraeli,17050837,6
Lesseps,17050837,21
Said,17050837,18
Pellerin,17050837,5
Montijo,17050837,5
Napoleon,17050837,16
Toni,17050837,4
Ali,17050837,14
Latour,17050837,19
III,17050837,20
Bonaparte,17050837,17
Michelle,13449620,3
Allan,13449620,23
Junand,13449620,4
Yeung,13449620,9
Charlie,13449620,3
James,13449620,6
Ching-yeung,13449620,21
Franchino,20874072,3
Rosaria,20874072,3
Sebastiano,20874072,23
Sam,12596488,3
Mithun,12594256,23
Fatakeshto,12594256,13
Ananda,12594256,11
Banks,77856,6
Albert,77856,14
Brill,77856,21
Michael,77856,21
George,77856,13
Mary,77856,14
Jane,77856,21
Ellen,77856,6
Binnacle,77856,7
Bert,77856,3
Corry,77856,12
Jr.,77856,7
VII,77856,18
Jr,77856,6
Poppins,77856,17
Nanna,77856,6
Persimmon,77856,19
Steffanic,4642099,12
Vestok,4642099,20
Karan,26306593,21
Mitali,26306593,21
Morrison,25178358,16
Beth,25178358,21
Delia,25178358,2
Steve,25178358,21
Moriarty,25178358,7
Tomek,1079963,3
Magda,1079963,3
Insdorf,1079963,23
Beatrice,25216011,0
Mala,25216011,9
Jhan,25216011,15
Lynn,25216011,5
Suzman,828218,12
Finney,828218,20
Speakman,828218,20
Davies,828218,12
Nicola,828218,2
Binney,828218,10
Steadman,828218,11
Marlow,828218,23
Malahide,828218,11
Raymond,828218,13
Potter,828218,21
Johann,19115862,11
Brand,19115862,2
Stefan,19115862,21
Stephan,19115862,14
Berndle,19115862,21
Lisa,19115862,6
Paul,30742676,16
Dylan,30742676,6
Elliott,30742676,11
Ben,30742676,2
Doris,30742676,8
Lynn,30742676,21
Alice,30742676,13
Charley,17687538,11
Wagner,17687538,23
Linda,17687538,13
Willy,17687538,3
Howard,17687538,6
Biff,17687538,6
Loman,17687538,10
Bernard,17687538,6
Francis,17687538,10
Lang,17687538,23
Tim,4186829,13
Darryl,4186829,6
Thorpe,4186829,13
LaFlour,4186829,15
Wheedon,4186829,13
Witherspoon,4186829,21
Tyson,4186829,3
Kwon,3824986,4
Lee,3824986,12
Chan,3824986,10
Adderson,3186725,8
Marcia,3186725,9
Sheldon,3186725,17
Two-Bit,3186725,17
Ponyboy,3186725,23
Bob,3186725,17
Curtis,3186725,3
Bianca,456587,6
Convex,456587,5
Renn,456587,17
Videodrome,456587,4
O'Blivion,456587,17
Harlan,456587,17
Max,456587,23
Nicki,456587,6
Masha,456587,17
Kincaid,1665781,10
Danny,1665781,13
Granny,1665781,14
Hiram,1665781,16
Paglia,7513196,2
Page,7513196,13
Walker,7513196,15
Fae,7513196,23
Shirley,7513196,6
Edwards,7513196,6
Cheryl,7513196,3
Diana,7513196,23
June,7513196,4
Tamara,7513196,23
Richards,7513196,21
Gus,27537840,17
Nash,27537840,10
Porter,27537840,10
Rollason,4069518,7
McNee,4069518,2
Kusang,4069518,18
Helen,4069518,7
Pollard,9129839,15
Carter,9129839,6
Sanford,9129839,23
Julia,9129839,19
Davis,9129839,10
Jackson,3586028,17
Rodriguez,3586028,7
Maria,3586028,4
Django,3586028,4
Nathaniel,3586028,17
guez,3586028,8
Williams,29891231,6
Balfour,29891231,23
Traymore,29891231,22
Manuel,29891231,6
Montoya,29891231,21
LeClerc,29891231,14
Anna,34191422,6
Reid,34191422,13
Corbin,23396276,11
Suffolk,10393653,9
Gaudin,10393653,0
Sylvia,10393653,3
Clyde,10393653,4
White,14080839,6
Joe,14080839,21
Mary,14080839,13
Graham,14080839,7
Haw,9459686,15
Galli,9459686,24
Napier,9459686,13
Pom,9459686,7
Ehrlich,9459686,16
Kirchner,9459686,6
Keller,9459686,5
Spee,9459686,2
Behrens,11932765,24
Daly,11932765,22
Corbett,11932765,24
Rita,11932765,13
Tom,11932765,14
Jones,11932765,8
Marten,11932765,1
Livingston,11932765,8
Merry,396607,5
Strider,396607,0
Frodo,396607,21
Shire,396607,23
Westbrook,396607,11
Anduin,396607,0
Isildur,396607,13
Legolas,396607,6
Pippin,396607,5
Gimli,396607,24
Baggins,396607,6
Boromir,396607,16
Sam,396607,13
Sauron,396607,24
Taylor,2290453,6
Teddy,2290453,17
Benny,2290453,8
Matty,2290453,6
Marbles,2290453,3
Chris,2290453,6
Demaret,2290453,5
Kane,26202408,13
Bonny,26202408,23
Johnson,26202408,15
Xenos,10673063,13
Barajas,22271666,21
Gray,3505515,24
Emery,3505515,1
Fox,3505515,12
Chingford,3505515,13
Troon,3505515,23
Farina,3505515,8
Dunn,3505515,0
Claire,3505515,19
Unni,26003458,12
Theodore,25982831,17
Nocturna,25982831,23
Jimmy,25982831,10
Dracula,25982831,4
Jugulia,25982831,4
Niki,24865200,3
Georgi,24865200,22
Bradley,17377846,11
Colburn,17377846,11
Brando,17377846,1
Wolf,1707516,18
Anglin,1707516,12
Butts,1707516,18
Morris,1707516,21
John,1707516,12
Doc,1707516,3
Kee,25660133,13
Rose,25660133,6
Mary,25660133,3
Orloff,25074031,3
Diane,25074031,4
Dearborn,25074031,13
Betty,7487497,23
Kumar,4277421,14
Savitri,4277421,3
Srivastava,4277421,20
Sunder,4277421,6
Kaul,4277421,13
Marco,4277421,3
Kunta,4277421,17
Sunil,4277421,6
Prem,4277421,12
Gresham,1198629,7
Croft,1198629,2
Ebinger,16048942,16
McDowell,16048942,0
Chaplin,16048942,18
Faber,16048942,24
Valentin,16048942,5
Robb,16048942,9
Dada,16048942,19
Moras,16048942,13
MacAfee,9475801,2
Noymann,9475801,9
Considine,9475801,10
Ishu,26172176,9
Whitaker,26172176,18
Gemma,26172176,5
Loa,26172176,4
Mehrak,26172176,17
Simon,26172176,17
Sinbad,26172176,17
High,8830696,17
Tommy,8830696,10
Naomi,23302133,20
Serrano,23302133,24
Eddie,23302133,16
Hulka,23302133,19
Lucy,23980112,4
Orelas,23980112,13
Hicks,23980112,13
Kronk,8982096,11
Ann,8982096,2
Baldazar,8982096,0
Stimpson,8982096,11
Hollis,8982096,23
Naylor,8982096,2
Cottle,8982096,17
Watuma,7259476,13
Ashby,6389690,5
Syme,6389690,15
Hartley,6389690,19
Laura,25350982,6
David,25350982,15
Mills,25350982,22
Fields,25350982,19
Pippi,22637746,11
Tommy,22637746,19
Nilsson,22637746,7
Longstocking,22637746,21
Thorpe,21472296,4
Miller,4209429,20
Darkmatter,4209429,14
Nova,4209429,1
Nebula,4209429,5
Mira,4209429,16
Hamm,4209429,7
Buzz,4209429,3
Sarge,4209429,3
Zurg,4209429,3
Rex,4209429,7
Jessie,4209429,7
Warp,4209429,17
Weller,34406989,19
Sant,34406989,5
Sarcone,31508731,4
Mitsuo,25754522,21
Wada,25754522,12
Ayako,25754522,24
Misha,27915788,13
Margie,171559,21
Whitehouse,171559,22
Glen,171559,8
Jill,171559,3
Fogg,171559,21
Jack,171559,17
Rolfe,171559,2
Lariviere,171559,12
Wade,171559,3
Olet,29239928,4
Sybil,29239928,12
John,29239928,16
Cort,740824,4
Herod,740824,17
Yadav,17440633,13
Laila,17440633,0
Laxminarayan,17440633,21
Kanta,17440633,24
Sonu,17440633,19
Khujli,17440633,13
Pipat,17440633,23
Magoo,3448857,0
Shirley,2970596,6
Sarah,2970596,6
Julie,2970596,16
Rhonda,2970596,6
Eddie,2970596,6
Harvey,2970596,13
Magnum,623593,10
Christ,623593,3
Yagna,10811085,21
Rajyam,10811085,2
Pattabhishekam,10811085,2
Maharshi,10811085,10
Henry,5686822,21
Rose,5686822,6
Radford,5686822,0
Jack,5686822,16
Nelson,5686822,17
Gretchen,5686822,6
Caravaggio,101954,16
Katherine,101954,4
Hana,101954,13
Clifton,101954,23
Madox,101954,3
szl,101954,9
Count,101954,4
Kip,101954,11
Alm,101954,9
Pitney,19012797,8
Holloway,19012797,9
Hunt,19012797,21
Dean,28195477,3
Trish,28195477,23
Lawrence,28195477,23
Terry,28195477,23
Chaz,28195477,17
David,28195477,23
Troy,28195477,16
Markey,31665207,20
Nita,31665207,19
McCoy,31665207,17
Mazar,1472865,4
Kova,1472865,13
Tien,10776414,20
Tolstoy,10776414,4
Ko,10776414,15
Fossey,4848522,6
Leakey,4848522,17
Campbell,4848522,8
David,28779779,23
Unniyarcha,31481839,24
Chandu,31481839,4
Chekavar,31481839,14
Luzhkov,23633056,13
Wilde,23633056,1
Holland,23633056,11
Madhu,29480955,11
Dileep,29480955,5
Krishnanunni,29480955,7
Pillai,29480955,11
Krishnawarrier,29480955,17
Abhilash,29480955,1
Siddique,29480955,23
Poulton,24166322,1
Carliss,24166322,13
Gina,24166322,6
Simon,24166322,18
Bertini,24166322,8
Carol,24166322,2
Markie,9612861,17
Lowry,9612861,8
Dennison,9612861,0
Buffy,9612861,17
Anuj,8026248,3
Thakur,8026248,6
Payal,8026248,13
Ramona,8026248,19
Clemens,1483067,2
Brandt,1483067,2
Muriel,1483067,12
Lisa,1483067,3
David,1483067,3
Martin,2899730,10
Ramirez,31477549,19
Russell,31477549,14
Roberta,9890196,4
Blaisdell,9890196,7
Howard,9890196,24
Charles,9890196,21
Pennock,9890196,14
Millie,9890196,21
Smith,9890196,16
Samuel,9890196,6
Dan,9890196,21
Harriet,9890196,21
Fulton,9890196,15
Norton,9890196,6
Millicent,9890196,7
Stebbins,9890196,8
Luis,6205079,6
Fred,6205079,8
Alejo,6205079,3
Charlene,6205079,6
Smiley,6205079,7
Daphne,6205079,3
Scooby,6205079,3
Fuente,6205079,6
Otero,6205079,23
Velma,6205079,3
Dolores,6205079,6
Heather,24742937,4
Dean,24742937,14
Dana,24742937,2
Bruno,10797643,2
Francois,10797643,21
Lam,7398083,13
Worm,7398083,20
Jennifer,3130366,3
Matthew,3130366,3
Victor,3130366,3
Nikki,3130366,13
Karen,3130366,2
Cook,6720263,6
Harris,6720263,13
Flagg,6720263,0
Stone,6720263,15
Matthew,10943778,10
Sonny,10943778,22
LaHaye,10943778,16
Willie,10943778,6
Huff,10943778,19
Mulrooney,253834,18
Kharis,253834,4
Bey,253834,13
Isobel,253834,3
Stephen,253834,6
Ananka,253834,0
Mehemet,253834,22
Whemple,253834,17
John,253834,3
Dietz,21287052,6
Jasper,2285878,21
Kossil,2285878,17
Gebbeth,2285878,3
Rosa,2285878,5
Tenar,2285878,17
Raghav,31365664,7
Saxena,31365664,14
Strausmann,3328529,18
Noah,3328529,23
Madonna,3328529,20
Rimbaud,18491403,1
Ruth,18491403,15
Gish,23974329,22
Todd,16230319,17
Willy,16230319,3
Harris,16230319,21
Sheldon,16230319,23
Claire,16230319,3
Alex,16230319,3
Joan,6934510,6
Neal,6934510,17
Sender,6934510,9
Lloyd,6934510,10
Buster,6934510,6
Floyd,6934510,15
Stanley,6934510,3
Neidermeyer,6934510,6
Arnold,6934510,17
Ollie,6183212,21
Stan,6183212,12
Hardy,6183212,23
Marley,27995292,13
Corbett,27995292,21
Goldberg,27995292,0
Goldstein,27995292,13
Kim,15314787,22
Anne,8503874,4
Jean,8503874,18
Bernard,8503874,13
Bella,26713091,3
Norman,26713091,6
Wayne,26713091,3
Greely,26713091,6
Moore,14632518,8
Holt,14632518,23
Jules,14632518,22
Karl,14632518,6
Waldersticker,20498584,14
Young,20498584,13
Graves,20498584,12
Skinner,20498584,13
Tess,20498584,2
Snape,670407,13
Harry,670407,3
Weasley,670407,1
Tonks,670407,12
Chang,670407,22
Hermione,670407,17
Umbridge,670407,18
Shacklebolt,670407,7
Malfoy,670407,4
James,670407,21
Dumbledore,670407,6
Ron,670407,3
Potter,670407,22
Fudge,670407,14
Lupin,670407,17
Voldemort,670407,4
Cho,670407,17
Nefertiri,957359,1
Lock-Nah,957359,1
Rick,957359,17
Izzy,957359,17
Imhotep,957359,17
Hafez,957359,5
Evelyn,957359,3
Jonathan,957359,23
Alex.,957359,8
O'Connell,957359,18
Alex,957359,3
Bay,957359,4
Nais,957359,4
Anubis,957359,6
Harry,17617782,6
Kathryn,17617782,3
Land,17617782,12
Hunter,17617782,0
Benedict,17617782,9
Andy,17617782,6
Hardy,17617782,1
Amma,31667867,21
Nair,31667867,14
Chandran,31667867,22
Jasmina,12495790,19
Miguel,12495790,8
Martin,33021772,24
McQuade,33021772,15
Nancy,33021772,11
Bracken,33021772,12
Bryant,2168278,14
Greeley,2168278,9
Jill,2168278,2
Brock,2168278,21
Collinson,2168278,20
Jacobs,27279709,17
Franklin,27279709,16
Landon,27279709,10
Will,27279709,0
Hunsiker,27279709,14
Koba,27279709,3
Caesar,27279709,4
Cox,27279709,11
Rodman,27279709,7
Aranha,27279709,8
Vasanth,26244363,21
Dora,26244363,9
Jayanth,26244363,4
Shanta,26244363,14
Kiki,13291547,6
Dennis,13291547,2
Simone,13291547,11
Valentine,13291547,3
Jan,13291547,3
Victor,13291547,5
Peter,13291547,5
Kees,13291547,6
Klaasje,13291547,2
Ted,13291547,3
Pieter,13291547,5
de,25752711,7
Patricia,25752711,2
Archibaldo,25752711,6
Cervantes,25752711,24
Carlota,25752711,22
Terrazas,25752711,0
Lavinia,25752711,3
Mordaunt,31677272,16
Hachette,31677272,19
Rolf,32821760,15
Mamlock,32821760,16
Fudd-ese,3150811,10
Mary,3150811,20
Daffy,3150811,3
Canasta,3150811,23
Scott,3150811,13
Porky,3150811,7
Hunter,13998321,17
Rosalita,89631,12
Brandon,89631,15
Willie,89631,10
Mikey,89631,21
Stalin,31322524,1
Agnes,31322524,21
Jochen,31322524,13
Cynthia,14202380,6
Brady,14202380,19
Lillian,14202380,21
Sullivan,14202380,0
Leonard,14202380,12
Gilbert,14202380,0
Pastor,14202380,20
Moore,14202380,19
Helen,14202380,3
Russell,14202380,22
Fleming,32986721,11
Garland,32986721,14
Billy,32986721,21
Paula,4712026,2
Paul,4712026,21
Azhagar,26083658,21
Viruman,26083658,5
Murugan,26083658,0
Lee,27525573,14
Lucas,27525573,9
Deborah,27525573,15
Tom,12303686,3
Ayres,12303686,20
Rose,12303686,3
Joe,12303686,4
Norma,12303686,21
Bill,12303686,0
Yap,12303686,0
Shirley,19374957,10
Ann,19374957,13
Chubby,19374957,13
Mary,19374957,13
Farina,19374957,17
Patrick,2072768,11
Susan,2072768,3
Garthwaite,2072768,8
Jess,2072768,2
Ridgefield,2072768,22
Peel,2072768,8
John,2072768,9
Christopher,21062311,22
Shion,8155618,16
Hyuga,8155618,4
Kakashi,8155618,3
Taruho,8155618,15
Fox,8155618,15
Lee,8155618,4
Naruto,8155618,6
Yomi,8155618,6
Tsunade,8155618,13
Benett,2692160,10
Sidda,2692160,3
McGill,2692160,22
Vivi,2692160,6
Walker,2692160,21
Jack,2692160,11
Abbott,2692160,20
Margie,2200771,14
Halloran,2200771,17
Nick,2200771,6
Julie,2200771,21
Trumble,2200771,6
Yamamoto,6669665,5
Tatsuya,6669665,22
Onodera,6669665,6
Reiko,6669665,4
Magna,6669665,9
Takamori,6669665,3
Nozaki,6669665,1
Abe,6669665,18
Misaki,6669665,4
Tadokoro,6669665,13
Sommers,25298252,11
Louise,25298252,2
Lee,25298252,24
Hovick,25298252,3
Stan,12139290,23
Aziz,26378188,2
Ron,28293207,6
Shackle,28293207,16
Olaf,28293207,4
Frankie,28293207,2
Owen,28293207,0
Eddie,28293207,6
Rosseni,21504426,15
Amma,25965187,3
Krishna,25965187,15
Unnikrishnan,25965187,23
Manu,25965187,14
Balamani,25965187,3
Cecilia,1190115,12
Carlos,1190115,16
Teresa,1190115,13
Titzi,4398477,2
Cooper,33031395,15
Hall,33031395,21
Pike,33031395,20
Bourke,33031395,22
Keightley,33031395,7
Hell,2477211,4
Cendrilla,2477211,10
Pig,83497,19
Peter,83497,4
Barbara,24926538,21
Dolan,24926538,12
Allen,24926538,23
Jerry,24926538,2
Barry,24926538,13
Nina,5205275,2
Igor,5205275,10
Tracy,5205275,2
Maria,5205275,21
Rudolph,5205275,21
Lonny,5205275,10
Frankenstein,5205275,8
Hank,5205275,21
Jesse,5205275,3
Lopez,5205275,5
James,5205275,4
Miller,835620,9
Peggy,835620,6
Jr.,835620,6
Brown,835620,22
Jason,4702155,6
Joa,4702155,17
Ashley,4702155,6
Nisa,4702155,23
Johnson,4702155,16
Lynch,4702155,8
James,4702155,15
Winton,3584478,8
Krafft,3584478,18
Thompson,3584478,22
Ferraro,3584478,15
Brent,3584478,2
Milner,3584478,3
Lenore,3584478,8
Hobson,3584478,19
Lusk,3584478,3
Cardigan,3584478,9
Stone,3584478,23
Foghorn,24821605,3
Verma,35002530,14
Janki,35002530,1
Karuna,35002530,14
Cathie,725892,21
Taylor,725892,21
Ella,725892,21
Gordon,725892,6
Dimly,725892,21
Gault,725892,7
Daniel,725892,4
Joe,725892,20
Jim,725892,3
Gwen,725892,21
Dillinger,15070503,14
Gillis,15070503,6
Saunders,15070503,15
Nelson,15070503,21
Doc,15070503,4
Nicks,805097,12
Schneebly,805097,11
White,805097,9
Hathaway,805097,20
Spider,805097,15
Marco,805097,9
Green,805097,0
Bowie,805097,9
Mooneyham,805097,1
Finn,805097,19
Mullins,805097,7
Hendrix,805097,4
Dewey,805097,6
Christine,9142893,6
Ferris,9142893,6
Stephen,9142893,9
Allison,9142893,13
Liane,9142893,6
Adam,15477242,21
Mauban,5884329,19
Louise,5884329,3
Charlot,5884329,6
Marshal,5884329,24
Nana,5884329,8
Pasquel,5884329,15
Weston,24139538,13
Daisy,24139538,20
Gunasekaran,19014915,23
Karunakaran,19014915,8
Devasena,19014915,9
Prabhakaran,19014915,8
Kishen,5178996,0
Singh,5178996,4
Amit,5178996,18
Seema,2428326,3
Ajay,2428326,3
Karan,2428326,13
Sharma,2428326,22
Ravi,2428326,12
Chopra,2428326,3
Priya,2428326,13
Anjali,2428326,15
Vicky,2428326,6
Malhotra,2428326,22
Roy,33414827,0
Chakraborty,33414827,5
Singh,33414827,5
Saugandh,33414827,11
Haeck,2558669,5
Bieke,2558669,4
Ledda,2558669,3
Baron,2558669,24
Bracke,2558669,18
Cook,9628111,14
Cromwell,9628111,3
Collins,9628111,0
Martin,9628111,18
Johnson,9628111,5
Flint,9628111,0
Todd,32144390,8
Mae,32144390,9
Thomas,32144390,21
Emily,32144390,6
Charlie,32144390,16
Lee,32144390,3
Lynn,32144390,6
Griffith,32144390,3
Uli,8706945,14
Ana,8706945,16
Tony,26990325,17
Linda,26990325,17
Gil,26990325,10
Jess,26990325,10
Canfield,26990325,17
Petey,26990325,19
Joey,26990325,10
Atlas,26990325,20
Sosa,29019687,3
Lansky,9773964,3
Masseria,9773964,14
Luciano,9773964,3
Maranzano,9773964,18
Meyer,9773964,4
Seigel,9773964,11
Siegel,9773964,23
Rothstein,9773964,21
Fatimah,8968843,14
Adel,8968843,5
Henry,26658618,1
Tony,26658618,6
Abigail,26658618,3
Rachel,26658618,1
Caitlin,26658618,7
Wald,26658618,12
Scanlon,26658618,3
Tyrell,703687,3
Sonny,703687,3
Leticia,703687,3
Grotowski,703687,21
Buck,703687,6
Musgrove,703687,6
Pierre,26109442,2
Geraldine,26109442,2
Frankie,15452919,23
Donna,15452919,16
Tarik,384045,6
Nadia,384045,17
Chase,384045,17
Holt,1606601,6
Sawyer,1606601,16
Stacy,1606601,3
Derek,1606601,21
Barb,1606601,3
Simon,1606601,9
Cletus,26545312,20
Shawn,26545312,5
Vernon,26545312,17
Justin,26545312,17
Crowley,26545312,17
Lena,26545312,22
Victor,26545312,3
Thomas,26545312,21
Cracker,26545312,23
Avery,26545312,6
Layton,26545312,24
Jack,26545312,17
Bob,26545312,17
John,26545312,17
Marybeth,26545312,3
Vaidehi,2118149,21
Ramdulaari,2118149,10
Maithili,2118149,7
Janki,2118149,1
Raju,2118149,21
Gajendra,2118149,3
Raghu,2118149,13
Lata,2118149,24
Bulwa,2118149,23
Eshwari,19609298,0
Anita,19609298,6
Subramaniam,19609298,14
Vedachalam,19609298,21
Akash,19609298,19
Pryor,2580504,21
Tenkai,1131323,23
Tadamasa,1131323,14
Oyaruru,1131323,3
Twain,1131323,10
Nupuri,1131323,1
Takamori,1131323,4
Tarouza,1131323,4
Jiro,1131323,23
Shingo,1131323,17
Chandrika,5721950,22
Mohan,5721950,10
Nagya,5721950,14
Jaggu,5721950,15
Lan-Xian,17631558,3
Ming,17631558,0
Douglas,2223589,6
Marcus,2223589,8
Snyder,2223589,6
Shintaro,2223589,0
Tanaka,2223589,7
Jerry,2223589,20
Emily,2223589,3
Mori,2223589,3
Brown,2223589,6
Tum,2223589,2
Merrick,11952589,5
Wade,11952589,24
Shazzer,1157124,5
Jed,1157124,10
Mark,1157124,17
Bridget,1157124,3
Darcy,1157124,6
Gilles,1157124,19
Nicholls,1157124,15
Rebecca,1157124,5
Cleaver,1157124,10
Fabien,8888296,11
Kanthi,8888296,17
Jeevan,8888296,3
Porinju,8888296,2
Merlin,8888296,2
Murphy,24507791,14
Huntington,24507791,11
Winslow,24507791,4
Jocelyn,24507791,8
Laura,9918995,3
Sarli,9918995,8
Julio,9918995,2
Hope,33495788,18
Alice,33495788,21
Zuckerman,33495788,2
Sathya,22221886,21
Saara,22221886,19
Sathyan,22221886,8
Radhika,22221886,6
Anu,22221886,11
Jim,6258469,12
Bannec,32965361,4
Ambroise,32965361,4
Jean-Marie,32965361,6
Sanju,31319751,14
Qadiri,9524860,7
Sahib,9524860,6
Baba,9524860,3
Khan,9524860,6
Assef,9524860,17
Farid,9524860,21
Soraya,9524860,13
Ali,9524860,11
Amir,9524860,6
Sohrab,9524860,4
Taheri,9524860,13
Hassan,9524860,21
Seenu,30475824,10
Murali,30475824,10
Jane,32792131,21
Steve,32792131,16
John,32792131,17
Mary,32792131,13
Peter,6039456,21
Erica,6039456,11
Niles,31972917,17
Randy,31972917,17
Beth,31972917,17
Boutine,31972917,4
Emily,31972917,3
Grimley,31972917,21
Karen,31972917,3
Grover,31972917,9
Caroline,31972917,16
Oscar,31972917,21
Gein,11669482,9
Worden,11669482,12
Devi,22169427,0
Srinivas,22169427,1
Rita,497737,21
Blanchard,497737,24
Ariel,497737,2
Pascoe,497737,12
Messenger,497737,8
Francisco,6415722,11
Tirano,6415722,11
Hop,35013884,21
Mabulu,35013884,23
Silvia,9525919,6
Susana,9525919,3
Laufey,12673434,6
Odin,12673434,6
Loki,12673434,6
Coulson,12673434,5
Jane,12673434,14
Thor,12673434,6
Lewis,12673434,0
Selvig,12673434,4
Mjolnir,12673434,5
Heimdall,12673434,6
Oo,14158218,3
Naun,14158218,7
Mi,14158218,0
Gallagher,7153190,15
Kenney,7153190,22
Matthew,7153190,10
Michael,7153190,3
Toulon,7153190,23
Chane,7153190,10
Bramwell,7153190,9
Whitaker,7153190,16
Elsa,7153190,9
Martha,7153190,19
Wanda,7153190,16
Lance,7153190,16
Alex,7153190,3
Jester,7153190,23
Patrick,7153190,15
Carolyn,7153190,3
Camille,7153190,23
Boulet,32101040,3
Harel,32101040,1
Jill,25981715,13
Virgil,25981715,18
Townsend,25981715,7
John,25981715,3
Lew,5683191,10
Morita,5683191,18
Bradley,5683191,15
Reyes,5683191,21
Dupont,5683191,21
Franckenstein,5683191,16
Cathy,11227634,2
Benson,11227634,6
Barnett,11227634,2
Eve,11227634,23
Steele,11227634,13
Cole,11227634,9
Anthony,24657771,21
Pooch,28699696,23
Klunk,28699696,3
Andr,1810900,23
Chaplin,9889229,18
Tom,9889229,3
Jerry,9889229,3
Marie,8915061,4
Jacob,8915061,3
Theresa,8915061,23
Delahunt,1349086,18
Sullivan,1349086,3
Costello,1349086,24
Madden,1349086,6
Barrigan,1349086,17
Fitzgibbons,1349086,1
Costigan,1349086,3
Brown,1349086,17
Dignam,1349086,17
Queenan,1349086,4
Mills,4262697,10
Jekyll,5107856,2
Hyde,5107856,17
Becky,5107856,6
Vulkan,9155539,17
Palmer,9155539,3
Samantha,9155539,6
Ross,9155539,3
Broum,9155539,17
Steel,9155539,12
Stok,9155539,17
Hallam,9155539,3
Kreutzmann,9155539,17
Munro,2964227,18
Burt,2964227,3
Ada,2964227,10
Tina,2964227,10
Petrou,10985905,4
Pete,6451274,1
Newmar,6451274,6
Dante,6451274,19
Gerri,6451274,1
Fay,8889105,4
Keung,8889105,8
Nam,8889105,24
Mick,331586,21
Richard,331586,17
Charlton,331586,5
Richard,17685541,6
Sonja,17685541,21
Welles,17685541,6
Jones,17685541,1
Samuels,17685541,21
Caesar,17685541,20
Mantell,5247666,18
Darcy,5247666,9
Nash,5247666,19
Deva,5561909,14
Vijayan,5561909,4
Velan,5561909,3
Vijayakumar,5561909,17
Henry,11662268,13
Dad,11662268,14
Tuckton,6194624,20
Kathy,6194624,2
Travis,6194624,16
Martin,6194624,18
Cummings,6194624,3
Resko,8579904,4
Carmer,8579904,18
Chakravarthy,20890580,19
Jeeva,20890580,0
Chetta,20890580,24
Devan,20890580,2
Ratnavel,20890580,3
Winston,5897288,0
Strukov,5897288,4
Halloran,5897288,14
Roxana,5897288,24
Jim,5897288,17
O'Brien,5897288,24
Smoot,5897288,17
Pierce,5897288,9
Amanda,5897288,3
Lisa,5897288,23
Candi,5897288,0
Vinayachandran,27267871,2
Neena,27267871,19
Samuel,27267871,0
Harris,170194,1
Gibson,170194,15
Wallis,170194,6
Spano,52389,5
Whitmore,52389,0
Casse,52389,20
Mitchell,52389,18
Jasmine,52389,5
Hiller,52389,17
Dubrow,52389,0
Levinson,52389,16
David,52389,16
Shravan,11227335,13
Reshammiya,11227335,10
Khurana,11227335,17
Ria,11227335,14
Ruby,11227335,3
Shigeru,33151195,17
Hisako,33151195,23
Kayo,33151195,2
Yamazaki,33151195,10
Simone,23995955,13
Hall,23995955,21
Fitzpatrick,23995955,14
Christ,8152894,12
Nichols,8152894,22
Travis,8152894,2
Jordan,8152894,20
Chastain,1702976,15
Sam,1045034,22
Telly,1045034,3
Jim,1045034,8
Paretta,1045034,3
Munce,1045034,6
Tony,12761613,21
Burke,12761613,18
Douglas-Home,12761613,2
Townsend,12761613,20
Armstrong-Jones,12761613,20
Roddy,12761613,21
Fisher,12761613,2
Llewellyn,12761613,19
Margaret,12761613,3
Philip,12761613,6
Rokh,1620219,10
Popeye,1620219,6
Wimpy,1620219,22
Boola,1620219,10
Michelle,5443971,21
Johnny,5443971,3
Denny,5443971,13
Mark,5443971,3
Peter,5443971,1
Wiseau,5443971,13
Sestero,5443971,4
Claudette,5443971,13
Steven,5443971,6
Mike,5443971,15
Lisa,5443971,3
Briggs,26147349,20
Maris,26147349,4
Susan,26147349,2
Mike,26147349,13
Cleaver,26147349,1
Dembo,1426122,3
Earl,1426122,24
Willy,1426122,3
Jerry,1426122,17
Jenny,1426122,21
Mercer,1426122,8
Max,1426122,7
Murlidhar,5467991,10
Bankelal,5467991,17
Anarthalaya,5467991,9
Gauri,5467991,6
Ashok,5467991,2
Kashinath,5467991,5
Lane,21260121,17
Sloan,21260121,24
Martine,21260121,23
Marcos,21260121,23
McAra,21754296,11
Bly,21754296,21
Amelia,21754296,6
Rycart,21754296,3
Ruth,21754296,21
Emmett,21754296,6
Lang,21754296,21
Elizabeth,16877039,13
Beth,16877039,12
Lizzie,16877039,10
Wright,16877039,13
Moon,7984838,16
Monix,7984838,24
Peter,7984838,11
Withers,7984838,6
Dewie,7984838,10
Jackie,7984838,6
Marie,30855651,2
Michelle,30855651,24
Brigitte,30855651,2
Arthur,34732968,3
Gil,34732968,6
Allison,34732968,13
George,34732968,17
Sinclair,34732968,1
Henry,17967428,6
Judge,17967428,21
Ruvo,17967428,22
Antiovi,17967428,12
Isabelle,17967428,3
Gus,17967428,14
Greene,17967428,6
Perry,17967428,21
Dempsey,17967428,14
Patch,19165774,15
Vidia,5641391,3
Silvermist,5641391,21
Rosetta,5641391,13
Mary,5641391,3
Iridessa,5641391,19
Drake,24301630,3
Hogan,24301630,0
Anderson,24301630,17
Dan,24301630,16
Heyborne,24301630,15
McGrath,24301630,14
Flint,24301630,3
Harold,24301630,24
Lance,24301630,3
Redgrave,24301630,12
Depp,24301630,15
Gates,24301630,9
Kirk,24301630,3
Rodriguez,9477743,0
Michelle,9477743,6
King,9477743,17
Brandon,9477743,3
Burgess,9477743,1
Shorty,9477743,12
Shriver,9477743,12
Colson,9477743,15
Dee,27997835,23
Diane,27997835,12
Frankie,27997835,6
Absid,27997835,21
Nolan,27997835,17
Reagan,20475330,5
McKnight,20475330,19
Bennett,20475330,12
Russell,20475330,11
Jim,20475330,6
Lee,20475330,15
Morgan,20475330,10
Stevens,2774378,8
Diana,2774378,17
Drake,2774378,1
Rukh,2774378,21
Benet,2774378,16
Palgrave,9384481,2
Sigi,9384481,1
Charles,9384481,6
Allingham,9384481,15
Grace,9384481,8
Forthright,8980330,22
Burtt,8980330,6
Willard,8980330,8
Garlin,8980330,15
McCrea,8980330,17
Dolly,8980330,11
Knight,8980330,19
Hima,25879929,23
Deepali,9577780,3
Reema,9577780,9
Yuvraj,9577780,2
Grandma,19375029,3
Ann,19375029,13
Robinson,993226,3
Karthik,9389099,4
Buenavista,30834047,19
Cruz,30834047,9
Barrenillo,30834047,19
Beaulieu,25397721,3
Yannick,25397721,3
Zuluaga,1946017,24
Martin,1946017,6
Marco,1946017,3
Lydia,1946017,22
Benigno,1946017,6
Alicia,1946017,4
Kyle,534812,4
Sullivan,534812,3
Chucky,534812,3
Gabrielle,534812,10
Joanne,534812,3
Phil,534812,13
Hostage,534812,3
Kettlewell,534812,17
Andy,534812,3
Andare,12932687,24
Jakolis,12932687,15
Arjun,29381935,7
Ana,2236014,21
Carlos,2236014,21
Tom,2236014,3
Andrea,2236014,5
s,2236014,17
Miguel,2236014,23
Paul,14193289,3
Nicholas,14193289,3
Stope,14193289,3
Woolfolk,14193289,11
Millie,14193289,24
Litchfield,14193289,6
Halvard,14193289,3
John,14193289,3
Franky,11567553,21
Montgomery,11567553,9
Tony,11567553,19
Gerry,11567553,18
Marty,11567553,8
David,11567553,9
Jochen,5349121,0
Hull,5349121,21
Adebach,5349121,24
Rita,5349121,3
Vogt,5349121,24
Tatjana,5349121,4
Martine,32126486,6
Tyrone,32126486,12
Franco,32126486,21
Amit,36359454,6
Jai,36359454,6
Paolo,1591945,5
Karen,1591945,16
Terribili-Gonzales,1591945,21
Stone,1591945,21
Jason,22153949,3
James,22153949,9
Mallory,22153949,19
Janowitz,22153949,3
Craddock,22153949,22
Phoebe,22153949,21
Carmichael,22153949,15
Lucy,7871980,3
Collins,7871980,19
Nick,7871980,3
Ralph,7871980,3
Paul,34164514,6
Odette,34164514,3
Castelli,34164514,6
Francoise,34164514,3
Corcoran,12234096,3
Randall,12234096,17
Wyman,12234096,13
Bixby,12234096,24
Daisy,31664553,23
Marcher,31664553,1
Marcia,31664553,14
Maurice,31664553,12
Hunt,31664553,19
Higgens,31664553,6
Higgins,31664553,6
Cobb,31664553,20
Suhasini,9286652,2
Cheenu,9286652,11
Prithviraj,9286652,3
Jeremy,8499338,15
Azalea,22734911,17
Kharmusi,22734911,2
Askoy,22734911,15
Aksoy,22734911,15
Solo,22734911,17
Sebastian,22734911,4
Kuryakin,22734911,17
Annie,22734911,16
Oswald,34182222,6
Charita,19390842,2
Jimmy,19390842,6
Westwood,19390842,3
Clancy,9917462,17
LaRue,9917462,1
Quid,12207260,15
Johnny,12207260,6
Stella,12207260,14
Victor,12207260,8
Lenny,12207260,17
Mickey,12207260,4
Bob,12207260,19
Shaw,12207260,1
Archy,12207260,6
Cole,12207260,9
Abbasac,5455191,20
Robbie,5455191,21
Kelly,5455191,7
Lori,5455191,3
Dave,5455191,1
Freeman,5455191,13
Coates,16412617,24
Tim,82390,6
Bella,82390,16
Arthur,5396167,1
Lilly,5396167,1
Jeanette,5396167,16
Revere,5396167,5
Okkie,5396167,9
Walters,5396167,3
Bud,5396167,12
Alice,5396167,6
Chris,5396167,6
Debbie,5396167,13
Elie,17372357,15
Yvan,17372357,3
Howard,1518813,9
Zacariah,28986019,21
cassanova,28986019,7
Hanna,28986019,13
Zameera,28986019,23
Mary,28986019,13
Casanovva,28986019,6
Zacharia,28986019,21
Praveen,7529425,23
Sanjay,7529425,23
Kapoor,10731817,4
Jackson,10731817,11
Gopi,10731817,18
Khabri,10731817,11
Claton,21435501,0
Kelly,21435501,16
Louise,21435501,17
Dumarcet,21435501,0
McAllister,21435501,9
Buddy,1273747,3
Holly,1273747,23
Mortimer,1273747,23
Elvis,1273747,22
Lembeck,210224,9
Rossini,210224,1
Anthony,210224,21
Bernardi,210224,23
McQueen,210224,24
Angie,210224,21
Hans,14229474,7
Speranza,35012445,15
Berni,35012445,21
Patani,35012445,19
Vita,35012445,8
Mike,13780019,6
Marcia,13780019,20
Carol,13780019,2
Sampson,41881,21
Margo,41881,6
Slojinski,41881,22
Addison,41881,6
Lloyd,41881,6
DeWitt,41881,18
Harrington,41881,19
Cora,41881,21
Karen,41881,10
Phoebe,41881,23
Channing,41881,18
Richards,41881,10
Rennberg,15668629,23
Lester,15668629,3
Wong,15668629,1
Sandra,15668629,3
Miles,15668629,17
Lisa,15668629,3
Maariamman,21532083,13
Shankar,21532083,2
Amman,21532083,13
Meena,21532083,11
Shannon,9459814,3
Marladovna,9459814,6
Black,9459814,17
Meacham,876516,6
Carlson,876516,17
Adams,876516,7
Ruth,876516,4
Wilson,876516,6
Trubnikov,24894176,8
Maria,949131,23
Thomas,949131,8
Cartier,949131,9
Deloris,949131,6
Frankie,949131,24
Crisp,949131,3
Clarence,949131,3
Maurice,949131,13
Mother,949131,21
Rita,949131,3
Patrick,949131,13
Carrie,2322629,18
Whit,2322629,4
Kinder,2322629,13
Lenny,2322629,4
Sylvester,2322629,24
Robin,2322629,19
Bobbin,2322629,24
Heep,2322629,22
Murakami,34654506,1
ric,5178262,5
Fr,5178262,13
Stinson,32529307,17
Bechard,32529307,10
Brady,5707603,3
Lester,5707603,5
Bowman,5707603,17
Shurkin,5707603,17
Annabelle,5707603,5
Claire,5707603,3
Sheriff,5707603,17
Foster,5707603,17
Dupree,2997355,7
Biasi,2997355,20
Gross,2997355,1
Charlie,2997355,21
Muriel,2997355,3
Yvonne,2997355,21
Eddie,2997355,8
Lang,2997355,16
Shrivastav,13018737,19
Luca,13018737,17
Saxena,13018737,0
Sonia,13018737,6
Nawab,13018737,19
Johri,13018737,5
Singh,13018737,4
Kamran,13018737,18
Hitchcock,13018737,18
Malhotra,13018737,3
Jane,5184523,8
Laird,5184523,6
Stacey,5184523,24
Al,5184523,2
Seymour,5184523,14
Irma,5184523,3
Rhinelander,5184523,7
Wilson,5184523,24
Vera,7162122,8
Gimmle,7162122,18
Thomas,30928961,6
Todd,30928961,13
Walker,30928961,11
Mary,30928961,8
Lincoln,30928961,3
Vadoma,30928961,17
Johnson,30928961,17
Adam,30928961,17
Booth,30928961,11
Davis,30928961,0
Barts,30928961,23
Sturges,30928961,6
Nancy,30928961,22
Jeannie,2102508,7
Madge,2102508,14
Jay,2102508,20
Deirdre,2102508,14
Jeanie,2102508,13
Annie,2102508,2
Raja,8356285,4
Rani,8356285,24
Rao,8356285,1
Padma,8356285,14
Bronson,14143223,12
Shanmugan,27149347,13
Ashok,27149347,18
Padaveedan,27149347,20
Shanmughan,27149347,13
Celeste,33283024,12
Evan,33283024,0
Dieuleveut,26632998,18
Caponi,26632998,18
Saint-Hubert,26632998,24
Agathe,26632998,4
Choupard,26632998,14
Larson,4198198,0
Matt,4198198,6
Sandra,4198198,21
Wallis,4198198,8
Carol,4198198,10
Harry,18502369,23
Crown,18502369,23
Kelly,18502369,2
Frank,18502369,9
Zuckerman,18502369,13
Buffy,18502369,0
Eddie,18502369,2
Ramsey,1317604,13
Radchenko,1317604,17
Hunter,1317604,21
Moon,3448877,1
Kemp,3448877,6
Venus,3448877,23
Hubbard,3448877,13
Hu,1598456,13
Marge,6425079,23
Converse,6425079,9
Hicks,6425079,14
Douglas,11004726,4
Danny,11004726,3
Stieber,11004726,17
Fredrica,11004726,6
Hibiscus,11004726,21
Gerda,11004726,21
Burkhardt,11004726,19
Hank,11004726,3
Frederica,11004726,23
MacCullough,11004726,20
Jackson,25742466,0
Ash,25742466,20
Maria,25742466,19
Mastrantonio,25742466,13
Roger,25742466,0
Larry,25742466,3
Simon,25742466,19
Gambon,25742466,14
Strangelove,27459290,4
Dow,2257924,20
Wolf,1844724,17
Tobio,1844724,8
Oblivian,1844724,4
Cartwright,1844724,4
Chevalier,61062,12
Franzi,61062,16
Arthur,29757501,17
Taylor,29757501,0
Sherwood,29757501,23
Stacy,29757501,6
Menteer,8388862,24
Angela,8388862,19
Decker,8388862,24
Lin,957331,4
Choi,957331,24
Han,957331,4
Yuan,957331,21
Carnahan,957331,15
Ming,957331,20
Rick,957331,17
Imhotep,957331,10
Wilson,957331,7
Yang,957331,20
Guo,957331,3
Jonathan,957331,7
O'Connell,957331,16
Emperor,957331,17
Alex,957331,23
Lakshmi,20110015,2
Celin,20110015,2
Asha,20110015,14
Ashok,20110015,0
Varma,20110015,13
Gopan,20110015,21
Haman,19989319,5
Esther,19989319,4
Mannikka,19989319,20
Smith,35069179,15
Balbino,5122403,23
Primito,5122403,16
Marisela,5122403,21
Santos,5122403,7
Luzardo,5122403,18
Barquero,5122403,11
Jimmy,24582045,22
Niles,3450569,1
Maine,3450569,17
Blodgett,3450569,0
Vicki,3450569,21
McGuire,3450569,20
Esther,3450569,16
Norman,3450569,3
Libby,3450569,11
Shore,8453956,21
Roxane,8453956,11
O'Regan,8453956,12
Frank,8453956,22
Eva,5148614,3
Lund,2707684,2
Larson,2707684,5
Nick,2707684,4
Kaela,2707684,2
Vanzant,2707684,15
Karl,2707684,17
Rudi,27498996,12
Gigascorpis,27498996,22
Bowman,27498996,23
Harris,27498996,9
Andi,27498996,17
Kudrow,27498996,0
Shane,27498996,14
Henry,1331978,9
Charlotte,1331978,3
Coen,1331978,11
Burdett,1331978,6
Buford,1331978,13
Justice,1331978,21
McCormick,1331978,18
Cledus,1331978,3
Gaylord,1331978,4
Brashear,1685440,21
Miki,25867209,22
Richard,34232488,3
Dale,34232488,6
Pete,34232488,22
Ricardo,34232488,6
Sean,34232488,12
Heath,34232488,2
Kumar,1403925,14
Rohit,1403925,6
Kiran,1403925,13
Bhujbal,1403925,16
Sonu,1403925,21
Helpmann,60169,9
Massine,60169,9
Easdale,60169,24
Ljubov,60169,22
Beecham,60169,9
Vicky,60169,23
Lemontov,60169,15
Lermontov,60169,7
Nefertiti,26508388,16
Thomas,2571604,18
Castaneda,2571604,11
Nero,2571604,22
Emily,2571604,3
Rose,2571604,7
Jesus,2571604,22
Bruner,2571604,3
Cartwright,2571604,13
Adani,2571604,14
Moore,2571604,6
Juan,5162132,17
Beirao,5162132,15
Amalia,5162132,24
Murdo,5162132,23
Monica,5162132,2
Moncha,5162132,3
Marlowe,5162132,23
Decastro,5162132,16
Prades,5162132,3
Duncan,5162132,4
Vivian,5162132,3
Jack,5162132,3
Gayatri,21103650,23
Babuji,21103650,21
Om,21103650,23
Katherine,10358723,16
MacDonald,10358723,16
Villon,10358723,9
Taylor,5318640,23
Carl,5318640,6
Banks,5318640,18
Timmy,5318640,6
Tannek,2564151,2
Diamond,2564151,19
Alcott,2564151,7
Eleuterio,16056205,16
Michael,3310853,4
Urtado,3310853,6
Olga,3310853,20
Franco,3310853,12
Clare,9880833,4
Carl,9880833,17
Loomis,9880833,12
Marsh,9880833,16
Duane,4498928,16
Bradley,4498928,22
Ruth,4498928,11
Belial,4498928,3
Aishwarya,9808896,20
Anandi,9808896,20
Sundar,9808896,23
Arundathi,9808896,20
Munir,10405434,24
Hamama,10405434,11
Han,18813705,10
Saul,3555245,16
Raja,3509282,21
Mary,3509282,6
Reynolds,26165142,4
Lord,26165142,23
Ginko,2952273,23
Valmont,2952273,17
Eva,2952273,4
Diabolik,2952273,3
Leo,35930040,21
Angela,35930040,21
Kumar,15569761,12
Kaalai,15569761,7
Thangam,15569761,21
Aaruchami,15569761,1
Bhagyalakshmi,15569761,23
Hobson,5565401,8
MacFarlane,5565401,13
Maggie,5565401,2
Willie,5565401,1
Prosser,5565401,5
Vicky,5565401,2
Beenstock,5565401,13
Alice,5565401,16
Malleswari,19495316,7
Kong,3881551,14
Ho,3881551,9
Mi-na,3827920,17
Kathleen,3835614,2
Peterson,3835614,14
Satam,6533368,20
Garv,6533368,22
Arjun,6533368,17
Khan,6533368,14
Namdeo,6533368,7
Ranawat,6533368,8
Jog,6533368,18
Ali,6533368,17
Supari,6533368,24
Singh,6533368,18
don,6533368,16
Toby,415074,13
Hatt,415074,6
Gordon,415074,24
Conductor,415074,16
Burnett,415074,21
Junior,415074,9
Thomas,415074,6
Jones,415074,0
Lily,415074,21
Sugita,23494156,20
Etsuko,23494156,12
Misayo,23494156,17
Jir,23494156,12
Nanbara,23494156,17
Tani,23494156,8
Holmes,25162941,6
Rylott,25162941,6
Stoner,25162941,12
Roylott,25162941,13
Doyle,25162941,1
Staunton,25162941,12
Stonor,25162941,16
Ali,25162941,11
Violet,25162941,23
Julia,25162941,12
Helen,25162941,21
Watson,25162941,13
Raghu,7138412,22
Venkat,7138412,1
Sujatha,7138412,21
Celeste,32234047,23
Dudu,32234047,6
Fabrice,32234047,16
Kayenzi,32234047,20
Foreman,32234047,16
Banford,3381142,13
Ellen,3381142,6
Jill,3381142,13
Grenfel,3381142,21
Weronika,12787080,13
Jerzy,12787080,21
Anna,12787080,6
Andrzej,12787080,4
Artur,12787080,0
Asif,33252039,10
Bhatti,33252039,23
Pandit,33252039,9
Khan,33252039,15
Akbar,33252039,9
Wilson,33252039,9
Jong-il,900231,17
Alec,900231,17
Carson,900231,2
Sarah,900231,11
Joe,900231,14
Baldwin,900231,10
Johnston,900231,22
Gary,900231,3
Lisa,900231,14
Blix,900231,17
Chris,900231,18
Amamiya,612642,22
Inoue,612642,12
Chizuko,612642,13
Karunakaran,29077073,1
Pugh,3555900,10
Terry,3555900,17
Lee,3555900,17
Perry,3555900,14
Haynes,3555900,9
Butch,3555900,23
Gerber,3555900,15
Phillip,3555900,13
Dada,26428842,18
Tony,26428842,5
Jagat,26428842,3
Vikramaditya,26428842,9
Mitra,21322428,3
Madhabilata,21322428,2
Neela,21322428,13
Debabrata,21322428,7
Sen,21322428,11
Sam,2851505,23
Louie,2851505,7
Skelton,2851505,10
James,2851505,9
Everett,2851505,6
Joe,26339160,3
Rajeev,35752295,13
Parkkan,35752295,20
Nagarajan,35752295,4
Boop,16874270,4
Bimbo,16874270,3
Agnikumari,30490013,5
Indrani,30490013,5
Jagathalaprathapan,30490013,12
Nagakumari,30490013,5
Conlin,11794135,3
Steve,11794135,6
Liz,11794135,2
Drea,11794135,4
Becky,11794135,13
Matt,11794135,17
MacNeil,725459,13
Merrin,725459,3
Miller,725459,7
Kinderman,725459,6
Karras,725459,13
Regan,725459,21
Dennings,725459,22
Dyer,725459,4
Gohan,1068888,5
Krillin,1068888,17
Garlic,1068888,8
Goku,1068888,17
Piccolo,1068888,9
King,1068888,15
Kami,1068888,6
Alan,511351,6
Allen,511351,0
Smash,511351,23
Earl,22415383,15
Ella,22415383,13
Tully,22415383,15
Vanetta,5296875,3
Mae,5296875,2
Rufus,5296875,8
Thomas,5296875,3
Jones,5296875,6
Vignesh,7526274,22
Geetha,7526274,19
Kaveri,7526274,19
Maharani,7526274,2
Lingyu,23432559,6
Jiang,23432559,13
Gao,23432559,5
Libin,23432559,2
Neo,210998,6
Mjolnir,210998,12
Hel,210998,12
Smith,210998,17
Niobe,210998,11
Mifune,210998,4
Ivan,189776,19
Miriam,11612413,14
Tony,11612413,4
Jennifer,11612413,21
Lawson,11612413,12
Welles,11612413,19
O'Hara,11612413,15
Burke,11612413,12
Polar,11612413,19
North,11612413,19
Anne,11612413,21
Neely,11612413,21
Tyler,2398807,10
Hitler,2398807,1
Luke,2398807,21
Zack,2398807,6
Pete,2398807,4
Perlman,2398807,15
Arbuthnot,2398807,6
Paulie,2398807,3
Marc,2398807,3
Cynthia,6581470,3
Brown,6581470,12
Robert,6581470,9
David,6581470,7
Marc,6581470,3
Chambers,14539048,5
Roberts,14539048,15
Gitanjali,21405703,21
Ajay,21405703,2
Sufiah,16762061,3
Kazman,16762061,17
Lisa,16762061,13
Tua,16762061,18
Claudia,29895142,6
Gina,29895142,12
Ray,231486,13
Andrew,231486,21
Jake,231486,3
Perry,231486,11
Wade,231486,22
Smooter,231486,3
Melanie,231486,21
Pino,5906516,3
Quinn,5906516,3
Tom,5906516,23
Sarah,5906516,3
Noah,5906516,3
Lonnie,5906516,2
Levitt,5906516,20
Meredith,5906516,4
Joe,5906516,23
Larvae,5906516,20
Harold,5906516,14
Adams,5906516,8
Larry,5906516,6
Derek,5906516,3
Petto,5906516,14
Susan,29584795,1
Littlefoot,1239400,3
Sharptooth,1239400,23
Petrie,1239400,3
Spike,1239400,16
Rooter,1239400,10
Ducky,1239400,2
Cera,1239400,3
Whitcomb,26462209,17
Chamaco,26462209,24
Morgan,26462209,10
Benedict,26462209,3
John,26462209,24
Jessica,12725205,21
Carter,12725205,21
Kelly,12725205,9
Roger,12725205,6
Max,12725205,21
Sophie,12725205,19
Kumar,9513537,22
Ajay,9513537,4
Swetha,9513537,16
Lane,26279540,7
Akerman,26279540,20
Mitani,3625394,5
Wataru,3625394,6
Nectere,3625394,1
Ashikawa,3625394,6
Julius,1668076,19
Lauren,1668076,4
Heidegger,1668076,12
King,1668076,18
Michon,1668076,3
Paul,19812020,21
Mara,19812020,22
Mandrake,1813096,6
Kimberly,25405543,12
God,25405543,3
Ben,25405543,6
Walker,25405543,1
Starr,13539119,9
Barbone,13539119,9
Mike,13539119,1
Marazano,13539119,13
Tannabok,932297,6
Cort,932297,22
Chel,932297,3
Altivo,932297,23
Miguel,932297,3
Tzekel-Kan,932297,6
Xibalba,932297,20
Chico,32789457,4
Grilo,32789457,15
Aracaju,32789457,7
Lu,34373503,12
ndez,13667090,0
Davis,13667090,21
Peters,13667090,17
Garfield,13667090,21
Johnston,13667090,15
Odie,13667090,21
Mendelson,13667090,8
Mike,13667090,17
Buddy,10090763,14
Kane,10090763,4
Gould,10090763,12
Laska,10090763,4
Huer,10090763,13
Brandon,10090763,9
Tallen,10090763,13
Rogers,10090763,1
Buck,10090763,14
Wade,10090763,23
Jayan,31198949,3
Tharakan,31198949,13
Lila,535969,4
Alweather,535969,10
Warren,535969,3
Benny,535969,10
Reingold,535969,13
Artie,535969,10
Paulie,535969,6
Marie,535969,21
Belenkoff,535969,6
Sardarji,21435933,12
Ranvir,21435933,3
Grewal,21435933,0
Amaan,21435933,6
Ali,21435933,14
Singh,21435933,0
Virsa,21435933,22
Yuvraj,21435933,14
McGuinness,3458487,13
Slater,3458487,3
Stevens,3458487,10
Jenny,3458487,6
Leonie,33005234,21
Leon,33005234,4
Catherine,33005234,3
Carraway,17509462,5
Moyer,17509462,16
Kunta,17509462,21
Kinte,17509462,23
Rosario,26418564,3
Balagopal,26418564,21
Anjali,26418564,9
Samuel,26418564,7
Horn,6804043,6
Marshall,6804043,21
Sharkey,6804043,17
Haines,6804043,2
Noah,6804043,3
Cut,6804043,17
Riley,6804043,17
Tommy,6804043,3
Jack,6804043,11
Romano,6804043,17
Kumar,10703375,21
Madhuri,10703375,0
Sumita,10703375,10
Saudamani,10703375,10
Rai,10703375,3
Bahadur,10703375,21
Zee,7572313,10
Barbie,7572313,4
Malik,7572313,16
Jorge,7572313,0
Ferriter,17793649,14
Jim,17793649,8
Nora,17793649,21
Margo,8376274,19
Kate,8376274,20
Hamish,8376274,1
Rodney,8376274,3
John,8376274,14
Pike,9158552,21
Kyra,9158552,4
Prince,9158552,17
Amelia,9158552,6
Daphne,9158552,4
Armand,9158552,17
Delphus,9158552,10
Cassandra,9158552,5
Seth,9158552,17
David,9158552,17
Ann,2061037,4
Rick,2061037,17
Sullivan,2061037,3
Coyle,2061037,13
Joe,2061037,3
Pat,2061037,6
Hunt,2061037,19
Sawa,1844371,21
Oburi,1844371,17
Clarke,10987841,11
Bey,253833,15
Norton,253833,10
Muller,253833,13
Frank,253833,17
Imhotep,253833,3
Whemple,253833,9
Pearson,253833,7
Helen,253833,23
Grosvenor,253833,4
Contini,3720859,17
Carlson,3720859,24
Helm,3720859,24
Freya,3720859,21
Karensky,3720859,12
Strayn,12161577,17
Thalman,12161577,6
Rebecca,12161577,17
Harling,12161577,0
Valandray,12930887,15
Huguette,12930887,21
Faradel,12930887,20
Eric,12930887,20
Foin,12930887,16
Thomson,12930887,19
Arlette,12930887,23
Georges,12930887,16
Gilberte,12930887,21
Lillian,9034057,13
Akston,9034057,13
Line,9034057,11
Stadler,9034057,13
Mouch,9034057,19
Galt,9034057,11
Wyatt,9034057,0
Rearden,9034057,14
d'Anconia,9034057,8
Dagny,9034057,4
Taggart,9034057,2
Javed,32561525,6
Mahi,32561525,19
Aradhana,32561525,2
Ruksar,32561525,19
Chopra,32561525,0
Govind,32561525,19
Radha,32561525,23
Meera,32561525,23
Krish,32561525,6
Smits,26803607,5
Schaik,26803607,13
Lorraine,26803607,7
Russon,26803607,13
Matt,12332639,2
Bryan,12332639,6
Jan,19786684,23
Tong,19786684,13
Parton,20672385,24
Abin,28969169,10
Sinestro,28969169,13
Krona,28969169,19
Arisia,28969169,21
Jordan,28969169,6
Deegan,28969169,23
Sur,28969169,23
Laira,28969169,4
Kilowog,28969169,6
Rrab,28969169,8
Hal,28969169,17
Bolphunga,28969169,21
Walrus,20530127,4
Woody,20530127,2
Woodpecker,20530127,12
Rani,19271269,23
Mahim,19271269,21
Tina,19271269,13
Sabitri,19271269,17
Amar,19271269,17
Mastan,19271269,13
Debnath,19271269,17
Banerjee,19271269,14
Ghoshal,19271269,7
Sanatan,19271269,11
Mousy,6520092,11
Biao,6520092,9
Spade,20327325,23
Kennedy,1368434,11
Johnson,1368434,0
Morris,1368434,9
McNamara,1368434,6
Drewe,27556412,24
Nicholas,27556412,1
Jody,27556412,21
Beth,27556412,4
Ben,27556412,23
Ewedown,27556412,23
Tamara,27556412,23
Andy,27556412,13
Chow,3085910,11
White,3085910,12
Barbara,17790039,6
Harmon,17790039,21
Downes,17790039,2
Nancy,17790039,21
Nelson,17790039,1
Paulina,3555884,6
Traxx,35818975,7
Palucci,35818975,9
Elibidi,34973088,9
Green,34779274,17
Ravi,33269863,3
Amudhanila,33269863,4
Kani,33269863,16
Juliet,23786849,17
Bates,23786849,17
Reid,23786849,16
Chang,23786849,17
Esther,28649111,8
Michael,28649111,21
Hitler,32456582,18
Rolf,32456582,15
Mamlock,32456582,18
Whistler,471544,6
Pearl,471544,10
Quinn,471544,24
Frost,471544,6
Jenson,471544,4
Dragonetti,471544,6
Bluto,31542986,3
Hitler,31542986,21
Hirohito,31542986,17
Popeye,31542986,17
Goebbels,31542986,17
Sam,14353049,22
Bigoude,14353049,15
Rodolfo,14353049,20
Max,14353049,16
Felicie,14353049,20
Goodman,32613999,15
Shigeki,26902650,17
Kelly,7422533,24
Charles,7422533,4
Sert,5735360,20
Maria,5735360,2
Antero,5735360,21
Hutchmeyer,12848109,17
Lane,12848109,17
Simone,12848109,17
Jones,12848109,24
Gauthier,30637679,22
Elsie,30637679,21
Lena,30637679,21
Wellman,30637679,9
Isabelle,30637679,16
Toby,240376,4
Polly,240376,16
Jimmy,240376,12
Lowe,240376,2
Onur,26524986,6
Vedat,26524986,13
Zeynep,26524986,19
Miller,649716,17
Rasheeda,649716,6
Hill,649716,6
Carmen,649716,3
Nikki,649716,6
Brown,649716,19
Porter,649716,6
Costain,15873820,21
Conley,15873820,6
Hallett,15873820,6
Striker,15873820,17
Willoughby,15873820,17
Tang,10970230,11
Linda,10970230,11
Talbott,14107102,14
Cutrere,14107102,22
Xavier,14107102,12
Torrance,14107102,8
Kish,33663027,12
Victor,33663027,10
Sharath,33663027,16
Veerakathi,33663027,2
Vikram,33663027,10
Sara,33663027,17
Kenny,33663027,17
Sarath,33663027,12
Vinayagam,33663027,11
Meenakshi,33663027,17
Geetha,33663027,2
Satyan,33663027,6
Siva,33663027,24
Sivakumar,33663027,15
Gabriel,26004874,24
Se-ah,34739749,5
Pil-sung,34739749,5
Yoo-min,34739749,19
Yoon-hee,34739749,5
Aishwarya,29259032,6
Rudra,29259032,15
Varma,29259032,22
Shakti,29259032,3
Mahadevaya,29259032,17
father,29259032,6
Janaki,29259032,17
Nassar,29259032,20
Janet,15144724,2
Harry,15144724,13
Brooks,15144724,22
Autry,15144724,8
Craven,15144724,9
Jerry,15144724,1
Smiley,15144724,1
Parker,15144724,13
Gene,15144724,17
Manley,15144724,17
Harry,25642032,23
Dora,25642032,20
Kimmy,25642032,21
Johnson,25642032,0
Lucy,5988879,6
Gabe,5988879,18
Phyllis,5988879,14
Hardwicke,5988879,12
Carter,5988879,21
Eric,5988879,16
Sarah,5988879,3
Farrell,5988879,11
Bozo,5988879,0
Webb,5988879,3
Woo,7949088,3
Thanh,7949088,24
Viet,7949088,16
Kunju,31114082,4
Gray,13977325,11
Bobby,13977325,18
Ewan,13977325,6
Brown,13977325,21
Simon,16206915,12
Mario,16206915,21
Lily,16633798,4
Shridhar,29118656,14
Chandrakala,29118656,3
Engel,29118656,8
Bajirao,29118656,3
Pinjra,29118656,22
Angelo,10970272,11
Corelli,10970272,2
Pringle,10970272,17
Hegde,33505908,4
Zubeida,33505908,2
Cyril,33505908,3
Tessa,33505908,3
Manikyasseri,25915133,2
Ganga,25915133,4
Daisy,25915133,11
Baker,4111583,21
Zach,4111583,16
Porky,6619704,3
Smythe,3621799,3
Gallagher,3621799,21
Stew,3621799,6
Smith,3621799,6
Golden,3621799,15
Bingy,3621799,6
Conroy,3621799,19
Hank,3621799,2
Anne,3621799,19
Grayson,3621799,14
Baker,3621799,22
Schuyler,3621799,6
Madame,24701729,2
Therbouche,24701729,16
Holbach,24701729,12
Jerfeuil,24701729,15
Antoinette,24701729,1
Cambrol,24701729,24
Diderot,24701729,23
Baroness,24701729,3
Emily,13533480,9
Ben,13533480,2
Dev,13198624,2
Raghav,13198624,2
Dada,13198624,5
Karan,13198624,13
Hart,1744593,11
Matthews,1744593,11
Cheryl,1744593,16
Fields,1744593,10
Fuller,1744593,9
Gracie,1744593,10
Hollywood,25174389,9
Markowitz,25174389,1
Christian,25174389,22
Okita,24851547,17
Shima,24851547,20
Gamilas,24851547,20
Mori,24851547,10
Iskandar,24851547,22
Susumu,24851547,2
Sait,24851547,9
Dessler,24851547,13
Kodai,24851547,21
Sanada,24851547,14
Yuki,24851547,6
Starbuck,6331676,7
Finger,6331676,4
Dorsey,6331676,3
Amanda,6331676,6
Graham,6331676,23
Beal,970201,11
Johann,970201,24
Brogge,970201,20
Reich,970201,8
Karen,970201,10
Togersen,970201,14
Stensgard,970201,2
Koenig,970201,0
Hayden,36025899,18
Luke,36025899,16
Laurette,36025899,21
Wilder,36025899,2
Ching,10605031,5
Tung,10605031,23
Varsha,15317103,3
Raja,15317103,10
Hospital,9175052,23
Mohan,9175052,0
Romeo,9175052,17
Prakash,9175052,7
Sripriya,10791913,3
Rajnikanth,10791913,21
Saritha,10791913,13
Hassan,10791913,21
Primo,5021219,3
Kinsolving,27763405,6
Kathleen,27763405,3
Matthew,27763405,13
Maria,27763405,7
Francesca,27763405,3
Kenny,27763405,3
Fracesca,27763405,21
Chakraborty,29829978,5
Young-jae,30607472,3
Yeon-hee,30607472,0
Mulholland,13359313,1
Derman,13359313,17
Mason,2267635,20
Charles,2267635,12
Brannigan,2267635,16
Rawlins,2267635,11
Firbank,2267635,23
Lampson,2267635,17
Ford,2267635,3
Edna,2267635,1
Keefer,2267635,9
Harold,2267635,1
Toth,2267635,16
Stanley,2267635,3
Bash,2267635,22
Jean,23437611,12
Mulan,3664723,21
Li,3664723,4
Pai,9674567,9
Skif,9674567,23
Lisa,9674567,2
Gudvin,9674567,4
Moon,34494012,5
Lessmore,34494012,20
Verne,34494012,23
Morris,34494012,3
Jin-ah,35182419,3
Mi-ra,35182419,11
Dae-geun,35182419,20
Zreiq,21866130,14
Pappe,21866130,3
Ben-Gurion,21866130,9
Hudson,4173885,24
Leo,4173885,8
Laura,4173885,12
Becky,4173885,12
Beatrice,916546,8
Fulton,916546,3
Edward,916546,4
Pettigrew,916546,17
Calvo,32923055,16
Mjolnir,30233888,5
Thor,30233888,16
Loki,30233888,17
Durai,8608462,17
Patwari,8608462,1
Vaishali,8608462,24
Govind,8608462,6
Murugan,8608462,15
Teresa,1863523,6
Mendoza,1863523,6
Webb,1863523,9
Vetto,1863523,5
Ferguson,1863523,6
Nelson,1863523,17
Rico,1863523,3
Davis,1863523,7
Lazick,1863523,12
Angela,1863523,15
Malloy,1863523,2
Lombardo,1863523,19
Savini,1586718,12
Christine,1586718,21
Martin,1586718,3
Santini,1586718,24
Cuda,1586718,0
Jill,26337809,21
Ollie,26337809,16
Pat,26337809,21
McDonald,26337809,11
Saltmarsh,26337809,23
Wolfgang,3676609,20
Polly,18973109,24
Martin,18973109,6
Ross,18973109,0
Dale,18973109,0
Anderson,18973109,6
Madeleine,18973109,6
Walters,18973109,18
Monroe,18973109,9
Higgins,18973109,17
Garfinkle,18973109,6
Farrell,10203219,17
Walsh,10203219,15
Clinton,10203219,9
Waldron,10203219,1
Kittridge,10203219,13
Venu,16167897,15
Chinnu,16167897,14
Liye,16167897,8
Anu,16167897,6
Spence,77605,3
Hayygard,30273080,12
Edwards,30273080,13
Carter,30273080,5
Bennett,30273080,17
Arthur,5968326,17
Crowder,5968326,14
Michael,5968326,3
Anna,5968326,18
Clayton,5968326,3
Bach,5968326,16
Karen,5968326,13
Edens,5968326,1
Robert,5968326,24
Meriem,17484649,4
Jane,17484649,2
Tarzan,17484649,2
Paulovich,17484649,24
Korak,17484649,4
Jack,17484649,23
Wayne,3418900,11
Vince,3418900,11
Marcus,3418900,18
Aluf,3418900,12
Asher,3418900,10
Stone,3418900,14
Simon,3418900,19
Esther,11069054,21
Glenn,11069054,16
Boop,7541886,3
Jimmy,7541886,3
O'Neill,11604569,20
Bentley,11604569,14
Kay,11604569,3
Goldwater,11109910,6
Magdalene,11109910,8
Phil,4469806,23
Maisie,4469806,11
Oswald,31911361,3
Melinda,11027747,16
Ron,11027747,23
Todd,11027747,13
Paul,29195648,3
Rickie,29195648,3
Williams,29195648,14
Gregory,29195648,15
Seldon,29195648,12
Carroll,29195648,9
Anne,29195648,23
Yu-jin,22276342,1
Gorbunkov,3061610,23
Lyolik,3061610,20
Kozodoyev,3061610,9
Linda,511228,2
Scott,511228,21
Rosen,511228,6
Martin,511228,2
Susan,511228,13
Linarcos,511228,10
Harrison,511228,23
Parry,511228,13
Shelby,511228,1
Robin,511228,6
Belle,511228,2
Rogo,511228,21
Sparky,528472,2
Frankenstein,528472,2
Manny,12260598,23
Rawls,12260598,0
Rudy,12260598,23
Momma,12260598,15
Yoko,12260598,23
Scratte,12260598,13
Sid,12260598,4
Eddie,12260598,16
Buckminster,12260598,10
Shelly,12260598,23
Ellie,12260598,23
Richard,2400693,5
Tyree,2400693,17
Cromwell,2400693,3
Mikah,2400693,4
Alana,2400693,4
Talon,2400693,21
Machelli,2400693,6
Mogullen,2400693,16
Ippei,10673891,21
Hiromi,10673891,21
Ishizaki,10673891,3
Mutsuko,10673891,6
Tomoe,10673891,6
Chagawa,10673891,14
Auto,10673891,23
Suzuki,10673891,21
Hoshino,10673891,2
Aravind,16490795,19
Gayathri,16490795,4
Nandhu,16490795,6
Korolev,11478593,8
Bashkirtsev,11478593,21
Lavrov,11478593,14
Gagarin,11478593,12
Tsiolkovsky,11478593,22
Kurchatov,11478593,22
Halyare,34953586,16
Salam,34953586,15
Roland,2117053,21
Corinne,2117053,17
Seenu,6574608,2
Shankar,6574608,3
Ming,4868441,4
Steele,34525346,17
Brewster,34525346,13
Fudd,14274311,10
Fellini,3819797,9
Albertini,3819797,2
Dukes,3819797,9
Tetua,3819797,19
Ildebranda,3819797,3
Dongby,3819797,4
Maria,18832639,2
Nikolaevna,18832639,16
Yakovlev,18832639,13
Yurovsky,18832639,6
Alexandra,18832639,3
II,18832639,1
Alexandrovich,18832639,3
Michael,18832639,6
Alexei,18832639,21
Tatiana,18832639,6
Sednev,18832639,14
Gilliard,18832639,9
Denisov,18832639,15
Kerensky,18832639,15
Rasputin,18832639,8
Botkin,18832639,13
Maggie,29123823,3
Tom,29123823,17
Patrick,29123823,2
John,29123823,7
Geraldine,1693867,17
Paice,1693867,3
Cyrus,1693867,6
Carter,1693867,3
Fletcher,1693867,9
Kinnear,1693867,17
Audrey,1693867,8
Brumby,1693867,6
McCarty,1693867,12
Jack,1693867,3
Eddie,1693867,3
Doreen,1693867,18
Ritchie,1693867,17
Herzog,2380844,13
Fulton,2380844,10
Palovak,2380844,16
Treadwell,2380844,16
Duprex,1828157,17
Donald,1828157,3
Castanio,1828157,16
Cummins,1828157,3
Arlington,1828157,13
Ingram,1828157,3
Julie,1828157,23
Holden,1828157,19
Raymond,1828157,6
Conrad,1828157,22
Cunanan,29164756,21
Versace,29164756,8
Shemp,14746962,14
Moe,14746962,17
Larry,14746962,1
marry,14746962,20
Dinkelmeyer,14746962,5
Shannon,30366958,23
Quackenbush,30366958,20
Jim,30366958,17
Bidwell,30366958,5
Gene,30366958,13
Millhouse,30366958,10
Morgan,30366958,12
Doniphon,30366958,17
Slaughter,30366958,16
Helen,30366958,5
Elora,198313,4
Raziel,198313,4
Willow,198313,21
Airk,198313,17
Cherlindrea,198313,6
Rool,198313,20
Danan,198313,7
Kael,198313,17
Bavmorda,198313,5
Nockmaar,198313,4
Daikini,198313,17
Madmartigan,198313,6
Sylvester,13015706,23
Gonzales,13015706,12
Glynis,24138832,24
Gray,24138832,21
Jones,24138832,8
Martha,24138832,1
Ted,24138832,6
Teagarden,2782741,18
Bailey,2782741,18
Maggie,2782741,23
Kuban,2782741,3
Peter,2782741,13
Tom,2782741,3
Hinckley,2782741,6
Summers,2782741,10
Freddie,2782741,2
Nancy,2782741,9
Zakoyla,2782741,15
Eddie,2782741,24
Goodrich,14545072,7
Shemp,14545072,20
Park,3860879,3
Ranjith,26012898,17
Ramachandran,26012898,24
Mathews,26012898,19
Popeye,13161277,3
Thomas,5738987,2
Toresca,5738987,2
Petey,5738987,19
Paul,16207125,3
Erna,16207125,13
Friede,16207125,8
Max,16207125,23
Sanjana,30663699,11
Aarya,30663699,24
Armelle,2064955,21
Renaud,2064955,22
Hyppolite,2064955,8
Camille,16644875,3
Paulette,16644875,21
Philibert,16644875,6
Franck,16644875,3
Giovanni,3150514,3
soxer,3150514,20
Jones,3150514,10
Stokowski,3150514,9
Danny,11788249,15
Christie,11788249,6
Mithun,4625600,5
Shaukeen,4625600,20
Agnihotri,4625600,0
Vince,19539381,3
Moodley,19539381,24
Patrick,19539381,24
Matt,19539381,17
Nut,19539381,10
Banksy,19539381,17
Carroll,19539381,5
Graham,19539381,23
Neil,19539381,3
Mikey,19539381,6
Billimoria,908505,16
Arjun,908505,11
Kasozi,908505,12
Khan,908505,5
Grover,908505,0
Yamdoot,908505,17
Radha,908505,14
Annie,908505,3
Sam,2782570,16
Deepti,2782570,3
Maggie,2782570,12
Makrand,2782570,11
ask,2782570,9
Babban,2782570,23
Mambo,2782570,1
Abraham,2782570,11
Pike,4446720,19
Ben,4446720,14
Willie,4446720,6
Young,4446720,12
Lily,4446720,21
Reed,4446720,9
Rudolph,3562095,3
Amy,1621849,3
Oliver,1621849,6
Barbara,1621849,1
Farren,1621849,19
Irena,1621849,2
Moore,1621849,8
Russell,1621849,13
Reed,1621849,15
Stella,31122300,9
Ying,31122300,23
Kenny,31122300,20
Eddie,31122300,24
Tatyana,14306303,14
Eugene,25012415,14
Deirdre,25012415,21
Ruth,25012415,14
Phillip,25012415,5
Lomax,29324670,11
Barbie,29324670,2
Ogden,29324670,0
John,29324670,14
Grashun,32301168,7
Slurr,32301168,4
Boner,32301168,17
Nacho,32301168,17
Rachel,32301168,16
Tipper,32301168,7
Chuey,32301168,4
Satish,34244761,8
son,34244761,14
Fischer,34244761,9
Shashi,34244761,3
Laurent,34244761,13
Savaard,3941009,4
Serra,5651517,13
Jeremy,5651517,14
Cody,5651517,12
Julian,5651517,3
Becky,5651517,22
Charles,5651517,17
Jenny,5651517,6
Shelby,5651517,12
Keefe,5651517,11
Garrison,5651517,12
Tina,25375805,6
Victor,25375805,23
Annabel,25375805,2
Jane,12064781,3
Grable,12064781,4
Morrow,12064781,21
Kostantin,14711303,24
Kostya,14711303,15
Irakliy,14711303,23
Nadya,14711303,21
Nadejda,14711303,21
Pavlik,14711303,14
Lukashin,14711303,1
Ippolit,14711303,1
Mussaddi,32647746,16
Lal,32647746,4
Tripathi,32647746,11
Manni,1703805,11
Anna,1703805,4
Krishan,23276577,21
Sundar,23276577,12
Wheeler,5125717,17
Stacia,5125717,2
Walker,5125717,17
Murphy,1693894,14
Stilton,1693894,7
Blondie,1693894,21
Johnny,1693894,4
O'Hara,1693894,24
Donald,235299,3
Horsecollar,235299,8
Cluck,235299,8
Clara,235299,5
Mickey,235299,21
Ainswell,29260795,4
Penwood,29260795,21
Chou,26039161,15
Shuiping,6506395,23
Sendler,22417540,15
Irena,22417540,6
Stefan,22417540,13
Taylor,35919258,4
Sam,35919258,19
Karloff,787704,8
Alexander,787704,11
Brewster,787704,17
Spenalzo,787704,0
Jonathan,787704,16
Einstein,787704,13
Abby,787704,17
Teddy,787704,3
Harper,787704,12
Elaine,787704,6
Martha,787704,17
Archer,5533519,9
Ansell,5533519,17
Sam,5533519,17
Buckley,5533519,17
Flynn,5533519,9
Drewitt,5533519,22
Irwin,5533519,3
Reynolds,5533519,10
Bush,5533519,0
Brozzie,5533519,16
Terri,5533519,23
Wheeler,5533519,3
Masse,29003237,15
Corazon,6518422,3
Kyle,6518422,3
Domingo,6518422,6
Azon,6518422,3
Cora,6518422,21
Manuel,6518422,14
Rod,6518422,3
Lorite,10634111,8
Gloria,23813576,23
Danny,23813576,1
Jeffrey,23813576,23
Marcos,23813576,3
Yefremov,8037429,21
Michelle,6218427,3
Rick,6218427,13
Orlie,6218427,3
Robinson,6218427,3
McAllister,6218427,17
Kevin,20952105,7
Vaughan,20952105,20
Kafka,3955038,0
Larson,15454503,8
Kaiser,15454503,3
Macas,15454503,15
Girard,15454503,17
Gerard,15454503,4
Mock,15454503,21
Sheetal,10616333,19
Daaga,10616333,7
Ravi,10616333,13
Vijay,10616333,5
Bower,3657604,19
Adams,3657604,18
Heinzmann,3657604,11
Nikki,13788689,19
Tanya,13788689,23
Misha,13788689,3
Mittal,13788689,7
Brian,22815884,8
Marin,22815884,19
Ordway,22815884,21
Denver,22815884,1
Bruce,22815884,12
Nancy,22815884,7
Winter,887164,10
Bostwick,887164,9
Dragomiloff,887164,24
Formby,30623317,0
Chrystal,26156614,16
Joe,26156614,4
Kingsley,4442904,16
Daffy,414368,6
Liyah,639319,3
David,639319,3
Rad,639319,6
Saint,639319,7
Vick,639319,6
Jones,639319,1
Sonny,639319,14
Chuck,639319,7
Kim,639319,16
Max,639319,3
Robert,639319,5
Hoffman,639319,14
Wade,639319,3
Richard,3831594,16
Gaddis,3831594,16
Rodrigo,3831594,23
Valerie,3831594,23
Gyllenhaal,3831594,11
Michael,3831594,12
Reilly,3831594,11
Hannigan,3831594,1
Prince,4866615,1
Kathie,4866615,14
Karl,4866615,13
Roberts,2889835,18
Michel,2889835,3
Lacoste,2889835,14
ric,2889835,5
Deanna,4190400,2
Browning,4190400,0
Cartwright,4190400,1
Ryan,4190400,15
Zandt,4190400,9
Christensen,4190400,16
Alicia,4190400,16
Mavis,2648235,3
Michelle,2648235,6
Rita,2648235,3
Bob,2648235,3
Kevin,2648235,3
Sue,2648235,6
Aslam,2648235,3
Gilmore,1190626,15
Gifford,1190626,13
Perry,1190626,15
Patsy,442308,17
Moe,442308,3
Dominic,442308,4
Peggy,442308,4
Max,442308,3
David,442308,15
Forsythe,442308,16
Manoldi,442308,13
Bailey,442308,17
O'Donnell,442308,18
Joe,442308,18
Deborah,442308,21
Carol,442308,21
Bercovicz,442308,18
Gelly,442308,8
Goldberg,442308,16
Austin,13389642,8
Sabrina,13389642,5
Liz,13389642,17
Sarah,13389642,17
Sabrine,13389642,21
Chambers,13389642,1
Rico,32473776,17
Martine,32473776,24
Mayor,32473776,17
Philippon,32473776,18
Maurice,32473776,5
Bruno,32473776,24
Yeosu,3787080,3
Baker,22242521,24
Jimmy,22242521,21
Renee,22242521,22
Coyote,10131149,16
E.,10131149,3
Andrews,20940489,7
Lilly,20940489,4
Ellen,20940489,13
Maggie,20940489,14
Nathan,20940489,6
Kate,20940489,6
Jack,20940489,16
Dalton,20940489,0
Robert,20940489,6
Crazx,5277590,10
Conjurer,5277590,19
Judge,28882162,13
Lex,28882162,24
Kay,28882162,4
Anderson,28882162,17
Madrigal,28882162,22
Judges,28882162,24
Guthrie,28882162,3
Chan,28882162,17
Kaplan,28882162,24
Dredd,28882162,17
Alvarez,28882162,17
Caleb,28882162,4
Weaver,32600896,18
Emily,32600896,3
Nate,32600896,17
Watson,28155057,17
Abelard,25001635,14
Heloise,25001635,14
Dileep,29718322,11
Prasad,29718322,11
Bhavana,29718322,5
Menon,29718322,4
Kunjaadu,29718322,7
Mary,29718322,23
Jose,29718322,9
Solomon,29718322,21
Brennan,2425302,22
Katherine,2425302,17
Santoya,2425302,19
Bugenhagen,2425302,13
Spiletto,2425302,2
Jennings,2425302,23
Baylock,2425302,19
Thorn,2425302,9
Robert,2425302,3
Damien,2425302,13
Mister,31500300,23
Martin,31500300,17
Jebedia,31500300,22
Peggy,31500300,19
Belle,31500300,6
Willie,31500300,3
Loven,31500300,17
Claire,6262095,21
James,6262095,23
Borat,29739043,3
Sagdiyev,29739043,19
Roy,29110209,10
Menon,29110209,16
Min-jae,3119806,16
Do-hyung,3119806,24
Schadeberg,3371895,0
Nxumalo,3371895,6
Bailey,3371895,3
Mandela,3371895,21
Jr.,33109497,9
Don,24104388,15
Chakraborty,24104388,5
Tiwari,24104388,11
Minu,22016216,6
Bhakthavalsan,22016216,20
Nair,22016216,1
Govind,22016216,17
Prem,22016216,3
Sreenivasan,22016216,12
Bruhling,26800570,13
Dunn,26800570,11
Trayne,26800570,15
Craig,26800570,15
Hilton,26800570,19
Phillips,26800570,0
Doyle,33021904,14
Terry,25193897,16
Herk,25193897,7
Bess,25193897,6
Frankie,25193897,21
Midge,25193897,3
Zinga,3408276,6
Donizetti,3408276,3
Pele,3408276,13
John,3408276,13
Cove,21878654,22
Sandy,21878654,3
Krabs,21878654,3
Mr.,21878654,5
Patrick,21878654,3
Laguna,21878654,14
Jones,21878654,8
Sally,21878654,14
Richard,1394037,16
Pegg,1394037,19
Carbonara,1394037,8
Richie,1394037,3
Bolognese,1394037,5
Eddie,1394037,3
Jettel,1729915,3
Walter,1729915,21
Regina,1729915,13
Carlos,957942,12
Ann,957942,15
Maguire,957942,8
McKussic,957942,0
Mac,957942,14
Escalante,957942,24
Frescia,957942,18
Vallenari,957942,22
Danny,27485441,17
Feathermen,27485441,19
Fiennes,27485441,21
Harris,27485441,3
McCann,27485441,17
Hunter,27485441,4
Davies,27485441,2
Logan,27485441,6
Meier,27485441,16
Anne,27485441,16
Bryce,27485441,20
Cregg,27485441,22
Varalakshmi,16195082,21
Rush,1135297,24
Cyrus,1135297,5
Zorba,1135297,7
Zacharides,1135297,12
Buck,1135297,6
Daniels,19408859,14
Horner,19408859,12
Spanky,19408859,5
Darla,19408859,15
Kevin,4088797,21
Rachel,4088797,21
Henri,4183527,13
Clavel,4183527,6
Madeline,4183527,6
Pepito,4183527,16
Cohn,4183527,13
Nicole,4183527,15
Chartoff,4183527,22
O'Sullivan,4183527,15
Horst,4183527,6
Chloe,4183527,24
Danielle,4183527,3
Cucuface,4183527,21
Giombini,1670884,11
Thora,1670884,9
Abril,1670884,14
Larkin,1670884,7
Thatcher,3022675,9
Elizabeth,3022675,22
Maria,3022675,13
Carlsen,3022675,20
Urquhart,3022675,6
Claire,3022675,6
Makepeace,3022675,14
Corder,3022675,13
Storin,3022675,9
Hamhock,1385804,3
Piggy,1385804,3
Irene,12583457,11
Charles,12583457,12
Brice,12583457,5
Vasseur,12583457,10
Sophie,12583457,18
Brunner,17129542,24
Peter,17129542,8
Martyn,17129542,19
Cecilie,17129542,23
Niloofar,33152192,3
Raina,28103735,18
Aadil,28103735,6
Rana,28103735,9
Khan,28103735,1
Aakash,28103735,6
Khanna,28103735,3
Nair,28103735,18
Nikita,28103735,6
Piya,28103735,24
Doris,18656759,8
Elizabeth,18656759,19
Laurie,18656759,3
Grimbert,22374429,21
Nathan,22374429,24
Simon,22374429,17
Hitchcock,28960753,3
Singhania,23669560,17
Kohl,23669560,9
Don,23669560,4
Sameer,23669560,16
Ayesha,23669560,16
Vardhaan,23669560,4
Diwan,23669560,13
Shah,23669560,11
Malik,23669560,18
Jabbar,23669560,17
Judith,865607,19
Briscoe,865607,17
Quatermass,865607,3
Lomax,865607,18
Marsh,865607,6
Carroon,865607,4
Sampson,28214407,19
Oliver,28214407,6
Melissa,28214407,21
Sarah,28214407,2
Alexander,28214407,4
George,28214407,8
Anderson,28214407,11
Bobbi,28214407,6
Ben,28214407,21
Carver,28214407,10
Watson,28214407,24
Raul,35623497,0
Elio,35623497,3
Divya,2792590,21
Chandrakumar,2792590,21
Manohar,2792590,21
Poletti,7302636,11
Meredith,7302636,24
Bosch,7302636,10
Danny,25019575,16
Rosales,25019575,11
Malley,34405210,21
Todd,25918750,4
Terry,25918750,2
Maddy,25918750,20
Juhi,32321619,2
Neal,32321619,15
Raj,32321619,14
Franklin,397753,5
Rick,397753,9
Brock,397753,5
Johnson,397753,0
Enright,397753,10
Drayton,397753,4
Hardesty,397753,15
Torres,13225630,24
Miranda,13225630,3
Charlie,13225630,3
Richard,2673183,21
Norton,2673183,19
Jenkins,2673183,17
Talbot,2673183,21
Nick,2673183,3
Wachs,2673183,13
Halloway,2673183,15
Singleton,2673183,8
Monroe,2673183,2
Alice,2673183,21
Ashok,24873731,17
Siva,24873731,17
Maggie,34146598,2
Sonali,34146598,19
Breakers,34146598,0
Sid,34146598,14
Marc,34146598,2
Skyes,25098571,16
Nelly,25098571,3
Hemel,25098571,21
Bellerophon,25098571,24
Hemmel,25098571,6
Parkes,25098571,15
Cynthia,25098571,7
Corbett,25098571,6
Ronnie,25098571,6
Christine,25098571,3
Joe,25098571,3
Rowbottom,25098571,15
Karlin,25098571,19
Barker,25098571,6
Rice,1324852,9
Thomas,1324852,11
Flack,1324852,13
Kim,1324852,4
Davey,1324852,3
Osborne,1324852,11
Forsythe,1324852,20
Kowalski,1358857,17
Ollie,7938927,17
Stan,7938927,17
Mavis,31327794,6
Jonathan,31327794,3
Eunice,31327794,2
Dracula,31327794,3
Wilson,31327794,3
Wayne,31327794,1
Littlefoot,3462620,6
Petrie,3462620,13
Rinkus,3462620,18
Pterano,3462620,21
Ducky,3462620,13
Gopi,31630826,13
Sumithra,31630826,16
Blackstone,3150991,9
Elizabeth,3150991,6
Doremus,3150991,5
Alexander,3150991,11
Dexter,3150991,14
Fran,3150991,4
Osidro,3150991,5
Yokum,6692620,5
Schneider,6692620,24
Nelson,6692620,21
borah,11891977,23
Carmen,11891977,2
Robles,11891977,6
Manuel,11891977,2
Alvarez,11891977,4
Federico,11891977,17
Frederico,11891977,0
Rivero,11891977,20
Hernandez,11891977,8
Cristina,11891977,11
LaRusso,91133,21
Johnny,91133,6
Lawrence,91133,15
Daniel,91133,3
Mills,91133,19
Brown,91133,6
Miyagi,91133,21
White,1625624,13
Tzu,1625624,21
Tai,1625624,9
Robinson,32603062,18
Shawn,5662308,0
Blair,5662308,11
Anders,5662308,23
Munro,5662308,13
McGinley,5662308,11
Compton,5662308,8
Charlie,5662308,23
Thompson,5662308,9
Billy,5662308,19
Heaton,5662308,17
Flynn,3667704,1
Des,3667704,18
Hemaidah,8845785,21
Zebeidah,8845785,8
Paul,19233962,15
Nazda,19233962,10
Sinatra,19233962,13
Santos,19233962,17
Angie,19233962,10
Hattori,3304471,16
Yamashita,3304471,6
Priscilla,21089512,8
Forrest,2259649,23
McCrae,2259649,11
Broadhead,869181,16
Sheila,869181,12
Hall,869181,12
Lomax,869181,18
Ferranti,19101562,4
Warden,19101562,9
Giroux,19101562,9
Pedley,19101562,21
Lightfoot,9459355,24
Danny,9459355,15
Cahill,9459355,4
Bridget,34147300,19
Sweeney,34147300,10
Isaac,34147300,8
Gold,34147300,10
Lapidowitz,34147300,17
Ren,9807797,6
Hertig,9807797,11
Beko,9807797,13
Lautenschlager,9807797,2
Berisha,9807797,17
Caro,9807797,13
Wehrli,9807797,10
Jake,7579751,3
Sonny,7579751,24
Heke,7579751,17
Hornsby,33149657,16
Lucy,1232511,16
Hannah,1232511,16
Bartlett,1232511,16
Diane,1232511,6
Fern,1232511,16
Weston,1232511,16
Jack,1232511,6
Janusch,1232511,4
Lisa,1232511,14
Cleo,1232511,19
Jakub,21072520,21
Helena,21072520,19
Borguette,18284640,24
Abhi,28150094,3
Kenner,18597762,6
Sheila,18597762,16
Mutie,18597762,8
Bishop,18597762,24
Elijah,18597762,23
Lazarus,18597762,17
Grace,18597762,6
Phil,18597762,1
Muties,18597762,3
Karan,5720237,6
Arjun,5720237,14
Ayesha,5720237,4
Srivastav,5720237,24
Salim,5720237,7
Kantilal,5720237,18
Baba,5720237,5
Sonia,5720237,11
Abhimanyu,5720237,6
Anjali,5720237,12
Tak,5720237,5
Sikander,5720237,4
Abraham,5720237,11
Shah,5720237,15
Viswam,11848017,23
Ram,11848017,10
Raghu,11848017,18
Joshi,2350188,3
Asmi,2350188,16
Ganatra,2350188,13
Jane,18618476,16
Hardy,18618476,17
Guy,570743,20
Daniels,570743,21
Charles,570743,17
III,570743,0
Sklar,570743,2
Keyes,570743,7
Barton,570743,3
Lance,570743,3
House,950929,23
Sannerson,950929,23
Markway,950929,13
Theodora,950929,18
Dudley,950929,7
Johnson,950929,7
Crain,950929,17
Lance,950929,15
Abigail,950929,8
Eleanor,950929,3
Taylor,16725177,16
Bay,16725177,5
Ingrid,16725177,12
Gorge,16725177,16
Sophie,16725177,24
Alex,16725177,3
Susanna,129368,2
Charlie,129368,21
Babbitt,129368,15
Bruner,129368,13
Raymond,129368,6
Brad,3520860,4
Zoe,3520860,4
Grover,3520860,20
al-Haznawi,3634311,15
al-Ghamdi,3634311,3
Homer,3634311,6
al-Nami,3634311,8
Jarrah,3634311,13
Sliney,3634311,1
Haznawi,3634311,17
Dahl,3634311,9
Atta,3634311,17
Krishna,33289788,2
Sushma,33289788,2
Malhotra,33289788,13
Salvatierra,24440630,2
Moore,24440630,21
Gazarian,24440630,10
Parker,7766381,6
Bess,7766381,21
Flicka,7766381,12
Tony,1122030,5
Dorfler,1122030,24
Jonathan,1122030,18
Moscone,1122030,6
Mosely,1122030,11
Joey,1122030,5
Walsh,1122030,11
Serrano,1122030,9
Jack,1122030,3
Moseley,1122030,4
Mardukas,1122030,19
Duke,1122030,4
Pamela,6691690,17
Jimi,646454,23
Lisa,646454,2
Neal,24190384,24
Davis,24190384,18
Yegor,34760284,20
Dzau,34760284,17
Ksenya,34760284,3
Ygor,34760284,23
Zaur,34760284,3
Sally,34760284,22
Sidamonta,34760284,17
Ksenia,34760284,3
Kseniya,34760284,3
Romeos,35003311,1
Lewis,25047588,1
Raja,8311612,14
Abdul,8311612,13
Segaraga,8311612,22
Hamidah,8311612,13
Wahab,8311612,21
Patalon,8311612,21
Rafidah,8311612,13
Sadiq,8311612,6
Ghasidah,8311612,13
Wahub,8311612,6
Henri,18089789,23
Severine,18089789,23
Taylor,11706092,14
Zontar,11706092,2
Jane,5188359,4
Caligari,5188359,13
Alan,5188359,13
Cesare,5188359,13
Francis,5188359,16
Holstenwall,5188359,24
Mizuki,8441185,14
Segawa,8441185,1
Garcia,24463571,11
Valentina,24463571,8
Genovevo,24463571,24
iga,24463571,14
White,5664063,23
Vince,5664063,3
Lawson,5664063,3
Finster,5664063,16
Spinelli,5664063,3
Gus,5664063,12
Tubby,5664063,22
Milkie,5664063,11
T.J.,5664063,3
Bob,5664063,17
Hector,5664063,22
Gretchen,5664063,3
Marthe,3201938,16
Dorsay,3201938,1
Edwards,3201938,24
Garrett,7489581,9
Dulaney,7489581,3
Payley,7489581,24
Marsh,7489581,15
Carlson,7489581,3
Braslow,7489581,14
Roston,7489581,3
Seimetz,30547857,11
Francine,30547857,19
Claudia,9857107,24
Luca,9857107,3
Whistler,2526781,24
Ashby,2526781,8
Ashe,2526781,9
Dethton,2526781,10
Deth,2526781,23
McNulty,2526781,19
Valette,22376055,22
Marie,22376055,14
Christian,22376055,24
Raghav,12243701,17
Deshu,12243701,16
Bhai,12243701,23
Hashim,12243701,17
Jazmin,4261392,3
Biltmore,4261392,6
Tunde,4261392,6
Stacy,4261392,2
Akibo,4261392,12
Mia,4261392,21
Robert,4261392,21
Suhani,1634239,21
Savitri,1634239,9
Aditiya,1634239,6
Rao,1634239,12
Yeshwant,1634239,7
White,8055250,3
Elspeth,8055250,3
Josephine,8055250,23
Alfred,8055250,3
Hector,8055250,17
John,8055250,3
Marley,24642367,19
Marchant,24642367,10
Dawson,24642367,8
Sharma,7328023,12
Khanna,7328023,3
Anjali,7328023,14
Sanjay,7328023,3
Malhotra,7328023,21
Lohe,36050033,12
Jacob,36050033,12
Steiner,36050033,6
Elena,9127916,21
Radoslav,9127916,6
Swami,18935404,3
Evelyn,2313750,17
Sweet,2313750,17
Sofi,2313750,8
Angel,2313750,17
Mercer,2313750,6
Fowler,2313750,17
Hoskins,28838720,24
Roberts,28838720,11
Jackson,28838720,10
Sharon,28838720,15
Rito,28838720,6
Nate,28838720,16
Terry,28838720,9
Charles,28838720,12
Parker,28838720,5
Jahboo,28838720,17
Keerti,10134112,19
Cheenu,10134112,3
Keerthi,10134112,21
Mohini,10134112,3
Ganesh,10134112,8
Vasu,10134112,6
Munson,527169,21
Schwitters,527169,17
Fletcher,527169,3
Soderbergh,527169,8
Elmo,527169,6
Korchek,527169,6
Hubbard,527169,15
Richards,527169,16
Calvess,2378208,11
Kathryn,2378208,13
Oak,2378208,17
Mike,2378208,6
Tellis,2378208,3
Professional,27345864,12
Parvathi,20734302,2
Rama,20734302,2
Shekar,20734302,9
Schuckert,2503448,20
Bohm,2503448,3
Lola,2503448,10
Fletcher,1307241,24
Beth,1307241,4
Jerry,1307241,13
Sea,1307241,5
Nettles,1307241,24
Halperin,1307241,0
Norman,1307241,22
Richard,31306731,6
Kate,31306731,23
Allison,31306731,5
Reddy,31306731,11
Momo,31306731,2
Tim,590598,3
Amos,590598,17
Simms,590598,3
Willy,590598,6
Norwood,590598,6
McMahon,590598,9
Whitey,590598,6
Sonia,590598,2
Dade,590598,9
Velma,590598,17
Adler,7725336,9
Zoe,7725336,16
Morgan,28637196,16
Jeana,6109736,16
Virendra,15451897,3
Mahendra,15451897,1
Suman,15451897,5
Om,15451897,3
Singh,15451897,1
Srivastav,15451897,10
Rajeshwari,15451897,3
Zafrani,15451897,4
Sai,33286534,17
Naykkar,33286534,21
Shruthy,33286534,8
Amar,20903035,21
Kamini,20903035,22
Sonachand,20903035,6
Grande,10619079,24
Nguyen,10619079,10
Vajura,10619079,4
Rockwell,10619079,4
Genocyber,10619079,16
Diana,10619079,6
Myra,10619079,4
Kuryu,10619079,16
Tanya,10619079,17
Sakomizu,10619079,3
Mel,10619079,13
Laura,10619079,13
Elaine,10619079,4
Morgan,10619079,24
Hiramatsu,10619079,23
Vajra,10619079,20
Ryu,10619079,21
Wright,10619079,8
Reed,10619079,16
Mason,3417075,3
Griffin,3417075,23
Cole,3417075,4
Sr.,3417075,24
Hank,3417075,12
Jr.,3417075,8
Burns,3417075,17
Bolton,7444907,23
Richie,7444907,17
Broom,7444907,11
Vishal,13579944,7
Arjun,13579944,5
Hyderabadi,13579944,14
Jackson,23813973,0
Miller,23813973,2
Franklin,23813973,16
Copeland,23813973,6
Pamela,23813973,2
Paddington,23813973,14
Thomas,23813973,11
Liz,23813973,6
Harrington,23813973,10
Clarkson,23813973,9
Edgar,23813973,6
Reed,23813973,3
Felicia,23813973,17
Morley,23813973,3
Julia,23813973,3
Wilson,23813973,19
Morris,23813973,11
Paula,23813973,5
Willy,23813973,17
Monahan,23813973,12
Kate,23813973,21
Edison,23813973,12
Grace,23813973,13
Moralez,23813973,1
Alex,23813973,23
Kara,23813973,13
Rodriguez,23813973,23
Rani,23813973,10
Hazeltine,23813973,4
Bennett,23813973,4
Curran,23813973,24
Holden,23813973,6
Moore,23813973,18
Fitzpatrick,23813973,20
Elias,36448826,21
Clark,3607647,19
McMurphy,3607647,23
Murphy,101914,17
Sal,101914,6
Shermer,101914,18
Edna,101914,4
Sheldon,101914,20
Howard,101914,4
Sonny,101914,6
Angie,101914,13
Sylvia,101914,1
Moretti,101914,17
Leon,101914,2
Mulvaney,101914,14
Mohammad,4367877,21
Fatih,26562385,13
Ufuk,26562385,14
Varalakshmi,26119173,21
Ramaiah,26119173,1
Suguna,26119173,14
Durga,26119173,1
Raghunath,26119173,13
Chandi,15041008,18
Khan,15041008,14
Chhalia,15041008,11
Singh,15041008,24
Durga,15041008,17
Brutals,149928,4
Frayn,149928,17
Zardoz,149928,14
Wizard,149928,7
Dhun,23017170,0
Pahar,23017170,16
Pooja,23017170,1
Shobha,17874554,21
Dineshan,17874554,21
Sreenivasan,17874554,9
Phil,26350895,23
Carroll,7148117,11
Winslow,7148117,2
Doc,7148117,2
Elvis,27747327,3
Clara,8852973,23
Fella,3373525,21
Emily,3373525,2
Hutton,3373525,9
Baxter,10142267,8
Emilie,10142267,16
Hester,10142267,2
Jack,10142267,23
Adam,10142267,20
Taran,805496,6
Fflam,805496,16
Orddu,805496,13
Dallben,805496,15
Eiddileg,805496,12
Doli,805496,16
Wen,805496,9
Eilonwy,805496,21
Orwen,805496,20
King,805496,17
Maki,12294476,9
Mitsuru,12294476,16
Liliana,12780416,14
Assuntina,12780416,22
Valdarena,12780416,13
Banducci,12780416,3
Diomede,12780416,6
Ingravallo,12780416,18
Drysdale,12160883,15
Bambas,12160883,10
Barton,12160883,18
Gale,12160883,8
X,12160883,17
Vogel,12160883,14
Kevin,12160883,10
Jamal,12160883,16
Swain,12160883,0
Benson,12160883,17
Martine,12160883,6
Shilling,12160883,10
Dave,12160883,4
Burton,12160883,24
Eddie,12160883,17
Leather,12160883,10
Tim,12160883,20
Bern,12160883,10
Roy,12160883,17
Love,12160883,0
Pyke,12160883,6
Terry,12160883,17
Urquhart,12160883,23
Everett,12160883,16
Sheelavati,4125216,5
Paul,29416595,3
Megan,29416595,6
David,29416595,6
Kate,29416595,3
Tremaine,4196336,8
Lucifer,4196336,23
Jaq,4196336,24
Cinderella,4196336,3
Gus,4196336,21
Pom,4196336,24
Godmother,4196336,3
Mary,4196336,10
Christine,2179507,20
Lea,2179507,20
Lepist,2678322,8
Morgan,23382222,5
Fang,26134241,1
Cherubimon,5579355,14
T.K.,5579355,19
Diaboromon,5579355,4
Mimi,5579355,1
Kari,5579355,17
Agumon,5579355,3
Keramon,5579355,23
Terriermon,5579355,3
Izzy,5579355,17
Digivolve,5579355,11
Digimon,5579355,6
Matt,5579355,18
Tai,5579355,5
Omnimon,5579355,17
Inoue,5579355,16
Seraphimon,5579355,11
Wendigomon,5579355,6
Willis,5579355,17
Motomiya,5579355,4
Superman,21966094,7
Jairaj,21966094,6
Ramani,21966094,2
Mahal,21966094,5
Ramunni,29052102,21
Peggy,7100278,18
Belmore,7100278,24
Kerr,7100278,24
Dwight,7100278,1
Jack,13392017,6
Paul,13392017,3
Adrienne,13392017,21
Mark,13392017,15
Pollack,4724962,4
Hoffman,4724962,14
Kidstuff,5221680,23
Ricky,5221680,17
Swordflower,5221680,23
Sharada,26976169,4
Sekhar,26976169,14
Lakshmi,26976169,8
Amy,13971966,3
Jorge,13971966,16
Luis,11966220,6
Mariana,11966220,6
Elmyr,11966220,16
Tesla,11966220,12
Mari,11966220,19
Forest,11966220,21
Tey,11966220,12
Clive,129312,14
Bill,129312,15
Hermangarde,18333832,19
Marigny,18333832,24
Sullivan,7322866,16
Moran,7322866,10
Jr.,7322866,21
Francis,7322866,22
Pingguo,13463159,6
Dong,13463159,6
Mei,13463159,12
Miranda,1996645,1
Bierce,1996645,22
Arroyo,1996645,16
Winslow,1996645,5
Villa,1996645,16
Margot,20363463,10
Virgil,20363463,14
Ernest,20363463,8
Auroch,35581515,3
Bathsheba,35581515,3
Borg,33124,5
Jubilaris,33124,0
Marianne,33124,3
Isak,33124,21
Sara,33124,10
Khaled,26443837,4
Raja,26443837,4
Arab,26443837,17
Wyndham,26443837,18
Paxton,26443837,17
David,26443837,6
Saki,33282724,11
Kaji,33282724,2
Avner,2419947,21
Munni,32056279,1
Prabha,32056279,22
Amar,32056279,15
Thakur,32056279,5
Miller,36036304,9
Klotz,23587208,14
Nourredine,23587208,9
Jeanne,23587208,21
Myrian,23587208,5
Henry,73488,17
Elizabeth,73488,17
Boles,73488,13
Waldman,73488,13
Maria,73488,1
Harris,73488,9
Lavenza,73488,21
Frankenstein,73488,11
Fritz,73488,23
Kumar,30863360,15
Umesh,30863360,5
Sarita,30863360,24
Brilliant,1348747,16
Jimmy,1348747,14
Gigantor,1348747,4
Miller,15476834,3
O'Callaghan,15476834,14
Quilty,15476834,6
Cromwell,15476834,15
Pryce,15476834,4
Bridey,15476834,14
Bridie,15476834,8
Baynes,15476834,23
David,15476834,3
Colton,14220618,13
Chappuis,8698208,6
Mignonette,8698208,6
O'Hare,8698208,0
Jacques,8698208,12
Peggy,8698208,6
Gaspari,8698208,16
Yvonne,8698208,8
Desmonde,8698208,6
Bonnard,8698208,19
Grattin,8698208,18
Frye,8698208,6
Bibi,8698208,6
Louis,8698208,14
Wil,2812718,23
Cho,2812718,21
Vivian,2812718,23
Wilhelmina,2812718,13
Alphand,30918407,16
Maule,30918407,20
Arthur,1323663,3
Lancelot,1323663,9
Uther,1323663,3
Fay,1323663,13
Elissa,1323663,4
Excalibur,1323663,3
Frik,1323663,3
Merlin,1323663,3
Mab,1323663,24
Nimue,1323663,4
Elaine,1323663,2
Morgan,1323663,4
Pendragon,1323663,12
Vortigern,1323663,17
King,1323663,22
Galahad,1323663,3
Madhuri,11657836,16
Nazar,11657836,3
Rahul,11657836,7
Khanna,11657836,13
Suman,11657836,11
Lakeeron,11657836,4
Hai,11657836,16
Dixit,11657836,0
Tanaka,22727,2
Kubo,22727,1
Hiroshi,22727,20
Howell,22727,12
Anno,22727,14
York,22727,11
Okada,22727,18
Sato,22727,13
Yoshiko,22727,9
Hernandez,22727,12
Millman,5099007,6
Guthrie,5099007,20
Mondieu,5099007,19
Siri,25626519,0
Hannuma,25626519,13
Qinawi,25626519,23
Hewitt,2441439,18
Delongpre,2441439,20
Perry,2441439,24
Belle,2441439,10
Fairchild,2441439,14
Hawkins,2441439,18
Dion,25295498,11
Celine,25295498,24
Perrault,25295498,9
Bruer,25295498,12
Rafkin,1789671,24
Heggs,1789671,16
Checco,1789671,15
Parker,1789671,8
Smith,1789671,8
Solis,1789671,21
Luther,1789671,17
Staley,1789671,17
Simmons,1789671,17
Femmes,1789671,23
Show,1789671,0
Tom,1789671,5
Cardinale,1789671,13
Knotts,1789671,24
Gomer,1789671,17
Weaver,1789671,11
Kelsey,1789671,18
Harvey,1789671,7
Griffith,1789671,17
Gordon,161901,3
Algernon,161901,3
Nemur,161901,16
Kinnian,161901,3
Charlie,161901,11
Straus,161901,16
Henry,18546797,6
Sajani,18546797,17
T.K.,18546797,3
K,18546797,9
Moores,18546797,12
Sekharan,28093894,14
Nandana,28093894,19
Shymala,28093894,5
Akash,28093894,22
Vasudevan,28093894,16
Shayamala,28093894,14
Shyamala,28093894,16
Urvashi,28093894,8
Simcox,3681345,22
Hall,3681345,23
Clive,3681345,2
Alec,3681345,6
Durham,3681345,1
Barry,3681345,9
Risley,3681345,4
Maurice,3681345,3
Scudder,3681345,21
Anne,3681345,10
Petro,7480987,15
Travis,612840,6
Kemp,612840,7
Philips,612840,5
Anderson,612840,7
Lowe,612840,6
Rowntree,612840,2
Wallace,612840,3
Baumstein,8084939,6
Barbie,32599610,21
Ann,4149808,4
Rowan,4149808,3
Sebastian,4149808,19
Gilbert,4149808,8
Anderson,4149808,24
Ware,4149808,6
Jimmy,8270869,8
Olsen,8270869,12
Dees,8270869,7
Tuck,5085987,10
Winnie,5085987,14
Jesse,5085987,3
Jacobs,13623073,6
Roberts,13623073,24
Vanessa,13623073,13
Raffy,13623073,0
Lossman,13623073,14
Brad,13623073,15
Hester,13623073,0
Turnbill,13623073,3
Shobhna,12319780,6
Kiran,12319780,3
Ramesh,12319780,10
Raja,12319780,22
Shobna,12319780,8
Janki,12319780,2
Singh,12319780,14
Ratna,12319780,3
Prakash,12319780,6
Vikram,12319780,6
Munshi,12319780,6
Reen,12319780,21
Milo,497890,6
Otis,497890,3
Sandra,497890,24
Joyce,497890,18
Shiksha,28958874,10
Mandwa,28958874,4
Lala,28958874,3
Chauhan,28958874,10
Mazhar,28958874,1
Gaitonde,28958874,17
Shantaram,28958874,1
Cheena,28958874,3
Vijay,28958874,6
Gawde,28958874,0
Jo,16877825,3
Hitler,16877825,2
Gunther,16877825,6
Rosenblum,16877825,13
Delcourt,16877825,10
Cavalier,16877825,15
Beethoven,16877825,8
Beckman,16877825,4
Clipper,33580698,6
Margie,33580698,21
Harmon,33580698,3
Kelly,33580698,0
Butch,33580698,23
Poggle,33580698,12
Marcos,15945843,10
Akhil,2853320,23
Thiruchelvan,2853320,21
Amudha,2853320,2
Dileepan,2853320,3
Vikramsinghe,2853320,4
Vinay,2853320,10
Indira,2853320,21
Shyama,2853320,2
Arthur,28485791,6
Bitterman,28485791,23
Hobson,28485791,6
Bach,28485791,1
Susan,28485791,3
Johnson,28485791,3
Naomi,28485791,21
Vivienne,28485791,6
Arthur,14998554,18
Burke,14998554,15
Martin,14998554,3
Heusen,14998554,12
Sagramore,14998554,9
Hank,14998554,3
Carteloise,14998554,9
Pilcher,8448301,24
Carrie,8448301,18
Ray,8448301,6
Earl,8448301,3
Mae,8448301,13
Virgil,8448301,23
Murdoch,8448301,13
Buddy,23631832,6
Turturro,23631832,11
Shankman,23631832,17
Arnie,23631832,0
Linda,23631832,6
Andrew,23631832,14
Rydell,23631832,10
Frank,23631832,14
Buznik,23631832,10
Dave,23631832,6
Chuck,23631832,3
Cooper,19545352,10
Juanita,19545352,23
Cosgrove,19545352,15
Nat,19545352,16
Rosalina,19545352,3
Alex,19545352,24
Tracy,22824499,17
Jason,22824499,17
Maria,22824499,7
Irene,22824499,21
Matthews,22824499,1
Emily,22824499,15
Stephen,22824499,17
Rebecca,22824499,6
Sara,22824499,3
Ramesh,22612034,18
Ratan,22612034,14
Kala,22612034,14
Raja,22612034,14
Shanti,22612034,14
Gauri,22612034,2
Daulatram,22612034,24
Malhotra,22612034,11
Ahmed,10772229,21
Layla,10772229,7
Mamdouh,10772229,12
Yuanying,2405606,9
Zhibang,2405606,16
Shadow-Glow,2405606,23
Pearl,2405606,11
Han,2405606,6
Fire-Wind,2405606,6
Liu,2405606,16
Qingzhu,2405606,0
Zhaonan,2405606,4
Dongluo,2405606,20
Yufang,2405606,9
Hope,16437578,21
Wolowicz,80916,20
Roderigues,80916,13
Denise,80916,20
Jarvess,80916,5
Kinnie,80916,17
Hooper,80916,17
Hansan,80916,22
Bettis,80916,3
McAuliffe,80916,6
Spudler,80916,7
Kippton,80916,20
Layton,80916,6
Buckley,2403302,6
Charlie,2403302,6
Conway,2403302,4
Orion,2403302,16
Hans,2403302,9
Portman,2403302,14
Danielle,31744046,23
Murph,31744046,10
Emily,31744046,11
Lovelace,25230514,4
Penguin,25230514,18
Ramon,25230514,21
Atticus,25230514,17
Erik,25230514,4
Carmen,25230514,24
Gloria,25230514,13
Sven,25230514,21
Bo,25230514,4
Bill,25230514,3
Bryan,25230514,23
Anthony,12705564,3
Claude,12705564,6
Jackson,5330318,15
White,5330318,9
Arbuckle,5330318,13
Gifford,5330318,4
Fleming,5330318,21
Donelli,5330318,8
Chernov,13315304,16
Jesse,20095138,3
Meaghan,20095138,15
Robinson,20095138,13
Monica,7565198,12
Nasser,7565198,6
Rajeswari,7565198,14
Annachi,7565198,18
Daas,7565198,10
Antony,7565198,17
Sadiq,7565198,22
Guna,7565198,8
Zack,26137128,3
Mikki,26137128,3
Straker,26137128,13
Chaplin,2546701,3
Charlie,2546701,17
Chen,11957789,5
Kuan,11957789,13
Ling,11957789,19
Don,35230042,10
Einstein,35230042,21
Gilliam,35230042,10
Poe,2911536,20
Elisabeth,2911536,3
Perkins,2911536,20
Blackwood,2911536,15
Carmus,2911536,13
Julia,2911536,14
Foster,2911536,3
Tom,11609074,3
Jerry,11609074,23
Lois,23699707,9
Frazer,23699707,2
Ed,23699707,17
Cullen,23699707,10
Miller,4672611,8
Serena,4672611,16
Louise,4672611,2
Brad,4672611,0
Weaver,4672611,7
Medford,4085736,13
Bracken,4085736,19
Edna,4085736,1
Marion,4085736,24
Terry,4085736,19
Harrington,4085736,13
MacLeod,4085736,16
Reid,1209883,11
Cale,2976028,3
Palmer,2976028,21
Ben,2976028,3
Russell,2976028,12
Lily,2976028,3
Salem,23449348,6
Anton,23449348,14
Gasparde,4421925,17
Basc,4421925,0
Amaguma,4421925,10
Shuraiya,4421925,3
Sanji,4421925,11
Luffy,4421925,6
Hatburn,3864340,1
David,3864340,6
Kinemon,3864340,21
Fudd,1971622,10
Willoughby,1971622,10
Larry,9062834,24
Tyrrell,9062834,7
Ishikawa,20388216,17
Shutaro,20388216,10
Savithri,26588096,10
Unnikrishnan,26588096,6
Madhavan,26588096,17
Iyer,26588096,21
Ulpalakshan,26588096,6
Takeshi,2614254,21
Clown,2614254,7
Kitano,2614254,12
Lucy,24191870,4
Ward,24191870,14
Church,24191870,7
Wade,24191870,3
Grant,4041425,24
Ritter,4041425,18
Diane,4041425,2
Barney,4041425,2
Pete,4041425,24
Charlie,4041425,6
Paulie,4041425,6
goire,34250790,2
Depardieu,34250790,24
Clark,1678722,9
Steve,1678722,13
Liz,1678722,0
Walker,1678722,24
Grayson,1678722,15
Vickers,1678722,1
Doc,1678722,24
Alperin,4052442,1
Mix,4052442,17
Christina,4052442,15
Prince,2503050,1
Howard,2503050,4
Ewart,2503050,11
Manalpuy,2503050,11
Dev,3258336,6
Dhadkan,3258336,23
Chauhan,3258336,8
Anjali,3258336,21
Varma,3258336,22
Hatchet,27576303,13
Parker,2001250,0
Vicky,2001250,3
Molly,2001250,6
Steve,2001250,3
Eddie,2001250,17
Katy,2001250,6
Hoffman,2001250,2
Donahue,2001250,1
Tim,2001250,6
Harris,2001250,1
Terry,2001250,21
Gibbs,2001250,6
Rodriguez,1644192,2
Wright,1644192,16
Reggie,1644192,20
Heep,1644192,6
Farber,1644192,17
Dury,1644192,4
Mathew,10301701,17
Uttara,10301701,17
Matthew,10301701,18
Baba,10301701,15
gore,10301701,19
Balaram,10301701,21
Nimai,10301701,6
Ambika,10658851,16
Rajinikanth,10658851,6
Dugan,24811390,17
Foster,24811390,1
Zoltanne,24811390,11
Kyra,24811390,6
Rankin,24811390,2
Lancaster,24811390,11
Thompson,24811390,9
Debbie,24811390,3
Eric,24811390,17
Rosemary,24811390,23
Sarah,24811390,3
Charlie,24811390,6
Holden,4403025,2
Hibbert,4403025,24
Arlen,4403025,11
Bailey,13987282,18
Steve,13987282,7
Frank,13987282,21
Pete,13987282,16
Tessy,13987282,17
Cohen,13987282,0
Jackie,13987282,21
Mike,13987282,3
Garrett,630393,17
Jester,630393,23
Francee,630393,10
Culloran,630393,17
Hess,630393,10
Baron,630393,14
Glen,29839198,4
Nault,29839198,16
Churchill,29839198,21
Hillman,29839198,4
Lenore,29839198,21
Trent,26724867,13
Donald,14582785,21
Daisy,14582785,21
Sinatra,14582785,24
Jessie,14708426,17
Stanton,31353047,18
D'Salvio,1235054,15
Jackson,1235054,15
Benjamin,1235054,11
Harris,1235054,19
Pope,1235054,11
Mattelli,1235054,24
Henry,13702809,13
Bendrix,13702809,3
Sarah,13702809,6
Miles,13702809,9
Maria,3203385,17
Snuffy,3203385,21
Luis,3203385,13
Elmo,3203385,21
Vasanthi,31692693,13
Menon,31692693,12
Dhanalakshmi,4780869,23
Velu,4780869,23
Sivasubramanian,4780869,18
Muthupandi,4780869,23
Bhuvana,4780869,24
Vijay,4780869,6
Markod,30920372,21
Emiliano,30920372,20
Lokanatham,27606728,2
Dongalu,27606728,15
Paramesam,27606728,21
Ramudu,27606728,22
Hussain,15661703,0
Bhai,15661703,22
Diggs,19554171,4
Clawyu,19554171,23
Lazenby,19554171,2
Lou,19554171,13
Shane,19554171,23
Butch,19554171,3
Kitty,19554171,23
Seamus,19554171,17
Catherine,19554171,3
Angus,19554171,24
MacDougall,19554171,10
Galore,19554171,4
Freidrich,19554171,13
Chuck,19554171,22
Tinkles,19554171,3
Krueger,2375811,17
Jason,2375811,17
Marcus,2375811,11
Jessica,2375811,3
Voorhees,2375811,4
Diana,2375811,17
Kimble,2375811,24
Steven,2375811,3
Stephanie,2375811,4
Campbell,2375811,4
Godard,7191827,14
DiMarco,18268263,13
Terry,18268263,21
Srivastava,25593267,14
Seema,25593267,21
Sunder,25593267,21
Mahendra,25593267,21
Patrick,13605482,0
Holly,13605482,15
Xenoa,29417879,23
Norak,29417879,20
Eli,29417879,6
La'ian,29417879,21
Haogong,6939334,22
Jin,6939334,9
Zhongliang,6939334,23
Wen,6939334,20
Lizhen,6939334,21
Sufen,6939334,13
Zhongmin,6939334,24
Yang,6939334,9
Kangsheng,6939334,6
Winky,13837314,2
Piet,13837314,13
Desmond,20401848,15
Dinkle,20401848,1
Len,20401848,6
Horowitz,20401848,6
Mary,20401848,3
Hislop,20401848,0
Damien,20401848,2
Popodopoulos,20401848,10
Baker,4912101,20
Lester,4912101,7
Boojie,4912101,2
Charlie,4912101,10
Janet,3152882,21
Laura,3152882,13
Hedison,3152882,24
DuBois,3152882,0
Federman,3152882,14
Gable,3152882,23
Luke,24691338,21
Frankenstein,24691338,12
Yanagawa,21180308,10
Kimi,21180308,3
Igari,21180308,18
Shikha,8422674,1
Raj,8422674,19
Saheb,8422674,13
Madhi,8422674,6
Lalita,8422674,3
Madhuri,29672807,3
Das,29672807,17
Madhabi,29672807,4
Chand,29672807,4
Manik,29672807,4
John,29672807,3
Nagraj,29672807,4
Ambika,10792004,21
Radha,10792004,9
Rajini,10792004,21
Petra,13837148,13
Deur,13837148,10
Mamaloe,13837148,2
Fleay,22721957,20
Andrews,30581608,12
Kettle,30581608,9
Kilbride,30581608,20
Pa,30581608,19
Drum,11750190,10
Pha,11750190,1
Crabbe,11750190,11
Junior,25677728,3
Tash,25677728,10
Tugz,25677728,3
Rager,25677728,17
Levi,36072907,3
Vazquez,36072907,21
Jr.,36072907,15
Cachondo,36072907,16
Maria,34182174,14
Pedro,34182174,21
Jones,18922715,10
Guilala,11127037,24
Laura,1105278,23
Anna,1105278,6
Clara,1105278,6
Joseph,1105278,3
Bob,1105278,17
Sean,1105278,3
Clifford,1105278,19
Arthur,1128661,1
Burke,1128661,20
Azuka,1128661,1
Truman,1128661,22
Waters,1128661,14
Kendricks,1128661,6
Rhodes,1128661,17
Doc,1128661,6
Miller,5081408,9
Dean,5081408,16
Joe,5081408,14
Harvey,5081408,10
Reed,5081408,11
Tiffany,18615823,6
Carla,18615823,20
Smith,18615823,12
Byron,18615823,21
Sagar,4937583,14
Prem,4937583,3
Lenny,10382438,10
Brenda,10382438,11
Dwayne,10382438,11
Horny,10382438,15
Tony,10382438,17
Mackenzie,10382438,3
Burger,10382438,1
Chase,10382438,11
Jack,10382438,1
Bill,10382438,0
Marcia,10382438,17
Bert,10382438,20
Brandon,10382438,11
Benjamin,10382438,4
Van,10382438,18
Fisher,10382438,3
Horney,10382438,3
Tina,10382438,22
Chuck,10382438,24
Daniels,3377729,23
Charlie,3377729,18
Caan,3377729,21
Kartheiser,3377729,15
Bartlett,2265669,3
Hart,2265669,19
Sherman,2265669,12
Hally,2265669,17
Lloyd,2265669,23
Smith,2265669,12
Jean,2265669,19
Eddie,2265669,3
Panama,2265669,3
Jane,1917925,3
Hudson,1917925,4
Elvira,1917925,3
Liza,1917925,13
Bates,1917925,13
Flagg,1917925,3
Blanche,1917925,6
Mick,675790,4
Wolf,675790,23
Pamela,675790,20
Howard,675790,3
Finstock,675790,20
Wells,675790,2
Stiles,675790,10
Boof,675790,14
Harold,675790,6
McAllister,675790,11
Nixon,33030324,0
Elliott,33030324,13
Ernest,33030324,0
Mary,33030324,16
Courtland,33030324,23
Griffin,22077153,21
Little,22077153,21
Okumoto,4876364,15
Baron,4876364,11
Woods,4876364,5
Kim,4876364,20
Jr.,4876364,9
Dodd,4876364,21
Farhan,17927503,3
Chhanchad,17927503,8
Ramalingam,17927503,13
Raju,17927503,3
Phunsukh,17927503,3
Pia,17927503,17
Chatur,17927503,6
Wangdu,17927503,10
Mona,17927503,23
Louise,10956431,13
Simon,10956431,15
Suzanne,10956431,5
Ilych,35899886,3
Myeongseong,35899886,22
Sadako,35899886,12
Gojong,35899886,17
Tanya,35899886,21
King,35899886,5
Jace,19876308,3
Rose,19876308,17
Hanna,19876308,2
Avon,19876308,6
Caitlin,19876308,3
Ethan,19876308,6
Rukmani,10555927,14
Radha,10555927,15
Rukmini,10555927,19
Shyam,10555927,20
Dilg,77643,3
Shelley,77643,1
Lightcap,77643,7
Janu,30232525,3
Lakshmi,30232525,3
Shanku,30232525,15
Raju,30232525,5
Soman,30232525,2
Jessica,2931530,15
Cody,2931530,16
Dalloway,2931530,8
Pete,2931530,15
Flanagan,2931530,14
Zachary,2931530,12
Gwen,2931530,16
Marnie,2931530,11
Natalie,2931530,15
Nancy,2931530,15
Chester,2931530,15
Luis,4846576,17
Paul,4846576,3
Elizabeth,4846576,4
Allen,4846576,15
Marcus,4846576,10
Evelyn,4846576,5
Kimball,4846576,9
Lewis,4846576,0
Bateman,4846576,3
Christie,4846576,13
Harold,4846576,23
Jean,4846576,17
Carruthers,4846576,24
Davis,4846576,10
Cowper,23631611,4
Amy,60293,24
McNeil,60293,6
Edwards,60293,12
Jones,60293,19
Bob,60293,21
Alyssa,60293,6
Banky,60293,3
Miller,5564313,17
Banks,5564313,11
Michael,5564313,6
Francis,5564313,16
Nelson,5564313,6
Aisha,5564313,6
Sabrina,5564313,4
Dease,5564313,3
Shephard,5564313,24
Lil,5564313,24
Downs,5564313,19
Maxine,5564313,13
Cervantes,5564313,23
Nikki,5564313,3
Barnes,5564313,4
Frances,5564313,3
Meadows,5564313,21
Sonia,10495987,19
Mithal,10495987,3
Raju,10495987,3
Shera,10495987,6
Rajesh,10495987,15
Singh,10495987,19
Purshottam,10495987,6
Mittal,10495987,3
Vicky,10495987,17
Rinkie,10495987,13
Smitha,10495987,6
Corbeau,12540084,12
Ronnie,12540084,23
Britt,12540084,19
Logan,12540084,19
Louvette,12540084,13
Preston,12540084,9
Foreman,1222552,17
Holden,1222552,16
Lumpkin,1222552,3
Tubby,1222552,6
Frankie,1222552,20
Binns,1222552,4
Kala,3685714,23
Huppert,9833485,16
Kristina,18719108,2
Louella,18719108,5
Baste,18719108,22
Eric,18719108,23
Romano,18719108,23
Taro,13848220,2
Mebius,13848220,24
Pandon,13848220,17
Aki,13848220,17
Ultraseven,13848220,0
Zoffy,13848220,0
Nackle,13848220,17
Silvergon,13848220,17
Ultramen,13848220,9
Goldras,13848220,17
Rena,13848220,6
Dyna,13848220,0
Ultraman,13848220,0
Hibino,13848220,3
Kageboshi,13848220,10
Atsuko,13848220,4
Gamu,13848220,3
Daigo,13848220,3
Asuka,13848220,21
Hokuto,13848220,3
Hipporito,13848220,9
Mirai,13848220,14
Ryo,13848220,16
Gesura,13848220,17
Birju,7325516,21
Madhu,7325516,3
Raja,7325516,3
Vishwa,7325516,3
Rana,7325516,21
Garewal,7325516,1
Katie,8344046,21
Treffon,8344046,20
Palmer,8344046,6
Sandy,8344046,2
Feldheimer,8344046,8
Linda,8344046,14
Ted,8344046,6
Litzke,8344046,8
Chad,8344046,3
Osbourne,8344046,21
Pfarrer,8344046,3
Cotterelle,17183671,21
Jenssens,17183671,14
Vuillard,17183671,1
Arielle,17183671,4
Elias,17183671,15
Charlie,25036476,3
Malik,19078678,13
Siva,35205034,23
Pillai,35205034,18
Madaswami,35205034,23
Rajnidevi,7569293,19
Munnah,7569293,23
Vijay,7569293,21
Ramesh,15458413,3
Krishna,15458413,6
Tara,15458413,3
Bardaan,15458413,17
Bishnu,15458413,19
Amo,15458413,19
Pema,15458413,6
Pierson,183741,10
Tilton,183741,9
Gregory,183741,10
Jody,183741,21
Corrine,183741,21
Desham,183741,6
Cosgrove,183741,24
Mac,183741,23
Corinne,183741,8
Norris,183741,5
Piersen,183741,2
Gregsy,183741,10
Alex,183741,14
Sheela,16178751,21
Dileep,16178751,5
Krishnapriya,16178751,21
Thomas,16178751,5
Hari,16178751,2
Samajam,16178751,20
Ajit,16178751,3
Lane,24050247,2
butler,24050247,3
Sparkov,24050247,17
Matthews,24050247,6
Moe,24050247,10
Cranston,24050247,13
Morton,24050247,15
Starkov,24050247,2
Weston,24050247,2
Phoebe,24050247,21
John,24050247,11
Flotow,24050247,3
Heath,24050247,21
Johnny,31769768,15
Helmi,31769768,11
Leo,31769768,16
Siska,31769768,3
Warwick,15007082,11
Langley,15007082,1
Slade,15007082,24
Paula,25121894,2
Ezequiel,25121894,3
Sandy,23553986,13
Gary,23553986,4
Jisshu,19144521,10
Ray,19144521,1
Fernandez,19144521,15
Luv,29146986,21
Piyali,29146986,3
Khan,29146986,15
Singh,29146986,21
Dixit,29146986,8
Dinesh,9114950,3
Karan,9114950,12
Mohit,9114950,17
Sameer,9114950,12
Suhas,9114950,16
Anna,9114950,3
Vicky,9114950,17
Rockwell,9650305,8
Vivaldi,9650305,3
Lahti,9650305,15
Leary,9650305,18
Hines,9650305,15
Ruehl,9650305,15
Fern,9650305,21
Benoit,9650305,0
Platt,9650305,2
Phifer,9650305,1
Hunt,9650305,15
Corrigan,9650305,4
Wright,9650305,13
Hicks,9650305,15
Kapoor,11252321,10
Ajay,11252321,3
Grastner,1665824,5
Harry,1665824,16
Ellen,1665824,2
Iverson,1665824,5
Moseby,1665824,15
Lee,14533242,6
Carloff,14533242,11
Kirby,14533242,15
Keck,14533242,6
John,14533242,12
Grant,19271127,17
Burke,19271127,13
Max,19271127,3
Kamila,19271127,24
Yuri,19271127,8
Reed,19271127,23
Cain,4041273,13
Ellis,4041273,17
Higgins,7018098,14
Wanda,7018098,14
Bartle,19740040,14
Molly,8223379,10
Whitfield,8223379,2
Venus,8223379,2
Gloria,8223379,9
Joe,8223379,7
Stewart,8223379,12
Hatch,8223379,21
Kerrigan,8223379,21
Smith,24706441,18
Alysse,488210,9
Lee,488210,14
Matisse,488210,9
Pilant,92684,13
Rutledge,92684,21
Quill,92684,24
Mary,92684,6
Dancer,92684,4
Manion,92684,4
Laura,92684,14
Al,92684,23
Biegler,92684,3
Paquette,92684,4
Weaver,92684,1
McCarthy,92684,21
Kathy,10992573,2
Clark,10992573,3
Jeff,10992573,24
Doros,10992573,16
Willie,10992573,21
Colette,10992573,13
Collette,10992573,7
Rockburn,28820585,21
Leslie,28820585,6
pooja,23700292,2
Vivan,23700292,21
Shanaya,23700292,14
Pooja,23700292,2
Mickey,14416614,24
Donald,14416614,3
Xiaojian,33767085,4
Xiaoxian,33767085,4
Kennedy,5227029,19
Ellen,5227029,17
Griggs,5227029,12
Ojeda,5227029,22
Terry,5227029,3
McDonald,5227029,24
Rachel,5227029,23
Rayburn,5227029,8
Buster,5227029,7
Terri,5227029,22
Ted,5227029,3
Lopez,5227029,0
Doc,5227029,17
Mallesh,4747302,6
Krishna,4747302,17
Bhai,4747302,14
Shruthi,4747302,21
Narayan,4747302,17
Sayed,4747302,3
Suryanarayan,4747302,5
Manohar,4747302,14
Mona,4747302,0
Siva,10405777,21
Glasgow,7280802,0
Lynn,7280802,14
Martin,33442164,18
Harold,33442164,12
Olive,33442164,6
Abramson,33442164,11
Graham,33442164,21
Franki,27964875,20
Erica,27964875,21
Rumley,27964875,19
Nate,27964875,19
Toshio,14984117,18
Yoshida,14984117,18
Thwe,14984117,14
Yumi,14984117,14
Maung,14984117,22
Adam,5511141,6
Tiwari,33109159,14
Jaywant,33109159,1
Sampson,13027958,5
Mia,13027958,3
Gabriel,13027958,22
Shome,5901847,7
Gouri,5901847,23
Pinto,32955671,23
Sameer,32955671,4
Rosa,8932874,1
Sean,8932874,17
Lita,8932874,4
Elizabeth,5735396,23
Matthew,5735396,3
Bellicec,5735396,16
Nancy,5735396,14
Adams,5735396,1
Bennell,5735396,18
Jack,5735396,3
Howell,5735396,23
Kibner,5735396,13
Thor,4714494,10
Scott,4714494,15
Mick,1118809,17
Rico,1118809,17
Walter,1118809,12
Leroy,1118809,13
Charlton,1118809,1
Bob,1118809,3
Brown,1118809,2
Sue,1118809,2
Dundee,1118809,22
Schwartz,22162979,24
Theo,22162979,8
Lausberg,22162979,4
Smith,22162979,7
Freddie,22162979,8
Tobamke,22162979,23
Jang-bae,35797683,22
Gwang-rok,35797683,20
Heather,20878070,4
Kulku,20878070,4
Blair,20878070,17
Chase,20878070,16
Skylar,20878070,20
Grant,21980093,23
Brennan,21980093,17
Jennifer,21980093,17
Christine,21980093,13
Mark,21980093,3
Steve,21980093,5
Ashley,21980093,19
Wraynal,21980093,6
Thompson,21980093,7
Davis,21980093,0
Andy,21980093,21
Amy,976989,4
White,976989,4
Red,976989,10
Jordan,976989,21
Posey,976989,12
Xavier,976989,6
Baker,31804155,18
Andros,31804155,8
Skyros,31804155,23
Juno,31804155,21
McGuire,31804155,1
Haghios,31804155,2
Emile,31804155,12
Johnny,12186365,12
O'Hara,12186365,8
Clayton,12186365,17
John,12186365,8
Jessica,2925273,6
Jody,2925273,17
Brooke,2925273,3
Sanders,2925273,13
Karen,2925273,17
Feinstone,2925273,3
Marvin,2925273,3
Paula,2925273,3
Matt,2925273,6
Goldblum,2925273,1
Roberts,2925273,22
Landers,2925273,3
Sarah,2925273,23
Gibbs,2925273,11
Zeigler,2925273,17
D'Ascenzo,13650628,14
Moroccoan,13650628,8
Khaled,13650628,4
Tom,25339488,8
Cheryl,25339488,3
Walen,17607307,11
Sparling,17607307,16
Devereaux,99463,10
Weinstock,99463,19
Angie,99463,19
Boca,99463,20
Lou,99463,3
Russo,99463,23
Mulderig,99463,2
Bocas,99463,3
Simonson,99463,14
Doyle,99463,6
Charnier,99463,4
Nicoli,99463,16
Janet,3111465,2
Henderson,3111465,22
Frobisher,3111465,14
Larry,3111465,17
Lee,5068113,13
Williams,3955890,17
Lonnie,3955890,9
Saadet,29201404,20
Agha,29201404,14
Matthew,751724,3
Johnny,751724,3
Hills,751724,3
Stanley,751724,3
Andy,751724,3
Claudia,33820963,14
Victor,33820963,6
Terry,33820963,23
Brahma,34856041,15
Phalke,34856041,8
Ganga,34856041,13
Pardesi,34856041,14
Bhagiratha,34856041,13
Narada,34856041,14
Martin,4795131,14
Fabienne,4795131,12
Muthuraman,5261186,21
Murali,5261186,21
Sekhar,5261186,6
Valli,5261186,2
Lily,22644768,4
Ted,22644768,22
Maggot,12298570,23
Peter,12298570,3
B.D.,2065944,13
Bahamut,2065944,2
Yacob,2065944,6
Eiji,2065944,3
Takanaka,2065944,14
Nakagawa,2065944,12
Yahagi,2065944,3
Dumpi,2065944,4
Yumekano,2065944,3
Mai,2065944,6
Murashita,2065944,0
Yui,2065944,3
Garland,2065944,3
Shogo,2065944,13
Narahara,2065944,2
Cindy,2065944,14
Tomomi,2065944,1
ADAM,2065944,4
Ryo,2065944,6
Dai,2065944,16
Takeshi,748953,8
Yamamoto,748953,9
Kitano,748953,18
Lomax,2600572,17
Peter,2600572,3
Sylvia,2600572,6
Edward,2600572,6
Mary,2600572,4
Jack,2600572,23
Miller,5646957,15
Arnold,5646957,17
Fredrik,23295531,16
Manga,9325194,6
Oumou,9325194,23
Pipa,34749923,20
Kumar,8977466,18
Ram,8977466,14
Khan,8977466,18
Kakhan,8977466,5
Velinski,181229,17
Bartlett,181229,4
Cavendish,181229,23
Haynes,181229,23
Luger,181229,15
Ramsey,181229,9
Kuhn,181229,17
Sedgwick,181229,17
MacDonald,181229,23
Hendley,181229,4
Tom,181229,16
Blythe,181229,10
Ives,181229,11
Hilts,181229,4
Goff,181229,16
Dickes,181229,20
Ashley-Pitt,181229,17
Gintoki,6289269,3
Shige,6289269,4
Raiko,6289269,13
Sundari,33976201,1
Poovarasan,33976201,3
Sinrasu,33976201,1
Govind,33976201,17
Sudalai,33976201,17
Senadapathi,33976201,21
Vijayakumar,33976201,17
Anil,20579732,14
Dhawan,20579732,11
Seema,20579732,21
Brasse,19140348,14
Rajput,5998618,3
Siddiqui,5998618,13
Ilyaas,5998618,4
Arjun,5998618,6
Vishwas,5998618,3
Neha,5998618,6
Timothy,4848263,23
Sonya,4848263,17
Rachel,4848263,23
Grenier,4848263,17
Adam,4848263,17
Nana,4848263,17
Caleb,4848263,17
Nina,19028582,3
Graham,19028582,23
Cooley,31041630,2
Jackson,6780205,0
Dev,6780205,2
Ronda,6780205,19
Burke,6780205,11
Craden,6780205,9
Martha,6780205,14
Houston,6780205,8
Weaver,16737036,3
McCoy,16737036,13
Fudd,16737036,10
Elmer,16737036,6
Suzuki,20981544,22
Sakiko,20981544,3
Hendricks,29994610,6
Hendriks,29994610,10
Bambino,29994610,3
Cooper,28598939,17
Gleason,28598939,16
Jimmy,28598939,17
Conway,28598939,12
Shane,28598939,17
Alice,28598939,2
Bill,28598939,17
Austin,3082021,17
Caldwell,3082021,6
Lawrence,3082021,16
Lynch,3082021,17
Maclure,3082021,17
Spota,3082021,3
Tokarev,3082021,23
Donna,3082021,11
Peale,3082021,3
Lambert,27863959,9
Emily,27863959,7
Alex,27863959,6
Dina,27863959,19
Pearson,27863959,14
Zamboni,27863959,12
Burrows,27863959,2
Matisse,27863959,6
Ellen,1190590,2
Lawson,1190590,21
Doolittle,1190590,10
Megan,20169447,21
Thomas,20169447,10
Sindel,485540,5
Shinnok,485540,8
God,485540,11
Kang,485540,21
Nightwolf,485540,10
Sonya,485540,14
Cage,485540,15
Kahn,485540,17
Raiden,485540,19
Kitana,485540,21
Thompson,485540,24
Nick,2546472,3
Shepard,2546472,4
Michael,2546472,3
Tina,2546472,4
David,2546472,10
Jason,2546472,17
Maddy,2546472,10
Kate,2546472,17
Sandra,2546472,9
Eddie,2546472,24
Russel,2546472,10
Crews,2546472,16
Melissa,2546472,17
Voorhees,2546472,4
Becker,16573571,13
Cathy,33754268,21
Saroja,33754268,3
Parvathi,33754268,21
Vignesh,33754268,23
Arun,33754268,21
John,33754268,21
Walrus,20532977,6
Woody,20532977,3
Woodpecker,20532977,23
Taylor,31828890,3
Ivor,31828890,23
Benjamin,31828890,3
Irene,31828890,17
Mark,31828890,3
Christy,31828890,17
Derek,31828890,3
Tobey,31828890,3
Hartley,31828890,2
Lisa,31828890,3
Beauregard,561934,1
Virgil,561934,6
Cherie,561934,6
rie,561934,6
Bo,561934,21
Bonnie,6526603,17
Osteen,6526603,11
Angela,6526603,23
Henderson,6526603,0
Pritchard,6526603,20
Stein,6526603,15
Chris,6526603,20
Upchurch,6526603,0
Forsdyke,18768287,6
Montague,18768287,4
Babette,18768287,23
Widdowes,18768287,12
Harry,24079358,6
Micheal,24079358,3
Carlos,24079358,6
Maria,24079358,13
Andrew,24079358,4
Michael,24079358,3
Jenny,24079358,3
Nancy,24079358,14
Steven,24079358,6
Brian,24079358,6
Aasma,22914756,20
Shubh,22914756,16
Steffen,73440,24
Chaplin,73440,18
Kennedy,73440,3
&#39;,73440,12
Doherty,73440,18
Sousa,73440,11
Roland,73440,17
Chicolini,73440,17
Harpo,73440,3
Firefly,73440,3
Teasdale,73440,12
Chico,73440,3
Madhavi,10640970,9
Sundarsan,10640970,23
Sivaji,10640970,18
Morgan,2914492,20
Sheridan,2914492,16
Katya,2914492,21
Morales,5439220,17
Tim,5439220,8
Molly,5439220,13
Stevens,5439220,16
Dale,5439220,1
Yutani,5439220,19
Ricky,5439220,3
Jesse,5439220,20
O'Brien,5439220,24
Addington,14166698,9
Brianna,2205675,17
Burton,2205675,4
Gawain,2205675,9
Yvonne,2205675,6
Jack,2205675,3
Weston,2205675,3
Brian,2205675,2
Graham,2205675,6
Merlin,2205675,3
Lydia,13677861,14
Constantine,13677861,18
Jota,1263372,16
son,7406534,3
Reggio,101567,0
Fant,9765304,23
Fandor,9765304,0
McRashley,9765304,18
Walker,4936087,6
Hibbert,4936087,8
Fitzpatrick,4936087,6
Heymes,3684509,16
Nerteaux,3684509,18
Lucy,1444040,15
Maria,1444040,14
Arnaz,1444040,1
Nestor,1444040,13
Lake,1444040,3
Cesar,1444040,3
Puente,1444040,2
Castillo,1444040,15
Dolores,1444040,2
Denard,8703251,22
Cullen,8703251,19
Herbert,8703251,4
Melandy,8703251,9
Lorre,8703251,19
Bacall,8703251,12
Boyer,8703251,0
Hendrix,8703251,4
Prince,25250585,6
Marlene,25250585,3
Charlie,25250585,2
Dindo,25250585,3
Sunshine,25250585,2
Sicat,25250585,18
Dravot,3613070,20
Danny,3613070,23
Roxanne,3613070,5
Selim,3613070,18
Victoria,3613070,5
Yo,6250055,14
Wanero,36329507,11
Turner,321496,0
Elizabeth,321496,3
Will,321496,4
Sparrow,321496,4
Barbossa,321496,6
Norrington,321496,4
Swann,321496,7
Jack,321496,4
Gibbs,321496,0
Bootstrap,321496,8
Sweet,17369456,10
Coleman,17369456,17
Doo,17369456,6
Scooby,17369456,17
Cross,17369456,9
Claire,26153222,9
Ruth,26153222,22
Adam,26153222,9
Wellesly,26153222,24
Dev,31743501,15
Raj,31743501,9
Patel,31743501,8
Chitra,31743501,21
Brahmaji,31743501,6
Arkin,23576946,3
Jill,23576946,4
Michael,23576946,17
Victoria,23576946,3
Larry,23576946,4
Hannah,23576946,23
Nataraj,18849338,17
Natarajan,18849338,6
Leela,18849338,23
Pillai,18849338,7
Balu,18849338,17
Ponnambalam,18849338,24
Jambu,18849338,2
White,5437598,17
Williams,5437598,4
Robbie,5437598,6
Ann,5437598,13
Winocki,5437598,17
Chester,5437598,1
Mary-Ann,5437598,9
Quincannon,5437598,20
Roosevelt,5437598,0
Tex,5437598,24
Brown,5437598,15
Amelie,1768129,6
Fubuki,1768129,14
Indra,10853164,13
Kshethram,10853164,3
Parvathi,10853164,21
Mandodari,10853164,19
Lingam,10853164,22
Siva,10853164,6
Vishnu,10853164,13
Amaravathi,10853164,9
Narada,10853164,6
Sitamma,8181039,21
Siva,8181039,3
Anjali,8181039,6
Dilip,8181039,14
Guna,8181039,21
Steve,20891648,6
Leversoe,20891648,19
Harleigh,20891648,6
Jim,20891648,21
Gorrance,20891648,23
Ashlon,20891648,11
Lily,20891648,6
James,20891648,2
Nora,20891648,2
Moore,3014342,13
Yuelin,3014342,6
Hoffman,3014342,13
Kincaid,14143673,15
Benson,14143673,21
Engler,14143673,18
Missouri,14143673,14
Tolliver,14143673,0
Baker,21212206,2
Jeffrey,21212206,18
Charlie,21212206,12
Rita,10198460,13
Anita,10198460,23
Sakshi,10198460,5
Supari,10198460,23
Nikhil,10198460,8
Radha,10198460,7
Radhika,10198460,3
Krish,10198460,3
Chrome,16005645,11
Dirk,16005645,13
Blump,16005645,15
Gus,16005645,6
Delta,16005645,5
Marty,16005645,6
Malt,16005645,17
Jackie,16005645,21
Cassidy,10245832,0
Kowalski,16483133,24
Dimitar,16527949,4
Jason,16527949,17
White,2509613,18
Paula,2509613,2
Jocko,2509613,4
Roxton,2509613,23
Ed,2509613,3
Malone,2509613,18
Summerlee,2509613,11
Vanessa,854942,3
Mesquita,854942,24
Wolverton,854942,5
Lutz,854942,22
Mike,854942,17
Garnet,854942,17
Rhonda,854942,10
Mimi,854942,9
Bob,854942,17
Ramona,854942,9
Lowellian,2732243,7
Dicky,2732243,6
Eklund,2732243,9
Ward,2732243,18
Leonard,2732243,5
Brenda,2732243,2
Mike,2732243,5
Lowell,2732243,23
Gray,1162528,11
kiss,1162528,3
Cameron,1162528,19
Ayres,1162528,2
Anna,1162528,6
Jones,1162528,18
Woolf,1162528,13
Dan,1162528,14
Larry,1162528,3
Alice,1162528,6
Claudia,23687657,21
Nina,19074682,2
Andre,19074682,4
Azara,19074682,11
Harragas,34953018,5
Hassan,34953018,8
Noi,12591364,3
Chana,12591364,23
Riam,12591364,0
Sam,5055043,21
Roarke,5055043,7
Deepak,15167672,14
Jyoti,15167672,14
Shalini,15167672,14
Narayana,12655355,2
Prabhu,12655355,6
Diya,12655355,10
Rowan,32555044,11
McKinley,32555044,0
Tsuguri,1688037,21
Sarai,1688037,4
Tsurugi,1688037,17
Mutaguchi,1688037,4
Masaoka,1688037,3
Dinsau,1688037,11
Gijun,1688037,2
Shikenbaru,1688037,14
Barsha,19141239,6
Subbayya,19141239,6
Madikeri,19141239,10
Akash,19141239,3
Jaanu,19141239,3
Preetham,19141239,6
Gautam,19141239,17
Devadas,19141239,2
Kunidhu,19141239,12
Angels,34954328,19
Donald,6584608,0
Williams,6584608,12
Montgomery,6584608,15
Willy,6584608,0
Harper,6584608,9
Geno,6584608,3
Scarlatti,6584608,0
Phil,6584608,3
Melissa,6584608,3
Amanda,6584608,17
Terragarossa,6584608,14
George,4185840,16
Philo,4185840,5
Michael,25517416,3
Catherine,25517416,3
Chloe,25517416,6
David,25517416,6
Bhaiga,32137225,8
Manu,32137225,14
Sabitri,32137225,2
Pradhani,32137225,2
Prakash,32137225,15
Dukhi,32137225,21
Lane,362719,8
Luthor,362719,22
Kent,362719,17
Otis,362719,5
Clark,362719,23
Jonathan,362719,24
Lois,362719,5
Kal-El,362719,5
Jor-El,362719,22
Gogh,1627058,9
Nicole,1627058,6
Venus,1627058,23
Bonnet,1627058,13
Charles,1627058,17
Leland,1627058,4
Dermott,1627058,6
Fox,11117337,13
Willoughby,11117337,6
Raj,31512763,5
Gurkirtan,31512763,16
Brar,31512763,7
Zindabad,31512763,22
Singh,31512763,0
Kaur,31512763,13
Veerabhadra,33248178,3
Brahma,33248178,15
Peetas,33248178,19
Daksha,33248178,15
Wellington,36035416,11
Travis,36035416,8
Jenner,36035416,5
Diana,36035416,13
Baxter,36035416,22
Danny,528069,6
Chen,528069,13
Vu,528069,11
Bobby,528069,23
Nick,528069,3
Benny,528069,23
Lee,528069,13
Chan,528069,0
Wallace,528069,21
Leofric,18954071,12
French,18954071,11
McLaglen,18954071,5
Godiva,18954071,19
Yolanda,18954071,7
Edward,18954071,4
Rita,5512611,21
Rajesh,5512611,21
Tony,54175,6
C,54175,20
Manero,54175,20
Annette,54175,16
C.,54175,3
Gus,54175,2
Pauline,54175,21
Mangano,54175,9
Jr.,54175,6
Stephanie,54175,24
Joey,54175,6
Healy,7987599,1
Greg,7987599,15
Howard,7987599,8
Jeff,7987599,4
Maurer,7987599,4
Mi-ja,11206971,17
Park,11206971,21
Yana,19802671,2
Dan,19802671,3
Georgiev,19802671,7
Aleksander,19802671,4
Laura,2217587,21
Carlos,2217587,11
n,2217587,1
Torralba,2217587,8
Hyde,31155644,7
Stevenson,31155644,9
McDowell,14624892,20
Joan,14624892,6
Gilson,14624892,6
Gordon,14624892,8
Don,14624892,7
Bull,14624892,14
Jim,14624892,8
Fields,14624892,0
Eddie,14624892,13
Leslie,14624892,24
Kiaochow,30776934,6
Zedong,30776934,11
Bay,30776934,6
Voitinsky,30776934,9
Proudfoot,906173,16
Hyde,1901096,9
Bett,7922200,9
Macklin,7922200,24
Cody,7922200,14
Robert,3737862,1
Abbie,3737862,1
Tony,19940455,20
Delaney,19940455,21
Lee,19940455,23
Pat,19940455,19
Zara,19940455,6
Larry,19940455,6
Rembrandt,633692,9
Donaldson,633692,6
Hilly,633692,23
Stevens,633692,10
George,633692,3
Devereau,633692,3
Johnson,633692,17
Burns,633692,10
Sweet,633692,17
Caldwell,633692,0
Muldoon,633692,3
Babtree,633692,13
Andrews,34170445,12
Roxie,34170445,6
Cyrus,34170445,20
McDuffy,34170445,22
DeBarges,34170445,20
Kris,34170445,6
Celal,30724062,20
Barnier,2186688,6
Bouillotte,2186688,22
Jacqueline,2186688,6
Baron,2186688,12
Bernadette,2186688,15
Dubois,2186688,8
Oscar,2186688,14
Colette,2186688,6
Mick,33332339,16
Molly,33332339,16
O'Reilly,33332339,19
Malone,33332339,24
Paddy,33332339,3
Mildred,14693181,6
Nesbitt,14693181,24
Philip,14693181,6
Rogers,14693181,10
Carey,14693181,14
Vanini,11105092,2
Chess,16627853,1
Walter,16627853,12
Berry,16627853,7
Anfitrite,28826687,9
Phaedra,28826687,17
Demetrio,28826687,13
Aegeus,28826687,21
Chirone,28826687,23
Frenchy,1960507,6
Ray,1960507,6
David,1960507,7
Kitchell,7207496,13
Evelyn,7207496,6
Wentworth,7207496,18
Hilda,7207496,20
Sinton,7207496,2
Patty,36154758,3
Michaels,36154758,11
Barney,36154758,3
Gunnarson,36154758,4
O'Neil,36154758,4
Winters,36154758,9
Brewster,36154758,17
Sternmuller,36154758,2
Cabot,36154758,18
Nolan,36154758,4
Reed,36154758,4
Harry,33270,13
Jess,33270,3
Joe,33270,10
Marie,33270,3
Albright,33270,3
Burns,33270,6
Thompson,2945187,10
Claire,2945187,16
Cooper,2945187,9
Geraldine,24079822,6
Craven,24079822,13
Lizzie,24079822,6
Colin,24079822,9
Martha,24079822,6
Mary,24079822,17
Steven,24079822,4
Buscana,24079822,19
Robert,24079822,23
bush,24079822,11
Sowerby,24079822,19
Irwin,7323790,13
Rupert,9285648,17
Mauban,9285648,10
Rudolf,9285648,21
Michael,9285648,14
Antoinette,9285648,3
V,9285648,10
Flavia,9285648,14
Tarlenheim,9285648,4
Rassendyll,9285648,21
Miller,15433209,1
Quait,15433209,20
Mainwarring,15433209,5
Hazard,15433209,10
Laus,10590520,1
Artis,14446413,9
Laws,14446413,19
Roshan,32076526,12
Devi,32076526,21
Verma,32076526,2
Nandu,32076526,6
Chakraborty,32076526,5
Hari,32076526,16
Insan,32076526,13
Sandhya,32076526,21
Bindiya,11448183,14
Ranjeet,11448183,6
Surajbhan,11448183,7
Shyam,11448183,6
Kapoor,11448183,15
Shalu,11448183,1
Thakursaheb,11448183,17
Sakamoto,27051219,8
Herman,2462130,11
Dow,2462130,20
Funicello,2462130,18
Mathers,2462130,12
Sandi,2462130,17
Stevens,2462130,20
Michael,2462130,20
Frankie,2462130,17
Denver,2462130,17
Byrnes,2462130,18
Avalon,2462130,0
Simpson,2462130,2
Dale,2462130,1
Hale,2462130,24
Vaughan,2462130,18
Adams,2462130,24
Billingsley,2462130,11
Ratheesh,26735228,10
Suresh,26735228,1
Paji,20828775,19
Nagar,20828775,7
Nikki,20828775,2
Mishra,20828775,7
Aamna,20828775,21
Chhadami,20828775,18
Hakim,20828775,14
Beeji,20828775,13
Loredan,6846215,15
Farid,6846215,23
Pan,6846215,19
Dustfinger,6846215,4
Baba,6846215,14
Resa,6846215,2
Thomson,6846215,11
Fenoglio,6846215,10
Elinor,6846215,16
Folchart,6846215,3
Gwin,6846215,23
Capricorn,6846215,3
Jim,6846215,19
Meggie,6846215,21
God,12760089,13
Richards,12760089,16
Vend,13614787,0
Bernard,13614787,18
Yurken,1614096,9
Erica,1614096,16
Ashley,1614096,5
Burmeister,1614096,5
Alison,1614096,21
Divya,7580904,23
Arun,7580904,3
Karthik,7580904,14
Lincolnberry,2046735,17
Shady,2046735,18
Lana,2046735,6
Lola,2046735,23
Frank,2046735,17
Ravine,2046735,8
Ned,2046735,3
Cain,2046735,10
Radek,30600310,3
Jakoda,30600310,3
Ransom,30600310,3
Olga,30600310,17
Due,30600310,8
Amerikanski,30600310,8
Polly,16064684,17
Biggs,16064684,12
Oxmore,16064684,17
Hoadley,16064684,24
Harry,15248353,12
Samuele,35570591,3
Viola,35570591,23
Max,35570591,3
Alfaro,25788511,16
Montes,25788511,19
Teresa,25788511,3
Warren,3982642,20
Roopa,29280904,14
Shankar,29280904,14
Raagam,29280904,20
Gore,22982069,22
Carl,8809291,22
Mueller,8809291,18
Norman,8809291,3
Wayne,8809291,6
Manoharan,17922606,2
Sujatha,17922606,7
Balan,17922606,13
Nambiar,17922606,19
Kutty,17922606,13
Osawa,15170076,5
Kaho,15170076,15
Bobby,22628938,23
Rothman,22628938,11
Adrian,22628938,4
Howard,22628938,15
Kim,22628938,21
Max,22628938,16
Phillips,22628938,10
Shayne,24292307,5
Nathan,20912915,12
Gael,20912915,19
Frederic,2255603,4
Stanley,2255603,13
Mabel,2255603,3
Ruth,2255603,12
Taslik,21250249,6
Wanima,21250249,17
Kirby,21250249,11
Hamilton,21250249,8
Raja,24750472,6
Sharma,24750472,23
Trivedi,24750472,14
Ayushi,24750472,19
Manu,24750472,6
Pappi,24750472,6
Cooper,2434659,3
Pease,2434659,13
Farrow,2434659,19
Kazi,28838468,3
Libu,28838468,9
Teta,28838468,11
Krok,28838468,24
Vlasta,28838468,19
Domaslav,28838468,19
Lawson,29211207,23
Westlake,29211207,17
Jensen,29211207,17
Lee,29211207,23
Jim,29211207,3
Geary,29211207,17
Kim,29211207,3
Dominika,29211207,17
Banks,29211207,17
Rhodes,29211207,15
Davis,29211207,8
Hogan,29211207,14
Kathy,10219034,3
Morrison,10219034,2
Pete,10219034,16
Wilcox,10219034,14
Tran,10219034,0
Lucy,24029843,13
Gordon,24029843,6
Jeff,24029843,6
Joanna,24029843,13
Sophie,24029843,6
Roy,17736304,3
Plummer,17736304,15
Claire,17736304,21
Fisher,17736304,1
Curtis,17736304,23
Roy,17665499,6
Luigi,17665499,23
Walker,17665499,4
Benga,17665499,16
Ahmed,31743693,15
Khokon,31743693,18
Sardar,31743693,17
Shahin,31743693,12
Joleswari,31743693,23
Rumi,31743693,19
Alam,31743693,19
Kamal,31743693,11
Bodi,31743693,19
Siraj,31743693,23
Bilkis,31743693,3
Cathy,905013,21
Reg,905013,21
Ying,26538744,2
Heung-Kong,26538744,14
Kate,406917,3
Anderson,406917,14
King,406917,14
Jones,29489928,12
Mickey,29489928,9
Stinkie,29489928,1
Davis,29489928,22
Romy,918886,12
Parker,918886,4
Karan,28300006,6
Anju,28300006,1
Tito,28300006,5
Toni,28300006,5
Padmini,24289263,3
Mithun,24289263,3
Dengzongpa,24289263,6
Wanda,844331,24
Rice,7764212,17
Marcus,7764212,10
Frank,7764212,23
Gruwell,7764212,21
Eva,7764212,0
Carroll,7764212,22
Margaret,7764212,6
Swank,7764212,11
Campbell,7764212,9
Oswald,31812394,3
Manikyam,25432337,10
Nair,25432337,4
Haridas,25432337,18
Haji,25432337,5
Sarayu,25432337,1
Danielle,34710145,14
Christ,145640,4
Ozaki,26441608,3
Kohana,26441608,6
Ryotaro,26441608,17
Orga,26441608,14
Naomi,26441608,17
Daiki,26441608,3
Urataros,26441608,13
DenLiner,26441608,5
Diend,26441608,17
Kaito,26441608,17
Lucero,24282243,23
Rosalinda,24282243,6
Sandy,32120555,3
Jenkins,32120555,17
Steele,32120555,3
Berdie,32120555,21
Johnson,32120555,3
Hendricks,32120555,0
Barton,32120555,4
Slade,32120555,3
Rawhide,32120555,3
Hurst,5881470,2
Dana,5881470,23
David,5881470,3
Diane,18673005,4
Sanders,18673005,23
Stephens,18673005,16
Blaine,18673005,16
Pelletier,32082586,8
Liebling,32082586,24
Menaka,29024029,5
Shankar,29024029,15
Lal,29024029,11
Bradley,1030073,13
Donskaya,1030073,13
Peter,1030073,6
Sherwood,1030073,11
Dubov,1030073,6
Church,13822832,24
Roy,2236141,5
Mike,2236141,1
Potter,2236141,7
Wiecek,1611590,5
Kelly,1611590,16
McNeal,1611590,3
Brossard,33537164,5
Perrin,33537164,14
Jean-Louis,33537164,15
Krauss,33537164,24
Fettles,14671962,9
Herman,14671962,3
Willie,14671962,16
Yvonne,14671962,19
Sunev,14684012,9
Rimple,14684012,12
Holmes,13296475,0
Ramsland,13296475,16
Borowski,13296475,11
Coleman,13296475,22
God,22503227,24
Ambrosius,22503227,10
Henry,1788761,9
Donald,1788761,16
Minnie,1788761,6
Cray,1788761,7
Goofy,1788761,6
Pete,1788761,3
Mickey,1788761,6
Max,1788761,6
Gertie,1788761,12
Claus,1788761,8
Kara,31627556,23
George,31627556,23
Maddie,31627556,12
Robin,31627556,24
Enzo,31627556,23
Maximo,31627556,23
Bonnie,5434432,21
Maggie,5434432,3
Eric,5434432,3
Jonathan,5434432,10
Hunter,5434432,0
dye,5434432,7
Rod,5434432,23
Angie,5434432,6
Rool,8522084,12
Holroyd,2243626,8
Merle,2243626,3
Passe,2243626,24
Gillian,2243626,6
Henderson,2243626,13
Redlitch,2243626,16
Kittridge,2243626,10
Yakup,17062866,9
Katagiri,12240169,17
Kida,12240169,22
Otsuka,12240169,18
Matsushima,12240169,4
Sugimi,12240169,1
Tom,25153225,13
Bryn,19525319,7
David,19525319,9
Koch,19525319,6
Aaron,4860532,23
Miriam,4860532,18
Otis,4860532,21
Carrot,4860532,22
Moses,4860532,23
George,4860532,17
Larry,4860532,21
Lucas,4860532,12
Nona,4860532,21
Gordan,4860532,16
Petunia,4860532,20
Duke,4860532,21
Bern,3670013,17
Landau,3670013,1
Harlow,3670013,4
Marino,3670013,18
Manley,3670013,7
Robbe-Grillet,2951887,4
la-Blonde,2951887,20
Frank,2951887,17
Thieu,2951887,18
Nordmann,2951887,21
Brown,4608195,7
Hanemura,4608195,3
Lesly,2121431,17
Anthony,2121431,3
Marty,2121431,6
Pascal,2121431,12
Jackie,2121431,17
Irene,22915236,14
Cass,22915236,16
Dale,22915236,9
Harrington,22915236,8
Jacobs,11585379,20
Sam,11585379,16
Jessica,11585379,2
Nicole,11585379,4
Johnson,11585379,12
Holloway,11585379,4
Lucas,11585379,16
India,8920425,24
Quixote,8920425,17
Prince,8920425,17
Hero,8920425,23
Speedy,31112972,15
Hassenpfeffer,31112972,9
Lamour,31112972,20
Gonzales,31112972,12
Spears,4057855,9
Britney,4057855,13
Beaumont,10404856,4
Rosen,10404856,18
Malagawi,10404856,5
Dandapani,28140082,3
Nandhini,28140082,19
Annachi,28140082,22
Katie,32386989,4
Shigeyuki,32386989,10
Yamano,32386989,23
Yaguchi,32386989,9
Haruka,32386989,3
Koichi,32386989,3
Nagoshi,32386989,22
Gillie,8772083,5
Korchinksy,8772083,1
Christine,8772083,6
Barkley,8772083,10
Evans,8772083,6
Poloma,8772083,24
Graham,8772083,6
Anya,8772083,3
Korchinsky,8772083,17
Enchantra,10139367,0
Sabrina,10139367,3
Nicole,10139367,24
Salem,10139367,6
Nichole,10139367,5
Nazuna,10266747,18
Anna,18757595,6
Kim,18757595,19
Yuki,18757595,3
Duroy,8081101,17
Bikay,8081101,23
Smith,8081101,17
Juri,4841276,6
Shunsuke,4841276,3
Katsuragi,4841276,14
Sakuma,4841276,23
Hunter,19162701,7
Ruka,19162701,23
Man,19162701,23
Merivel,171047,17
II,171047,12
Katherine,171047,2
Finn,171047,15
Gates,171047,24
Celia,171047,5
Pearce,171047,3
Bidnold,171047,10
Margaret,171047,9
Beerlander,12095072,14
Michael,12095072,15
Matthews,12095072,15
Sally,12095072,3
Ruth,12095072,22
Mark,25501212,6
Pam,25501212,14
Stevenson,25501212,15
Hahn,25501212,6
Adams,25501212,19
Raquel,25501212,15
Hallam,25501212,19
Melanie,25501212,3
Medina,24159123,10
Devereux,24159123,9
Campioni,24159123,23
Kun,3229481,24
Mozart,3229481,3
Min,3229481,21
Jianling,3229481,12
Kai-shek,3229481,10
Luo,3229481,6
Mao,3229481,1
Pike,13347259,9
Denny,13347259,24
Thomas,13347259,18
Harley,13347259,13
Miles,13347259,23
Caraday,13347259,19
Tyrone,13347259,17
Srikanth,32828116,18
Master,32828116,10
Vinay,32828116,17
Teja,32828116,8
Cooper,4647640,23
Linda,4647640,16
Shakespeare,4647640,12
Mond,4647640,20
Marx,4647640,4
Crowne,4647640,21
Dave,12842485,1
Basilio,12842485,2
Karuppu,9429240,6
Sivaraman,9429240,4
Mokkaiyan,9429240,21
Deanie,22559651,21
Ginny,22559651,2
Loomis,22559651,21
Stamper,22559651,21
Lucas,29129487,2
Andrew,29129487,21
Thomas,29129487,17
Susan,29129487,3
Allison,29129487,1
Morang,29129487,18
Caroline,29129487,13
Hawthorne,29129487,21
Sim,2390108,6
Whitchurch,2390108,9
Rutherford,2390108,9
Andrew,4954419,24
Mae,4954419,2
Ellie,4954419,23
Angela,4954419,3
O'Malley,33932729,15
Blake,25304227,15
Chalmers,25304227,5
Linda,25304227,23
Hammond,25304227,12
Alexander,25304227,11
O'Connor,25304227,6
Voss,8776310,24
Tom,12287154,3
Sharon,12287154,2
Qiushui,18089458,14
Biyun,18089458,21
Jindi,18089458,21
Leong,18089458,15
Mousekewitzes,973077,4
Henri,973077,10
Tony,973077,3
Bridget,973077,17
Fievel,973077,16
Tiger,973077,10
Tanya,973077,6
Mausheimer,973077,1
Shostka,973077,15
T.,973077,20
John,973077,11
Geeta,5242839,17
Singh,5242839,6
Carlton,14291259,7
Bradford,14291259,9
Woods,14291259,9
Wright,14291259,7
Bello,14291259,9
Yabe,33614251,21
Sarashina,33614251,11
Gigi,1740284,6
Gaston,1740284,3
Alvarez,1740284,16
Alicia,1740284,12
Gilberte,1740284,23
Obayashi,4387674,12
Masao,4387674,1
Geronimo,4387674,16
Mortimer,32161426,4
Slater,32161426,4
Morley,32161426,9
Guddi,4568737,21
Dharmendra,4568737,20
Navin,4568737,8
Rudi,15828749,12
Barnie,15828749,3
Michael,15828749,12
Rusty,15828749,3
Izzy,15828749,3
Edward,15828749,20
Tommy,15828749,3
Shea,15828749,2
Stephanie,15828749,3
Kevin,15828749,3
Corey,15828749,12
Sam,2686582,17
Freleng,2686582,19
Zorabian,24261120,17
Sarika,24261120,17
Seema,24261120,13
Dillon,24261120,5
Perizaad,24261120,23
Biswas,24261120,9
King,24261120,8
Ganesan,35798690,15
Chakraborthy,24082320,5
Debata,24082320,24
Pink,20695434,3
Mumtaz,10771697,6
Mein,10771697,9
Khanna,10771697,6
Kapoor,10771697,14
Kellogg,8575331,12
Dean,974837,23
Megan,974837,11
Mitch,974837,6
Martin,974837,3
Peter,974837,11
Nicole,974837,3
Darcie,974837,21
Mark,974837,6
Frank,974837,21
Heidi,974837,18
Pritchard,974837,6
Huang,974837,15
Goldberg,974837,7
Bernard,974837,16
Shepherd,4954437,17
Myers,4954437,14
Voorhees,4954437,9
Hammett,3607032,16
Seigneur,13995952,7
Nelson,13995952,0
Paul,7074043,6
Marcia,7074043,13
Wilkes,7074043,10
Sheldon,7074043,3
Buster,7074043,6
Annie,7074043,6
Trini,8065850,12
Pellew,4389169,18
Caroline,4389169,19
Foster,4389169,6
Bunting,4389169,3
Hornblower,4389169,6
Charlotte,17182332,6
Higginson,17182332,22
Sadie,17182332,9
Taj,17182332,6
Wilder,17182332,9
Ballzac,17182332,24
Simon,17182332,19
Everett,17182332,24
Carson,2218967,1
Matthews,2218967,5
Condon,2218967,11
Edrington,2218967,11
X,2218967,20
Dael,2218967,9
Bridge,5989608,6
Dunlap,5989608,13
Havers,5989608,4
Haynes,5989608,6
Brittney,5989608,3
Kumar,3386834,6
Locksley,3386834,6
Raja,3386834,17
Romeo,3386834,16
Singh,3386834,14
Enders,3386834,18
Lawton,280976,24
Longden,280976,11
Haye,280976,12
Gwenn,280976,20
Chloe,280976,17
Esmond,280976,13
Hornblower,280976,6
Lucy,17868861,7
Johansson,17868861,13
Sherry,7086738,13
Taylor,7086738,9
Allen,7086738,23
Russell,7086738,12
Neil,7086738,17
Elizabeth,7086738,1
Morrell,7086738,6
Ryan,7086738,10
Kevin,7086738,23
Ellen,7086738,13
McKell,7086738,3
Curry,7086738,23
Kate,7086738,4
Collin,7086738,17
Simon,7086738,22
Everett,7086738,6
Roxy,7117238,6
Doujor,7117238,17
Gerner,7117238,21
Saroja,27381669,14
Ravi,27381669,21
Chalapati,27381669,4
Delmonico,1167483,14
Houseman,1167483,17
Jesus,1167483,9
Frankie,1167483,3
Kiernan,1167483,22
Derning,1167483,4
Paige,1167483,13
Christ,1167483,12
Dario,1167483,17
Andrew,1167483,3
Alameida,1167483,8
Petrocelli,1167483,6
Quinto,1167483,22
Formby,30500760,19
Musa,20787941,10
Ketterer,20998864,21
Cavelli,20998864,6
Franz,20998864,6
Irene,20998864,21
Werffen,20998864,4
Southall,25222513,3
Kahlon,25222513,12
Gurtej,25222513,3
Amarnath,25222513,10
Gattu,25222513,23
Lili,1710652,3
Rick,1710652,18
McLean,1710652,16
Elvis,1710652,10
Tina,1710652,7
Anjaani,24511133,22
Kunal,24511133,3
Kiara,24511133,3
Toots,14731245,23
Gert,14731245,6
Doyle,14731245,6
Mae,14731245,3
Flannagan,14731245,6
Lil,14731245,6
Daniel,21248487,10
Teresa,21248487,9
Jane,5479712,21
Zucco,5479712,0
Joyce,5479712,11
Goose,179825,21
Kasansky,179825,12
Blackwood,179825,18
Mitchell,179825,19
Bradshaw,179825,18
Charlie,179825,21
Metcalf,179825,15
Stockwell,179825,11
Cougar,179825,17
Heatherly,179825,10
Merlin,179825,18
Duke,179825,21
Merna,142780,3
Walrus,20532823,6
Woody,20532823,5
Woodpecker,20532823,12
Wally,20532823,16
Tate,30181713,23
Stalin,18012070,14
Dzhugashvili,18012070,1
Pryor,3380491,11
Dancer,3380491,15
Jo,3380491,15
Brinkerhoff,18017583,6
Miller,18017583,15
Campanella,18017583,16
Scott,18017583,6
Wadsworth,18017583,21
Colby,18017583,19
Cordier,1452319,21
Gyebaek,7086744,24
Tang,7086744,12
Kyebaek,7086744,7
Garrett,24162843,6
Corrine,24162843,16
Erin,24162843,3
Phil,24162843,16
Damon,24162843,12
Lalitha,7284999,17
Madhava,7284999,3
Hema,7284999,14
Walter,28198625,3
Josh,28198625,0
Bella,28198625,19
Spencer,3715696,12
Jane,5891241,17
Brown,5891241,16
Dog,5891241,10
Solly,5891241,10
Marceau,202133,6
Marquis,202133,5
Cheyniest,202133,6
Lisette,202133,8
Christine,202133,14
Schumacher,202133,3
Octave,202133,16
Genevi,202133,5
McCord,3927116,3
MacKay,3927116,6
Collins,3927116,17
Buchanan,3927116,24
Kay,3927116,23
Farrell,3927116,18
Leggett,3927116,20
Davis,3927116,3
Morgan,3927116,23
Paul,28646399,23
Rauchine,28646399,19
Barny,22076195,21
Morin,22076195,24
Angshuman,24526951,16
Madhura,24526951,6
Neel,24526951,14
Gordon,3781605,0
Jones,3781605,16
Davis,3781605,3
Li,3781605,10
Hackett,32852772,2
Kelsoe,28471842,16
Mary,28471842,5
Anne,28471842,5
Skye,18419529,17
Fraser,18419529,21
Tara,18419529,6
Chriosd,18419529,10
David,18419529,5
Karin,28820727,4
Nora,28820727,23
Littlefoot,2969042,6
Elsie,2969042,10
Paul,6515400,13
Minot,6515400,18
Thevenet,6515400,23
Lee,6515400,10
Dupin,6515400,20
Poe,6515400,8
Flaherty,6515400,6
Martin,6515400,17
Durand,6515400,3
Lorna,6515400,23
Roland,6515400,13
Madeline,6515400,6
Flynn,6515400,3
Bounty,6515400,15
Soltane,23837198,11
Zineb,23837198,19
Taro,4051128,18
Kozou,4051128,7
Iwasaki,4051128,3
Keiji,4051128,16
Kennosuke,4051128,24
Ryoichi,4051128,16
Paul,4954684,11
II,4954684,11
Agca,4954684,14
pope,4954684,24
Mary,4954684,11
Wojtyla,4954684,20
Edmund,4954684,15
Mooney,26192214,8
Diana,26192214,5
Malcolm,26192214,15
Monica,26192214,13
Ryerson,5221717,9
Evie,5221717,11
Burke,5221717,0
Mears,5221717,6
Ruthie,5221717,13
Ben,5221717,3
Callahan,5221717,4
Susan,5221717,6
Marsden,5221717,18
Straker,5221717,7
Petrie,5221717,3
Norton,5221717,1
Cody,5221717,13
Barlow,5221717,4
Crockett,5221717,17
Martin,17349312,12
Hegerov,17349312,1
Hana,17349312,18
Fokko,32917523,3
Dilara,32917523,3
Iliana,20001994,13
Hedwick,20001994,3
Joao,20001994,24
Sibilla,20001994,6
Hie-jae,12451919,6
Zottel,1276826,19
Janosch,1276826,14
Koma,1276826,10
Williams,16089447,16
Nicole,16089447,13
Lee,16089447,9
Armstrong,16089447,9
Hargitay,16089447,11
Emily,5363276,5
Kelly,5363276,19
Jim,5363276,6
Ryan,5363276,24
Yang,5363276,16
Marina,7682768,21
Mimi,7682768,3
Ignacio,7682768,3
Adan,7682768,3
Jane,14387171,6
Trask,14387171,21
Marie,14387171,3
Jerry,14387171,6
Martin,14387171,13
Sallie,14387171,23
Eddie,14387171,17
Binky,14387171,16
Mouly,3284613,9
Angel,8983787,24
Faz,8983787,21
Esteban,8983787,8
Frankie,8983787,19
Macias,8983787,1
Vivaah,22697633,15
Chandni,22697633,23
Bhi,22697633,22
Natasha,22697633,15
Gulzar,22697633,5
Tapasya,22697633,24
Stanley,11668038,3
Stella,11668038,3
Queen,10296498,6
Drosselmeier,10296498,16
Pirlipat,10296498,1
Trudy,10296498,17
Clara,10296498,3
Louise,10296498,8
Pantaloon,10296498,17
Fritz,10296498,3
Hans,10296498,4
Marie,10296498,17
Pavlova,10296498,16
Ram,10772263,5
Menaka,10772263,13
Devi,10772263,9
Aarti,10772263,8
Baba,10772263,19
Singh,10772263,18
Kubrick,23941708,7
Angioni,23941708,17
Floyd,23941708,13
Gelmis,23941708,14
Hal,23941708,6
Smyslov,23941708,8
Elena,23941708,12
Richter,23941708,12
Dave,23941708,3
Bowman,23941708,3
Base,23941708,9
Poole,23941708,24
Clemons,978631,10
Hill,978631,8
Guilford,12429718,13
Opal,12429718,3
Simms,12429718,10
Jones,12429718,13
Betty,12429718,21
Smith,12429718,8
Ramsey,12429718,7
Harmon,12429718,6
Catesby,12429718,6
Lincoln,12429718,0
Buchanan,12429718,4
Cletus,12429718,16
Mansfield,12429718,20
Pendergrast,12429718,9
Worden,12429718,6
Brown,12429718,9
Green,12429718,1
Ericsson,12429718,6
Stuart,12429718,4
Anil,28006483,24
Asha,28006483,1
Vijay,28006483,21
Emery,4086565,17
Sanders,4086565,20
Jerry,4086565,12
Kelly,4086565,4
John,4086565,4
Hwang,3844278,9
Paul,24980213,18
Diana,24980213,16
Surov,24980213,1
Jack,22863737,23
Conda,22863737,10
Anna,22863737,9
Paula,129602,13
Lowe,129602,21
Sayer,129602,13
Chobi,4556471,21
Mimi,4556471,21
Ray,163482,20
Noa,163482,15
Sune,163482,19
Aznable,163482,23
Bell,163482,4
Savitri,31887851,2
Rai,31887851,2
Bano,31887851,14
Husn,31887851,0
Nawab,31887851,17
Dilip,31887851,19
Vivekananda,24235184,20
Paramahamsa,24235184,8
Cueto,2443552,0
Meenakshi,25339461,12
Stella,25339461,8
Mappila,25339461,21
Jessy,25339461,21
Joji,25339461,1
Danny,3077184,16
Johnny,3077184,3
Brad,3077184,22
Joe,3077184,21
Basha,5326603,23
Avvai,5326603,20
Shanmugi,5326603,3
Pandian,5326603,21
Vishwanathan,5326603,6
Iyer,5326603,14
Rathna,5326603,21
Joseph,5326603,14
Janaki,5326603,21
Cadi,11395322,21
Carole,19490640,5
Kaki,19490640,2
Tiivii,19490640,21
Bernard,19490640,9
Yang,4469910,22
Quinn,4440221,6
Michael,4440221,17
Lola,4440221,17
Chase,4440221,3
Dustin,4440221,3
Bergsmark,24106823,18
Roselli,24106823,18
Cock,24106823,2
Engberg,24106823,20
Rytel,24106823,9
Magnusson,24106823,9
Rainsford,24106823,19
Marit,24106823,11
Ryberg,24106823,11
Madam,24106823,8
Kaaman,24106823,1
Bhoopathi,30339234,2
Marudhu,30339234,8
Marthandan,30339234,12
Nanjappa,30339234,13
Vijayan,30339234,2
Kanchana,30339234,2
Cook,26332602,1
Saal,26332602,17
Karlson,26332602,14
Bruno,26332602,6
Basini,370227,23
Thomas,370227,21
Reiting,370227,12
Momo,5537069,2
Orbison,3947,5
Jeffrey,3947,3
Sandy,3947,13
Williams,3947,11
Gordon,3947,10
Vallens,3947,8
Frank,3947,23
Ben,3947,0
Beaumont,3947,16
Booth,3947,24
Dorothy,3947,13
Keate,34600556,11
Gwen,34600556,13
Kingery,34600556,22
O'Leary,34600556,11
Yuka,1974703,18
Maki,1974703,18
Reimi,1974703,18
Farley,32817713,4
Michael,32817713,12
Gull,29133505,16
Sylvia,29133505,4
Tonya,30520052,6
Vadik,30520052,3
Brick,30520052,17
Masha,30520052,3
Lani,30520052,3
Bryan,30520052,3
Marion,5878044,21
Irma,5878044,21
Fitzhubert,5878044,6
Jones,5878044,20
Sara,5878044,6
Whitehead,5878044,17
Hussey,5878044,6
Albert,5878044,16
Michael,5878044,4
Bumpher,5878044,20
McGraw,5878044,23
Hussy,5878044,7
Miranda,5878044,21
Appleyard,5878044,20
Lumley,5878044,5
Roberts,5878044,6
McCraw,5878044,3
Rosamund,5878044,1
Mina,4112888,8
Wei,4112888,1
Skilken,4112888,6
Joanne,4112888,9
Vickerman,4112888,1
Graham,4112888,3
Hunter,21910368,10
Chiun,1047712,1
Chien,1047712,23
Cheng,1047712,23
Mi,1047712,17
Chin,30135244,14
Maggie,30135244,3
Lee,30135244,10
Screwface,67414,2
Chico,67414,14
Hatcher,67414,3
Melissa,67414,21
Tracey,67414,2
Nesta,67414,6
Crow,67414,11
Fingers,67414,10
Charles,67414,13
Max,67414,16
Wright,67414,17
John,67414,21
Leslie,67414,10
Cliff,67414,12
Vere,1666594,17
Claggart,1666594,17
Budd,1666594,17
Corleone,740276,19
Michael,740276,17
Ida,740276,18
Shorty,740276,6
Carole,740276,6
Angie,740276,3
Arthur,28250083,3
Sam,28250083,23
White,28250083,24
Kipps,28250083,23
Jennet,28250083,17
Daily,28250083,10
Elisabeth,28250083,3
Humfrye,28250083,24
Jerome,28250083,7
Nathaniel,28250083,1
Joseph,28250083,24
Drablow,28250083,3
Alice,28250083,3
Fratelli,33493993,8
Taylor,33493993,21
Rosenstiel,33493993,1
Rhodes,33493993,12
Kellin,33493993,3
Hagan,33493993,10
Tobin,33493993,13
Susie,33493993,3
Virginia,33493993,17
Thad,33493993,18
Harvey,33493993,6
Meg,33493993,14
Grant,2094975,5
Paul,2094975,6
Leo,2094975,16
Axel,2094975,6
Grace,2094975,3
Esmeralda,302970,10
Peg,302970,6
Jim,302970,3
Edward,302970,3
Kim,302970,3
Joyce,302970,12
Boggs,302970,15
Kevin,302970,17
Bill,302970,3
Tyson,14747692,5
Goody,14747692,9
Dominguez,14747692,2
Boudreau,14747692,11
Domino,14747692,14
Stevens,1577389,6
Chamberlain,1577389,11
Hall,1577389,17
Lewis,1577389,21
Darlington,1577389,16
Kenton,1577389,3
Hartnett,1364192,2
Liz,1364192,4
Eager,1364192,6
Stewart,1364192,15
Garnet,1364192,14
Mae,1364192,5
Rankin,1364192,3
Halligan,1364192,0
Farrell,1364192,13
Bard,1364192,10
Lisbeth,1364192,3
Courtney,1364192,19
Verne,1364192,21
Julio,1364192,17
Williams,74018,24
Hildy,74018,3
Johnson,74018,20
Baldwin,74018,12
Burns,74018,6
Moose,22845644,14
Luke,22845644,21
Katcher,22845644,3
Natalie,22845644,6
Astaire,22845644,8
Rogers,22845644,18
Camille,22845644,6
Jacob,22845644,4
Julien,22845644,5
Bruce,5124993,13
Ellen,5124993,3
Tom,11632280,3
Jerry,11632280,23
Garrett,17705173,7
Balery,17705173,2
Lou,17705173,9
Chantel,17705173,13
Courtney,17705173,11
Tara,17705173,12
Jaron,17705173,21
Wes,17705173,6
Ugo,1833819,3
Giuliana,1833819,21
Linda,1833819,6
Corrado,1833819,23
Zeller,1833819,22
Valerio,1833819,6
Moran,34606575,22
Munch,34606575,7
Hartley,34606575,11
Frankof,34606575,5
O'Leary,34606575,0
Barton,34606575,7
Patty,7663369,3
Felix,7663369,0
Joe,7663369,13
Marcie,7663369,3
Linus,7663369,23
Brown,7663369,3
Agate,7663369,11
Jed,24259105,21
Michael,32832064,15
Angela,32832064,2
Kinsella,129524,3
Ray,129524,6
Mark,129524,20
Karin,129524,3
Mann,129524,6
Graham,129524,3
Annie,129524,6
Lindstrom,9458737,14
Jane,9458737,3
Paul,9458737,18
Caligari,9458737,17
Ruth,9458737,4
Kathe,24342730,12
Paul,8201962,3
Bauer,8201962,14
Fantasie,8201962,18
Rudy,8201962,2
Victor,8201962,8
Boray,8201962,21
Blake,8201962,9
Romney,8201962,8
Gina,8201962,3
Nelson,8201962,15
Esther,8201962,21
Helen,8201962,3
Phil,8201962,15
Jeffers,8201962,6
Wright,8201962,3
Hafiz,7594122,6
Jamilla,7594122,6
Davenport,7594122,22
Marsinah,7594122,6
Colman,7594122,16
Caliph,7594122,14
Jack,34059175,7
Kate,34059175,16
Baynum,36018357,0
Autry,36018357,8
Martin,36018357,24
Ridge,36018357,23
Milly,36018357,5
Parker,36018357,14
Millhouse,36018357,10
Bayliss,36018357,17
Galloway,36018357,17
Remington,19737523,14
Tubman,19737523,17
Reggie,2328364,3
Jake,2328364,10
Vinnie,2328364,8
Hubbard,2328364,23
Joey,2328364,20
Billy,2328364,17
Neil,2328364,18
Trish,2328364,23
Jarvis,2328364,23
Letter,2328364,2
Pam,2328364,17
Pete,2328364,8
George,2328364,7
Tommy,2328364,3
Jason,2328364,17
Lana,2328364,5
Burns,2328364,5
Roberts,2328364,7
Roy,2328364,8
Voorhees,2328364,9
Robin,2328364,5
Tina,2328364,16
Raymond,2328364,17
Indra,3182419,4
Ram,3182419,2
Khanna,3182419,9
Tweedy,3836795,14
Mem,3836795,3
Steddon,3836795,7
Scudder,3836795,3
Fuller,3836795,0
Mayo,3836795,24
Teele,3836795,10
Jane,3836795,3
Claymore,3836795,10
Lemaire,3836795,17
Holby,3836795,23
Uday,5767035,21
Sanjana,5767035,6
Ghunghroo,5767035,13
Majnu,5767035,21
Rajiv,5767035,6
Ishika,5767035,17
Pettersen,28926374,13
Jacob,2051594,4
Joseph,2051594,4
Schulz,2051594,6
Rudoph,2051594,19
Hatfield,5113430,8
Harley,5113430,9
Sarah,5113430,23
Haggis,5113430,6
McCoy,5113430,6
Bhalla,23467297,7
Patel,23467297,7
Aman,23467297,13
Yahya,11305221,11
Margarete,20053344,3
Pedersdotter,20053344,18
fren,20053344,3
Magarete,20053344,10
Mari,20053344,6
d'Avalos,8456865,11
Herzog,8456865,23
Gesualdo,8456865,22
Trish,6449695,6
Limber,6449695,7
Patsy,6449695,6
Bert,6449695,6
Mel,6449695,12
Kyontawa,19719026,22
Hanson,19719026,13
Sheenyana,19719026,1
Conner,19719026,15
Sabbath,7029001,15
Tully,7029001,4
Gabe,26391877,18
Ginga,8831679,10
Tom,11487101,3
Jerry,11487101,3
Alice,34794895,3
Oscar,34794895,3
Julius,34794895,3
Babs,16575334,3
Bertha,16575334,9
Bonnie,16575334,21
Beaumont,16575334,14
Clifford,16575334,7
Berta,16575334,3
Shikha,14910247,9
Pranav,14910247,6
Sanyal,14910247,6
Mukherjee,14910247,3
Sonali,14910247,3
Mana,14910247,24
Gangadhar,14910247,14
Patel,14910247,1
Raja,14910247,3
Rana,14910247,4
Maiko,33562016,3
Mochiro,33562016,24
Rick,30531735,16
Lonnie,30531735,2
Otto,627935,12
Zelen,627935,12
Allan,627935,1
Borotyn,627935,24
Luna,627935,13
Doskil,627935,16
Crusoe,36956792,23
MacMorrow,36956792,2
Ness,36956792,2
Hamilton,36956792,4
Lewis,36956792,6
Angus,36956792,3
Mowbray,36956792,18
Killin,36956792,15
Anne,36956792,19
Roseanne,17484707,6
Eric,17484707,6
Michael,17484707,3
Barnstaple,17484707,4
Charles,17484707,22
Rosanne,17484707,3
Rogers,17484707,18
Phipps,17484707,20
Mangin,18165727,11
Julie,18165727,19
George,18165727,3
Olivia,18165727,6
Boswell,18165727,0
Carlson,18165727,7
Winslow,18165727,16
Morgan,18165727,19
Channing,18165727,8
Whiteside,18165727,6
John,18165727,17
Myerson,563040,6
Schoenenberg,563040,23
Yaskov,563040,6
Kendig,563040,6
Isobel,563040,17
Cutter,563040,21
Kabir,6627556,21
Mahesh,6627556,6
Komal,6627556,21
Kisise,6627556,9
Hai,6627556,15
Dhanrajgir,6627556,21
Saddam,1416397,10
Topper,1416397,17
Benson,1416397,3
Michelle,1416397,23
Huddleston,1416397,17
Harley,1416397,20
Dexter,1416397,4
Walters,1416397,16
Hussein,1416397,6
McBride,1156559,6
Cleo,1156559,15
Harris,1156559,11
Emily,1156559,15
Fin,1156559,3
Oramas,1156559,15
Styles,1156559,21
Joe,1156559,3
Olivia,1156559,21
David,1156559,1
Free,9875325,10
Kobra,9875325,17
Borden,9875325,2
E.B.,27888241,3
Carlos,27888241,1
Bunny,27888241,17
Nuys,27888241,24
Hasselhoff,27888241,9
Phil,27888241,1
O'Hare,27888241,6
Alex,27888241,13
Rommel,18640531,12
Foster,18640531,4
Forster,18640531,14
Michael,23785406,22
Lawson,23785406,22
Rommel,1242607,12
Craig,1242607,13
Bergman,1242607,6
Dolan,1242607,22
Bruckner,1242607,18
Cheryl,1242607,19
Kesselring,1242607,12
Portman,1242607,9
Mufti,1242607,9
Harker,1242607,6
Phtt,2291243,9
Ruebens-Chatte,2291243,14
Mewsette,2291243,21
Toulouse-Lautrec,2291243,15
zanne,2291243,15
Claude,2291243,23
Tom,2291243,2
Reubens-Chatte,2291243,23
Jeanette,2291243,24
Meowrice,2291243,3
III,2291243,22
Valentine,30865078,4
Lange,30865078,4
Jim,30865078,19
Batala,30865078,17
Lawrence,11006751,3
Mears,11006751,17
Enid,11006751,10
Tommy,11006751,24
Elliot,11006751,12
Emma,31871402,20
Wynter,633411,9
Steed,633411,4
Prospero,633411,4
Peel,633411,4
Father,633411,23
Emma,633411,4
Alice,633411,2
Lane,11260956,8
White,11260956,10
Kent,11260956,2
Clark,11260956,3
Lois,11260956,23
Michael,9029417,16
Lau,9029417,8
Sutherland,9029417,9
Dugan,9029417,6
McPhee,9029417,24
Nora,9029417,24
Jess,28817360,4
Charlie,28817360,3
Bradley,28817360,23
Kaufman,21258335,9
Jake,21258335,21
Ben,21258335,6
Leah,21258335,6
Carol,21258335,9
Lever,21258335,13
Missy,29680481,3
Fawn,29680481,21
Armstrong,29680481,9
Manor,29680481,23
Jade,29680481,13
Adam,29680481,2
Sophie,29680481,8
Deering,29680481,7
Tom,32144036,9
Jay,32144036,6
Claire,32144036,9
David,32144036,9
Anirban,19435516,23
Ananya,19435516,21
Satyabrato,19435516,6
Dipankar,19435516,17
Choudhury,19435516,4
Satyo,19435516,21
Massimo,24652331,2
Shaa,24652331,2
Tanguy,2728721,17
Guetz,2728721,0
Foley,807842,17
Todd,807842,16
Egan,807842,6
Rosewood,807842,6
Lutz,807842,6
Taggart,807842,6
Karla,807842,17
Fry,807842,18
Cain,807842,16
John,807842,17
Bogomil,807842,4
Gifford,32987849,19
Violet,32987849,11
Pellew,32987849,2
Bentley,32987849,12
Owen,32987849,11
Rollins,13966551,1
Susan,13966551,3
Jones,13966551,24
Rita,24757550,8
Shankar,24757550,2
LeopardiA,3819896,1
Jackson,3819896,14
Gonnella,3819896,1
Ivo,3819896,21
Ferruzzi,3819896,14
Salvini,3819896,22
Lucy,2517510,3
Franklin,2517510,13
Snoopy,2517510,3
Sally,2517510,6
Marcie,2517510,13
Bastl,2517510,5
Brown,2517510,18
Mike,6523280,21
Steve,6523280,6
Connell,33167476,3
Saigonell,33167476,6
Trask,3831825,20
Peggy,3831825,19
Lamb,3831825,3
niel,18393124,17
Pelik,18393124,4
n,18393124,14
Lan,8415205,16
Long,8415205,4
Feng,8415205,23
Xiao,8415205,6
Sheng,8415205,3
Ann,18967846,21
Cindy,18967846,5
Higgins,18967846,23
Knapp,18967846,15
Vance,18967846,18
Samuel,18967846,23
Thorne,18967846,22
Glycina,4738411,7
Mamoru,4738411,3
Moon,4738411,17
Chibiusa,4738411,5
Luna,4738411,6
Senshi,4738411,6
Fiore,4738411,6
Tsukino,4738411,6
Cathy,11011055,3
Carrie,11011055,24
Cory,11011055,21
Fred,11011055,17
Corrine,11011055,16
Olivia,11011055,3
Winslow,11011055,8
Corinne,11011055,6
Chris,11011055,3
Malcolm,11011055,7
Graham,8295055,9
Philpott,8295055,16
Chapireau,28524329,18
Durand,28524329,16
Beineix,28524329,0
Kubler,28524329,23
Powrie,28524329,0
Flagg,24763523,0
Falk,24763523,12
Khan,34176513,23
Khilji,34176513,7
Padmini,34176513,5
Rashi,34176513,7
Bawari,34176513,9
Suri,34176513,16
Sanga,34176513,15
Pratap,34176513,21
Akbar,34176513,15
Kika,34176513,9
Gurjari,34176513,5
Vallabhi,34176513,17
Jaiwnti,34176513,5
Rawal,34176513,3
Mori,34176513,12
Tanwar,34176513,21
Das,34176513,15
Singh,34176513,1
Vikramaditya,34176513,9
Maharana,34176513,1
Shyamaldas,34176513,14
Maan,34176513,16
Shaliwahan,34176513,17
Bappa,34176513,7
Johnny,24727616,6
Seth,24727616,6
Elizabeth,24727616,21
Froug,1367161,3
Farquhar,1367161,3
Serling,1367161,6
Mark,28167138,1
Hogancamp,28167138,21
Stokes,10499250,24
Thorndike,10499250,3
Hitler,10499250,1
Jones,10499250,7
Risborough,10499250,16
Berghof,10499250,8
Farnsworthy,10499250,17
Nazis,10499250,23
Ikari,1714278,3
Kaji,1714278,13
Ayanami,1714278,11
Katsuragi,1714278,4
Soryu,1714278,18
Eva,1714278,4
Nagisa,1714278,6
Ritsuko,1714278,17
Stuart,27420129,16
Pinkerton,27420129,21
Gaillard,27420129,14
Pauline,27420129,4
Claibourne,27420129,19
Tendo,8815987,9
Seiji,8815987,6
Date,8815987,9
Muto,8815987,16
Yoshi,8815987,16
Wan,20382734,22
Himavari,31474926,23
Harry,31474926,13
Kamen,31474926,3
Shinchan,31474926,23
Mitsy,31474926,6
Chan,31474926,14
Lane,31657529,1
Diane,31657529,3
Caulder,31657529,17
MacDonald,31657529,16
Allison,31657529,15
Manleder,31657529,13
Caesar,31657529,15
Parrish,31657529,16
Blackie,31657529,3
Buchanan,31657529,3
Mona,31657529,6
Ratcliff,2510465,10
Quintis,2510465,3
Diana,2510465,4
Duncan,2510465,11
Helene,2510465,14
Samson,3053338,20
Phoebe,3053338,1
Nate,3053338,1
Deliah,3053338,20
Govindram,15433387,6
Roshan,15433387,12
Shankar,15433387,15
Rajni,15433387,21
Hiralal,15433387,3
Balachander,10791794,0
Janardhan,10791794,24
Ramanathan,10791794,11
Anu,10791794,6
Cruise,6244632,21
Romano,15912486,0
Gigi,15912486,23
Giancarlo,15912486,23
Rosa,15912486,2
Solino,15912486,23
Gerry,1653423,13
Lynch,1653423,21
Lydia,1653423,6
Quilley,1653423,23
Hannah,1653423,21
Helen,1653423,3
James,1653423,3
ANTHONY,12577414,20
Yuzu,29321817,18
Shuren,29321817,24
Ichigo,29321817,16
Kurosaki,29321817,7
Kuchiki,29321817,16
Ishida,29321817,22
Abarai,29321817,20
Renji,29321817,17
Unforgiven,29321817,17
Kokut,29321817,4
Rukia,29321817,3
Hitchcock,17148591,18
Zahn,17148591,16
Froy,17148591,12
Glover,17148591,20
O'Brien,17148591,7
Langford,19671399,23
Forrest,19671399,9
Tom,29002296,17
Patrick,29002296,1
Seamus,29002296,8
Shaw,29002296,11
Helen,29002296,19
Anton,30578992,4
Poley,30578992,24
Neman,30578992,10
Geck,30578992,14
Julie,30578992,3
Skeres,30578992,14
Persimmon,30578992,3
Lincoln,30578992,5
Lexie,30578992,23
Ned,30578992,3
Frizer,30578992,14
Dean,1428952,15
Chas,1428952,3
Pherber,1428952,2
Turner,1428952,7
Maddocks,1428952,9
Flowers,1428952,21
Rosie,1428952,19
Allmovie,381006,21
Jane,381006,6
Kristofferson,381006,5
Bookman,381006,12
Bismark,381006,18
Puckett,381006,13
Octavius,2610735,17
Colin,2610735,17
MacLeod,2610735,23
Marcus,2610735,21
Richler,16192023,5
Estelle,16192023,10
Fuyajo,31638293,1
Katrakis,22378288,1
Jimena,12153345,14
Eliska,12153345,6
Elvira,12153345,21
Murli,20381190,21
Bindu,20381190,21
Prasad,20381190,5
Parmanand,20381190,8
Kamla,20381190,9
Chandra,20381190,17
Sergio,15247877,23
Elvira,15247877,6
Buscaroli,15247877,11
Mar,15247877,13
Matilda,15247877,13
Noone,15247877,2
Susana,15247877,3
Cora,15247877,23
Musicardi,15247877,1
Dominga,15247877,3
Cogan,31066828,24
Ray,31066828,20
McNairy,31066828,5
Higgins,31066828,0
Gandolfini,31066828,15
Liotta,31066828,6
Lampton,7813879,14
Joe,13458785,24
Stepnoski,20982151,6
Keegan,20982151,11
Drayden,20982151,2
Christopher,19522919,23
Frank,19522919,0
Catherine,19522919,9
Pettis,19522919,4
Mancini,19522919,18
Margaret,19522919,20
Jessie,19522919,16
Billy,7047441,22
Lee,20406604,18
Ajay,12328292,6
Kapoor,12328292,15
Rajesh,12328292,23
Purohit,12328292,21
Vijay,12328292,21
Jason,15652207,13
Henry,3062551,6
Semon,3062551,3
Dorothea,3062551,17
Wikked,3062551,17
Kruel,3062551,3
Kynd,3062551,13
Hardy,3062551,6
Murray,3062551,12
Black,3062551,9
Dorothy,3062551,6
Cunningham,701781,4
MacGregor,701781,4
MacDonald,701781,17
Mary,701781,24
Cox,701781,24
E.,31286006,9
Bhisma,30212893,10
Verma,30212893,4
Natwar,30212893,0
Bhadra,9890983,6
Abhay,9890983,13
Dhanush,9890983,15
Shiv,9890983,6
Sumitra,9890983,17
Lodhi,9890983,3
Tiwari,9890983,18
Singh,9890983,17
Anand,9890983,22
Monty,2347448,9
Collins,2347448,16
Diane,2347448,4
Patterson,2347448,9
Kaplan,2347448,17
Atlas,35013635,9
Godzilla,11998,17
Jinkawa,11998,4
Seatopia,11998,6
Gigan,11998,17
Lambrick,34565371,18
Iris,34565371,20
Hughes,20851014,24
Wirtz,20851014,19
Bird,20851014,8
Kennedy,20851014,13
Glass,20851014,19
Stevenson,20851014,7
Johnson,20851014,3
Rayburn,20851014,7
Kleberg,20851014,7
McCarthy,20851014,18
Read,3850284,6
Ayla,13974931,2
Zehra,13974931,6
Yusuf,13974931,6
Shakespeare,8472095,18
Padovic,8472095,14
Helene,8472095,19
Maggie,14637197,3
Reeves,14637197,3
Larry,14637197,6
O'Callaghan,14637197,20
Ayako,2217409,24
Kazuko,2217409,2
Toda,2217409,15
Shojiro,2217409,3
Setsuko,2217409,14
Shinichiro,2217409,1
Chizuko,2217409,2
Tokiko,2217409,12
Quigley,25168639,5
Kunen,25168639,19
Marx,25168639,5
Engels,25168639,4
Dru,25168639,8
Robles,19002818,17
Moe,19002818,16
Santander,19002818,10
Ammu,23600255,22
Madhavankutty,23600255,4
Coffey,5473121,21
Grosvenor,5473121,14
Paulie,5473121,13
Veronica,5473121,6
Frank,19874993,1
Powell,19874993,16
Joanne,19874993,1
Link,19874993,6
Orlovsky,19874993,13
Casey,19874993,4
Seurat,19874993,21
Kabuto,22904034,12
Koakoa,22904034,10
Barendos,22904034,4
Gubigubi,22904034,10
Nagai,22904034,3
Barandos,22904034,4
Jinjin,22904034,10
Mazinger,22904034,7
Vega,22904034,17
Grendizer,22904034,10
Maluvamma,22265588,24
Gowrikutty,22265588,6
Narayanan,22265588,17
Panicker,22265588,5
Sakharia,22265588,23
Moopan,22265588,6
Bhasi,22265588,23
Joseph,22265588,15
Zechariah,22265588,6
Devaki,22265588,17
Douglas,1191380,15
Wilde,1191380,21
Ross,1191380,10
Lloyd,1191380,14
Alfred,1191380,23
Cellini,1191380,14
Sherry,30015309,15
Miller,30015309,17
Goodman,30015309,0
Berkow,30015309,5
Hoffman,30015309,13
Goldstein,30015309,11
Blomberg,30015309,20
Mullen,30015309,16
Greenberg,30015309,13
Mohan,34237533,2
Roy,34237533,5
Svobodina,15693005,19
Viktoria,15693005,3
Stefanovich,15693005,15
Vremeni,15693005,18
Thea,31015058,8
Filippo,31015058,21
Sobero,17983509,2
Cortas,20813262,11
Mampato,20813262,11
Marama,20813262,10
Jacobs,24731602,9
Fraser,24731602,16
Crowley,24731602,11
Stonehill,24731602,9
Anand,24731602,0
Cade,23168201,19
Shephard,23168201,11
Lazarus,23168201,1
Hammond,23168201,17
Sarra,23168201,24
Wayne,23168201,12
Madhavi,232291,7
Raghu,232291,5
Balu,232291,3
Sharon,32516682,6
Tao,32516682,1
Rachel,32516682,6
Natalie,32516682,16
Bu,32516682,12
Klanton,13805353,15
Strelson,13805353,15
Julie,13805353,15
Murphy,34150058,21
Ellen,34150058,2
Callahan,34150058,21
Mala,31970809,2
Sharma,31970809,9
Gopal,31970809,3
Singh,31970809,14
Hammer,2256097,11
Laura,2256097,23
Knapp,2256097,22
Chambers,2256097,18
Rickerby,2256097,11
Velda,2256097,6
Cole,2256097,22
Killian,12432189,4
Craig,12432189,17
Trish,22342112,4
Kent,22342112,22
Charles,22342112,16
Petersen,22342112,14
Susie,22342112,2
Moira,22342112,12
C.B.,5570661,11
Jacob,5570661,16
Banday,27759696,1
Ravi,36136594,13
Raghu,36136594,4
Sal,9038806,23
Overstreet,9038806,1
Rick,9038806,14
Diane,9038806,16
Diesel,9038806,15
Newton,9038806,24
Hilton,9038806,13
West,9038806,15
Diddley,9038806,11
Wilson,9038806,6
Eddie,9038806,7
Haskins,2004939,3
Flournoy,2004939,4
Rupp,2004939,16
Sajeev,26131280,2
Geethu,26131280,3
Uwamungu,34983858,12
Kabera,34983858,0
Bharucha,3625867,18
Raj,3625867,2
Karan,3625867,12
Sharma,3625867,19
Thapar,3625867,21
Anjali,3625867,12
Aditi,3625867,0
Malhotra,3625867,0
Walker,10087767,21
Allie,10087767,2
Compton,10087767,4
Jimmy,10087767,23
Betty,10087767,2
Roosevelt,10087767,0
Smith,10087767,0
Nolan,10087767,9
Miyamoto,1851703,4
Heine,1851703,19
Etta,1851703,12
Moran,1851703,18
Carl,1851703,1
Kazuo,1851703,9
Sr.,1851703,10
Chambers,1851703,20
Jr.,1851703,12
Syawal,8396653,3
Zahara,8396653,21
Mastura,8396653,14
Suhara,8396653,21
Mashood,8396653,6
Safar,8396653,3
Albab,8396653,2
Muharam,8396653,6
Kang,32621340,17
Han,32621340,4
Sung-hee,32621340,19
Ho-won,32621340,17
Chul-min,32621340,3
Kumar,14538051,12
Megha,14538051,6
Vijay,14538051,21
Lal,14538051,17
Vishwanath,14538051,13
Mina,12698154,19
Tannenbaum,12698154,9
Benegui,12698154,0
Ha-ni,20764456,15
Paul,24746257,24
Todd,24746257,23
Jennifer,24746257,17
Stacey,24746257,13
Stella,24746257,3
Eben,24746257,3
Barrow,24746257,4
Norris,24746257,17
Henderson,2439340,1
Halik,2439340,19
Murray,2439340,2
Valence,16164212,20
Joyce,16164212,21
Joan,2184209,3
Harris,2184209,13
Sally,2184209,3
Farnham,2184209,15
Alex,2184209,3
E.,10131468,16
rob,26943525,22
Peggy,26943525,12
Hutton,26943525,23
Mary,26943525,3
Hamilton,26943525,13
Kenneth,26943525,17
Hyde,7883633,4
Pieter,4180502,0
Julie,4180502,5
Gilbert,4180502,18
Dobbs,3056072,9
Twillstein,3056072,10
Malini,4569282,2
Rajnikanth,4569282,23
Lodell,18138846,6
Holmes,18138846,8
Walter,18138846,21
Maple,18138846,19
Tru,18138846,6
Manuel,18138846,6
Trevor,18138846,3
Kopay,18138846,9
Amy,5102319,3
Fox,5102319,11
Mason,5102319,17
David,5102319,3
Sally,13405420,3
Melissa,13405420,6
Archer,4731909,24
Jane,4731909,3
Edwards,4731909,9
Steve,4731909,3
Meredith,4731909,12
Loomis,4731909,24
Johnson,4731909,15
Annie,4731909,6
Susie,4731909,21
Lora,4731909,21
Vanessa,3997734,21
Percy,3997734,2
Walken,3997734,16
Darryl,3997734,2
Calvin,3997734,21
Mullaney,16001951,9
Covington,16001951,3
Rodney,16001951,3
Rock,16001951,4
Mike,16001951,17
Dorn,16001951,4
Johnson,16001951,17
Taggart,16001951,9
Anne,16001951,6
Gill,16001951,4
Langston,16001951,9
Barkow,16001951,6
Gogol,7422679,1
Norshteyn,7422679,13
Harue,27686717,3
Akane,27686717,21
Narayanankutty,31481682,10
Babbu,17512929,15
Ganesh,17512929,15
John,17512929,10
Kern,19861095,6
Ash,19861095,13
Kay,19861095,13
Wilcox,19861095,19
Heath,19861095,16
Aaron,25322634,3
Cynthia,25322634,3
Michelle,25322634,3
Martina,25322634,12
Frank,25322634,3
Jeff,25322634,17
Ryan,25322634,6
Elaine,25322634,6
Derek,25322634,16
Russell,25322634,23
Oscar,25322634,3
Norman,25322634,3
Lozada,32741807,17
Pablo,32741807,19
Bulu,21621727,8
Tapasi,21621727,3
Kiriti,21621727,5
Dahl-Wolfe,17152890,23
Bankhead,17152890,15
Bacall,17152890,16
Bogart,17152890,16
Tuum,46387,15
Amael,46387,23
Marc,46387,13
Bear,19030640,24
Pete,19030640,8
Yami,1241944,18
Taylor,1241944,0
Atem,1241944,17
Wheeler,1241944,12
Solomon,1241944,7
Mutou,1241944,21
Pegasus,1241944,6
Tristan,1241944,17
Kaiba,1241944,17
Anubis,1241944,16
Yugi,1241944,17
Stu,113549,12
Maureen,113549,24
Meeks,113549,17
Becker,113549,0
Riley,113549,17
Billy,113549,8
Gale,113549,24
Prescott,113549,24
Steve,113549,1
Loomis,113549,17
Sidney,113549,17
Hank,113549,2
Macher,113549,12
Dewey,113549,6
Weathers,113549,18
Marina,10510399,3
Daniel,10510399,21
Rafael,10510399,3
Biscuta,27093639,14
Barbosa,27093639,4
Kamath,27093639,3
Joki,27093639,5
Rozanna,27093639,22
Ricky,27093639,6
Tani,27093639,14
Isaacs,977671,22
Laurel,977671,3
Rob,977671,15
Sommersby,977671,6
Meacham,977671,11
Rachel,977671,18
Omiji,14517173,3
Vishal,14517173,5
Raghunath,14517173,24
Beatrice,1615355,13
Claudio,1615355,14
Ursula,1615355,11
Antonio,1615355,8
Dogberry,1615355,20
Pedro,1615355,13
Borachio,1615355,21
Margaret,1615355,24
Benedick,1615355,13
Leonato,1615355,12
John,1615355,6
Sam,74537,3
Helpmann,74537,7
Jill,74537,17
Tuttle,74537,3
Buttle,74537,7
Spoor,74537,23
Ida,74537,22
Layton,74537,8
Lowry,74537,8
Jaffe,74537,13
Jack,74537,17
Lint,74537,13
MacNeil,22031391,5
McNeil,22031391,16
Sanders,22031391,3
Richie,22031391,1
Baxter,22031391,24
Shimada,22031391,7
Taylor,624896,14
Weech,624896,23
Valentine,624896,6
Hawkins,624896,6
Chesterford,624896,17
Hampton,624896,8
Matthews,624896,16
Blakeworth,624896,5
Pearce,624896,3
Crump,624896,3
Smith,29823223,24
Pauline,980439,21
Mathieu,2844095,3
Mouchette,2844095,3
Wong,22309052,16
Teh,22309052,5
Boxing,22309052,20
Hung,22309052,17
Chan,22309052,11
Jean,22309052,12
Zexu,22309052,18
Carson,22037963,17
Hawkes,22037963,11
Ryan,22037963,18
Donny,22037963,24
Jones,3365397,9
Geste,3365397,22
Markov,3365397,9
Ann-Margret,3365397,5
Ustinov,3365397,19
Cusack,3365397,5
Pierre,20518520,15
Bear,20518520,1
Woody,20518520,21
Kitano,10359672,11
Stefano,27958820,22
Lamprecht,8994,12
Johann,8994,17
Thomsen,8994,16
Ullmann,8994,17
Hitler,8994,1
Werner,8994,3
Bootsmann,8994,22
Hinrich,8994,22
Bailey,21034985,15
Bobby,21034985,21
Mary,21034985,3
David,21034985,5
Sullivan,342741,16
McGovern,342741,22
Rooney,342741,9
Sara,342741,12
Connor,342741,21
Nitti,342741,13
Maguire,342741,17
Jr.,342741,17
Rance,342741,18
Capone,342741,22
Francis,10494803,8
Katherine,10494803,0
Hester,10494803,16
Mansfield,4678118,14
Boyd,4678118,14
Drew,4678118,16
Fisk,4678118,3
Vanderbilt,4678118,14
Gu,13961496,4
Dan,13961496,4
Todd,1011854,17
Nicky,1011854,3
Satan,1011854,21
Valerie,1011854,3
Adrian,1011854,3
Peter,1011854,22
Zachariah,1011854,15
Beefy,1011854,10
John,1011854,22
Shuya,29042310,6
Kitahara,29042310,17
Shimomura,29042310,22
Watanabe,29042310,11
Manami,29042310,10
Moriguchi,29042310,6
Roy,26022636,18
Shirley,26022636,9
Beena,26022636,8
Mathai,26022636,1
Chackochen,26022636,4
Eduardo,34203491,6
Raul,34203491,5
Carmen,34203491,18
Miguel,34203491,6
Rosa,34203491,14
Maisie,35589999,23
Susanna,35589999,19
Briggs,5203014,8
Coles,5203014,2
Brett,5203014,9
Fisher,5203014,11
Joanne,5203014,9
Letty,248222,19
Nguyen,248222,0
Tanner,248222,17
Lee,248222,9
Dominic,248222,3
Jesse,248222,17
Dom,248222,21
O'Conner,248222,18
Vince,248222,6
Lance,248222,17
Tran,248222,17
Toretto,248222,7
Mia,248222,14
Brian,248222,6
Kuroki,4467620,5
Fuyumi,4467620,10
Masuoka,4467620,3
Tsukamoto,4467620,20
F.,4467620,5
Zedong,1590940,0
Lama,1590940,3
Buddha,1590940,15
Chamberlain,1590940,15
William,14230475,6
Sammy,14230475,8
Fletcher,14230475,13
Stelton,14230475,24
Ford,14230475,18
Hartridge,14230475,6
Jesus,14230475,12
Peggy,14230475,23
Zach,14230475,21
Little,14230475,17
Oakley,14230475,17
Tom,14230475,3
Greenway,14230475,6
Rachel,14230475,2
John,14230475,23
Carrie,14230475,23
Will,14230475,3
Beech,14230475,12
Leda,13991714,1
Stumpy,13991714,0
Steele,35733178,21
Fisher,4681364,6
Carradine,564966,14
Tardieu,564966,20
Juliette,564966,10
Antoine,564966,17
Trixie,1055198,23
Imogene,1055198,0
Moze,1055198,6
Loggins,1055198,11
Addie,1055198,3
Leroy,1055198,0
Delight,1055198,10
Penal,6085875,5
Caesar,6085875,10
Keller,6085875,11
Jered,5356108,14
Blake,61071,0
Carlos,61071,8
Marberry,61071,21
Martin,61071,22
Missouri,61071,22
Louise,61071,1
McGuire,61071,13
Romero,61071,8
Manville,61071,1
Annie,61071,14
Maciste,26365156,14
Idar,26365156,2
Moah,26365156,6
Shobha,12233773,4
Kumar,12233773,16
Roopa,12233773,6
Amar,12233773,14
Regina,10377101,12
Darwin,10377101,5
George,10377101,7
Baird,10377101,5
Simon,10377101,13
Kiyomaro,27698678,3
Megumi,27698678,17
Seushiru,27698678,24
Yondaime,27698678,23
Zakeruga,27698678,2
Umagon,27698678,10
Gash,27698678,6
Chaplin,1960180,11
Lehrman,1960180,9
Wiley,3647125,16
Ruth,3647125,11
Carver,3647125,20
Remy,5984146,5
Dewaere,5984146,11
Ronet,5984146,21
Besse,5984146,11
Lillian,15131958,11
Elizabeth,15131958,19
Tarbell,15131958,14
Johnson,15131958,0
Prosenjit,19537146,14
Fantoosh,19537146,7
Palash,19537146,24
Ranga,14602109,22
Deshmukh,14602109,16
Lucy,1880660,3
Jadis,1880660,17
Peter,1880660,3
Ginarrbrik,1880660,20
Maugrim,1880660,10
Susan,1880660,6
Kirke,1880660,7
Macready,1880660,15
Beaver,1880660,19
Tumnus,1880660,6
Edmund,1880660,3
Gow,28173490,3
Nita,28173490,17
Ming,28173490,17
Merton,28173490,22
Barrows,28173490,23
Lei,28173490,13
Corey,28173490,6
Kelly,28173490,6
Camp,28173490,4
Kenton,28173490,19
Kane,28173490,8
Gregg,28173490,6
Shields,28173490,17
Romain,3729054,3
Laura,3729054,22
Sasha,3729054,19
Paul,1584791,6
Ballard,1584791,15
Valentine,1584791,11
Marlene,1584791,17
DeMarco,1584791,12
Davies,1584791,19
Barbarella,1584791,8
Andrezej,1584791,3
Flik,460442,8
Hopper,460442,14
Flea,460442,14
Atta,460442,21
Zee,933060,9
Nina,933060,13
Outerbridge,933060,0
Jake,933060,11
Sy,933060,3
Parrish,933060,24
Romanek,933060,4
Bill,933060,6
Vassileiadis,27852719,11
Tsiforos,27852719,15
Mimis,27852719,4
Perry,26067101,1
Bov,17336974,12
Talen,17336974,22
Bruce,17336974,4
Palacios,17336974,13
Billy,17336974,7
Kalb,17336974,15
Ocean,3723947,14
Bobby,3723947,20
Linus,3723947,17
Greco,3723947,14
Bloom,3723947,4
Bank,3723947,22
Tishkoff,3723947,20
Sponder,3723947,24
Rusty,3723947,16
Benedict,3723947,6
Toulour,3723947,9
Caldwell,3723947,22
Malloy,3723947,18
Nagel,3723947,16
Khalid,18976810,7
Refat,18976810,22
Raed,18976810,22
Shadman,18976810,6
Anmar,18976810,3
Hussein,18976810,6
Mou,21683540,13
Aman,21683540,11
Sen,21683540,3
Roy,11214013,13
Abbas,11214013,1
Meena,11214013,3
Mathan,11214013,0
Jean,13099032,15
Perkov,14166395,3
Perkova,14166395,13
Krishna,28512680,4
Kirmada,28512680,4
II,3579037,5
Bennett,3579037,6
Blunt,3579037,1
Bandini,6304360,19
Camilla,6304360,21
Coles,3421818,12
Caviezel,3421818,3
Pantoliano,3421818,23
Sisto,3421818,1
Kinnear,3421818,3
Donald,12530079,3
Horsecollar,12530079,20
Prince,12530079,3
Pete,12530079,17
Mickey,12530079,6
Newel,12319656,4
Fenty,12319656,7
Elisa,12319656,10
Elizabeth,12319656,14
Woodling,12319656,4
Ben,12319656,6
Rumson,12319656,12
Nushka,542547,4
Gustav,542547,21
Haddock,542547,24
Rastapopoulos,542547,23
Tintin,542547,3
Castafiore,542547,19
Thomson,542547,8
Niko,542547,4
Black,542547,8
Thompson,542547,8
Henry,12912926,7
Samantha,12912926,11
Rosenberg,12912926,22
Jacob,22642987,15
Kate,22642987,17
Everhard,22642987,10
Simon,22642987,1
Karim,31748875,16
Tara,31748875,1
Jibbar,31748875,22
Lardoski,6000525,23
Crowthers,6000525,21
Strauss,6000525,9
Al,6000525,21
Marshall,6000525,8
Jones,6000525,12
Calvet,6000525,19
Hutton,6000525,4
Hilda,6000525,2
Mordio,22302663,24
Hisca,22302663,23
Chastel,22302663,3
Flynn,22302663,13
Jurgis,22302663,20
Alexei,22302663,22
Shizontonia,22302663,4
Garista,22302663,6
Niren,22302663,21
Lambert,22302663,17
Yuri,22302663,17
Sophia,34308933,2
Sarah,34308933,3
Jong-geun,35020822,20
Kyung-sun,35020822,12
Sun-young,35020822,17
Mun-ho,35020822,21
Ratnam,14001518,4
Ramaiha,14001518,22
Sharada,14001518,24
Rao\/Venkanna,14001518,8
Venkanna,14001518,24
Bhadrayya,14001518,2
Taylor,80944,24
Dunstan,80944,6
Kay,80944,13
Banks,80944,19
Stanley,80944,6
Ellie,80944,6
Cook,12196686,18
Gabe,12196686,10
Penner,12196686,10
Maureen,12196686,17
Jill,12196686,3
Andrew,12196686,21
Kate,12196686,3
Frank,12196686,6
Teresa,12196686,19
Reed,12196686,3
Vic,3394539,18
Byron,3394539,3
Bowie,3394539,3
Narendran,11143089,15
Kalyanaraman,11143089,0
Arun,11143089,23
Radha,11143089,19
Judith,1374201,24
Darren,1374201,21
Silverman,1374201,6
Sandy,1374201,24
Norton,1374201,1
Fessbeggler,1374201,19
J.D.,1374201,17
Diamond,1374201,17
McNugent,1374201,12
Perkus,1374201,21
Wayne,1374201,21
Durga,27488027,2
Mohanakrishna,27488027,15
Lyons,2381687,22
Ben,2381687,24
June,2381687,6
Grace,2381687,3
Caspar,2381687,17
Dorothy,2381687,16
Janser,2381687,12
Henry,12191850,21
Ann,12191850,21
Midget,12191850,12
Tom,12191850,24
Cliveden-Banks,12191850,20
Thompson,12191850,11
Lingley,12191850,3
Duke,12191850,20
Kumar,12219972,20
Rohit,12219972,3
Neena,12219972,6
Tse,14299825,7
O'Toole,6864096,3
Pig,6864096,18
Porky,6864096,3
Bellamy,29148033,8
Harwood,29148033,19
Henry,29148033,21
Kitty,29148033,5
Courtney,29148033,1
Susan,29148033,4
Olivia,29148033,3
Bellis,29148033,3
Dale,27545586,22
Avalon,27545586,0
Frankie,27545586,21
Funicello,27545586,18
Mercure,25290660,8
Hamel,25290660,3
Lemaire,25290660,4
Jasmine,25290660,4
Jack,25125971,21
Rita,25125971,2
Arlie,25125971,2
Elmer,1972001,3
Eric,2326278,21
Pia,2326278,19
Luigi,2326278,7
Alex,2326278,13
Var,74913,1
Courtelin,74913,12
Jeanette,74913,21
Maurice,74913,6
Savignac,74913,24
Teglash,22178122,3
Mario,22178122,3
Luigi,22178122,13
Francesca,22178122,21
Rahul,14767600,3
Madhu,14767600,6
Sharma,14767600,14
Nafisa,14767600,6
Jones,14767600,5
Govinda,14767600,13
Padma,14767600,3
Abraham,14767600,0
Talpade,14767600,20
Parthasarthi,14767600,3
Madhuri,11141604,21
Pandian,11141604,6
Arun,11141604,18
Mohandas,11141604,11
Nell,956598,3
Hugh,956598,0
Luke,956598,16
Carolyn,956598,10
Eleanor,956598,6
Dudley,956598,21
Theodora,956598,14
Crain,956598,17
Vance,956598,15
Sanderson,956598,18
Marrow,956598,13
Pink,33778232,3
Iordanov,21674699,3
Natasha,21674699,21
Kate,12970989,2
Tilford,5984648,12
Cardin,5984648,0
Rosalie,5984648,4
Joe,5984648,6
Karen,5984648,6
Wells,5984648,1
Dobie,5984648,19
Martha,5984648,3
Mary,5984648,16
Wright,5984648,10
Hartz,9404578,24
White,9404578,1
Bandrika,9404578,15
Hare,9404578,18
Hitchcock,9404578,18
Gilbert,9404578,3
Froy,9404578,4
Iris,9404578,3
O'Brien,9404578,23
Ito,11176725,14
Niimi,11176725,14
Takuma,11176725,6
Haruka,11176725,13
Daigo,11176725,3
Yui,11176725,23
Strider,20869935,4
Bunda,32874614,17
Moonlite,32874614,4
Clarke,32874614,19
Mae,32874614,20
Isabelle,32874614,8
Carroll,32874614,4
Ruth,32874614,23
Ryan,32874614,17
Scott,32874614,4
Richard,13441785,3
Nicky,13441785,6
Stacey,13441785,9
Kraft,13441785,15
Henry,36454546,14
Cunningham,36454546,14
Allen,36454546,12
Beck,36454546,20
Castle,36454546,16
Morland,36454546,7
Mr.,36454546,12
Thorpe,36454546,15
Isabella,36454546,21
James,36454546,21
Catherine,36454546,21
John,36454546,6
Tilney,36454546,6
Eleanor,36454546,6
Seberg,15453826,4
Shikai,1602624,10
Wan,1602624,18
Neil,1602624,13
Pugsley,3734733,2
Gina,3734733,10
Adams,3734733,13
Gomez,3734733,7
Crandell,13075708,4
Vandewater,13075708,6
Patterson,13075708,10
Hanson,13075708,0
Crandall,13075708,16
Roberto,14289279,19
Ramon,14289279,6
Flynn,10940708,3
Kingman,10940708,3
Mike,10940708,6
Carol,10940708,21
Dale,10444276,6
Dolores,10444276,21
Kothare,26921164,2
Sahib,26921164,14
Naam,26921164,24
Yuvraj,26921164,19
O,26921164,10
Chameli,26921164,20
Sujjo,26921164,6
Pyarelal,26921164,1
Raja,26921164,14
Hariya,26921164,12
Sudhir,26921164,4
Bakshi,26921164,0
Runk,26921164,14
Khidda,33382526,5
Kony,33382526,5
Pratap,5995658,21
Ajay,5995658,21
Sanjukta,5995658,6
Khanna,5995658,24
Anand,5995658,0
Thumbi,22277481,21
Kumar,22277481,2
Nasser,22277481,14
Kattai,22277481,14
Baali,22277481,2
Aathirikesa,22277481,24
Singam,22277481,11
Singaram,22277481,20
Rangula,22277481,8
Roget,23255,6
Rousseau,23255,17
Arnaud,23255,22
Broulard,23255,13
Mireau,23255,6
Dax,23255,13
Morris,23255,9
Caroline,5812997,8
Sandy,5812997,23
Boo,5812997,3
Lensky,1259297,3
Joby,17594022,16
Slattery,17594022,6
Bongiorno,17594022,8
Ann,17594022,21
Chapin,17594022,9
Kate,17594022,13
Joe,17594022,13
Edith,17594022,6
Drummond,17594022,22
Plimsoll,92608,7
French,92608,7
Christine,92608,6
Leonard,92608,6
Robarts,92608,3
Max,92608,10
Vole,92608,9
Jackson,18142186,1
Lucy,18142186,23
Gunn,18142186,5
Betsy,18142186,3
Gardner,18142186,22
Mize,18142186,13
Johnston,18142186,6
Miles,18142186,23
Jr.,18142186,22
John,18142186,6
Steve,28335509,3
Lou,27816569,10
Peter,27816569,3
Howie,27816569,23
Budderball,33200310,12
Mudbud,33200310,12
Danny,2088328,10
Burke,2088328,6
Rubell,2088328,0
Lewis,2088328,0
Hammond,2088328,24
Jurel,2088328,6
Pilikian,2088328,17
Ark,2088328,0
Horn,2088328,19
Lisa,2088328,24
Troy,2088328,7
Paul,8729015,15
Collins,8729015,18
Marelli,8729015,23
Wallau,8729015,9
Roeder,8729015,23
Heisler,8729015,6
Leni,8729015,24
Marcel,17188583,3
Lili,17188583,23
Rose,17188583,12
Joseph,17188583,14
Jules,17188583,21
Crusoe,4099355,9
Loomis,4099355,1
Matt,4099355,21
Saknis,4099355,6
Hall,32208443,11
Grogan,32208443,3
Helena,32208443,17
Meyer,32208443,17
Tane,32208443,11
Rubini,26315413,4
Tarver,26315413,18
Pandora,26315413,4
Diana,26315413,2
Holoway,26315413,15
Smith,18571533,8
Miller,4195398,2
Collins,4195398,14
Loomis,4195398,20
Lewis,4195398,13
Michaelson,4195398,17
Baldwin,4195398,13
Sue-Mei,4195398,7
Kwan,4195398,16
Li,4195398,11
Sarah,12442942,2
Alan,12442942,2
Raphael,12442942,5
Hitler,28986107,18
Harshman,28986107,11
Tina,28986107,16
Dave,27413683,18
Joanna,27413683,9
Wendell,27413683,21
Michael,3468976,12
Fargo,3468976,14
Daigoro,5672796,4
Retsud,5672796,9
Amy,26461312,3
Clark,26461312,16
Grey,26461312,2
Pan,26461312,19
Robert,26461312,21
Alice,26461312,17
Parker,6066495,0
Tami,6066495,9
Andrei,6066495,10
Ken,6066495,4
Sangwa,25333899,12
Munyurangabo,25333899,2
Roychowdhury,19984296,6
Turni,19984296,21
Siddhartha,19984296,6
Feriwala,19984296,22
Ator,10386266,13
Lucy,607444,21
Jenna,607444,3
Wyman,607444,19
Flamhaff,607444,24
Rink,607444,2
Teichmann,33521245,6
Gerda,33521245,23
Winkler,33521245,8
Klaus,33521245,23
Manfred,33521245,12
Kara,31320148,7
Ahlen,31320148,3
Anders,31320148,10
Niemann,31320148,7
Sami,31320148,20
Peterson,31320148,6
Nystrom,31320148,24
Helga,31320148,3
Ford,28509475,17
Lepore,28509475,19
Nicklaus,28509475,10
Nancy,28509475,15
Richardson,28509475,10
Bethell,28509475,15
Woody,20530554,3
Woodpecker,20530554,12
Bibi,35019469,15
Tim,30698901,13
Griff,30698901,3
Tony,30698901,3
Raja,30253701,19
Babbar,30253701,22
Shroff,30253701,10
Karol,155271,6
Binoche,155271,2
aj,155271,4
Stuhr,155271,11
Zamachowski,155271,11
Dominique,155271,14
James,2216254,6
Jefferson,2216254,21
Washington,2216254,0
Patsy,2216254,1
Sally,2216254,4
Cosway,2216254,12
Hemings,2216254,15
XVI,2216254,17
Charlie,2562853,3
Nutt,2562853,11
Pospichal,22966339,12
Ji,22966339,23
Douglas,28312226,21
Beck,28312226,11
Dorian,28312226,3
Carson,28312226,21
Dana,28312226,6
Harrington,28312226,8
Betty,28312226,6
O'Connor,28312226,15
Blake,28312226,4
Rodney,28312226,7
Steven,28312226,6
Norman,28312226,13
Peyton,28312226,18
Megan,28312226,6
Constance,28312226,0
Connelly,28312226,9
MacKenzie,28312226,0
Bartos,905483,11
Loughnan,905483,12
Tanya,905483,9
Guidi,22680762,8
Dalser,22680762,2
Albino,22680762,7
Mussolini,22680762,2
Joe,14683800,24
Moe,14683800,21
Larry,14683800,24
Piotr,17031454,5
Sylvia,17031454,21
Laurence,17031454,3
Joshua,17031454,21
Kenner,2009257,20
Sandy,2009257,17
Ceram,2009257,17
Mariko,2009257,6
Willy,2009257,20
Spanier,2009257,17
Griff,2009257,1
Phil,2009257,20
Webber,2009257,23
Hanson,2009257,18
Charlie,2009257,20
Dawson,2009257,16
Kita,2009257,18
Joe,5884079,3
Gretel,15968935,24
Wolf,15968935,23
Verushka,15968935,24
Granny,15968935,16
Hansel,15968935,24
Taylor,14149884,1
Lee,14149884,9
Lafferty,14149884,6
Doris,14149884,21
Taft,14149884,5
Bernard,14149884,6
Duke,14149884,5
Dinis,32644830,8
Pedro,32644830,12
Branco,32644830,13
Hammer,18901478,2
Sam,18901478,3
Goldburg,18901478,23
Elizabeth,18901478,17
Paco,18901478,10
Anita,18901478,9
Vicki,18901478,20
Wilkinson,18901478,7
Lonnie,18901478,3
Jenna,18901478,3
Flennons,18901478,10
Glenn,18901478,4
Barnes,18901478,9
Rebecca,18901478,7
Cherie,35307695,5
Jimmy,35307695,5
Danh,4428038,21
Tam,4428038,17
Louise,8190777,19
Ali,8190777,3
Massoud,8190777,3
Westray,29629987,3
Sabine,13084794,6
Tom,13084794,6
Rachel,13084794,19
Simon,13084794,3
Hansen,26365132,9
Holliday,16676995,1
Sam,16676995,4
Noelle,16676995,4
Tracey,16676995,0
Warren,16676995,24
Frank,16676995,16
Rigg,16676995,17
Blankfort,32632090,15
Andrew,32632090,23
Carl,32632090,7
Bennett,32632090,5
Boop,8562686,23
Ollie,5604231,21
Stan,5604231,23
Stanley,5604231,23
Hardy,5604231,18
Chakraborty,35359436,5
Kumar,4671604,12
Galy,4671604,6
Harini,4671604,21
Krishna,4671604,12
Munna,4671604,16
Bharath,4671604,12
George,7127336,4
Otis,7127336,17
Kim,7127336,3
Miles,7127336,3
Leon,21314980,16
Brown,21314980,20
Monroe,21314980,20
Michelle,241482,20
Levenstein,241482,19
Flaherty,241482,1
Finch,241482,14
Justin,241482,7
Myers,241482,4
Brandi,241482,12
Krystal,241482,18
John,241482,7
Leslie,241482,13
Sommers,241482,9
Stifler,241482,6
Jim,241482,6
Charley,24160654,6
Nichols,24160654,14
Ann,24160654,2
Atkinson,24160654,4
Grady,24160654,12
Solomon,24160654,13
Willoughby,24160654,9
Tom,4652584,3
Jerry,4652584,3
Paul,2546429,3
Gordon,2546429,23
Jimmy,2546429,20
Ted,2546429,1
Sara,2546429,17
take,2546429,23
Trish,2546429,3
Axel,2546429,5
Jarvis,2546429,12
Tommy,2546429,3
Terri,2546429,7
Jason,2546429,17
Morgan,2546429,19
Sam,2546429,22
Dier,2546429,21
Doug,2546429,17
Voorhees,2546429,7
Tina,2546429,23
Rob,2546429,17
Marion,957928,17
Norma,957928,6
Laurie,957928,3
Howell,957928,12
Tate,957928,18
Michael,957928,17
Chambers,957928,24
Molly,957928,6
Loomis,957928,9
Myers,957928,16
John,957928,17
Strode,957928,19
Watson,957928,0
Sarah,957928,17
Charlie,957928,17
Ronny,957928,11
Grokenberger,2269393,3
Victoria,2269393,16
Snelling,2269393,11
Mika,2269393,6
Corky,2269393,23
Helmut,2269393,13
Richard,1982699,20
Matthias,1982699,19
Rahn,1982699,14
Dassler,1982699,1
Herberger,1982699,11
Hotchkiss,415156,0
Yelena,415156,6
Gibbons,415156,17
Sova,415156,17
Cage,415156,6
Ahab,415156,10
Kirill,415156,14
Yorgi,415156,5
Jothy,5884748,14
Mani,5884748,10
Ramakrishnan,5884748,13
Kurumizawa,33382022,3
Chizuru,33382022,3
Yoshida,33382022,18
Kazehaya,33382022,21
Ayane,33382022,3
Yano,33382022,0
Arable,3777574,6
Fern,3777574,3
Wilbur,3777574,2
Zuckerman,3777574,0
Donald,3395527,6
Minnie,3395527,16
Mickey,3395527,16
Drake,3395527,12
Cleese,3395527,11
Mouse,3395527,5
Carol,3395527,11
Sheridan,8425661,21
Carmichael,8425661,9
Bright,8425661,6
Anderson,8425661,0
Tanya,8425661,5
Fernando,8425661,14
Bill,8425661,6
Sky,8425661,13
Kalokairi,8425661,23
Ali,8425661,12
Lisa,8425661,12
Sophie,8425661,6
Seyfried,8425661,9
Sam,8425661,3
Rosie,8425661,2
Donna,8425661,6
Mia,8425661,8
Mugg,99015,10
Chee-Chee,99015,17
Fairfax,99015,20
Tubble,99015,14
Shakespeare,99015,20
Dolittle,99015,17
Tommy,99015,21
Bellowes,99015,6
Sophie,99015,3
Stubbins,99015,17
Dix,99015,20
Emma,99015,3
Blossom,99015,22
Boran,25413191,7
Zindar,25413191,6
Pergad,25413191,8
Anabelle,25705811,2
Romi,25705811,6
Wilkinson,25705811,16
Brad,25705811,21
Traian,25705811,3
Lee,25705811,3
Bob,25705811,5
Green,25705811,7
Foley,2861645,18
Jacqui,2861645,6
Shaw,2861645,22
Cunningham,2260396,13
Spinell,2260396,14
Vinny,2260396,3
Bernestein,2260396,16
Durand,2260396,15
Susan,2260396,2
Bates,2260396,20
Archer,2260396,1
Jonathan,2260396,17
Winters,2260396,9
Bret,2260396,23
Jana,2260396,3
Munro,2260396,8
Dracula,2260396,21
Margo,23614710,1
Ray,23614710,11
Perkins,23614710,7
Nefario,23614710,6
Hattie,23614710,9
Arjun,27113348,3
Maninder,27113348,21
Vikram,27113348,9
Rohan,27113348,21
Benoy,27113348,9
Peabody,5035407,7
Kendall,5035407,22
Tara,5035407,18
Jack,5035407,14
Westover,5035407,10
Ning,204809,6
Chik-ha,204809,3
Earle,7462680,22
Marie,7462680,2
Mendoza,7462680,17
Velma,7462680,12
Keitel,7501481,5
Dennis,1924012,17
Hadley,1924012,17
Currie,1924012,3
Neil,1924012,17
Steele,1924012,1
Hagen,1924012,4
Ryan,1924012,17
Walker,1924012,3
Skellen,1924012,3
Freund,1924012,11
Powell,1924012,16
Leith,1924012,21
Jenny,1924012,6
Helga,1924012,17
Kevin,33097073,3
Sarah,33097073,3
Turrell,33097073,24
Abraham,1828869,3
Rohit,1828869,18
Sheena,1828869,24
Ali,1828869,17
Jai,1828869,6
Dixit,1828869,18
Davy,32483767,12
Bill,32483767,6
James,32483767,21
Miles,32483767,6
Mudaliyaar,30639935,22
Thangam,30639935,8
Dharamlingam,30639935,16
Rangam,30639935,9
Mudaliyar,30639935,22
Mangli,12099919,9
Durjan,12099919,21
Sanga,12099919,6
Raja,12099919,0
Suman,12099919,21
Thakur,12099919,2
Singh,12099919,18
Samri,12099919,3
Sanjay,12099919,21
Rupali,12099919,13
Anand,12099919,18
Micaela,32889015,19
Zuniga,32889015,14
Jos,32889015,21
Carmen,32889015,21
Escamillo,32889015,21
Beisteiner,32889015,22
Taylor,8326730,17
Tansy,8326730,2
Flora,8326730,17
Carr,8326730,12
Mort,29172522,23
Joe,29172522,4
Shane,29172522,19
Wilson,29172522,7
Carol,29172522,4
KITT,14746711,17
Fass,14746711,13
Rivai,14746711,17
Jennifer,14746711,17
Graiman,14746711,13
Sarah,14746711,13
Knight,14746711,14
Traceur,14746711,3
Amazeen,12746610,13
Stewart,12746610,16
Jr.,12746610,7
Thompson,12746610,4
Velma,23650349,21
Tancred,23650349,15
Jo,10065556,15
Henning,10065556,22
Benny,10065556,0
Junior,3287871,20
Ajay,3287871,3
Mohan,3287871,6
Joshi,3287871,10
Bakshi,3287871,22
Choti,3287871,14
Mumford,2962639,0
Flora,2962639,24
Frivoli,2962639,18
Greenie,2962639,12
Ralph,2962639,17
Murkworks,2962639,15
Fauna,2962639,19
Rescueman,2962639,11
Greensleeves,2962639,6
Rod,2962639,16
White,3486717,18
Evans,3486717,3
Agnes,3486717,21
Goss,3486717,16
Grieves,10065066,6
Mathews,32749464,3
Hemakka,32749464,10
Ghosh,32749464,16
Sandhya,32749464,21
Diaz,20699250,6
Justin,20699250,8
Frank,20699250,6
Preston,2430261,18
Martin,2430261,1
Gieg,2430261,7
Sheldon,2430261,13
Cindy,690918,3
Moran,690918,4
Jerry,690918,3
Sneiderman,690918,13
Carla,690918,3
Rani,29100093,6
Raja,29100093,21
Yoda,14278837,4
Peter,14278837,16
Han,14278837,24
Lando,14278837,14
Selleck,14278837,17
Dagobah,14278837,23
Skywalker,14278837,4
Seacrest,14278837,22
Calrissian,14278837,12
Takei,14278837,0
Rieekan,14278837,4
Leia,14278837,1
Brown,14278837,15
Chris,14278837,1
Luke,14278837,4
Andy,14278837,5
Cole,14278837,22
Matt,9104566,2
Riley,9104566,17
Vimla,12219523,2
Pran,12219523,6
Deepak,12219523,14
Gopal,12219523,13
Orban,10124804,20
Halva,10124804,17
Howard,101935,16
Diana,101935,13
Hackett,101935,13
Schumacher,101935,18
Christensen,101935,6
Chubbuck,101935,20
Max,101935,13
Jensen,101935,0
Show,101935,18
Hour,101935,14
Chayefsky,101935,6
Beale,101935,6
Ehrlich,101935,10
Chewbacca,185264,3
Ackmena,185264,3
Luke,185264,17
Malla,185264,3
Han,185264,17
Gormaanda,185264,5
Skywalker,185264,18
Leia,185264,3
Dann,185264,20
Campos,17492285,2
Joey,17492285,8
Woodward,26006769,9
Stacey,26006769,4
Dietrich,26006769,10
Mitchell,26006769,4
Lala,4278708,12
Shalini,4278708,2
Sanjay,26616131,0
Aarthi,26616131,3
Anu,26616131,24
Pooja,26616131,19
Syd,8705786,6
Eli,8705786,12
Liliane,8705786,11
Lonnie,6987479,8
Roger,6987479,6
Amanda,6987479,3
Barker,30864957,21
Vaccari,28623,12
Bishop,28623,2
Dauphin,1930290,16
Durand,1930290,3
Ping,1930290,12
Hand,1930290,13
Dildano,1930290,6
Pygar,1930290,3
Barbarella,1930290,4
Kuddus,35755987,8
Maruyama,35755987,18
Sukarno,35755987,0
Kuan,35755987,3
Fajar,35755987,15
Muchlisin,35755987,3
Maida,35755987,3
Sakera,35755987,14
Krishna,6809387,6
Kannan,6809387,21
Bharathi,6809387,21
Janaki,6809387,6
Taylor,483745,13
Dean,483745,23
Kent,483745,16
Mitch,483745,16
Hollyfeld,483745,19
Jesus,483745,5
Hathaway,483745,6
Knight,483745,20
Chris,483745,6
McKinley,6300110,3
Adella,6300110,10
Fox,5251390,18
Electra,5251390,18
Dash,5251390,13
Katina,27792643,6
Tangie,27792643,3
Nyla,27792643,3
Jo,27792643,6
Beau,27792643,4
Kelly,27792643,3
Juanita,27792643,3
Frank,27792643,4
Gilda,27792643,3
Willie,27792643,9
Alice,27792643,3
Bill,27792643,19
Braithwaite,25589916,23
Bazaar,26731539,11
Rameshan,26731539,14
Jacobs,883446,17
O'Bannion,883446,17
Ryan,883446,17
Ellen,2255067,6
Ellis,2255067,7
Clark,2255067,6
Audrey,2255067,13
Rusty,2255067,16
Catherine,2255067,9
Newton,2255067,13
Russ,2255067,3
Audrie,2255067,3
Griswold,2255067,2
Eddie,2255067,24
Henry,524139,22
Dignan,524139,3
Anthony,524139,21
Caan,524139,21
Mapplethorpe,524139,23
Alma,22858261,21
Dennis,22858261,12
Harry,22858261,6
MacArthur,22858261,17
Todd,22858261,9
Harding,22858261,8
Jos,22858261,17
Hunter,22858261,5
Estanza,22858261,9
Bill,22858261,3
Chris,22858261,3
Lacey,10072466,10
Tyler,10072466,21
Webb,10072466,9
Lane,35304999,17
Eve,35304999,17
Mathews,35304999,14
Sanders,35304999,2
Steve,35304999,6
Blackie,35304999,24
Banton,35304999,19
Madigan,35304999,24
Trilby,35304999,18
Caveroni,35304999,6
McKay,35304999,20
Farraday,35304999,14
Jackson,29034540,10
Williams,29034540,15
Perceval,29034540,2
Monroe,29034540,5
Jacobs,29034540,21
Thorndike,29034540,6
Strasberg,29034540,22
Olivier,29034540,6
Oliver,29034540,3
Clark,29034540,0
Paula,29034540,3
Lucy,29034540,6
Morshead,29034540,8
Leigh,29034540,3
Marilyn,29034540,3
Colin,29034540,3
Kane,33820434,10
Minnaminnikootam,18020900,14
Sidharth,18020900,19
Mumthas,18020900,2
Abhilash,18020900,21
Charu,18020900,3
Luis,9037294,3
Chaofa,473253,17
Balat,473253,22
Leonowens,473253,16
Mongkut,473253,17
Alak,473253,17
Tuptim,473253,10
Siam,473253,9
Stewart,473253,5
Louis,473253,11
Fa-Ying,473253,1
King,473253,6
Kusum,6958567,3
Babu,6958567,5
Suman,6958567,2
Shankar,6958567,6
Prasad,6958567,13
Ramprasad,6958567,8
Garam,6958567,22
Vidya,2151087,6
Raj,2151087,16
Dharmanand,2151087,8
Sonachand,2151087,17
Shree,2151087,2
Akiba,3909547,3
Augie,11063523,14
Brunner,11063523,11
Walter,11063523,14
Ivan,11063523,22
Victor,11063523,24
Godfrey,11063523,11
Snow,11063523,13
Carolyn,11063523,6
Gordon,2091547,0
Hugo,2091547,2
Antoinette,2091547,16
Gale,2091547,10
Worth,2091547,3
Darcy,2091547,3
Florence,2091547,3
Dempsey,2091547,18
Igor,2091547,4
Charlotte,2091547,24
Jim,2091547,19
Duncan,2091547,12
Cavanaugh,77460,22
Helena,77460,22
J,4333214,0
Haffner,4333214,3
Patterson,4333214,1
Lance,4333214,6
Roger,4333214,6
Zoe,4333214,23
Willis,4333214,17
Davis,4333214,12
Colby,4333214,3
Tom,4035081,6
Yip,3551202,19
Flavia,3551202,14
Fuller,25079197,4
Hayes,25079197,17
Thomson,25079197,14
Martinez,25079197,1
Derrick,25079197,10
Freeman,25079197,11
Nolan,17702522,0
Donner,7534925,6
John,7534925,3
Charlie,27622180,24
Bilson,27622180,24
Anne,1141483,12
Raymond,1141483,1
Elsa,1141483,9
Coelo,13745576,0
Koni,13745576,16
Djimi,13745576,3
Seonngjong,20119316,17
Chattaraj,16285823,18
Feluda,16285823,16
Lalmohanbabu,16285823,12
Jatayu,16285823,1
Rakshit,16285823,7
Stark,26195960,24
God,1836615,23
Martin,1836615,6
Karin,1836615,3
David,1836615,6
Dayaal,19772822,14
Maadi,19772822,17
Dhanush,19772822,16
Leffingwell,15799422,17
Tonio,15799422,24
Lavery,15799422,21
Ruth,15799422,21
Rubriz,15799422,24
Chaplin,33306594,12
Washington,1514718,7
Wallace,1514718,7
Loc,1514718,23
Sean,1514718,6
Chris,1514718,17
Godfrey,21132240,13
O'Keefe,21132240,20
Brad,21132240,10
Ryan,21132240,17
Keefe,21132240,20
Tobey,21132240,3
Bill,21132240,22
Melanie,21132240,3
Rico,23832810,20
Ford,23832810,17
Autry,23832810,5
Tom,23832810,5
Hill,23832810,24
Marion,23832810,21
Swartz,23832810,7
Gene,23832810,9
Wilson,23832810,8
Howard,24160634,12
Grey,24160634,20
Kessler,24160634,20
Tater,24160634,4
Jack,25684136,23
Cook,25684136,0
Murphy,673694,24
Brewer,673694,4
Tunstall,673694,1
Chavez,673694,23
Billy,673694,23
Dick,673694,13
Kinney,673694,11
Peppin,673694,0
Irishman,673694,15
Sun,673694,9
Doc,673694,17
Garrett,673694,18
Bowdre,673694,18
McSween,673694,16
Steve,673694,6
Roberts,673694,20
Fairfax,14123005,8
Patterson,14123005,14
Pat,14123005,23
Bruce,14123005,23
David,14123005,20
Fernando,8995115,12
Pablo,8995115,12
Gonzales,8995115,12
Wille,8455434,18
Hare,8455434,13
Desmond,8455434,24
Chen,5526916,24
Faye,5526916,6
Jing,5526916,17
Charlene,5526916,3
Katt,5526916,4
Ryuichi,5526916,17
Jack,5526916,6
Ching,5526916,12
Birch,5526916,10
Duchamp,6558617,5
A,6558617,18
Calder,6558617,15
Joe,6558617,24
Mr,6558617,20
Chiko,33868782,18
Caligari,33868782,13
Lucian,33868782,16
Berry,33868782,21
Carlin,33868782,13
Kikoriki,33868782,21
Wittgenstein,6102364,5
Ratso,6102364,6
Mack,6102364,9
Rob,6102364,7
Klara,30217005,6
Ferdinand,30217005,10
Kekesfalva,30217005,19
Condor,30217005,13
Edith,30217005,2
Fenwick,4862696,12
Nell,4862696,21
Darling,4862696,24
Do-Right,4862696,12
Dudley,4862696,3
Chappelet,6168251,19
Creech,6168251,20
Claire,6168251,14
Carole,6168251,23
Carlos,11346977,21
Maria,11346977,2
Dutt,11346977,8
Fernandes,11346977,21
Lisa,11346977,4
Rebecca,24466462,6
Tommy,24466462,21
Dylan,8455316,19
Yasmin,8455316,21
Cameron,8455316,21
Cloe,8455316,21
Meredith,8455316,3
Dexter,8455316,24
Jade,8455316,3
Baxter,8455316,3
Sasha,8455316,1
Henderson,1365985,2
Bob,1365985,23
Ted,1365985,6
Carol,1365985,23
Hennessy,1210303,18
Chas,1210303,16
Dodson,1210303,10
Balthazar,1210303,22
God,1210303,6
Gabriel,1210303,21
Mammon,1210303,14
Angela,1210303,23
Constantine,1210303,3
Lucifer,1210303,14
Annalee,9246010,17
Bertha,9246010,6
Egan,9246010,19
Blair,9246010,19
Stover,9246010,23
Adkins,9246010,20
Mamie,9246010,21
Jim,9246010,3
Parchman,9246010,12
Davis,9246010,12
Sam,23223276,6
Ellen,23223276,16
Daniel,23223276,6
Cora,23223276,3
Stanley,23223276,16
Mortenhoe,2414949,6
Clyde,2414949,0
Roddy,2414949,23
Kumar,15570329,7
Sivani,15570329,2
Panicker,15570329,22
Bharathiyakka,15570329,16
Dreyfus,3143823,18
Picquart,3143823,16
Zola,3143823,11
Mifune,1031545,5
Beth,803276,4
Gwendoline,803276,4
Willard,803276,17
Yik-Yak,803276,21
Morales,5507687,2
Dinero,5507687,23
Ayala,5507687,13
Shanti,19998249,6
Ravi,19998249,21
Kaki,19998249,6
Kaka,19998249,2
Rajni,19998249,17
Beltran,1488619,3
Kelly,1488619,22
Mack,1488619,22
Matting,1488619,20
Alan,9795798,21
Stanton,9795798,2
Andrea,9795798,9
Nico,9795798,2
Frankie,9795798,6
Kalai,9795798,7
Lorraine,9795798,14
Porky,18691454,17
Grover,18691454,23
Groundhog,18691454,3
Mandrake,18691454,3
Clay,6179073,6
Blair,6179073,6
Wells,6179073,6
Easton,6179073,12
Krishna,26358856,5
judge,26358856,20
Verma,26358856,23
Shashikant,26358856,21
Gauri,26358856,6
Singh,26358856,13
Umakant,26358856,15
Yankovic,27578636,22
Edgers,27578636,3
Deschanel,27578636,11
Davies,27578636,6
Henrit,27578636,11
Zanes,27578636,20
Ray,27578636,6
Avory,27578636,22
Davis,27578636,18
Weller,27578636,15
Quaife,27578636,12
Buck,27578636,19
Hitchcock,27578636,18
Sarita,21714757,21
Ramu,21714757,5
Lal,21714757,14
Arun,21714757,10
Gregor,163438,17
Sam,163438,17
Jean-Pierre,163438,24
O'Rourke,163438,5
Kirilova,163438,6
Seamus,163438,4
Vincent,163438,16
Larry,163438,15
Mikhi,163438,6
Deirdre,163438,4
Eric,1069758,6
Barkley,1069758,15
Bates,1069758,6
Jack,1069758,6
Brown,1069758,16
Lewis,20506270,18
Allsion,20506270,6
Angela,20506270,3
Allison,20506270,3
Jack,20506270,3
Eugene,20506270,1
Wong,13174839,24
Tom,9303009,23
Jerry,9303009,23
Priyambada,34236417,2
Doli,34236417,21
Spike,9678077,3
Tom,9678077,3
Jerry,9678077,23
Bailey,14461347,17
Monica,14461347,14
Scot,14461347,12
Tom,14461347,3
Melissa,14461347,23
Colin,14461347,6
Jr.,14461347,7
Clinton,14461347,0
Hannah,14461347,6
Taylor,3050069,24
Voigt,3050069,13
Sumner,3050069,9
Hunter,3050069,9
Fanny,3050069,3
Mann,3050069,2
Singleton,3050069,6
Wright,3050069,17
Beulah,3050069,10
Garcia,2267646,24
Paul,31268917,3
Tomlinson,31268917,19
Parker,31268917,5
Carla,31268917,3
Tess,31268917,13
Cook,393505,11
Virgin,393505,4
Jones,393505,11
Vicious,393505,4
McLaren,393505,9
Biggs,393505,18
Schlomo,7075890,6
Lewis,26333494,0
Sills,26333494,22
Santhanam,4852050,14
Shalini,4852050,6
Sachein,4852050,6
Manju,4852050,3
Shaliini,4852050,23
Ivan,24784399,21
Igor,24784399,14
Milla,24784399,20
Rasha,24784399,19
Mario,534792,10
Maggie,534792,17
Peterson,534792,7
Charles,534792,23
Santos,534792,23
Caputo,534792,16
Barclay,534792,2
Ray,534792,17
Karen,534792,6
Simonsen,534792,19
Mike,534792,6
Norris,534792,4
Ardmore,534792,13
John,534792,17
Chucky,534792,17
Andy,534792,23
Shakib,28372388,6
Shawdagar,28372388,0
Misha,28372388,8
Wilker,27375017,21
Mary,27375017,13
McKay,27375017,5
Flagg,27375017,3
Yan,26039774,12
Lik,26039774,9
Gilbert,24083094,20
Michelle,6344136,8
Malka,6344136,12
Greenberg,6344136,9
Ashkenazy,6344136,15
Leah,6344136,12
Brian,6344136,3
Rod,6344136,18
Philip,6344136,9
David,6344136,23
Krishna,26623942,15
Jo,19492718,10
Veer,19492718,6
Singh,19492718,3
Jai,19492718,3
Harleen,19492718,6
Vikram,19492718,6
Meera,19492718,6
Aahun,19492718,10
Charlie,3160086,3
Porky,3160086,3
Miller,22224559,21
Marcus,22224559,16
Ronnie,22224559,6
Steve,22224559,21
Jonah,22224559,22
Veronica,22224559,20
Scott,22224559,14
Margo,18826666,10
Dozier,18826666,20
Stuart,25896239,22
Gibbs,3645302,10
Atafeh,32913943,24
Shireen,32913943,12
Firouz,32913943,1
Azar,32913943,1
Themba,34973113,15
Makhaya,34973113,18
Vincent,7361776,22
Gabrielle,7361776,22
Beasley,30744493,1
Andy,30744493,6
Bradshaw,30744493,9
Ruth,30744493,20
Claude,30744493,6
Zedong,8115952,18
Kai-shek,8115952,5
Xueliang,8115952,7
Soong,8115952,8
Yat-sen,8115952,0
Sun,8115952,2
Sundar,29677803,19
Agrawal,29677803,19
Deepak,29677803,14
Harilal,29677803,20
Omkarnathji,29677803,24
Singh,29677803,18
Faulkner,12324827,9
Rosenberg,12324827,13
Akbar,35408676,4
Shannon,24742411,22
Fullmer,24742411,6
Rosow,24742411,20
Annychka,18724599,2
Janie,9366011,23
Welch,9366011,6
Rocque,9366011,19
Golly,9366011,6
Plummer,9366011,12
Elson,9366011,12
Smith,9366011,15
Harriet,9366011,3
Gibbs,9366011,8
Hawthorne,9366011,3
Rigg,3636498,10
Young,3636498,9
Scott,3636498,21
Denlon,3636498,14
Kerry,3636498,17
Jeff,3636498,3
Lynn,3636498,21
Kramer,3636498,11
Dylan,3636498,17
Timothy,3636498,21
Corbett,3636498,13
Hoffman,3636498,10
John,3636498,4
Halden,3636498,17
Matthews,3636498,17
Amanda,3636498,13
Stanheight,3636498,4
Cryer,1191975,8
Gilley,1191975,7
Bud,1191975,4
Bob,1191975,16
Davis,1191975,21
Wes,1191975,23
Sissy,1191975,14
Molero,34008984,20
Filimon,32561435,11
Philemon,32561435,23
Atropos,5139144,9
Poe,5139144,8
Diabolo,5139144,13
Narendra,27088127,23
Angara,27088127,20
Desvall,1832104,23
Pegala,1832104,7
Victor,1832104,17
Charles,1832104,6
gala,1832104,23
Dreyfus,410036,6
Terry,410036,11
Rachel,410036,4
Marianne,410036,17
Wando,410036,3
Dalton,410036,3
Ruth,410036,13
Stan,410036,11
Nancy,410036,11
Graham,410036,13
Kumar,4806367,15
Malini,4806367,2
Shanti,4806367,21
Dhillon,4806367,11
Kapoor,4806367,11
Vijay,4806367,21
Mallory,28826121,23
Anker,28826121,8
Houlding,28826121,8
Miller,10554740,5
Daniels,10554740,20
Lou,10554740,6
Jones,10554740,18
Carmen,10554740,21
Joe,10554740,3
Husky,10554740,7
Frankie,10554740,13
Brown,10554740,15
Roberts,2209301,20
Foley,2209301,18
McMahon,2209301,11
Johnson,2209301,22
Blaustein,2209301,21
Drozdov,2209301,8
Gulick,1751093,24
Walter,1751093,3
Willy,1751093,2
Grogan,1751093,22
Dolly,1751093,12
Romero,1751093,5
Lew,1751093,8
Freddy,13079144,23
Esteridge,5979008,7
Maggie,5979008,3
Jim,5979008,3
Jack,5979008,17
Halsey,5979008,19
Danny,16794053,17
Percival,16794053,10
Fletcher,16794053,23
Jwahir,16794053,2
Jake,16794053,17
Briana,16794053,4
Elise,16794053,19
break,16794053,8
White,16794053,18
Max,16794053,21
James,16794053,23
Wanda,16794053,3
Kathy,16794053,4
Espinoza,16794053,3
Nadif,16794053,2
Lawrence,16794053,3
Randy,16794053,2
Sadie,16794053,23
Vidal,16794053,3
Angela,16794053,3
Bernard,16794053,12
Yuri,16794053,3
Saturnina,32926490,21
Grace,32926490,16
Tavish,36643430,11
Joe,1621292,3
Gregg,1621292,1
Jill,1621292,1
O'Hara,1621292,1
Lakshmi,29029724,9
Ganesha,29029724,15
Kumartuli,29029724,4
Saraswati,29029724,9
Durga,29029724,9
Kartik,29029724,15
Khanna,23598840,10
Grover,23598840,21
Lisa,23598840,10
Pete,24555544,17
Alice,24555544,3
Julius,24555544,3
Faso,28728746,14
Sansa,28728746,18
Bond,28728746,21
Thom,28728746,8
Siegfried,28728746,18
Jane,1931336,18
Joan,1931336,6
Harry,1931336,6
Fletcher,1931336,3
Neal,1931336,3
Jerry,1931336,6
Lewis,1931336,21
Greenway,1931336,13
Ben,1931336,13
Mary,1931336,0
Cassady,1931336,1
Lizzy,1931336,19
Alice,769066,3
Hare,769066,16
Teresa,26991731,21
Collins,1907778,20
Tom,1907778,21
McLaughlin,1907778,17
Lavigne,1907778,15
Steele,9807152,15
Mitchell,9807152,18
Antonescu,9807152,11
Morgan,9807152,9
Cooper,25526651,3
Franchetti,25526651,4
Churchill,25526651,0
Tiblis,25526651,17
Roosevelt,25526651,0
Fisher,25526651,3
Stalin,25526651,19
Pink,16256773,23
Nina,16977383,11
Linda,16977383,21
Baba,16977383,18
Mitchell,16977383,8
Jim,16977383,19
Pfeiffer,16977383,1
Benjamin,14616734,3
Teddy,14616734,3
Reilly,14616734,23
Haley,31533009,12
Carter,31533009,24
Ramey,3395805,3
Ingram,3395805,11
Robinson,3395805,11
Kumar,20581186,16
Mahesh,20581186,6
Kitty,20581186,14
Peter,20581186,21
Jetley,20581186,10
Dyke,25668686,9
Hyde,7392111,7
Flankin,7392111,16
Boris,7392111,7
Dracula,7392111,22
Baron,7392111,0
Barnabus,4041456,6
Katelyn,4041456,15
Thoad,4041456,4
Mike,4041456,6
Scott,4041456,15
Paul,358367,4
Terminus,358367,17
Lena,358367,8
Bop,358367,7
Elliott,358367,4
Pete,358367,21
Grover,358367,22
Lampie,358367,23
Gogan,358367,24
Nora,358367,3
Maurice,32568176,10
Maud,32568176,2
Sarvari,31155043,16
Laila,31155043,21
Zarina,31155043,16
Baqthum,31155043,3
Ameeri,31155043,4
Qais,31155043,4
Sylvester,31144225,3
Louie,31144225,16
Yuvvraaj,11437460,21
Banton,11437460,8
Manny,2396120,5
Peters,2396120,11
Vann,2396120,6
Cortez,2396120,10
Dara,2396120,2
Joey,2396120,6
Andy,2396120,6
Kennedy,2250713,9
King,2250713,8
Herr,1743769,4
Chinnery,1743769,6
Hilary,1743769,3
Lipp,1743769,4
Pemberton,1743769,4
Tipps,1743769,22
Tubbs,1743769,4
Geoff,1743769,3
Warner,1743769,13
II,1743769,13
Briss,1743769,17
Woodall,1743769,20
Shearsmith,1743769,3
Pea,1743769,13
Campbell-Jones,1743769,6
Tattsyrup,1743769,18
Bearnice,1743769,13
Bernice,1743769,6
Vasey,1743769,13
Gatiss,1743769,4
Dyson,1743769,3
Paolo,19413701,5
Margherita,19413701,6
Nirmala,32374620,0
Laura,12117643,22
Clark,12117643,6
Jerry,12117643,0
Anna,12117643,3
Lewis,12117643,3
Jim,12117643,4
Ben,12117643,17
Mya,12117643,3
Rod,12117643,23
Hattori,25371997,17
Conan,25371997,11
Jirokichi,25371997,4
Nishitani,25371997,3
Nakamori,25371997,13
Mizukawa,25371997,23
Ishimoto,25371997,4
Megure,25371997,17
Fujioka,25371997,23
Haibara,25371997,17
Agasa,25371997,6
Kudo,25371997,23
Edogawa,25371997,17
Suzuki,25371997,17
Kotova,3132962,21
Nadya,3132962,5
Maroussia,3132962,2
Kotov,3132962,16
Stalin,3132962,22
Tukhachevsky,3132962,24
Naifan,10542419,5
Zuyi,10542419,11
Anna,16036533,0
Marano,2727959,2
Darlene,2727959,3
Parks,2727959,9
Greene,2727959,6
Knox,2727959,6
Hank,2727959,5
Alice,2727959,6
Kumar,376920,0
Kalyani,376920,6
Roy,376920,15
Bandini,376920,20
Bimalda,376920,16
Bikash,376920,5
Deven,376920,2
Nika,34973164,17
Muntu-wa-Bantu,34973164,3
Mwezi,34973164,23
Darling,34114119,5
Pan,34114119,19
Daisy,18006073,21
Thomas,18006073,1
Malati,18006073,23
Menon,18006073,21
James,18006073,9
Lemor,19968061,13
Samantha,19968061,1
Georgey,19968061,14
Chinta,19799403,24
Kane,19460334,17
Ford,19460334,12
Ross,19460334,6
Stella,19460334,3
Barger,19460334,21
Philip,19460334,17
Chris,19460334,4
Nazar,33972221,20
Venkatesh,33972221,14
sutra,33972221,16
Meena,33972221,14
Rathod,26014548,18
Adam,33666731,5
Morello,33666731,17
Govindaiah,26104950,21
Ammadu,26104950,23
Raja,26104950,14
Ramana,26104950,3
Venkatapathy,26104950,6
Veeyanna,26104950,11
Deneuve,23073247,19
Franck,23073247,6
Luis,8605097,6
Emma,8605097,8
Pesho,26183882,7
Bey,8592074,13
Farouk,8592074,18
Nasser,8592074,21
Selene,15465392,24
Lucian,15465392,3
Viktor,15465392,3
Tannis,15465392,6
Sonja,15465392,6
Coloman,15465392,12
Harris,8757507,14
Lucas,8757507,7
Richards,8757507,1
Benson,186856,18
Brennan,186856,13
Katherine,186856,6
Spiletto,186856,8
Jennings,186856,23
Baylock,186856,3
Thorn,186856,9
Robert,186856,3
Damien,186856,4
Cheung,2533372,7
Mui,2533372,11
Yeoh,2533372,4
Tara,9060639,3
Henry,685938,4
Pennywise,685938,17
Uris,685938,17
Denbrough,685938,17
Audra,685938,2
Beverly,685938,3
Marsh,685938,1
Toizer,685938,14
Ben,685938,3
Hanlon,685938,3
Kaspbrack,685938,5
Bowers,685938,4
Eddie,685938,24
Bill,685938,6
Heldon,746845,18
Gabe,746845,17
Qualen,746845,17
Sarah,746845,2
Delmar,746845,17
Deighan,746845,19
Tucker,746845,8
Travers,746845,17
Frank,746845,4
Ryan,746845,24
Kristel,746845,12
Walker,746845,4
Kynette,746845,24
Jessie,746845,4
Hal,746845,17
Prosenjit,12245150,2
Kaberi,12245150,6
Kaushik,12245150,23
Bobby,12245150,20
Brinda,12245150,2
Hope,9197200,22
Ferrell,9197200,13
Kurtz,9197200,1
Weyden,8948572,9
Prescott,8948572,3
Larsen,8948572,3
Leach,8948572,3
van,8948572,20
Webster,8948572,4
Tim,8943536,10
Austin,8943536,14
Ivy,8943536,15
Gena,8943536,10
Moore,8943536,1
Parks,8943536,11
Toby,7154611,9
Fitzherbert,7154611,24
Patchett,7154611,5
Barbary,7154611,0
Rokeby,7154611,21
Albans,7154611,7
Clarissa,7154611,3
Rohan,7154611,3
Hesther,7154611,3
Anya,28268427,23
Lucy,3643855,3
Brodie,3643855,6
Sullivan,3643855,11
Connors,3643855,3
Nation,3643855,17
McGurk,3643855,3
Calhoun,3643855,10
Conners,3643855,21
Madden,10387052,5
Thomas,10387052,4
Isak,3772864,15
Lem,3772864,12
Cingo,3772864,8
Norton,10210570,21
Wilson,10210570,7
Porter,10210570,14
Constance,19321238,15
Madeleine,19321238,6
Baraka,907949,11
Nina,907949,4
Bulworth,907949,6
David,24816719,10
Charlie,27744247,19
Nick,27744247,19
Connor,28596983,0
Jack,28596983,24
Marisa,28596983,23
David,28596983,14
Baek,1751944,4
Geum-ja,1751944,10
Jenny,1751944,3
Juliet,5416352,13
Beck,5416352,17
Patrick,3951786,3
Marilyn,3951786,17
Ryan,3951786,17
Elise,3951786,16
Lastelle,92689,4
Kushana,92689,7
Kurotowa,92689,18
Nausica,92689,7
Valentine,32987913,19
Rosita,32987913,12
Tony,32987913,12
Loring,32987913,8
Holmes,35919373,4
Judson,35919373,10
Slater,35919373,10
Warden,35919373,6
Rogers,35919373,23
Maggio,35919373,22
Prewitt,35919373,17
Alejandro,21333650,16
rez,21333650,9
Bowen,1853749,21
Baragon,1853749,22
Sueko,1853749,7
Honda,1853749,10
Frankenstein,1853749,6
Togami,1853749,4
Kawaji,1853749,3
Kawai,1853749,11
Riesendorf,1853749,20
Riendeau,4777324,8
Marcy,4777324,9
Sadie,4777324,6
Anna,4777324,3
Shulamith,4777324,6
Calvin,4777324,16
Casey,7057376,11
Hitler,28332360,1
Karel,28332360,23
Cook,4908122,21
Ginny,4908122,21
Carradine,4908122,23
Rose,4908122,21
Anderson,4908122,8
Caroline,4908122,21
Watters,31572382,17
Bancroft,31572382,9
Elaine,31572382,9
Soundarya,33899575,2
Raja,33899575,21
Thomas,1856550,6
Pilkington,1856550,3
Kerrigan,1856550,8
Graham,1856550,19
Lisa,1856550,2
Unsworth,1856550,21
Valerie,6795776,24
Tommy,6795776,14
Smith,6795776,12
Sandy,13149824,17
Ramesh,13149824,24
McVey,13149824,9
Lorre,13149824,4
Hoeven,13149824,9
Lafla,13149824,1
Stephanie,13149824,17
Rajinikanth,13149824,18
de,33899029,17
Nevers,33899029,19
Lagard,33899029,24
Aurore,33899029,23
Philippe,33899029,8
Duke,33899029,19
Carl,5683112,24
Sarah,5683112,24
Armstrong,5683112,17
Maksood,5683112,18
Mulgrew,5683112,6
Davidson,5683112,24
Sean,5683112,16
Sikandar,19102889,6
Raza,19102889,20
Joshi,19102889,16
Nasreen,19102889,5
Ashurada,33580890,21
Gavan,33580890,4
Marvelous,33580890,23
Ichijouji,33580890,23
Buster,33580890,24
Oume,33580890,19
Retsu,33580890,4
Bootleg,33580890,8
Red,33580890,24
Galleon,33580890,12
Go-Busters,33580890,8
Doreiku,33580890,8
Dynamic,33580890,24
Yatsudenwani,33580890,10
Gokaioh,33580890,17
Horror,33580890,24
Kinggon,33580890,12
Gill,33580890,20
Akebono,33580890,19
Shizuka,33580890,21
Gai,33580890,3
Katelyn,21425901,3
Thane,21425901,15
Kate,21425901,13
Ryan,21425901,15
Weston,21425901,11
Chris,5673191,20
Claudine,5673191,13
Madhuri,35279631,16
Kanwal,35279631,2
Das,35279631,14
Ajmal,35279631,12
Khazanchi,35279631,14
Lal,35279631,3
Tarawati,35279631,24
Lawrence,21395816,21
Cameron,21395816,16
Ravan,30626576,13
Lilly,30626576,6
Khan,26683710,12
Munian,26683710,14
Bhaskar,26683710,17
Purapura,30101673,14
Kobayashi,30101673,17
Shaker,997918,17
Clark,997918,17
Tom,997918,6
Maris,997918,4
Kate,997918,13
Miles,997918,17
Mullen,997918,9
Sean,997918,4
Hawkins,997918,11
Lawson,1399119,24
Leigh,1399119,5
Caudell,1399119,16
Julie,1399119,12
Wells,1399119,17
Anderson,1399119,19
Wilson,1399119,17
Chaney,1399119,17
Vera,8432831,5
Kasawa,8432831,10
Kim,8432831,6
Osa,8432831,18
Randall,8432831,10
Joon,8432831,14
Buddy,6563913,17
Craig,6563913,3
Hennenlotter,6563913,5
Maloney,6563913,13
Carpenter,6563913,12
Walt,6563913,8
Josh,6563913,17
Billy,6563913,17
Lou,6563913,13
Waters,6563913,12
Mary,6563913,22
Cooper,6563913,23
Monica,6563913,1
Nordham,6563913,3
Kelly,6563913,1
Browning,6563913,12
Vicki,6563913,4
Radhakrishnan,16490854,18
Gayathri,16490854,14
Arumugam,16490854,11
Reddy,16490854,18
Anandan,16490854,17
Cronshaw,14826059,17
Miller,14826059,18
Flora,14826059,17
Stella,14826059,6
Gertrude,14826059,6
Pierre,14826059,6
Penezzi,14826059,5
George,14826059,6
Graves,14826059,0
Molly,14826059,13
Ramsay,14826059,17
Reid,14826059,11
Syd,14826059,6
Wilmot,14826059,22
Cotman,14826059,6
Carlo,14826059,15
Jimmy,26619393,21
Sylvester,10272267,10
Ruth,10272267,3
Matthias,10272267,14
Babe,10272267,13
Boutlier,10272267,1
Frazee,10272267,22
Dunn,10272267,23
Jacob,10272267,20
Gehrig,10272267,0
Johnny,10272267,20
Sr.,10272267,0
Jackson,19317097,13
Hutchins,19317097,20
Schultz,3804955,2
Ann,3804955,13
Arline,3804955,8
Thorpe,3804955,0
Prentiss,3804955,21
Nicoleff,3804955,1
Davis,3804955,17
Curtis,3804955,6
Stone,25917990,10
Schlemmer,16927051,13
Van,16927051,20
Kimbell,16927051,22
Livingston,16927051,21
Lisa,16927051,1
Chang,12572406,11
Hawkins,12572406,11
Hudson,26164642,8
Brandon,26164642,20
Carol,26164642,16
Lagunov,19063422,20
Tatsu,19063422,9
Malooty,25929225,2
Nikolai,1495192,15
Akmatov,1495192,10
Anna,1495192,14
Weeks,32270127,20
Cantrell,32270127,16
Boxx,32270127,8
Wrenn,32270127,2
Brown,32270127,1
Blossom,32270127,23
Alice,29016432,14
Vasanthi,29016432,20
Ammini,29016432,19
Defne,25781195,4
Ali,25781195,14
Kemal,25781195,18
Vanni,11586224,6
Ciccio,11586224,6
Saro,11586224,21
Dinu,21843327,15
Poli,21843327,14
Alka,21843327,24
Deshmukh,21843327,12
Haber,11853812,3
Orr,11853812,13
LeLache,11853812,3
Lane,3997113,8
Tucker,3997113,0
Billy,3997113,3
Bray,14343606,7
Frank,14343606,3
Crummles,14343606,14
Smike,14343606,4
Hall,14343606,22
Mr.,14343606,24
Cheerybles,14343606,15
Madeline,14343606,4
Kate,14343606,23
Noggs,14343606,17
Squeers,14343606,6
Verisopht,14343606,17
Nickleby,14343606,6
Nicholas,14343606,3
Snawley,14343606,2
Hawk,14343606,9
Gautam,19175262,12
Sheetal,19175262,17
Sundar,19175262,14
Taz,8407414,3
Freud,8407414,15
Samantha,74293,12
Margolese,74293,15
Nayman,74293,13
Welbach,74293,3
Donald,2400089,3
Minnie,2400089,3
Jafar,2400089,14
Aladdin,2400089,24
Mickey,2400089,3
Vil,2400089,24
Chernabog,2400089,6
Gorder,17951322,24
Dale,17951322,20
Lizzie,17951322,4
Ryback,67417,23
Strannix,67417,17
O'Neal,67417,11
Adams,67417,4
Bates,67417,11
Bush,67417,0
Fry,4286401,18
Mackintire,27004377,4
Roberts,27004377,17
Goodman,27004377,24
Tanya,27004377,17
Young,27004377,6
Platt,27004377,17
Jane,3680204,6
Holt,3680204,6
Tarzan,3680204,17
Arlington,3680204,14
Cheeta,3680204,17
Parker,3680204,17
Pink,20601369,5
Lawrence,3000097,20
Browning,3000097,11
Riley,3000097,23
Chloe,3000097,23
Randall,3000097,16
Brian,3000097,20
Kumar,19437340,14
Manisha,19437340,1
Ray,19437340,20
Prashanta,19437340,17
Babu,19437340,15
Bipasha,19437340,1
Neela,19437340,21
Chakraborty,19437340,18
Dipika,19437340,19
Bardhan,19437340,2
Sen,19437340,5
Kata,31314888,14
Seigan,10273045,6
Owada,10273045,24
Aya,10273045,21
Tsurugi,10273045,17
Kunigami,10273045,6
Terry,10273045,17
Masaoka,10273045,4
Sugury,10273045,10
Black,10273045,20
Iizuka,10273045,3
Feng,10273045,14
High,10138363,23
Tibbetts,10138363,21
Peckinpaugh,2173985,18
Jordan,689980,6
Jeffries,689980,3
Halstrom,689980,10
Lang,689980,9
Lomax,689980,14
Martin,689980,17
Siebring,689980,13
Kevin,689980,3
James,689980,10
Pedranski,689980,1
Stanton,689980,2
Hartley,689980,0
Lynch,689980,10
Jenny,689980,17
Kudrow,689980,3
Simon,689980,3
Tae,28425804,7
Sam,28425804,16
Bok,28425804,14
Goo,28425804,14
Souleymane,17618782,22
Esmerelda,17618782,10
Frank,17618782,19
Arundhati,32151115,23
Monaj,32151115,21
Biswajeet,32151115,6
Madhumati,32151115,2
Dave,11686066,6
Groffo,11686066,2
Stepanowicz,11686066,13
Gerald,34373477,10
Harold,34373477,23
Cheney,34373477,1
Raziya,30829401,23
T.K.,25081461,17
Seldes,25081461,14
Conlon,12384257,14
Brant,12384257,6
Wayne,12384257,11
Abner,894764,23
Deever,894764,6
Moss,894764,21
Chaz,894764,6
Nelson,894764,13
Anderson,24877081,4
Philip,24877081,2
Vert,4423146,1
Verne,4423146,23
Delphine,4423146,21
Ranger,9545952,13
Ritchie,9545952,19
Hart,9545952,21
Nick,9545952,17
Maloney,9545952,18
Maxwell,9545952,8
Mortie,9545952,21
Dillon,9545952,9
Lora,9545952,3
Bell,9545952,17
Pooja,8662846,21
Babu,8662846,6
Arjun,8662846,14
Tina,8662846,2
Purnima,8662846,2
Brodie,22332882,21
Mackay,22332882,2
Blaine,22332882,20
Sandy,22332882,6
Clara,22332882,23
Mary,22332882,2
Mussolini,22332882,10
Ellen,22332882,7
Monica,22332882,12
Lloyd,22332882,7
Franco,22332882,8
Kerr,22332882,5
Campbell,22332882,9
McGregor,22332882,21
Jenny,22332882,17
Lowther,22332882,20
Kiki,277158,6
Thomas,277158,24
Gwen,277158,16
Harrison,277158,6
Weidmann,277158,23
Phillips,277158,2
Eddie,277158,14
Edgar,25917791,3
Blake,25917791,0
Alan,25917791,23
Johnny,25917791,17
Frog,25917791,24
Emerson,25917791,9
Peter,25917791,4
Lieber,25917791,7
Gwen,25917791,21
Goetz,25917791,17
Zoe,25917791,17
Trash,25917791,10
Claus,25917791,4
Tamura,1233247,6
Katayama,1233247,19
Shuichi,1233247,16
Kirie,1233247,21
Sekino,1233247,18
Willard,5843609,6
Grange,5843609,4
Toller,5843609,19
Remsberg,5843609,3
McAllister,5843609,5
Jennings,9846863,10
Phaedra,9846863,6
Angel,9846863,14
Matthews,14173282,19
Sardesai,14173282,5
Madhulika,14173282,17
Varsha,32582490,11
Jayashankar,32582490,23
Joseph,32582490,14
Romero,17971369,17
Donovan,17971369,12
Tom,33144131,6
Peter,33144131,6
Mandy,33144131,3
Howell,33144131,18
Jeanne,33144131,3
Ridgway,23799559,3
Kolchak,19285459,6
Sergei,19285459,21
Carl,19285459,4
Janin,19285459,13
Kerensky,19285459,8
Timirev,19285459,6
Bondarchuk,19285459,8
Vicky,28256193,0
Evans,28256193,11
Danziger,28256193,12
God,15315354,15
Mohammad,15315354,6
Mohammed,15315354,3
Hashem,15315354,3
Beck,7006653,24
Kammo,2552310,21
Raka,2552310,17
Sardar,2552310,14
Thayi,8949170,22
Sahib,8949170,14
Saheba,8949170,22
Narmada,8949170,6
Venkobanna,8949170,20
Gregory,12256535,17
God,12256535,6
Moustafa,12256535,10
Demarest,12256535,6
Dimitri,12256535,8
Butz,12256535,3
Morgana,12256535,3
Martine,26108223,5
Hanson,26108223,21
Gordy,26108223,19
Ksanka,12752223,23
Ovechkin,12752223,4
Valerka,12752223,2
Kudasov,12752223,5
Wrangel,12752223,12
Castorsky,12752223,22
Burnash,12752223,14
Leo,1330774,17
Gags,1330774,23
Carl,1330774,18
Barry,1330774,13
Frank,1330774,6
Attaglia,1330774,0
Jessie,1330774,9
Garibaldi,23687866,21
Sereni,23687866,16
Tucci,23687866,24
Naja,5893524,19
Basham,6006861,4
Belle,6006861,20
Katherine,3303044,21
Lazlo,3303044,17
Caldwell,3303044,9
Frank,3303044,3
Claire,3303044,6
Irving,3303044,0
Stanley,3303044,24
Giri,15771860,12
Murugavel,15771860,18
Gauri,15771860,2
Prabhakar,15771860,4
Shanmugham,15771860,23
Nalina,15771860,2
Mae,73432,6
Harry,73432,2
Bill,73432,6
Kikuhara,27738177,21
Taneta,27738177,15
Natsume,27738177,10
Mahfouz,27804251,7
Venu,35225167,6
Kannapan,35225167,21
Brahmin,35225167,19
Nagaraj,35225167,17
Poongodi,35225167,21
Sindhamani,35225167,12
Carges,4207564,10
Leonard,4207564,21
Kenny,4207564,21
Gus,4207564,6
Jeff,4207564,1
Carla,4207564,12
Malee,4207564,3
Jacob,4207564,6
Donovan,4207564,4
Moondance,6334524,24
Hughes,6334524,5
Longpre,6334524,15
Shawn,32944297,1
Les,32944297,15
Ray,32944297,6
Noam,32944297,12
Matt,32944297,22
Francie,32944297,13
Rachel,32944297,6
Owen,32944297,6
Lynn,32944297,23
Devereaux,155997,19
Baker,155997,1
Ferris,155997,22
Reva,155997,17
Cheryl,155997,6
Ricky,155997,17
Brenda,155997,13
Brandi,155997,8
Dora,15828540,2
Rosen,15828540,23
Dupres,15828540,2
Wilson,15828540,9
Trautmann,15828540,17
Avinash,20288060,13
Bhanupratap,20288060,20
Mamata,20288060,17
Beattie,3619129,5
Evelyn,3619129,2
Doyle,3619129,7
Connolly,3619129,19
Girish,31150255,17
Krishna,31150255,4
Shankar,31150255,15
Ragini,31150255,8
Sagar,31150255,23
Thara,31150255,17
Karnad,31150255,0
Armugam,31150255,14
Gowda,31150255,11
Doste,2542332,3
Jerome,593921,6
Hoki,593921,6
Greenaway,593921,24
Nagiko,593921,6
Katie,2020413,14
Danny,2020413,3
Dulce,2020413,22
Gordon,2020413,8
Meatrack,2020413,3
Romero,2020413,6
Rachel,2020413,17
Bob,2020413,17
Pigiron,2020413,14
Paul,14812463,15
Rudi,14812463,14
Dominic,14812463,7
Eddy,14812463,6
Yvonne,14812463,2
Tangmo,10383719,19
Jenny,10383719,19
Udd,10383719,16
Yai,10383719,2
Angmo,5170425,9
Singh,5170425,0
Kasi,4662798,9
Hamsavalli,4662798,21
Aghori,4662798,10
Thandavan,4662798,20
Rudran,4662798,4
Kumar,36344884,15
Satish,36344884,0
Sheetal,36344884,14
Sudha,36344884,2
Vinod,36344884,24
Geeta,36344884,10
Ravi,36344884,14
Eldho,30855581,3
Sara,30855581,1
Bisbikis,8735598,18
Della,8735598,24
Franca,8735598,24
Lavrentia,8735598,23
Takashi,27746362,2
Nariko,27746362,19
Caine,12147856,16
Reynolds,12147856,6
Manoochehr,21545922,8
Arash,21545922,15
Sepideh,21545922,2
Ahmad,21545922,10
Elly,21545922,3
Amir,21545922,8
Tubby,19787486,6
Kasimbhai,31419907,15
Bhai,31419907,9
Heather,1405697,3
Laura,1405697,3
Christine,1405697,13
Baxter,1405697,3
John,1405697,12
Abhimanyu,29800838,17
Rajesh,29800838,23
Meenakshi,29800838,17
Meenkashi,29800838,7
Brother,29800838,17
Davenport,24019441,2
Chaz,24019441,21
Felix,18679622,24
Marquis,18679622,16
Luigino,18679622,22
Concetta,18679622,2
Bettina,18679622,24
Butler,18679622,15
Gaetano,18679622,24
Peppiniello,18679622,16
Sciosciammocca,18679622,7
Pupella,18679622,13
Vincent,18679622,3
Gemma,18679622,19
Favetti,18679622,1
Eugene,18679622,17
Baby,18679622,7
Meinertzhagen,7283294,7
Blake,7283294,7
Frank,7283294,22
Dave,7283294,17
Scotty,7283294,7
Broughton,1688109,6
Janze,1688109,24
Hay,1688109,24
Diana,1688109,6
Soames,1688109,12
Colville,1688109,20
Sam,11608397,3
Sandy,32655212,14
Rudd,32655212,3
Billy,32655212,1
Kate,32655212,24
Joe,32655212,14
Jim,32655212,8
Jack,32655212,21
Dave,32655212,21
Lily,32655212,9
Carey,32655212,17
Tupinamb,11022379,20
Ellison,23269349,0
Santha,23269349,10
Sumanni,23269349,18
Jesse,23269349,9
Varley,23269349,3
Darius,23269349,4
Alvarez,23269349,15
Sunil,34296753,24
Vicky,34296753,14
Naam,34296753,9
Malhotra,34296753,21
Howes,34822159,17
Kafi,34822159,18
Berns,12751960,1
Mason,12751960,15
Disraeli,12751960,14
Tina,2561519,19
Carole,2561519,4
Kelman,703807,8
Grove,703807,7
Fred,703807,16
Skull,703807,20
Billy,703807,17
Ivan,703807,10
Repulsa,703807,13
Ooze,703807,21
Tommy,703807,17
Aisha,703807,17
Zordon,703807,24
Goldar,703807,17
Adam,703807,17
Kimberly,703807,17
Rita,703807,21
Zedd,703807,24
Base,703807,9
Dulcea,703807,15
Heart,1589945,5
Tenderheart,1589945,24
Alice,1589945,3
Grumpy,1589945,5
Fedotov,4102520,16
Kuhn,4102520,20
Eckert,4102520,11
Aadhi,3728120,17
Kumar,3728120,9
Anjali,3728120,17
Mara,28026828,6
Kate,28026828,13
Sophie,28026828,3
Craig,28026828,6
Marcus,18952889,3
Georgiade,18952889,1
Sylvester,18952889,14
Lane,18952889,12
White,18952889,9
Finch,18952889,11
Anderson,18952889,24
Meyer,18952889,4
Emmeline,18952889,5
Sue,18952889,19
Culpeper,18952889,4
Aloysius,18952889,18
Rosita,18952889,8
Hawthorne,18952889,10
Fitzgerald,18952889,24
Benjamin,18952889,0
Dinkler,18952889,3
Pike,18952889,3
Grogan,18952889,6
Crump,18952889,3
Sol,12815919,19
Pich,16690127,6
Teav,16690127,13
Pai,16690127,4
Tum,16690127,19
Ingold,5667560,2
Tucker,5667560,6
Mandy,5667560,2
Derrick,5667560,6
Campbell,5667560,10
Ragini,25751867,14
Vishnu,25751867,21
Murali,25751867,13
Chacko,25751867,18
Indhu,25751867,2
Lynne,2159835,3
Sands,2159835,20
Glenn,2159835,21
Natalie,2159835,3
Jeff,2159835,3
Drew,2159835,21
Howell,2159835,23
Janey,2159835,7
Bauer,31607,4
Danny,31607,13
Klein,31607,23
Huxley,31607,14
Hachiya,31607,13
Denise,31607,3
McCoy,31607,3
Bruce,31607,12
Dahlberg,31607,17
Lawrence,31607,12
Oakes,31607,17
Tracy,22535918,6
Randy,22535918,21
Jerry,22535918,23
Carly,22535918,3
Derek,22535918,2
Lily,22535918,6
Thompson,22535918,3
Tess,22535918,3
Ziggy,22535918,10
Judith,1214211,3
Garcia,1214211,1
Goytisolo,1214211,24
Levinas,1214211,12
Olga,1214211,13
Darwish,1214211,15
Brodsky,1214211,6
Lerner,1214211,19
Roxanne,931311,10
Alexander,931311,3
Cassandra,931311,14
Aristotle,931311,6
II,931311,8
Sagibarzanes,931311,11
Philotas,931311,6
Diogenes,931311,4
Porus,931311,17
Darius,931311,17
Philip,931311,17
Phillipas,931311,18
Pythagoras,931311,8
Ptolemy,931311,23
III,931311,9
King,931311,7
Shekar,10628870,4
Earhart,27306414,11
Hughes,27306414,18
Florence,27306414,16
Lowe,27306414,21
Barnes,27306414,7
Rick,10979337,20
Brad,10979337,17
Pablo,10979337,9
Brown,10979337,15
Katy,10979337,6
Byron,10979337,22
Francine,2724358,13
Reese,2724358,21
Sidney,2724358,13
Martinez,2724358,16
Dre,2724358,6
Sid,2724358,21
Mongia,32775316,17
Arjun,32775316,6
Shankar,32775316,15
Deepak,32775316,12
Singh,32775316,20
Altenberg,6770577,7
Torvik,6770577,8
Thamizh,7529510,3
Meenakshi,7529510,21
Livingston,7529510,9
Howes,34830466,1
Lindblom,28362011,22
Karlsen,28362011,1
Annabelle,15545307,21
Billy,15545307,22
Emily,15545307,22
Cuervo,699609,6
Jones,699609,24
Plissken,699609,5
Eddie,699609,24
Malone,699609,12
Snake,699609,4
Derek,26143067,2
Felicia,26143067,24
Jesse,26143067,22
Simon,26143067,10
Casey,26143067,23
Wasif,474031,15
Jane,474031,2
scantily-clad,474031,21
Sam,474031,3
Sara,474031,4
McKnight,474031,3
Barlow,474031,0
Alex,474031,7
Hondo,2292441,6
Kurata,2292441,16
Otsuka,2292441,14
Tatsuzo,2292441,10
Karza,27972165,15
Jericho,27972165,3
Sudha,11539531,2
Shevak,11539531,19
Toofani,11539531,0
Narang,11539531,19
Handsome,11539531,15
Pushpa,11539531,16
Govind,11539531,4
Laxman,11539531,21
Kutty,11539531,11
Fletcher,390867,3
II,390867,24
Newman,390867,21
George,390867,4
Louie,390867,12
Bob,390867,4
Teri,390867,13
Finklestein,390867,11
Stanley,390867,10
Bilchik,390867,12
Spadowski,390867,10
Mason,3606943,4
Jake,3606943,13
Betty,3606943,12
Carruthers,3606943,11
Wayne,3606943,9
Nielsen,13129799,11
Gwen,13129799,9
Achmed,13129799,13
Drummond,13129799,22
Reggie,3192886,3
Bucum,3192886,11
Tucker,30160141,19
Nicolai,35934352,13
Stelling,35934352,13
Rijkelijkhuizen,35934352,20
Hwang,6149341,15
Boytano,6149341,4
Manning,6149341,11
Callaghan,6149341,4
James,6149341,4
Topol,6149341,14
Christopher,1172207,16
Carmichael,1172207,7
Bettleheim,2569670,13
Schneider,2569670,21
Hanussen,2569670,22
Nelly,22348093,21
Blanc,1144172,11
Miles,1144172,3
Stephanie,1144172,12
Raymond,1144172,13
Cole,1144172,23
Jonhefe,4825726,17
Emilio,4825726,10
Antonio,4825726,23
Rosario,4825726,21
Franco,4825726,2
Montgomery,9497934,20
Nielson,9497934,11
James,9497934,9
Harvey,9497934,16
Liudmila,23552894,2
Volodia,23552894,4
Dobbs,16718585,3
Palmer,16718585,6
Quinn,16718585,10
Ty,16718585,6
Eckehart,16718585,11
Jake,16718585,3
Jimmy,16718585,23
Mike,16718585,3
Ashcroft,16718585,14
Baines,16718585,17
Cochrane,16718585,9
Hackett,16718585,3
Nicholas,5189834,3
Martin,5189834,16
Betsy,11677522,3
T.P.,11677522,2
Stacy,11677522,3
Richie,11677522,3
Max,11677522,3
Dave,11677522,3
Bill,11677522,3
Marz,11677522,3
Ellie,11677522,3
Donnie,990764,15
Sloan,990764,6
Boko,990764,4
Wellington,990764,7
Eliza,990764,23
Bree,990764,3
Darwin,990764,17
Blackburn,990764,13
Cordelia,990764,4
Mnyambo,990764,18
Thornberry,990764,11
Debbie,990764,6
Zamana,32075870,20
Chakraborty,32075870,5
Aman,32075870,19
Pearl,3030582,17
Hester,3030582,16
Prynne,3030582,6
Chillingworth,3030582,10
Jerry,2698372,4
McClaren,2698372,3
Jack,2698372,12
Max,2698372,23
Shepard,2698372,6
Dewey,2698372,23
Mikie,14672065,2
Myrtle,14672065,20
McKinley,14672065,16
Frank,14672065,2
Burt,14672065,24
Iris,14672065,13
Clarkson,14672065,17
Tomas,4409112,16
Magdalena,4409112,16
Carlos,4409112,5
Nakagawa,7340707,23
Reiko,7340707,15
Mittler,34506695,16
Vinyl,27316627,14
Randy,27316627,8
Sophie,27316627,19
Urumees,18552901,6
Rani,18552901,6
Gopalakrishnan,18552901,13
Goplakrishnan,18552901,6
Balakrishan,18552901,3
Balakrishnan,18552901,3
Mathayi,18552901,22
Rav,18552901,12
Thampan,18552901,23
Coyle,4217293,4
Manheim,4217293,10
Mandeville,4217293,0
Radchenko,2103169,4
Vortek,2103169,4
Shirley,30741260,21
Kitty,30741260,1
Martin,30741260,8
Reggie,30741260,16
Dexter,30741260,22
Aylesworth,30741260,15
Lorraine,30741260,17
Foster,30741260,20
Virgil,3304866,17
Sawyer,3304866,20
Artie,3304866,3
Claudine,3304866,6
Billy,3304866,17
Iris,3304866,6
Paul,23123057,6
Maude,23123057,0
Alexandre,23123057,3
Fanfan,23123057,6
Laure,23123057,6
Ti,23123057,8
Jongman,25584574,3
Brandt,25584574,0
Browne,25584574,19
Dickens,25584574,10
Thorens,25584574,7
Pink,25584574,9
Wolters,25584574,17
Held,25584574,4
Lisa,25584574,3
Mohan,25697925,7
D'Costa,24043593,1
Chauhan,24043593,2
Tyagi,24043593,4
Khanna,24043593,7
Ansari,24043593,16
Siddharth,24043593,7
Russell,33341963,19
Faber,27523162,23
Viswanathan,35284066,12
Kumaran,35284066,8
Chithariyavar,35284066,17
Marta,9014571,13
Antonio,9014571,6
Rudolfo,9014571,13
Joe,9014571,3
Lenita,9014571,23
Barnaba,36449472,4
Nirmala,24759133,3
Sally,24759133,8
Devika,24759133,15
Chris,13832721,15
John,13832721,19
Poitier,23624370,16
Kent,27213793,19
Peter,27213793,23
Mary,27213793,20
Kodous,31434543,1
MacFarlane,30325035,8
Rebo,30325035,24
Meyer,30325035,14
Palpatine,30325035,18
Skywalker,30325035,21
Shire,22635334,23
Arithir,22635334,3
Sauron,22635334,15
Baggins,22635334,6
Sadasivan,26496956,6
Kumaran,26496956,7
Soumini,26496956,19
Kuttappan,26496956,0
Policeum,26496956,18
Maris,3492280,14
Nicole,3492280,2
Hammond,3492280,17
Dulcie,3492280,13
Vietnam,26084240,22
Chevern,26084240,21
Tony,26084240,19
Jeff,26084240,21
Smith,26084240,0
Indran,8247418,17
Vinayagar,8247418,8
Ramachandramurthy,8247418,3
Chandran,8247418,23
Doriasamy,8247418,19
Nagesh,8247418,9
Sarojini,8247418,13
Hassan,8247418,19
Murugan,8247418,15
ROM,33882593,11
Demetrios,33882593,20
Christoforidis,33882593,13
Nix,4067815,2
Bellon,19269176,17
Victor,19269176,24
Lenny,19269176,10
Nancy,19269176,10
D,4502456,13
Bradley,4502456,21
Levitt,4502456,24
Brinkman,4502456,6
Gaylord,4502456,24
Douglas,7526692,17
Richard,7526692,21
Kane,7526692,22
Cindy,7526692,3
Keem,7526692,17
Spike,7526692,10
Milverstead,7526692,6
Kronious,7526692,3
Stevo,7526692,3
Kristy,7526692,3
Simmons,7526692,6
Ravic,4926317,23
Madou,4926317,19
Waterbury,23972445,8
Gaylord,23972445,9
Taz,24952483,3
Parsley,19186410,17
Bilwangal,19744076,12
Krishna,19744076,15
Karnamritam,19744076,8
Bilwamangal,19744076,3
Chintamani,19744076,24
Clark,31434127,20
Nikki,31434127,5
McCullough,31434127,20
Munier,31434127,9
McDonald,31434127,14
Stengel,31434127,1
Olga,31434127,5
Irwin,31434127,12
Dev,21475159,8
Mallya,21475159,2
Potdar,21475159,5
Batra,21475159,8
Dongen,273431,9
Vera,20004416,19
Kamal,20004416,21
Witner,29196894,16
Peter,29196894,16
Vanidoti,21584569,18
Jothipala,21584569,0
Dias,21584569,9
Junior,21584569,24
Nanayakkara,21584569,0
Perera,21584569,9
Ranasinghe,21584569,0
Silva,21584569,19
Nissanka,21584569,13
Wimalaweera,21584569,8
Andrews,12739295,22
Lainie,12739295,1
Melvin,12739295,12
Larry,12739295,1
Jack,12739295,11
Faro,12739295,11
Nell,5689695,18
Sebastian,5689695,24
Hardy,5689695,23
Yoon,3814288,13
Jill,284676,17
Frank,284676,17
Morton,284676,19
McBain,284676,19
Charlie,1881893,6
Kevin,1881893,6
Viola,1881893,1
Dhananjay,25886832,19
Basanti,25886832,11
Rohan,516463,5
Gamgee,516463,16
Ungol,516463,21
Sauron,516463,10
Frodo,516463,3
Bilbo,516463,13
Steward,516463,23
Amy,31706613,21
Martin,31706613,2
Weedon,31706613,4
Simon,31706613,16
Ortiz,4431656,11
McKenzie,4431656,5
Basco,4431656,15
Benanti,4431656,21
Paulk,4431656,18
Dulaine,4431656,21
Pierre,4431656,16
Danjou,4431656,9
Sasha,4431656,22
Malen,4431656,17
Ray,4431656,8
Caitlyn,4431656,14
Banderas,4431656,9
Dudley,4431656,3
Virshilas,4431656,20
Andrews,4431656,22
DaCosta,4431656,13
LaRhette,4431656,3
Dewan,4431656,7
Collins,4431656,12
Kelley,4431656,23
Morgan,4431656,12
Woodard,4431656,24
Rob,4431656,21
Dalton,19196701,11
Jolie,19196701,9
Vince,8013123,19
Marleen,8013123,3
Ann,1134100,6
Mame,1134100,1
Steve,1134100,23
Johnson,1134100,19
Griffin,1134100,18
Lulu,1134100,1
Kelsey,1134100,11
Riker,1134100,18
Duke,1134100,21
Cathy,11696301,12
Brooks,11696301,3
Christine,11696301,6
Charles,11696301,6
Joanne,11696301,0
Andy,11696301,3
Burton,29763090,14
Ariana,29183485,3
Danny,29183485,6
Nicole,29183485,19
George,29183485,9
Roger,29183485,3
Stiglitz,6425379,5
Hosny,27422005,0
Tarek,27422005,12
Ahmad,27422005,12
Yousef,27422005,13
Shalabi,27422005,21
Noor,27422005,23
Elenko,16327739,4
Semenov,16327739,16
Sturmer,16327739,1
Kulkov,16327739,17
Stillman,16327739,23
Kostyuk,16327739,24
II,6452715,10
Matthias,6452715,15
Rudolf,6452715,17
Kelly,6452715,18
Brahe,6452715,24
Scotta,6452715,9
Benjamin,6980450,11
Christopher,6980450,16
Jakob,6980450,22
Winters,6980450,14
Melanie,6980450,8
Bronski,6980450,22
Rahul,31662781,13
Khan,31662781,15
Kapoor,31662781,3
Braganza,31662781,20
Riana,31662781,6
Byol-Rye,23685170,1
Petrofsky,479457,4
Donahue,479457,5
Casteleone,479457,0
Cullen,479457,4
Lee,479457,11
Harper,479457,12
Two-Toes,479457,24
DeGuerin,479457,22
John,479457,24
Andretti,7988853,3
Sotta,7988853,23
Fragoso,7988853,20
Alonso,7988853,6
Andeeti,7988853,0
ask,7988853,15
Belarmino,7988853,3
Solomon,7988853,23
Baptista-Bastos,7988853,13
Martins,7988853,6
Gidget,23026426,6
Johnny,23026426,13
Jeff,23026426,22
Kim,23026426,23
Mickey,23026426,24
Anne,23026426,23
Bedford,23026426,19
John,23026426,23
Douglas,9653770,15
Woodruff,9653770,21
Annabel,9653770,1
Melrose,9653770,8
Gladwyn,9653770,12
Bush,9653770,7
Fisher,9653770,21
Norris,9653770,15
Judy,24640712,19
Gold,24640712,1
Alice,24640712,1
David,24640712,22
Chhabilal,31563536,15
Pandey,31563536,7
Manu,31563536,9
Mukherjee,31563536,16
Krasny,26362766,22
Zoe,26362766,10
Chris,26362766,8
Aaron,142417,18
Lovell,142417,6
Marilyn,142417,6
Kranz,142417,10
Armstrong,142417,17
Slayton,142417,23
Swigert,142417,17
Haise,142417,3
Aquarius,142417,7
Hayes,2714689,22
Ford,27617814,18
Monica,33498516,11
Andrew,33498516,3
Steve,33498516,21
Kelly,33498516,14
Matt,33498516,6
Karen,33498516,19
Russell,33498516,21
Detmer,33498516,21
Peddainna,24679315,2
Peddaina,24679315,19
Archana,24679315,3
Dhanunjay,24679315,20
Arjun,24679315,6
Prasad,24679315,8
Pedainna,24679315,24
Ali,24679315,14
Munnuswamy,24679315,7
Rajeshwari,24679315,3
Geiger,20044790,3
Peck,20044790,3
Emily,20044790,3
Henri,12891285,1
Pasquier,12891285,6
Jeannette,12891285,17
Luca,12515584,3
Angelo,12515584,17
Rita,12515584,3
Lana,12515584,3
Dexter,12515584,21
Dino,12515584,16
Chabrillaine,4918808,24
Antoinette,4918808,5
Brutus,4918808,10
Doutreval,4918808,3
Moreau,4918808,6
Noel,4918808,9
Dubuque,4918808,13
Lenore,4918808,12
Gavrillac,4918808,24
Maynes,4918808,13
Piyal,10807893,3
Jinadasa,10807893,24
Nanda,10807893,4
Strothers,4886997,17
Paulo,4886997,6
Bichero,4886997,11
Woods,4886997,13
Orlinda,4886997,6
Raymond,4886997,3
Dharamraj,2518527,6
Anurag,2518527,16
Vinod,2518527,21
Sadhna,2518527,2
Sangeeta,2518527,6
Jyoti,2518527,20
Anwar,2518527,9
Preeti,2518527,13
Vivek,2518527,21
Prem,2518527,21
Radhika,2518527,14
Ramkishen,2518527,5
Anand,2518527,21
Jeevanandam,22320215,21
Jeeva,22320215,8
Manonmani,22320215,12
Anbukkarasu,22320215,5
Anbu,22320215,16
Sundaram,22320215,0
Soppikannu,22320215,2
Nelson,4497658,14
J.C.,4497658,3
Rita,4497658,24
Cambot,4497658,17
Rommel,4497658,0
Havre,26780634,8
Arletty,26780634,2
Marx,26780634,21
Bronson,16204877,20
Jill,16204877,13
Hastings,16204877,13
Mickey,16204877,14
Skeeticus,16204877,24
Fixalot,16204877,5
Wendy,16204877,0
Bobbi,16204877,16
Lincoln,16204877,16
Pokey,16204877,1
Nottingham,16204877,6
Kendall,16204877,16
Patrick,16204877,21
Hynde,16204877,18
Skeeter,16204877,3
Cloud,18456519,17
Chu,18456519,11
Godless,18456519,17
Nameless,18456519,15
Wicked,18456519,3
Dale,36002407,3
Donald,36002407,3
Grant,29840120,17
Moore,29840120,9
Cogswell,29840120,17
Campbell,29840120,1
Cioc,27070087,18
Boogie,27070087,21
Eve,29460674,4
Dodd,29460674,7
Nash,29460674,2
Tolen,4429858,11
Brooks,4429858,18
Nancy,4429858,9
Mert,10499315,6
Jeffrey,10499315,21
Jan,10499315,3
Mannus,10499315,16
Flannagan,10499315,12
Nora,10499315,3
Rosenbloom,10499315,19
Claudia,30047221,13
Sofie,30047221,12
Carroll,293623,11
Gielgud,293623,11
Kozma,16301666,4
Romee,16301666,6
Mark,16301666,3
Wyndham,16301666,16
Casey,16301666,3
Sendak,16301666,14
Beldon,16301666,9
Risley,21851125,9
Makoni,21851125,2
Colin,27862386,22
David,27862386,20
Evelyn,31305532,18
Gladys,31305532,8
Alan,31305532,24
Janet,5693400,10
Toby,5693400,21
Amos,5693400,9
Tobias,5693400,21
Dorothy,5693400,15
Weber,5693400,6
Billy,5693400,19
Nelson,5693400,14
Arto,32191147,16
Lodyzhkin,32191147,0
Xiaomei,19580547,3
Jianguo,19580547,19
Deng,19580547,21
Kubrick,9979,17
Wolf,9979,24
Schnitzler,9979,1
Fridolin,9979,5
Nick,9979,6
Loewenberg,9979,19
Mandy,9979,17
Albertina,9979,10
Strangelove,9979,13
Harvnb,9979,6
Milich,9979,20
Torrance,9979,23
Rasmussen,9979,22
Bill,9979,3
Alice,9979,3
Nightingale,9979,0
Kaus,9979,22
Grady,9979,12
Ziegler,9979,6
Harford,9979,13
Quilty,9979,2
Curran,9979,9
Humbert,9979,16
Cocks,9979,23
Mandy,31489265,22
Loki,31489265,8
Billy,31489265,6
Owens,31489265,22
Amy,23811860,6
Kimberly,23811860,6
Cory,23811860,13
Ann,23811860,13
Ross,23811860,12
Jones,23811860,19
Pete,23811860,6
Wilkins,23811860,12
Nash,23811860,12
Dustin,23811860,12
get,35911749,0
Thakor,35911749,18
Radha,35911749,6
Vikram,35911749,23
D'Amato,17470255,6
Berbick,17470255,11
Tyson,17470255,24
Paul,4685891,21
Vail,4685891,16
Irene,4685891,13
Michael,4685891,14
Cesare,4685891,21
Dumond,4685891,21
Betty,7415751,22
Cinderella,7415751,12
Archie,10763417,3
Carradine,10763417,8
Archibald,10763417,6
Shane,10763417,1
Roberta,2045991,3
Kent,2045991,23
Simms,2045991,19
Wiladine,2045991,20
Wolfe,2045991,18
Jimmy,2045991,17
Scott,2045991,1
Morton,2045991,24
Martin,2045991,11
Wormer,2045991,23
Pete,2045991,3
Albertson,2045991,5
Chrissy,2045991,3
DeWitt,2045991,18
Tercell,2045991,2
Johnny,2045991,1
Samantha,2045991,3
Maldonado,13387836,1
Eduardo,13387836,17
Grimberg,13387836,12
Blanco,13387836,17
Graciela,13387836,17
Ming,20428057,5
Virna,20428057,5
Murry,8328948,4
Whatsit,8328948,12
Camazotz,8328948,9
Wallace,8328948,2
O'Keefe,8328948,14
Meg,8328948,14
Moore,208814,12
Bauer,208814,15
Harwood,208814,6
Leo,208814,3
Morrison,208814,3
Copeland,208814,0
Hendrickson,208814,4
Corelli,208814,6
Joyce,208814,3
Eddie,208814,17
Helen,208814,6
Newell,208814,15
Prissy,24963370,21
Sheen,1858604,6
Slovik,1858604,4
Hill,5239682,13
Mead,5239682,10
Akash,5433016,3
Tanya,5433016,13
Martha,5433016,23
Abraham,5433016,11
Andrews,350321,9
Lester,350321,20
Treadwell,350321,24
Edith,350321,21
Thampuran,24604442,13
Paniyan,24604442,17
Kannan,24604442,3
Cheerma,24604442,2
Kanthan,24604442,20
Perumalayan,24604442,6
Bose,3415524,11
Chakravarthy,3415524,11
Das,3415524,14
Ganga,3415524,1
Mohana,3415524,14
Vasu,3415524,14
Clair,9535065,21
Fox,9535065,18
Giulietta,9535065,0
Charles,9535065,8
Duggan,9535065,15
de,9535065,5
Bastien-Thiry,9535065,24
Wolenski,9535065,1
Lebel,9535065,3
Gaulle,9535065,24
Calthrop,9535065,0
Savitri,4780536,4
Dharumi,4780536,6
Lord,4780536,3
Ganesha,4780536,11
Pandian,4780536,17
Parvathi,4780536,0
Dhatchan,4780536,21
Muruga,4780536,8
Dhatchayini,4780536,8
Bhagavathar,4780536,19
Sakthi,4780536,3
Kayarkanni,4780536,21
Madhavi,31923499,4
Gopi,31923499,11
Susanna,31923499,20
Kristina,5230828,17
Robert,5230828,3
Karl-Oskar,5230828,21
Nalini,22989558,1
Ajayan,22989558,21
Balu,22989558,1
Shep,15478024,10
Gray,15478024,8
Taylor,15478024,1
Kelly,15478024,17
Tommy,15478024,15
Michel,15480666,21
onie,15480666,9
Madeleine,15480666,4
Yvonne,15480666,16
Georges,15480666,21
Chen,1047835,6
Ho,1047835,3
Tang,1047835,17
Hua,1047835,24
Wang,1047835,24
Beth,22427855,3
Asperger,22427855,2
Raki,22427855,13
Marty,22427855,6
Adam,22427855,6
Keyes,22427855,0
Buchwald,22427855,0
Vicky,18900386,18
Stu,18900386,11
Lloreda,18070632,8
Lizarazo,18070632,6
Porras,18070632,1
Venegas,18070632,8
Todd,1516678,11
Williams,1516678,0
Kalmar,1516678,20
Frisby,1516678,11
Dudley,1516678,13
Lee,1516678,15
Ruby,1516678,22
Wheeler,1516678,20
Vargas,6170621,6
Lupe,6170621,16
Polybius,1005379,19
Sabinus,1005379,13
White,1585387,16
Long,1585387,17
Sagat,1585387,18
Sellers,1585387,22
Vega,1585387,10
Shadaloo,1585387,9
Ken,1585387,4
Ryu,1585387,17
Jay,1585387,24
Bison,1585387,17
Huber,28286752,16
Karola,28286752,16
Faber,28286752,3
Dong-ho,32372785,8
Miran,32372785,24
Cooper,736262,21
Jason,736262,1
Taub,736262,12
Gibson,736262,3
Bradbury,736262,5
Alison,736262,3
Webster,736262,13
Lance,736262,6
Vitelli,2459695,4
Luis,11472483,4
Harry,11472483,6
Maria,11472483,23
Evelyn,11472483,3
Bediker,11472483,22
Howard,11472483,13
Esteban,11472483,7
Eslinger,11472483,2
Pilnyeo,16419638,1
Lincoln,10177090,2
Hitler,10177090,1
Boone,10177090,12
Washington,10177090,0
Jones,10177090,11
Daffy,10177090,3
Mussolini,10177090,10
Kennedy,5843155,17
Harris,5843155,12
George,5843155,4
Hamilton,5843155,1
Frenchie,5843155,22
Judith,5620636,13
Wilkison,5620636,21
Martha,5620636,19
Parrish,5620636,0
Caroline,5620636,8
Cole,5620636,11
Pryor,3380602,11
Wilder,3380602,20
Lucy,3671146,3
Charlotte,3671146,6
Bartlett,3671146,12
Honeychurch,3671146,23
Emerson,3671146,7
Vyse,3671146,10
George,3671146,21
Beebe,3671146,7
Lavish,3671146,20
Charan,13074006,3
Chameli,13074006,5
Harish,13074006,6
Anita,13074006,6
Charandas,13074006,14
Mastram,13074006,0
Kallumal,13074006,6
Champa,13074006,17
Lal,13074006,15
Bhajandas,13074006,11
Ellen,27371888,2
Long,27371888,15
Han,27371888,1
Reeves,27371888,8
Anderson,27371888,21
Gee,27371888,7
Packard,27371888,6
Monk,27371888,0
al-Harb,3593188,2
Spencer,3593188,9
Trifkovic,3593188,18
al-Islam,3593188,17
Muslims,3593188,17
Shoebat,3593188,9
Muhammad,3593188,1
Allah,3593188,1
Rosa,34749021,1
Maria,16731304,21
Paul,16731304,6
Richard,5164749,20
Black,5164749,6
George,5468633,21
Aaron,5468633,16
Dixon,5468633,2
Hewitt,9366283,13
Geraldine,9366283,6
Gerald,9366283,6
Liz,9366283,23
Prudence,9366283,2
Hardcastle,9366283,10
Rose,9366283,14
Bates,9366283,20
Ted,9366283,6
Taoist,27445372,16
Crane,27445372,10
Studio,26601056,1
Sudheendran,26601056,23
Sasi,26601056,24
Sreeja,26601056,24
Rafeeque,26601056,20
Cooper,32967308,15
Conn,32967308,23
Pike,32967308,20
Long,32967308,15
Luya,32967308,19
Toby,3289723,21
Elizabeth,3289723,14
Schupak,3289723,13
Bree,3289723,6
Greene,3289723,1
Wilkins,3289723,7
Douglas,3078987,20
Mildred,3078987,14
Philpotts,3078987,20
Prodworthy,3078987,23
Dukes,3078987,12
Gaybody,3078987,9
Bumble,3078987,12
Larry,3078987,0
Potter,3078987,18
Ndaliko,35014422,20
Oyoshi,1059662,8
Kiyoshi,1059662,3
Sumiko,1059662,21
Komajuro,1059662,17
Kayo,1059662,21
Hitler,11492833,1
Scott,11492833,13
Rovere,10370838,20
Sampson,5073042,13
Ainsley,5073042,3
Shawn,5073042,6
Marcus,5073042,17
Crowley,5073042,20
Shapiro,5073042,2
Victor,5073042,17
Jenna,5073042,17
Jim,5073042,17
Ben,5073042,3
Zombie,5073042,15
Permatteo,5073042,17
Marybeth,5073042,17
Stucker,3078054,16
Pataki,3078054,16
Young,1641666,4
Gray,23615900,1
Tyler,23615900,5
Turner,23615900,14
Star,23615900,21
Torres,23615900,23
Dana,23615900,2
Shane,23615900,21
Mitchie,23615900,14
Tess,23615900,13
Davidson,7692089,9
MacFie,27441441,7
Angus,27441441,2
Lansing,27441441,20
Alsuin,27441441,17
Dukes,27441441,15
Marissa,27441441,4
Parlan,27441441,8
Cejador,27441441,23
Easan,27441441,4
Lance,27441441,16
Menzies,27441441,21
Grand,9024508,15
Ray,9024508,0
Wyatt,9024508,21
Susan,9024508,19
Jessie,9024508,4
Frost,23399828,14
McGinnis,24187257,6
Sullivan,24187257,1
O'Keefe,24187257,4
Loma,24187257,8
Paul,27595922,7
Horner,27595922,23
Adams,27595922,9
Rothchild,27595922,19
Diggler,27595922,3
Newman,34102388,17
Brandy,34102388,11
Beals,8796061,18
Zoc,8796061,6
Nickle,8796061,10
Lucas,8796061,3
Mother,8796061,3
Johny,26469128,21
Roy,26469128,21
Bhavana,26469128,3
Kochuthoma,26469128,6
Mary,26469128,13
Thomman,26469128,13
Kutty,26469128,10
Garrett,24725063,3
Cynthia,24725063,6
Judith,24725063,15
Todd,24725063,6
Martin,24725063,0
Deena,24725063,3
Adam,24725063,6
Babis,2180837,5
Ninou,2180837,19
Hurana,32916907,23
Mardyke,32916907,3
Martin,32916907,23
Eleanor,32916907,4
Bensington,7189073,23
Mr.,7189073,6
Rita,7189073,3
Thomas,7189073,21
Lorna,7189073,8
Skinner,7189073,7
Bhandarker,2138030,18
Dev,2138030,3
Rao,2138030,15
Latif,2138030,5
Muslims,2138030,20
Singh,2138030,18
Khosla,2138030,8
Farhaan,2138030,3
Saxena,31197106,7
Lala,31197106,10
Charles,8381019,24
Janice,8381019,10
Jill,8381019,22
Leon,8381019,10
Silvani,12561843,21
Filini,12561843,16
Cita,12561843,23
Fantozzi,12561843,3
Hayworth,12561843,13
Mitchell,34585549,12
Frank,34585549,6
Maha,33240879,2
Saravanan,33240879,12
Larry,14503664,0
Jimmie,14503664,23
Daishu,5795244,4
Kayama,5795244,17
Taki,5795244,3
Shudo,5795244,3
Kai,5795244,23
Ken,5795244,4
Scratch,4868957,7
Colman,4868957,23
Hayward,1188721,14
Yarrow,1188721,24
Donovan,1188721,15
Alma,13056156,17
Gaby,13056156,21
Anna,13056156,23
Nanni,13056156,21
Doriot,13056156,15
Roberto,13056156,10
Murge,13056156,18
Janet,25491,3
Majors,25491,21
Weiss,25491,12
Frank,25491,17
Brad,25491,3
Raff,25491,0
Eddie,25491,21
Scott,25491,0
Frank-N-Furter,25491,13
Dinakaran,30018330,23
Shankar,30018330,15
Bhaskar,30018330,15
Duane,4253777,24
Perdita,4253777,3
Dolorosa,4253777,19
Romeo,4253777,13
Estelle,4253777,13
Consuelo,13058842,21
Sherko,6268506,19
Diyari,6268506,6
Strelitz,12988291,20
Laure,12988291,5
Lucius,12988291,18
Claude,12988291,5
Bob,31527824,6
Chakraborty,32024869,5
Irani,32024869,12
Turner,470185,17
Hale,470185,24
Atwood,470185,17
Joubert,470185,17
Higgins,470185,19
Garrett,4705514,14
Marian,4705514,18
Barbara,4705514,18
Rita,4705514,2
Quinn,4705514,20
Diroma,4705514,12
Lewis,4705514,18
Artie,4705514,3
Stevie,4705514,6
Rios,4705514,15
Wills,4705514,8
Carol,4705514,18
Bose,31539111,1
Rinka,31539111,13
Quinn,24334645,14
Lee,24334645,23
Bush,24334645,4
Mattie,24334645,6
Darrow,24334645,10
Ducluzeau,11673194,20
Janine,11673194,6
Wood,11673194,11
Gump,11673194,21
Zoltan,11673194,11
Mehaffey,11673194,7
Pimm,11673194,14
Soames,11673194,8
Davis,11673194,10
Alexander,2168783,16
Rifi,2168783,4
Peterson,2168783,10
Pete,2168783,13
Wallace,2168783,20
McCoy,2168783,17
Campbell,2168783,4
Manny,29609480,3
Shira,29609480,6
Gutt,29609480,23
Granny,29609480,5
Louis,29609480,23
Sid,29609480,21
Eddie,29609480,17
Ethan,29609480,10
Ellie,29609480,17
Fermoyle,1350234,15
Tryon,1350234,17
Matt,2450828,6
Beatrice,11588549,4
Wormold,11588549,21
Choleti,2957019,6
Jean-Claude,2957019,6
Buquet,2957019,14
Comte,2957019,14
Faust,2957019,19
Christine,2957019,3
Erik,2957019,3
Chagny,2957019,21
Carriere,2957019,6
Belladora,2957019,10
Daae,2957019,20
Gerard,2957019,6
Bromhead,845974,10
Cetewayo,845974,17
Chard,845974,17
Burton,845974,7
Witt,845974,3
Ardenoff,845974,8
Silva,2296721,6
Coutinho,2296721,5
da,2296721,24
Bossa,2296721,18
Ahadee,2296721,17
Taparica,2296721,4
Sid,19902616,24
McBurney,1186395,5
Wells,5609683,19
Parrish,5609683,24
Subra,5609683,0
Kong,6506680,7
Hou,6506680,17
Xiao,6506680,7
Bobby,2795282,20
Luther,2795282,3
Ramsay,2795282,3
Rogers,2795282,10
Thompson,2795282,16
Jackie,2795282,5
Sathya,11141640,1
Mariappan,11141640,13
Cheever,2971654,1
Durucher,2971654,6
Huck,2971654,3
Suzanne,2971654,23
Keyes,2971654,9
Billie,2971654,6
L.C.,2971654,17
Tristen,1922687,4
McIntyre,1922687,24
Addison,1922687,4
Geiger,1922687,11
Shefford,1922687,3
Ripps,1922687,11
Ainslee,14355632,0
Marlowe,14355632,15
Coffey,14355632,18
Mathilda,14355632,6
Levitt,14355632,10
Gloria,14355632,6
Sayre,14355632,6
Webb,14355632,5
Bill,14355632,14
Carol,14355632,13
Havre,3375070,8
Nelly,3375070,21
Zabel,3375070,22
Maurice,3375070,12
Jean,3375070,21
Seaton,9318746,21
Brenda,9318746,2
Sanchari,33859757,2
Nair,33859757,2
Annunziata,26976144,5
Siani,26976144,17
Kane,12685218,3
Doyle,12685218,20
Ben,12685218,21
Jack,12685218,23
Castel,12685218,0
Hogan,12685218,16
Jeff,5261356,9
Natalie,5261356,23
Casey,5261356,11
Bianca,11083203,19
Amerigo,11083203,16
Ferdinando,11083203,15
Tarkovski,21810192,1
Winter,21810192,3
Salt,21810192,6
Shnaider,21810192,19
Matveyev,21810192,8
Orlov,21810192,23
Krause,21810192,6
Hayes,8317598,23
Ernest,8317598,5
Irving,8317598,0
Roth,8317598,6
Malley,8317598,13
Arian,8317598,4
Raphael,26952694,20
Cavor,4716649,1
Susan,4716649,1
Hogben,4716649,21
Gerrard,12746552,6
Andrews,12746552,5
Molly,12746552,24
Johnny,12746552,5
Carson,12746552,5
Glitter,12746552,4
Charlie,12746552,12
Solly,12746552,3
Ivan,7895437,18
Justine,7895437,14
Justina,7895437,3
Badshah,32025117,22
Oberoi,32025117,9
Chakraborty,32025117,5
Kaur,32025117,7
Mickey,33808943,23
Mouse,33808943,14
Minnie,33808943,23
Benny,461322,17
Blackie,461322,17
Vermelho,461322,6
Ned,461322,10
Barago,32877145,3
Book,32877145,0
Gyanon,32877145,10
Kouga,32877145,18
Kaoru,32877145,3
Elda,32877145,10
Saezima,32877145,19
Garo,32877145,24
Knight,32877145,6
Shinji,32877145,10
Kiba,32877145,16
Sherry,282964,13
Clay,282964,11
Johnny,282964,3
Cannon,282964,4
Fay,282964,6
George,282964,4
Peatty,282964,6
Urmila,30981472,14
Raju,30981472,6
Sharmila,30981472,10
Koza,9451117,12
Alubarna,9451117,15
Crocodile,9451117,3
Doublefinger,9451117,19
Vivi,9451117,3
Alabasta,9451117,13
Chaka,9451117,23
Sanji,9451117,24
Luffy,9451117,17
Pell,9451117,17
Coriolanus,26505302,3
Martius,26505302,23
Menenius,26505302,16
Aufidius,26505302,17
Cominius,26505302,20
Virgilia,26505302,6
Cox,26505302,24
Jill,7677006,3
Mathews,7677006,19
Pritchard,7677006,3
Geoffrey,7677006,4
Page,277710,6
Barbara,277710,3
Tensy,277710,16
Stanley,277710,1
Lee,277710,13
Cumanno,277710,6
Max,277710,6
Jack,277710,6
Conners,277710,9
Regina,10193848,4
Nyebern,10193848,4
Harrison,10193848,3
Lindsay,10193848,11
Warilow,22160402,24
Janie,22160402,2
Warrilow,22160402,18
Lyncort,22160402,20
Baron,22160402,12
Amma,32583077,17
Ajayan,32583077,14
Alice,20837994,4
Marley,15510926,16
Quigley,15510926,6
Underwood,15510926,19
Maddock,15510926,19
Gale,15510926,1
rob,15510926,4
Kelly,15510926,9
Pete,15510926,17
Smiley,15510926,22
Lois,15510926,3
Spade,15510926,6
Myra,15510926,3
Kurokawa,26108501,21
Nick,3616144,6
Lewis,3616144,9
Julie,3616144,21
Jr.,3616144,15
Trevor,3616144,19
Ehrmann,7276603,18
Daninsky,7276603,4
Gnosis,15782460,17
Hansel,15782460,23
Speck,15782460,14
Luther,15782460,2
Hedwig,15782460,3
Schmidt,15782460,24
Tommy,15782460,3
Yitzhak,15782460,6
Robinson,15782460,19
Ellis,9195136,18
Anton,9195136,4
Beilman,9195136,2
Griffin,9195136,17
Mackie,9195136,23
Lisa,9195136,5
Campbell,9195136,3
Manimaran,26207769,14
Bhai,26207769,0
Stalin,26207769,16
Ayesha,26207769,2
Sait,26207769,17
Anwar,26207769,6
Madelyn,2256164,3
Horn,2256164,16
Buckman,2256164,6
Lomax,2256164,12
Greg,2256164,21
Young-il,32864632,14
Hill,32864632,17
Soo-hyeok,32864632,12
Suri,31662759,0
Lyman,6647287,8
Miller,6647287,3
Bailey,6647287,14
Rogers,6647287,4
Williams,8948359,3
Farnsworth,8948359,24
Foster,8948359,3
Sivaji,10640996,14
Bosley,12913389,9
Tracy,12913389,16
Lloyd,12913389,6
Carla,12913389,4
Hope,33010594,9
Monty,33010594,2
Justin,33010594,17
Lyle,33010594,15
Elsa,33010594,6
Mrs,33010594,17
Robert,17456456,6
Horace,17456456,17
James,33782073,3
Kamal,11142076,14
Juan,4364536,6
Lopez,4364536,1
Randy,3016738,19
Randall,3016738,21
Jennifer,3016738,3
Harris,3016738,5
Sutton,1723357,13
Korvo,1723357,6
Ann,1723357,5
Andromeda,3887641,7
Vacendak,1368785,6
Julie,1368785,6
Brad,1368785,12
Alex,1368785,17
Michelette,1368785,17
McCandless,1368785,6
Michellette,1368785,13
Furlong,1368785,3
Redlund,1368785,3
Dee,4824326,4
Betsy,4824326,18
Hopper,4824326,20
Lola,4824326,15
Eddie,4824326,6
Oscar,4824326,1
Rachel,26315093,22
Whitlock,2052646,11
Chae,2052646,12
Lee,2052646,17
Harrison,2052646,4
Anne,2052646,21
Chris,2052646,17
Alex,2052646,6
Ikumi,2861798,6
Ryoko,2861798,9
Hiroshi,2861798,3
Jacob,29434198,0
Mary,29434198,13
Floren,5698250,18
Brennan,5698250,0
Pilar,5698250,24
Maria,5698250,1
Charo,5698250,23
Franco,5698250,8
Arthur,1573600,14
Tyler,1573600,24
Adamson,1573600,1
Harris,1573600,11
Maloney,1573600,22
Lumley,1573600,0
Rainbird,1573600,20
Julia,1573600,10
Blanche,1573600,24
Harry,5731328,6
Shona,5731328,3
Singh,5731328,18
Banerjee,5731328,2
Saxon,15420502,4
Richa,7902926,8
Ashok,7902926,6
Chun-sam,20555109,17
Dae-gyu,20555109,12
Mustafa,2332634,0
Clarke,2332634,11
Carl,2332634,3
Dave,2332634,6
Sophie,2332634,8
White,15554935,23
Numair,15554935,4
Mathur,15554935,12
Qazi,15554935,2
Chowk,15554935,12
Sahd,18541519,12
Adil,18541519,17
Wassef,18541519,22
Primus,3479886,17
Sal,3479886,10
Lamia,3479886,17
Victoria,3479886,17
Shakespeare,3479886,13
Una,3479886,6
Tristan,3479886,17
Septimus,3479886,17
Thorne,3479886,14
Bismarck,28874134,20
Moltke,28874134,20
Bismark,28874134,13
Leiser,28874134,0
Zak,22663672,7
Clavell,22663672,3
Hodgkins,22663672,3
Jack,22663672,6
Mike,22663672,8
Simmons,22663672,7
Dracula,3644034,20
Marchesa,3644034,17
Fiore,3644034,2
Igor,24070879,1
Johnny,24070879,23
Mirales,24070879,14
Nico,24070879,6
Gabby,24070879,4
Rogers,24070879,9
Panzer,24070879,13
Brows,32883855,17
Osborne,32883855,7
Amy,12225994,11
Sam,12225994,13
Kelli,12225994,1
Tanya,12225994,17
Ben,12225994,4
Bill,12225994,17
John,12225994,3
Clark,21242801,20
Jefferson,21242801,18
Lewis,21242801,19
Paul,1501461,21
Williams,1501461,3
Franklin,1501461,3
Edwards,1501461,12
Berger,1501461,0
Reeves,1501461,10
Gordy,1501461,24
Atkins,1501461,1
Otis,1501461,21
Whitfield,1501461,17
Gaye,1501461,22
David,1501461,2
Al,1501461,19
Flynn,1501461,21
Lamont,1501461,23
Eddie,1501461,6
Shelly,1501461,0
Bryant,1501461,3
Matthews,1501461,6
Berry,1501461,6
Ruffin,1501461,3
Deoxys,1054845,3
Rayquaza,1054845,5
Brock,1054845,18
Tori,1054845,5
Pikachu,1054845,0
Santhanam,23276491,0
Sundaresan,23276491,12
Gayathri,23276491,3
Dileep,23276491,15
Unni,23276491,13
Kaimal,23276491,24
Basanthi,23276491,10
Delgado,12131002,8
MacArthur,12131002,20
Bonif,12131002,23
Madden,12131002,14
Andr,12131002,14
Bonifacio,12131002,9
Lapierre,1612611,20
Fernandez,1612611,0
Garth,1612611,11
Reich,1612611,14
Diana,1612611,18
Carre,26241103,8
Fernandez,26241103,0
Sanchez,26241103,0
Pellicer,26241103,4
Bishop,5112304,20
Givens,5112304,3
Conrad,5112304,4
Mange,2056466,3
Sisk,2056466,17
Wilder,2056466,6
Rianna,2056466,2
Wilson,2056466,15
Marvin,2056466,16
Glen,702632,17
Randolph,702632,21
Nadine,702632,23
Willy,702632,4
Elvis,702632,6
Johnson,702632,15
Greenwood,702632,15
Luna,702632,23
Jesse,702632,3
Annie,702632,17
Dwight,702632,12
Dryer,3835239,3
Vonn,3835239,10
Cigdem,29391341,23
Fatos,29391341,2
Murat,29391341,2
Bruno,28581081,19
Mary,28581081,13
Viswanathan,10320053,0
Sundari,10320053,24
Sundaralingam,10320053,20
Ramalingam,10320053,0
Janaki,10320053,0
Tachihara,29884828,4
Kitanosawa,29884828,4
Asakura,29884828,9
Yamao,29884828,3
Hikawa,29884828,17
Mori,29884828,8
Toona,29884828,21
Agasa,29884828,5
Toono,29884828,3
Kudo,29884828,4
Edogawa,29884828,16
Suzuki,29884828,17
Cuevas,25681893,23
Victor,25681893,2
Minihooha,7575627,16
Getafix,7575627,3
Dogmatix,7575627,6
Asterix,7575627,4
Caesar,7575627,17
Lucullus,7575627,18
Obelix,7575627,23
Bannon,652437,6
Alan,652437,3
Lorelei,652437,4
Jackie,652437,3
Macklin,2593362,24
Molly,2593362,18
Fargo,2593362,4
Farina,19347652,3
Trellis,19347652,9
Chubby,19347652,20
Chahine,34934013,20
Hopper,28548430,11
Joe,28548430,12
Frankie,28548430,0
Margaret,28548430,9
Grant,31304444,5
Wei,31304444,23
Ying,31304444,4
Jones,31304444,3
Carolyn,31304444,6
Yun,31304444,1
Cho,31304444,17
Sparrow,31304444,1
McCourt,3667955,24
Legge,3667955,14
Frank,3667955,24
Morgan,7291822,22
Virgil,7291822,4
Tess,7291822,17
Max,7291822,21
Gray,29759425,15
Kolb,29759425,13
Evans,29759425,7
Rafferty,29759425,4
Richards,29759425,10
Tone,29759425,9
Atkins,29759425,11
Marian,2501693,10
Nottingham,2501693,11
Sr.,2501693,13
Scarlett,2501693,12
Jr.,2501693,12
John,2501693,12
McAllister,2501693,21
Pratt,6981094,4
Saxon,6981094,11
Endore,6981094,6
Loomis,6981094,24
Kudo,5527653,16
Komoebas,5527653,3
Gezora,5527653,4
Asmar,11292060,2
Washington,18704092,8
Bhima,32252837,6
Panchali,32252837,3
Yudha,32252837,10
Goldberg,31996794,11
Philomena,31996794,22
Maria,31996794,5
Zagor,31996794,3
John,31996794,15
Mike,31996794,9
Kevin,31996794,16
Shah,31996794,9
Wayne,23444690,3
Barbara,23444690,8
Gordon,23444690,3
Duane,23444690,10
Fox,23444690,6
Rossum,23444690,19
Manor,23444690,17
Alfred,23444690,4
Robinson,9779549,9
Taylor,10771128,1
Jacquie,10771128,3
Sara,10771128,3
Vaughan,29852202,14
Jenny,29852202,19
Nelson,29852202,16
Apley,20981095,0
Heppelfinger,3533153,6
Truesmith,3533153,4
Edwards,3533153,0
Woodrow,3533153,6
Noble,3533153,15
I.,3533153,20
Libby,3533153,3
Arora,18220708,20
Kapoor,18220708,24
Shruti,18220708,8
Jaiswal,18220708,15
Hai,18220708,5
Govinda,18220708,18
Lallabhai,18220708,0
Shakthi,34252872,21
Sreedevi,34252872,24
Hitler,5257371,1
Rol-Tanguy,5257371,18
Leclerc,5257371,8
Choltitz,5257371,20
Jodl,5257371,18
Eisenhower,5257371,4
Nordling,5257371,14
Gaulle,5257371,24
Peinado,30934242,23
Miriam,8502322,23
Polly,8502322,3
Larkins,8502322,19
Jim,8502322,3
Johnsen,8502322,8
Allen,31068635,7
Woods,31068635,0
McFurry,31068635,8
Penguin,31068635,14
Livingstone,31068635,13
Terrapin,31068635,1
Bunny,31068635,23
Finchell,31068635,15
Goat,31068635,22
Owlcott,31068635,10
Winchell,31068635,15
Hoss,31068635,15
Bernie,31068635,1
Erskine,5476946,16
Blonsky,5476946,13
Sterns,5476946,13
Blue,5476946,2
Betty,5476946,13
Ross,5476946,3
Samson,5476946,11
Stark,5476946,20
Abraham,5476946,13
Alice,9712166,2
Yoram,9712166,16
Mary,9712166,13
Cory,16727358,20
Walken,16727358,4
Brett,16727358,15
Wright,5671905,9
Solimita,5671905,14
Carson,5671905,21
Riley,13938100,9
Betty,13938100,16
Grey,13938100,19
Douglas,246658,14
Hayward,246658,16
Ross,246658,2
Patterson,246658,10
Kilmer,246658,7
Katie,22575525,23
Choe,22575525,16
Lowe,22575525,17
Barnes,22575525,11
Floege,25697457,7
Klimt,25697457,20
Castro,25697457,12
Alma,667945,3
Vogler,667945,5
Karl-Henrik,667945,7
Elisabet,667945,3
Lermontov,667945,12
Aatma,6673788,2
Kathy,30171265,14
Thomas,30171265,8
Robert,30171265,4
Lear,30171265,17
Firenze,7839740,23
Velcihapadu,24759298,24
Anotny,24759298,0
Velichapadu,24759298,21
Ammini,24759298,18
Velichapdu,24759298,3
Narayani,24759298,3
Nambothiri,24759298,11
Zwick,9530831,14
Hood,9530831,5
Linnea,9530831,16
Alvarez,9530831,1
Chiang,9530831,4
Chiapetti,9530831,18
Satan,11952284,0
Domenico,11952284,10
Rotha,11952284,23
Nikki,11952284,3
DeMarco,11952284,4
Raimi,4037159,22
Clayton,4037159,17
Kelly,4037159,14
Kasey,4037159,14
Jeff,4037159,19
Cheryl,4037159,19
Campbell,4037159,3
Debbie,4037159,12
Shibu,21774959,4
Lorgan,15202473,14
Ghenoccio,15202473,15
Susan,15202473,21
Packett,15202473,3
Jake,11258828,17
Zoe,11258828,17
Young,11258828,10
Tyler,11258828,7
Walker,11258828,3
Barbico,11258828,18
David,11258828,9
Timothy,11258828,4
Beaumont,11258828,0
Sharon,11258828,6
Luke,11258828,4
Ally,11258828,4
Winthrop,11258828,19
Taylor,17511730,0
Evie,17511730,6
Mahler,17511730,3
Conagher,17511730,17
Coker,17511730,0
Teale,17511730,18
Serna,17511730,13
Parnell,17511730,21
Tay,17511730,19
Christi,17511730,4
Gammon,17511730,11
Jacob,17511730,17
Gunsmoke,17511730,11
Casuse,17511730,1
Malyath,33275715,11
Menon,33275715,9
DeSalle,35124025,21
Lisa,35124025,2
Tracy,725984,3
Fletcher,725984,9
Truehart,725984,20
Mahoney,725984,20
Spaldoni,725984,20
Breathless,725984,0
Bailey,725984,11
Harper,725984,17
Jr.,725984,16
Tess,725984,10
Manlis,725984,4
Boy,725984,12
Lupe,14504334,9
Anikina,31132380,0
Girardot,31132380,15
Mathieu,31132380,13
Sura,31132380,6
Shura,31132380,6
Okaemova,31132380,20
Aliabiev,31132380,21
Mette,26749011,21
Tschernoff,26749011,1
Leiser,26749011,0
Kastorp,5501627,16
Rizzo,5501627,17
Cash,5501627,16
Valerno,5501627,23
Gina,5501627,16
Oppo,5501627,2
Potts,5501627,4
Rita,21194276,14
Dana,21194276,24
Natalie,21194276,4
Ed,21194276,24
Roxton,21194276,17
Tianka,21194276,17
Malone,21194276,3
Reed,9811711,17
Laton,1700874,10
Chodakiewicz,1700874,24
Lotna,1700874,18
Sam,5204767,3
Nina,28856450,3
Clay,28856450,13
Neville,28856450,15
Millicent,28856450,23
Harriet,28856450,22
Brown,28856450,13
Sue,28856450,1
Page,1397377,1
Neal,1397377,3
Del,1397377,3
Marie,1397377,22
Griffith,1397377,11
Grier,24963725,6
Phyllis,24963725,6
Macchio,24963725,10
Nancy,24963725,3
Sim-deok,22882186,10
Liliane,4556411,12
Christine,4556411,19
Doinel,4556411,23
Colette,4556411,19
Robey,2557883,8
Celia,2557883,4
Lamphere,2557883,6
Basso,2453601,1
Benson,2453601,3
Johnny,2453601,17
Maggie,2453601,4
Tom,2453601,17
Gwen,2453601,4
Lee,2453601,24
Perry,2453601,24
Adam,2453601,17
Moon,4738587,7
Kakeru,4738587,3
Himeko,4738587,2
Luna,4738587,6
Nayotake,4738587,10
Kaguya,4738587,17
Mathayus,31221006,21
Agromael,31221006,24
Ramusan,31221006,10
Kondo,31221006,4
Olaf,31221006,17
Cassandra,31221006,22
Tsukai,31221006,24
Hulot,29892611,14
Wenceslas,29892611,21
Hortense,29892611,6
Steinbach,29892611,10
Jenny,29892611,6
Fischer,29892611,8
Cesar,29892611,3
Bette,29892611,6
Cadine,29892611,8
Cravel,29892611,14
Ramesh,21875985,0
Shyam,21875985,3
Shobha,21875985,3
Shivdas,21875985,4
Shayam,21875985,0
Lata,21875985,11
Hess,3382856,17
R,3382856,15
R.,3382856,15
Curtis,3382856,3
Mick,1179229,6
Spencer,1179229,4
Donnelly,1179229,17
Jannings,1179229,18
Carl,1179229,1
Threlkis,1179229,15
Kruger,1179229,22
Wilburn,1179229,0
Alby,1179229,19
Parkins,1179229,21
Callahan,1179229,3
Eddie,1179229,1
Tyrone,1179229,23
Candice,8753860,24
Paluso,8753860,22
Quinelle,8753860,3
Sonny,8753860,17
Locke,8753860,23
Jack,8753860,17
Wes,8753860,10
Holmes,10705512,13
Barrow,10705512,6
Moira,10705512,3
Dwight,10705512,21
Gardner,10705512,13
Mary,10705512,13
Towers,10705512,6
Davidson,10705512,18
Kramer,10705512,13
Osborn,10705512,13
Shute,10705512,23
Astaire,10705512,10
Osborne,10705512,19
Peck,10705512,15
Varkey,13915114,7
Seema,13915114,22
Ravi,13915114,24
Chandran,13915114,14
Kutty,13915114,15
Bosko,10445508,3
Mojo,1167226,4
Jojo,1167226,16
Octavio,729979,3
Susana,729979,3
Richie,729979,7
Echevarr,729979,11
Garc,729979,2
Daniel,729979,9
Toledo,729979,8
Chivo,729979,17
Valeria,729979,21
Jorge,729979,4
Ramiro,729979,17
Bauche,729979,22
Maru,729979,14
Kristina,21429921,3
Nat,21429921,14
Rosalina,21429921,6
Alex,21429921,3
Corningstone,8039722,10
Burgundy,8039722,15
Wings,2390396,22
Bishop,2390396,20
Zero,2390396,24
Pistolero,2390396,3
Kisum,2390396,23
Two-Shoes,2390396,16
Emma,18432354,3
Jamie,18432354,3
Tha,4015886,13
Thiang,4015886,6
Anna,4015886,12
Hay,4015886,17
Lincoln,4015886,2
Leonowens,4015886,6
Mongkut,4015886,6
Tom,4015886,8
Tuptim,4015886,4
Ramsay,4015886,19
Chulalongkorn,4015886,13
Louis,4015886,0
King,4015886,6
Andrew,11553544,14
Bernardo,11553544,8
Gillian,11553544,14
Rose,11553544,19
Klein,5311630,16
Emmett,29365217,15
Tipton,29365217,1
Stanton,8291759,4
Judy,8291759,14
Zalazny,31937140,13
Kerkorian,31937140,15
Coselow,31937140,18
Borrow,28326154,6
Dennis,28326154,13
Katherine,28326154,21
White,28326154,5
Britton,28326154,19
Bradshaw,28326154,21
Molly,24064444,2
Wagner,24064444,11
McKinley,24064444,1
Sophie,24064444,10
Donnie,17346283,19
Moorcroft,17346283,22
Jeremy,17346283,3
Justin,17346283,3
Randy,17346283,6
Samantha,17346283,3
Darko,17346283,12
Corey,17346283,13
Francisco,80530,8
Bernardo,80530,24
Horatio,80530,4
Gertrude,80530,6
Claudius,80530,3
Hamlet,80530,3
Marcellus,80530,7
Olivier,80530,3
Beaux,22814902,0
Stravinsky,22814902,14
Cassells,2182247,6
Craig,2182247,1
Bentley,2182247,22
Iris,2182247,1
Chris,2182247,3
Verdon,29296410,23
Vukovich,29296410,11
Johnny,18785526,5
Fauntleroy,18785526,15
Brent,18785526,3
Jung-Il,27646255,20
Han-gyu,27646255,16
Lee,27646255,16
Chaykin,16830333,0
Reilly,16830333,11
Tim,36116134,3
Marie,36116134,19
Edda,36116134,13
Paul,29475100,13
Ickarus,29475100,3
Mathilde,29475100,6
Gebhard,29475100,1
Alice,29475100,6
Karow,29475100,18
Marthandavarma,21321538,10
Menville,4896031,21
Shaggleford,4896031,13
Phibes,4896031,24
Robi,4896031,10
Badgerly,4896031,10
Welker,4896031,24
Shaggy,4896031,4
Rogers,4896031,9
Kasem,4896031,9
Chatington,4896031,4
Robin,4896031,21
Lal,5787510,16
Pandit,5787510,3
Dan,2511267,3
Ortiz,15656621,9
Santos,15656621,10
Mueller,15656621,4
Mirtha,15656621,24
Dominic,15656621,6
Yashar,15656621,15
O'Conner,15656621,11
Calderon,15656621,9
Braga,15656621,23
Fenix,15656621,17
Park,15656621,9
Toretto,15656621,7
Campos,15656621,4
Leticia,15656621,23
Mia,15656621,7
Brian,15656621,3
Richard,5484444,21
Blake,5484444,21
Digby,5484444,16
Batchman,5484444,8
Deever,5484444,6
Carol,5484444,19
Sara,5484444,6
Judith,27320682,7
Marthe,27320682,21
Michel,27320682,21
Marion,27320682,22
Cathy,7986246,3
Sam,7986246,2
Liz,7986246,3
Steve,7986246,3
Jen,7986246,3
Jim,7986246,23
Colleen,7986246,17
Bill,7986246,3
Lobo,7277111,15
Daninsky,7277111,4
Bathory,7277111,4
Waldemar,7277111,22
Tao,2559570,3
Wei,2559570,15
Anna,2559570,6
Qun,2559570,6
Zhijun,2559570,24
Batur,2559570,11
Taisheng,2559570,6
Niu,2559570,1
Starbuck,28368738,6
Herman,28368738,13
Michelle,28368738,6
Ahab,28368738,17
Dick,28368738,20
Yuriko,26249449,24
Sawanouchi,26249449,9
Pecas,30366069,14
Borras,30366069,15
Kamalu,33799140,20
Louis,33799140,21
Anjali,33799140,10
John,33799140,13
Shozaburo,1686679,24
Tony,1686679,13
Hisako,1686679,3
Eiko,1686679,13
Pandian,28687718,23
Kathir,28687718,6
Nisha,28687718,17
Murugan,28687718,21
Sakkarai,28687718,12
Shelley,10387991,24
Martin,10387991,15
Adams,10387991,24
Jingchao,17241504,4
Sam,2232503,17
James,2232503,17
Fain,2232503,6
Michael,2232503,3
accuse,2232503,14
Buck,2232503,17
Jake,2232503,4
Jeff,2232503,15
McCandles,2232503,13
Dawson,2232503,17
Duggan,2232503,8
Goodfellow,2232503,17
Jacob,2232503,17
Sharpnose,2232503,9
Julius,3056404,17
Rita,3056404,3
Zeko,3056404,17
Veder,3056404,11
Maximillian,3056404,6
Jones,3056404,19
Nikki,3056404,3
Max,3056404,6
Silas,3056404,6
Green,3056404,8
Weisser,10312250,5
Baker,958387,24
Joel,958387,9
Mitchell,958387,13
III,958387,4
Mike,958387,13
Palermo,958387,10
Nelson,958387,9
Aleksandra,24776067,3
Kennedy,5991667,14
Todd,5991667,4
Howard,5991667,4
Harper,5991667,17
Normand,5991667,16
Rettig,5991667,11
Liuba,35749085,23
Fabrizio,35749085,22
Cherie,35749085,8
Chekhov,35749085,14
Iturbi,21742840,1
Cannon,21742840,13
Ilka,21742840,13
Jose,21742840,4
Louise,21742840,6
Alix,21742840,13
Morgan,21742840,8
Nelson,21742840,2
Tess,21742840,13
Murphy,22985953,13
Lovejoy,22985953,24
Homeier,22985953,8
Wells,22985953,24
Curtis,22985953,20
Emma,18290610,13
Ji-Yeon,14169361,6
Singhania,13107779,22
Kiran,13107779,13
Raja,13107779,13
Antoine,3198839,10
Louis,3198839,3
Bogart,3198839,15
Reagan,19712210,23
Healy,19712210,22
Powell,19712210,9
Jing,21883963,15
Hai,21883963,13
Ray,26898572,0
Matthews,26898572,2
Walker,26898572,2
Helen,26898572,0
Cottrell,4180427,2
Dawn,4180427,3
Joyce,4180427,2
Lorraine,4180427,6
Parella,4180427,17
Russell,4180427,3
Brown,29030072,13
Isherwood,32441881,3
Landauer,32441881,18
Christopher,32441881,21
Mortimer,32441881,9
Sally,32441881,6
Fritz,32441881,6
Pierre,32441881,5
Chris,32441881,20
Bowles,32441881,15
Fred,2031886,6
Wilma,2031886,3
Ollie,2031886,3
Flintstone,2031886,6
Barney,2031886,3
Tanya,2031886,21
Rock,2031886,6
Dino,2031886,17
Bobo,2031886,3
Jameson,5402494,10
Lincoln,5402494,2
Katherine,5402494,3
Raul,5402494,10
Bobby,5402494,20
Mindy,5402494,12
Lewis,5402494,16
Jeff,5402494,10
Rogers,5402494,21
Green,5402494,13
Chohar,3030953,18
Jyotiwardhan,3030953,17
Suhasinidevi,3030953,6
Prince,3030953,17
Nandini,3030953,1
Jaywardhan,3030953,17
Udaywardhan,3030953,10
Harshwardhan,3030953,13
Long,26073520,16
Vanessa,26073520,1
Ryan,26073520,23
Macvicor,16430476,3
Gregory,16430476,3
Swift,16430476,6
Fern,16430476,3
Macphereson,16430476,6
Jake,16430476,6
Simpson,2641743,12
Jones,2641743,14
Jack,2641743,5
Velaikaari,25825341,22
Guillermo,15318733,4
Montes,7379288,2
Brianda,7379288,19
Latuor,7154700,17
Valentin,7154700,17
Toulon,7154700,3
Elsa,7154700,3
Sutekh,7154700,9
Duval,7154700,17
Vigo,7154700,21
Afzel,7154700,17
Lynne,30481661,12
Larue,30481661,17
Bradstone,30481661,16
Ray,30481661,21
Sally,30481661,15
Seth,1167676,4
Holth,1167676,21
Kitty,4773557,4
Kanipsia,4773557,3
Fenaka,4773557,17
Moss,4773557,22
Kopetzky,4773557,1
Ernie,736222,5
Gordon,736222,0
Billy,736222,3
Eric,736222,6
McGrath,736222,16
Vaughn,736222,10
Frank,736222,12
Anderson,736222,24
Max,736222,21
Alphonse,736222,8
Jack,736222,12
Veronica,736222,21
Brian,736222,13
Madison,736222,22
Kensington,7344453,13
Toufic,7344453,19
Raj,9247802,19
Taarzan,9247802,4
Kapoor,9247802,6
Khurana,9247802,18
Singh,9247802,5
Chaudhary,9247802,21
Deven,9247802,8
Mason,2346853,18
Abigail,2346853,6
Manette,2346853,4
Jackie,2346853,23
Polly,1633705,3
Cutler,1633705,0
Patrick,1633705,17
Loomis,1633705,0
Rose,1633705,3
George,1633705,3
Chakraborty,33435997,5
Babbar,33435997,0
Ghulam,33435997,2
Danny,35569277,3
Moebius,35569277,22
Beth,35569277,4
Bradley,29331558,21
Ross,29331558,6
Craven,29331558,6
Nico,29331558,6
Sarah,29331558,15
Peter,29331558,4
Kate,29331558,1
Pinhead,29331558,6
Steven,29331558,3
Emma,29331558,3
Chu,10988446,24
Mo,10988446,15
Peng,10988446,24
Sheng,10988446,1
Murdock,1763713,23
Striker,1763713,23
Dunn,1763713,13
McCroskey,1763713,18
Oveur,1763713,23
Dickinson,1763713,9
Seluchi,1763713,13
Elaine,1763713,2
Kurtz,1763713,19
Unger,1763713,19
Grassland,10795516,18
Piso,31926031,13
Matthews-Portland,11895194,0
Allan,11895194,1
Delgrazia,11895194,24
Greene,11895194,24
Laura,924767,17
Williams,924767,19
Martin,924767,6
Waters,924767,1
Burney,924767,21
Anderson,924767,19
Ben,924767,17
Sara,924767,15
Pandit,25419009,6
Baba,25419009,3
Aryan,25419009,6
Rajan,25419009,11
Dilnawaaz,25419009,12
Shekari,25419009,8
Caddie,2976581,3
Ann,2976581,21
Peter,2976581,13
Terry,2976581,21
Igua,3913231,23
Maizie,23176545,6
Gilbert,23176545,7
Baldwin,23176545,6
Davis,23176545,3
Mahadevan,22084176,1
Sharma,22084176,2
Mohanlal,22084176,11
Varma,22084176,16
Henry,2435668,18
Sophia,2435668,3
Demille,2435668,17
Brandenburg,2435668,3
Bly,2435668,16
Tanto,2435668,3
Carl,2435668,6
Moreno,2435668,11
Jimmy,2435668,3
Memo,2435668,12
Heguy,2435668,2
Cambridge,16733548,10
Hedges,16733548,20
Barrett,16733548,11
Eldridge,16733548,6
Sanborn,16733548,6
Thompson,16733548,17
James,16733548,6
Beckham,16733548,16
Arthur,932864,17
Franz,932864,6
Victoria,932864,3
Stoltz,932864,23
Odile,932864,21
Daffy,9397166,6
Porky,9397166,3
Sherry,11604278,3
Marcia,11604278,21
Jim,11604278,19
Juan,10798819,3
Joan,10798819,3
Faneca,10798819,6
Norma,10798819,21
Valenti,10798819,13
Griselda,10798819,14
Mar,10798819,21
Barbara,37210334,13
Karen,37210334,5
Letts,37210334,16
Johnna,37210334,20
Weston,37210334,12
Kang,22693523,4
Gae-ko,22693523,18
Luis,3724764,2
Wynter,8280960,4
Valerie,8280960,12
Parker,8280960,4
Timmer,8280960,16
Russell,8280960,12
Robins,23753991,0
Lori,23753991,24
Jake,23753991,11
Anderson,23753991,9
Greene,23753991,4
Wilis,23753991,14
Sequan,23753991,23
Carrie,10821674,4
Pleasence,10821674,9
Allen,10821674,20
Kuehn,10821674,11
Hitchcock,10821674,9
Nini,3653886,20
Lola,3653886,5
Danglard,3653886,4
Dennis,22281602,1
Cackle,22281602,3
O'Hara,2731033,11
Curtayne,2731033,21
Roberts,7142686,15
Morrison,7142686,23
Linda,7142686,6
Joyce,7142686,8
Jimmy,7142686,6
Jinx,7142686,14
Blackie,7142686,6
Heathcliffe,7142686,14
Yan,10980875,9
Ji-Hoon,10980875,3
Su-Wan,10980875,3
Bong-Man,10980875,20
Lee,10980875,8
Matt,22773038,12
Karen,22773038,20
Carlson,33183721,18
Taylor,18935792,1
Malloy,18935792,0
Dietz,18935792,14
Rogers,12824672,13
Ollivier,8691570,17
Auguste,8691570,4
Dennis,21817575,6
Lam,21817575,18
Wong,21817575,5
Barbara,21817575,16
Josephine,21817575,6
Jo,21817575,5
Law,21817575,12
Becky,21817575,3
Lee,21817575,8
Heiyi,21817575,13
Wilson,8696631,0
Butch,13899262,15
Timothy,13899262,11
Harold,13899262,6
Morales,22649123,22
Carrillo,22649123,22
Gaia,9773691,3
Gamu,9773691,3
Tsutomu,9773691,21
Tiga,9773691,0
Dyna,9773691,0
Lisa,9773691,4
Ultraman,9773691,0
Sang-woo,1843900,4
Monahan,3154773,16
Goetz,3154773,14
Helen,3154773,17
Hudson,3154773,12
Foley,3154773,17
DeSalvo,3154773,22
Cullum,3154773,11
Andy,3154773,0
Anzirat,35009001,6
Ramsey,1409665,13
Baranski,1409665,20
Jiff,1409665,14
Bowfinger,1409665,16
Graham,1409665,3
Miller,23711228,5
Jenny,23711228,2
Chris,23711228,2
Towako,4095104,20
Naoki,4095104,3
Ono,4095104,22
Katsumi,4095104,23
Satoshi,4095104,16
Weaver,5266283,12
Sam,5266283,6
Ruby,5266283,18
Deed,5266283,9
Archer,648921,17
Lazarro,648921,21
Michael,648921,22
Victor,648921,0
Hassler,648921,9
Walsh,648921,13
Adam,648921,21
Jamie,648921,20
Pollux,648921,4
Yuudai,29759530,14
Chizuru,29759530,14
Newbury,3113630,3
Laura,3113630,3
Caldwell,3113630,11
Granny,3113630,3
Jerri,3113630,17
Anderson,3113630,22
Ricky,3113630,3
Connely,3113630,3
Chris,3113630,17
Maggie,9183822,3
Thomas,9183822,5
Charlie,9183822,3
Mollison,9183822,21
Russell,9183822,11
Simon,9183822,13
Jackie,9183822,21
Ling,14988569,17
Topiwaley,29592452,14
Rice,33022002,7
Tobias,33022002,10
Mark,33022002,6
Black,33022002,15
Felicity,33022002,2
Bob,33022002,18
Vidya,7905624,5
Azad,7905624,14
Singh,7905624,21
Lajpatrai,7905624,10
Rajguru,7905624,4
Mahmoud,18416097,8
el-Attar,18416097,8
Marcus,18416097,22
Boulos,18416097,15
Fawzi,18416097,22
ren,2056353,0
Christ,2056353,6
Theodor,2056353,18
Anders,2056353,14
Inger,2056353,3
Morten,2056353,13
Kierkegaard,2056353,0
Petersen,2056353,13
Anne,2056353,1
Mikkel,2056353,21
Sam,24523337,13
Landry,24523337,21
Audrey,24523337,13
Dahlia,24523337,21
Terry,24523337,13
Lyle,24523337,21
Jack,24523337,13
Guillermo,24523337,6
Dolly,24523337,13
Nora,24523337,21
Bryan,24523337,21
Henry,6976221,16
Barbara,6976221,21
Marshall,6976221,13
Sarah,6976221,6
goodnight,6976221,21
Mary,6976221,6
Morgan,6976221,20
Pran,11521166,6
Roopa,11521166,18
Aruna,11521166,21
Harriya,11521166,10
Ashok,11521166,21
Danny,8414489,3
Riverwind,8414489,6
Nash,8414489,3
Wheelock,8414489,1
Rawley,8414489,17
Cassidy,8414489,7
Justin,8414489,3
Bailey,8414489,17
Evelyn,8414489,17
Campbell,8414489,8
Nashes,8414489,4
Julie,8414489,17
St.,8414489,20
Javid,15766158,8
Hanieh,15766158,3
Hamed,15766158,16
Bolourchi,15766158,14
Ali,15766158,3
Beth,4195529,1
Michael,4195529,4
baker,4195529,11
Lutz,23286064,21
Beauregard,21832989,22
Donnelly,26363103,22
Jody,26363103,23
Burrows,26363103,7
Mart,10860695,12
Cafiero,10860695,7
Griva,10860695,24
Franco,10860695,5
Mirella,10860695,9
Scavino,10860695,21
Belli,10860695,3
Bishop,21381088,6
Ryan,21381088,6
Cantona,21381088,11
Ellen,25729280,21
Dunn,25729280,21
Thompson,25729280,9
Hardy,25729280,19
Wolf,1955767,16
Maury,1955767,24
Charles,1955767,9
Mercer,1955767,8
D'Alessandro,1955767,0
Christa,5602768,21
Boisjoly,5602768,6
McAuliffe,5602768,15
Dhania,29550286,16
Kundan,29550286,14
Sarita,29550286,19
Clancy,3792817,2
Griffin,3792817,2
Kirby,3792817,6
Schmith,18890732,24
Chun,10933809,16
Hua,10933809,17
Yao,10933809,4
Fei,10933809,24
Tsan,10933809,2
Kumar,29763325,24
Morrison,33108821,1
Norwood,33108821,15
Myers,33108821,1
Nagasuwan,9324593,23
Amaranon,9324593,5
Daniel,31069386,13
Hanna,31069386,19
Wackerle,31069386,11
Jeong,20719803,10
Prithvi,6015667,21
Shashank,6015667,18
Yadav,6015667,3
Balachander,10791940,2
Hassan,10791940,21
Paul,9604018,24
Megan,9604018,15
Anna,9604018,2
Frank,9604018,3
Bergen,26050795,2
sdam,26050795,8
Barcelona,26050795,8
Seema,7440211,4
Vedhika,7440211,1
Brasschaert,22645209,0
Kumar,33923927,0
Gowri,33923927,14
Joo,33923927,7
Vicky,33923927,14
Fool,1828138,24
Williams,1828138,5
Roach,1828138,4
Spenser,1828138,7
Prince,1828138,17
Leroy,1828138,6
Daddy,1828138,6
Alice,1828138,23
Booker,1828138,3
Cathy,27569703,21
Rico,27569703,0
Ross,27569703,9
Barney,27569703,6
Pian,27569703,3
Armstrong,27569703,9
Noreen,27569703,5
Holland,27569703,12
Baker,18010724,13
Gilmore,18010724,4
Nicol,18010724,21
Monge,18010724,2
Finch,10377382,4
Moss,10377382,10
Mingo,10377382,17
Chaplin,9851612,3
Tom,9851612,3
Jerry,9851612,3
Rakhwale,26845517,11
Chakraborty,26845517,5
Dutt,26845517,9
Erich,19148195,10
Michael,19148195,6
Caeser,19148195,10
Pauli,19148195,6
Olga,19148195,7
Rommel,99454,4
Line,99454,18
Montgomery,99454,1
Bradley,99454,10
Patton,99454,21
Jensen,99454,4
Jodl,99454,4
Willie,99454,10
Oswald,31514943,3
Jun,16159966,22
Lihua,16159966,21
Fang,16159966,1
Delthern,6535669,17
Cranston,6535669,23
Prats,24803002,24
Trujillo,24803002,7
Sina,24803002,14
Cabral,24803002,7
Segarra,24803002,9
Marranzini,24803002,13
Padilla,24803002,1
Guti,24803002,19
Yu,13830536,1
Kansuke,13830536,4
Suwa,13830536,15
Shingen,13830536,0
Yorishige,13830536,12
Sharpe,9766433,6
Munro,9766433,13
Spears,9766433,17
Leroux,9766433,16
Simmerson,9766433,9
Napoleon,9766433,13
Harris,9766433,6
Barkley,9766433,17
Mirador,9766433,4
Curtis,9766433,14
Horton,5878886,7
Kraus,23831370,22
Stevens,23831370,2
Wilson,23831370,23
Langley,23831370,6
Broeck,11638265,19
Harry,11638265,3
Gemmill,11638265,0
Marieke,11638265,23
Agachi,11638265,1
Davies,11638265,17
Donovan,11638265,15
Marechal,32777421,9
Owens,32777421,8
Jean,32777421,23
Colette,32777421,23
Collette,32777421,7
Vincent,31317179,14
Doyle,5615617,10
Dallaire,5615617,5
Lewis,5615617,23
Habyarimana,5615617,15
Dunn,6143584,21
Lazhar,33219990,20
Carnera,2118495,1
Steve,2118495,23
Belle,2118495,6
Mercer,2118495,19
Morgan,2118495,24
Ryan,2118495,6
Dempsey,2118495,0
Higgins,12349229,6
Sayyad,36225633,14
Rook,14592258,2
Sheekha,16054110,21
Mathur,16054110,12
Kapoor,16054110,8
Rane,16054110,24
Anuradha,16054110,5
Derval,6152265,9
Angelo,6152265,17
Fearing,6152265,1
Largo,6152265,17
Bouvar,6152265,16
Fiona,6152265,17
Leiter,6152265,5
Lippe,6152265,17
Volpe,6152265,17
Popeye,27960424,15
Maezumi,10483547,6
Shintaro,10483547,2
Abby,10483547,3
Reiko,10483547,2
Charlie,10483547,10
Iwamoto,10483547,21
Ethan,10483547,6
Gretchen,10483547,10
Giovanni,17039851,8
Gronac,17039851,4
Fletcher,17039851,11
Nella,17039851,3
Jim,17039851,3
Emma,17039851,4
Vargo,17039851,11
Sarti,970846,20
Stoddard,970846,15
Aron,970846,12
Barlini,970846,15
Jane,24461289,11
Juan,12595448,3
Ana,12595448,3
Amparo,12595448,18
Anna,12595448,4
Jos,12595448,6
Natalia,12595448,3
Fernando,12595448,21
Danny,5127878,22
Ryder,5127878,23
Liwanag,35734063,23
Manrique,35734063,5
Lola,2682080,15
Lambert,2682080,6
Bensoussan,2682080,17
Pasteur,61514,4
Moore,61514,23
Charbonnet,61514,14
Leo,2678286,8
Harry,2678286,15
Sabine,2678286,21
Fan,2678286,7
Jen,2678286,21
Daniel,2678286,15
Kim-Chui,2678286,9
Sengh,5235481,19
Palmer,5235481,24
Horton,5235481,4
Diana,5235481,4
Quill,5235481,17
Walker,5235481,0
Drax,5235481,8
Dave,5235481,16
Hirokin,35609537,21
Ball,21356032,21
Strap,21356032,14
Fox,21356032,20
Charlie,21356032,20
Twiki,35075250,14
Theopolis,35075250,4
Kane,35075250,24
Wilma,35075250,16
Ardala,35075250,4
Rogers,35075250,4
Buck,35075250,3
Mickey,34031098,11
Donald,34031098,23
Woody,3557879,12
Carl,3557879,14
Vajasu,31033813,20
Vedhika,31033813,21
Damodarji,31033813,2
Vedika,31033813,21
Guangrong,20903063,0
Murdock,10364456,19
Jameson,10364456,6
Linda,10364456,6
O'Hara,10364456,13
Anne,10364456,21
Fellowes,10364456,13
Larry,10364456,3
Halsey,10364456,11
Varlia,16613205,2
Lloyd,16613205,16
Mostyn,16613205,10
Robbins,16613205,12
Ruth,16613205,14
Grellier,16613205,14
McAllan,16613205,17
Johnson,14785825,6
Adams,14785825,14
Micheal,18664076,17
Ray,18664076,3
Michael,18664076,4
Nicole,18664076,3
Jenny,18664076,5
Sally,18664076,17
Odemus,18664076,17
Ike,18664076,17
Reiter,18664076,18
Pratt,1985720,3
Reese,1985720,18
Chipman,1985720,16
Guy,2017208,6
Lewis,2017208,3
Cornelius,2017208,19
Lucille,2017208,18
Doris,2017208,10
Robinson,2017208,6
Bream,1913883,4
Burnham,1913883,15
Stanton,1913883,24
Connors,1913883,11
Ian,1945359,17
Ulmer,1945359,23
Wise,1945359,9
Fischer,1945359,4
Christensen,1945359,0
Ashlyn,1945359,17
Laura,1945359,7
Freund,1945359,3
Dreyer,1945359,12
Sean,1945359,12
Carrie,1945359,7
McKinley,1945359,16
Julie,1945359,13
Malinowski,1945359,22
Yuri,1945359,24
Hawke,17570003,11
Brian,17570003,0
Ruffalo,17570003,11
Thor,26738943,12
Mjolnir,26738943,23
Loki,26738943,15
Morrison,15513119,11
Bloom,15513119,12
Claire,15513119,7
Adam,15513119,16
Manja,32198884,6
Bhaskar,32198884,4
Shyloo,32198884,6
Ram,15810661,17
Kalyani,15810661,17
Saroja,15810661,3
Raj,15810661,0
Ajay,15810661,3
Babu,15810661,3
Pooja,15810661,6
Ravichandran,15810661,6
Prabhu,15810661,1
Jagapathi,15810661,24
Ganesh,15810661,3
Vishwanath,15810661,21
Goode,15672797,2
Sullivan,15672797,15
Confu,15672797,24
Thompson,15672797,6
Fang,15672797,3
Hargraves,15672797,13
Dodge,15672797,4
Pauline,15672797,3
Bashan,15672797,3
Pauling,15672797,24
Mugsy,414985,3
Washington,414985,0
Manny,113460,10
Taylor,113460,3
Sandy,113460,12
Sal,113460,12
Francis,113460,23
Gardner,113460,22
Harris,113460,4
O'Neill,113460,10
Wolfe,113460,10
Barnes,113460,17
Tex,113460,2
Elias,113460,17
Obrist,14581235,6
Vale,14581235,23
Walter,14581235,24
Julie,14581235,6
Kellum,14581235,16
Drak,14581235,10
Forrester,14581235,6
Ephemerol,14581235,15
David,14581235,6
Jacqueline,15930358,21
Zarzal,15930358,21
Julia,15930358,9
Peachum,6411396,0
Hauk,9835,17
Maggie,9835,21
Romero,9835,17
Plissken,9835,22
Sharada,25977327,1
Ramachandran,25977327,13
Grady,123464,8
Allen,26630988,9
Thornedyke,26630988,23
Lois,26630988,17
Wopperico,26630988,15
Pauline,26630988,16
Naughton,26630988,9
Franklyn,26630988,2
Karloff,9092969,13
Brooks,20770694,16
Elliott,20770694,10
Johnson,20770694,6
Liza,20770694,6
Nesbitt,20770694,4
Curtis,20770694,1
Wilson,30440118,7
Lucy,30440118,13
Mary,30440118,6
Woogie,14035596,18
Andersen,11201793,7
Kakka,24603977,6
Avaran,24603977,24
Bibi,24603977,21
Vijayakumar,24603977,9
Haji,24603977,6
Amina,24603977,3
C.N.,931228,5
Albert,931228,22
Selman,24624834,17
Banyon,5828557,4
Finch,5828557,23
Nat,5828557,20
Iris,5828557,2
Kennedy,16686643,0
Goodall,16686643,17
Noon,16686643,5
Garris,2313660,17
Darren,2313660,8
Megan,2313660,4
Jarvis,2313660,17
Jason,2313660,17
Paula,2313660,17
Hawes,2313660,12
Cort,2313660,2
Voorhees,2313660,9
Nikki,2313660,2
Tommy,2313660,17
Lizabeth,2313660,21
Sissy,2313660,17
Chukhanov,30665531,8
Katya,30665531,23
Zvorygin,30665531,14
Pashutin,30665531,9
Afonin,30665531,20
Keith,5922463,23
Barbara,5922463,12
Michael,5922463,5
Lee,5922463,3
Chuck,5922463,6
Chris,5922463,3
Jones,12523436,10
Damien,31017755,10
Osdorff,5563647,6
Thymian,5563647,6
Elisabeth,5563647,2
Henning,5563647,13
Meinert,5563647,6
Meinhert,5563647,6
Meta,5563647,23
Suzy,4423122,12
Fareeda,34980461,2
Feyzee,34980461,21
Shahana,34980461,8
Kareem,34980461,24
Razaq,34980461,1
Faizal,34980461,10
Ikka,34980461,8
Krishnan,34980461,23
Karim,34980461,3
Muharrem,18089898,13
Wolf,453573,11
Lee,453573,3
Gent,453573,21
Armsworth,4107909,23
Alexander,4107909,13
Inez,4107909,11
Clampett,6649969,17
Gordon,6649969,12
March,6649969,15
Hunt,6649969,21
Bruce,6649969,9
Cagney,6649969,21
Garner,6649969,16
Champa,26633434,10
Leng,10603354,17
Heng,10603354,5
Axe,10603354,6
Hai,10603354,3
Ming,10603354,3
Yang,10603354,6
Golden,10603354,15
Simanaheen,36018402,13
Kavita,36018402,0
Henry,5082874,21
Wayne,5082874,1
Ann,5082874,3
Manning,5082874,18
McKay,5082874,19
Mukunda,9022217,16
Sethji,9022217,17
Nahin,9022217,19
Ghaseeta,9022217,23
Hariram,9022217,5
Harimam,9022217,14
Shetty,9093089,9
Kathe,9093089,22
Xiaoxiao,20781972,20
Liang,20781972,16
Fen,20781972,17
Granger,7105919,13
Caesar,7105919,22
Herod,7105919,17
Hayworth,7105919,13
John,7105919,24
Ann,31856896,14
Wyndham,31856896,12
McDonald,31856896,2
Margaret,31856896,12
Barton,31856896,2
Blake,2000074,22
Roma,2000074,6
Shelley,2000074,16
Aaronow,2000074,3
Levene,2000074,3
Nyborg,2000074,22
Williamson,2000074,6
Lingk,2000074,6
Moss,2000074,6
Bruce,2000074,13
Selim,26608606,24
Mehmet,26608606,19
Filli,10747141,23
Ulli,10747141,15
Paul,7576646,13
KillingsReunion,7576646,6
Aram,7576646,6
Mihran,7576646,12
Frances,19522686,7
Kennedy,26799009,3
Angelica,26799009,12
Consuelo,26799009,14
Albino,26799009,3
Edson,26799009,3
Johana,26799009,13
Cristancho,26799009,6
Cayetano,26799009,3
Brochero,26799009,7
Corzo,26799009,13
Roger,26363490,16
Allen,19978736,10
Sylvia,19978736,16
Day,19978736,9
Crystal,19978736,6
Countess,19978736,19
Peggy,19978736,6
Mary,19978736,6
Winston,19978736,10
Aarons,19978736,19
Fowler,19978736,9
Lucy,19978736,19
Miriam,19978736,6
Haines,19978736,12
Stephen,19978736,16
Reno,19978736,24
Buck,19978736,7
Joan,23325348,3
Quatro,23325348,6
Currie,23325348,5
Kim,23325348,13
West,23325348,3
Goode,23325348,15
Monroe,23325348,9
Scott,23325348,6
Fowley,23325348,11
Ford,23325348,1
Robins,23325348,5
Lita,23325348,3
Larkin,23325348,8
Bingenheimer,23325348,9
Bardot,23325348,18
Jett,23325348,8
Marie,23325348,3
Bowie,23325348,9
Cherie,23325348,3
Penelope,1660517,13
Martha,1660517,2
John,1660517,23
Porky,1660517,20
Jean,33052426,16
Tafford,33052426,9
Marshall,2488667,17
Susan,2488667,16
Sebastian,2488667,6
Huey,2488667,17
Wendy,2488667,23
Stevie,2488667,17
Dick,2488667,3
Dandelion,2488667,22
Geetha,16167725,14
Dinesh,16167725,12
Raju,16167725,17
Raghavan,16167725,13
Duraisingam,16167725,23
Meenakshi,16167725,3
Kathavarayan,16167725,23
Manorama,16167725,6
Beck,15843096,12
Gamera,1529272,4
Barbella,1529272,10
Akio,1529272,4
Florbella,1529272,10
Tom,1529272,4
Guiron,1529272,4
Tomoko,1529272,2
Stella,22261980,16
Alekos,22261980,7
Fabrizi,442568,10
Fox,442568,9
Gina,442568,23
Powell,442568,2
Vanucci,442568,3
Arriety,26881153,24
Menford,7445296,15
Adams,7445296,21
Dorothy,7445296,19
Shaw,27158203,13
Sinclair,27158203,21
Buchanan,27158203,11
Watson,27158203,0
Hauer,24177916,8
Charlie,24177916,7
Miller,25643143,3
Sarge,25643143,6
Siddhant,15416966,8
Bindiya,15416966,13
Pooja,15416966,17
Nandu,15416966,6
Suri,15416966,18
Shastriji,15416966,8
Jake,28975286,6
Jackson,28975286,3
Saxena,11410391,22
Kamini,11410391,13
Dhamaliya,11410391,5
Sampath,11410391,3
Gupta,11410391,18
Kutti,11410391,5
Kamal,11410391,6
Girdharilal,11410391,6
Thakur,11410391,17
Seth,11410391,22
Vijay,11410391,17
Sumati,35027740,2
Govinda,35027740,2
Bhattacharya,35027740,22
Laura,12401107,23
Vince,12401107,3
Tracy,12401107,5
Albert,12401107,2
Angel,12401107,3
Matt,12401107,3
Gloria,12401107,6
Butler,12401107,12
Russell,12401107,2
Byron,12401107,2
Linda,24235407,6
Jennifer,24235407,20
McClelland,24235407,8
Munchie,24235407,15
Carlisle,24235407,19
Clinton,24235407,0
Chris,24235407,21
Vulcan,27534646,14
Allison,27534646,7
Angela,27534646,11
Elaine,27534646,4
Ashumen,27534646,4
Donaldson,27534646,22
join,303933,15
Miller,303933,18
Jo,303933,17
Harding,303933,16
Melissa,303933,14
Reeves,303933,15
Wakita,303933,2
DOROTHY,303933,22
Meg,303933,15
Seetha,20837828,4
Rama,20837828,15
Idumba,20837828,14
Rajaram,20837828,14
Manickam,20837828,16
Mareesan,20837828,14
Daniel,5824039,12
Hirata,2011691,21
Siggi,2011691,10
McKenzie,2667323,18
Kuzak,2667323,14
Carpenter,2667323,20
Becker,2667323,14
Owen,2667323,15
Markowitz,2667323,11
Meyer,2667323,12
Jason,2667323,9
Jr.,2667323,19
Melman,2667323,20
Perkins,2667323,9
Kelsey,2667323,13
Das,35799385,12
Tulasi,35799385,14
Raja,35799385,7
Kathy,24453695,12
Eva,24453695,15
Nayyar,27065133,24
Kaul,27065133,1
Verma,27065133,9
Kapoor,27065133,0
Pihu,27065133,6
Hickok,11992824,0
Khazi,28887914,17
Yousuf,28887914,0
Fatima,28887914,10
Baba,28887914,21
Marjeena,28887914,4
Qasim,28887914,3
Hassan,28887914,1
Geir,18531535,21
Inge,18531535,8
Elisabeth,18531535,24
Kristoffer,18531535,13
Ellis,537200,3
Daniels,537200,5
Ginuwine,537200,22
Tweet,537200,21
Benny,537200,6
Gina,537200,6
Elliott,537200,17
Chaz,537200,22
Raymond,537200,6
Desman,537200,15
Louch,537200,20
Hardouin,33420690,24
Okuzaki,12568502,4
Hirohito,12568502,6
Koshimizu,12568502,16
Lillian,706990,6
Faye,706990,6
Mitch,706990,11
Wheeler,706990,6
Patrick,706990,19
Withers,706990,3
Tia,706990,20
Jesus,706990,13
Skip,706990,3
Edelstein,706990,2
Mary,706990,3
Cassandra,706990,17
Veronica,706990,23
Cummings,706990,10
Roland,706990,17
Hina,30299686,3
Nogami,30299686,23
Shotaro,30299686,6
Ryuki,30299686,22
Imagin,30299686,16
Garagaranda,30299686,23
Kotaro,30299686,3
Riders,30299686,17
Shigeru,30299686,4
Hino,30299686,0
Max,30299686,22
Izumi,30299686,19
Naoki,30299686,23
Kikaider,30299686,16
Riderman,30299686,22
Hibiki,30299686,22
Kuuga,30299686,22
Mitsuru,30299686,3
Ryutaros,30299686,24
Momotaros,30299686,6
Teddy,30299686,5
Skyrider,30299686,22
Kintaros,30299686,24
Philip,30299686,17
Faiz,30299686,22
Black,30299686,17
Waits,1962520,17
Finn,1962520,15
Anna,1962520,6
Lewis,1962520,9
Schram,1962520,3
Jake,1962520,19
Brian,1962520,3
Reilly,1962520,19
Havel,1962520,6
Marley,230839,22
Tim,230839,23
Cratchit,230839,13
Fred,230839,21
Isabelle,230839,21
Willie,230839,21
Bob,230839,2
Scrooge,230839,3
Krishnan,26172077,15
Chacko,26172077,18
Breggs,8340202,21
Mussehl,8340202,1
Politzer,3912186,7
Paula,3912186,4
Goodis,3912186,9
Bogart,3912186,10
Nelson,3912186,5
Elizabeth,20898995,6
God,20898995,6
Ben,20898995,6
Leroy,20898995,24
Phillips,20898995,6
Albert,32582773,23
Dirk,32582773,11
Fonda,32582773,20
Annie,32582773,15
Jean,32582773,2
Claude,32582773,16
Sang-Shik,2749550,9
Du,2749550,24
Jong-du,2749550,3
Jong,2749550,22
Gong-Ju,2749550,3
Ju,2749550,21
Hoolihan,8039739,17
O'Hara,8039739,17
Costello,8039739,20
Brainard,8039739,16
Wilbur,8039739,23
Abbott,8039739,20
Mockridge,8039739,6
White,17349517,23
Edwards,17349517,20
Jolson,17349517,22
Myers,17349517,9
Mira,28030619,17
Sumner,28030619,1
Ana,13136145,21
Wallace,13136145,13
VII,6766096,2
Hammond,28353690,19
Cecil,26287838,2
Doraiswami,18849375,24
Muthaiyan,18849375,1
Pillai,18849375,16
Meenakshi,18849375,15
Sivakami,18849375,1
gentry,18849375,11
Philips,13078877,15
Ben,13078877,3
David,13078877,3
Richard,22112266,5
Gardner,22112266,21
Mitchell,22112266,0
Alex,22112266,21
Cherubini,222500,10
D'Amato,222500,6
Crozier,222500,13
Beaman,222500,13
Beamen,222500,16
Rooney,222500,23
Marino,222500,24
Pagniacci,222500,22
Lebrun,31585384,16
Cochran,31585384,7
Miller,7269566,11
Kyle,7269566,23
Carter,7269566,15
Babbitt,7269566,21
Davidson,7269566,11
Josh,5026667,23
Andrea,5026667,12
Lucy,5332316,22
Carter,5332316,16
Deidre,5332316,6
Michael,5332316,3
Nigel,5332316,11
Philip,5332316,6
Phillip,5332316,17
Paul,31052739,3
Sutten,31052739,6
Mark,31052739,3
Warren,31052739,6
Helen,31052739,3
Morrison,4757039,6
Henriette,4757039,13
lia,4757039,22
Mitchell,4757039,21
Maloin,4757039,3
Brown,4757039,23
Nex,171000,7
Lassefar,171000,18
Pelle,171000,22
Terry,2211274,7
Whitewood,2211274,12
Sr.,2211274,17
Jr.,2211274,12
Wallace,35885929,24
Pereira,13130339,1
Oliveira,13130339,24
Rossi,13130339,19
Maduranthaka,33720852,15
Karikalan,33720852,13
Vandiyathevan,33720852,18
Vandhiyathevan,33720852,11
Nandhini,33720852,24
Nambi,33720852,15
Pazhavetturayar,33720852,3
II,33720852,12
Devi,33720852,19
Poonkuzhali,33720852,15
Brahmarayar,33720852,4
Kundavai,33720852,7
Mandakini,33720852,15
Veerapandyan,33720852,17
Vanathi,33720852,3
Chola,33720852,16
Thevar,33720852,23
Viharam,33720852,9
Arinjaya,33720852,21
Arulmozhivarman,33720852,23
Lilian,1141361,22
Irene,1141361,3
Gaerste,1141361,3
Sally,1141361,18
Sr.,1141361,24
Jr.,1141361,20
Lil,1141361,3
Meera,12332258,6
Vasuli,12332258,24
Madhav,12332258,13
Munni,12332258,23
Sawant,12332258,17
Prasad,12332258,7
Anthony,12332258,1
Gonsalves,12332258,10
Gopal,12332258,6
Esha,12332258,13
Sam,2645046,13
Muriel,2645046,21
Rachel,2645046,11
Ben,2645046,21
Kleinman,2645046,1
Crosby,26724000,22
Pollard,26724000,12
Karen,24940480,20
Vasanth,6795138,21
Sathya,6795138,6
Pooja,6795138,21
Manivannan,6795138,13
Grant,2709799,16
Tanner,2709799,17
Johan,4549625,3
Anna,4549625,3
Ester,4549625,14
Amy,13040946,10
Silverman,13040946,21
Panettiere,13040946,2
Micki,13040946,3
Yang,13040946,2
Liam,13040946,17
Liu,13040946,3
Hughes,9573565,15
III,9573565,11
McEntire,9573565,11
Ayanna,16671438,17
Flanery,16671438,23
&,4768207,2
Gracy,4768207,13
Lobo,4768207,7
Natwar,4768207,14
Raj,4768207,13
Karan,4768207,3
Sonia,4768207,17
Chang,4768207,5
Dixit,4768207,7
Neilson,1328234,3
Richard,1328234,3
Crowley,1328234,22
Melissa,1328234,3
Nick,1328234,3
Thomas,1328234,22
Nikki,1328234,3
Natalie,1328234,16
Hickson,1328234,20
Holland,1328234,15
Emma,1328234,3
John,1328234,6
Sophie,1328234,3
Dani,1328234,17
Bogdanovich,19248715,19
Patterson,19248715,20
Tashlin,19248715,13
Mike,19248715,9
Helen,19248715,16
Libby,19248715,8
Mickey,29489803,7
Davis,29489803,22
Jackson,930143,7
Justine,930143,3
Worther,930143,5
Bubba,930143,6
Gwen,930143,22
Holden,930143,3
Phil,930143,6
C.C.,543276,3
Bloom,543276,19
Hillary,543276,3
Michael,543276,3
Victoria,543276,21
Cecilia,543276,13
Essex,543276,14
Heard,543276,6
Whitney,543276,1
Travis,26007256,23
Virgil,26007256,24
Georgina,26007256,9
Stackpool,26007256,16
Mascaro,26007256,7
Attack,26007256,23
Katzone,3822677,21
Donatella,3822677,19
Italo,3822677,7
poraz,3822677,3
Astaire,3822677,23
Elena,3822677,11
Lawrence,31996104,14
English,9956825,19
Simpson,9956825,10
Linda,9956825,3
Vera,9956825,21
Evans,9956825,9
Joey,9956825,3
Getty,5700963,4
Alice,5700963,24
Alain,5700963,3
Butch,19757771,16
Darla,19757771,12
Zedong,29644931,0
Jianxin,29644931,12
Jing,29644931,4
Qiu,29644931,5
San,29644931,23
Jingqiu,29644931,19
McTavish,26072991,6
Monro,26072991,13
Burke,26072991,6
Harrington,26072991,6
Ginny,26072991,6
Shakespeare,26072991,20
Hawkins,26072991,19
Darwin,26072991,6
Patterson,26072991,6
Wordsworth,26072991,20
Fergus,26072991,6
McDougal,26072991,6
Lucky,26072991,2
Hare,26072991,6
Knox,26072991,13
Joseph,26072991,23
McLintock,26072991,17
Schofield,26072991,9
Cleopatra,1637006,21
Caesar,1637006,22
Lucy,11021372,13
Turner,11021372,4
Robbie,11021372,12
Clark,11021372,14
Rufe,11021372,24
Rose,11021372,21
Parker,11021372,24
David,11021372,3
Scott,3650208,1
Palle,1923049,20
Lars,1923049,21
Niels,1923049,21
Mesmer,1923049,10
Victor,5430789,24
Kates,5430789,13
Gamiani,5430789,17
Diana,5430789,4
Cragie,5430789,8
Kobas,5430789,10
Luis,5430789,17
Brennan,5430789,6
Kopalas,5430789,6
Scalese,5430789,4
Luna,5430789,3
Eddie,5430789,4
Davis,5430789,14
Cusack,5430789,17
Comacho,5430789,17
Maxson,1190017,10
Lou,1190017,9
Leopold,1190017,23
Martha,1190017,16
Walsh,1190017,19
Ewing,1190017,11
Jin-tae,934524,6
Lee,934524,15
Yang,934524,16
Norman,8099378,8
Pandey,8099378,7
Besson,8099378,3
Jai,8099378,6
Sandhaya,8099378,2
Sophie,8099378,2
Hydross,30852116,24
Kallisto,30852116,19
Skan,30852116,10
Pyross,30852116,23
Kreese,1107088,17
Taro,1107088,17
Johnny,1107088,6
Lawrence,1107088,15
Bobby,1107088,20
Toshio,1107088,12
Kumiko,1107088,13
Daniel,1107088,3
Chozen,1107088,3
Ali,1107088,2
Sato,1107088,3
Yukie,1107088,14
Toguchi,1107088,12
Miyagi,1107088,3
Raghu,10640723,6
Raja,10640723,6
Itokawa,1881853,6
Yagihara,1881853,12
Yukie,1881853,3
Noge,1881853,21
Feather,1182345,17
Powell,1182345,0
Boutwell,1182345,20
Singleton,1182345,11
Brown,1182345,21
Lance,1182345,1
Boisset,1836502,0
Socks,34430924,4
Susumu,34430924,21
Akari,34430924,6
Pooja,15465553,19
Baba,15465553,14
Nawab,15465553,10
Avinash,15465553,3
Nisha,15465553,19
Laura,1580932,12
Tony,1580932,3
Manero,1580932,6
Jackie,1580932,6
Page,11361026,9
Hood,11361026,17
Miro,11361026,17
Tuah,1767914,13
Ahmad,1767914,15
Adipati,1767914,24
Ningrat,1767914,1
Sultan,1767914,17
Dumillah,1767914,19
Mahmud,1767914,19
Toru,30607983,16
boss,30607983,13
God,21922672,6
Leplastrier,21922672,21
Oscar,21922672,21
Hopkins,21922672,1
Guppey,1744691,10
Harold,1744691,17
Joyce,1744691,13
Stanley,1744691,15
Beaslie,1744691,3
Raine,15864743,13
Foster,15864743,19
Betty,1649249,3
Jennie,2003410,13
Sam,2003410,2
Ann,2003410,2
Gabriel,2003410,24
Anderson,2003410,3
Stewart,2003410,11
Jacob,2003410,2
James,2003410,17
Bellamy,26375917,23
Arnault,29107563,6
Genevieve,29107563,23
Albert,29107563,16
Maurice,29107563,19
Granger,29107563,12
Kasi,9649864,2
Devi,9649864,22
Karan,9649864,2
lisa,1719500,21
Marie,1719500,5
Skunk,26652470,22
Shah,26652470,2
Babu,34155452,3
Meenu,34155452,3
Father,34155452,3
Tony,3140828,23
Fraser,3140828,11
Gellar,3140828,11
Bacon,3140828,14
Gina,3140828,12
Trista,3140828,3
Bae,34222453,13
Kyung-sun,34222453,12
Mi-so,34222453,12
Da-rim,34222453,15
Sutra,34222453,4
Jong-soo,34222453,15
Saiyan,1767747,15
Vegeta,1767747,17
Buster,1767747,18
Gohan,1767747,17
Goku,1767747,3
Roshi,1767747,13
Kai,1767747,17
Piccolo,1767747,17
Tien,1767747,15
Krillin,1767747,5
Hercule,1767747,13
Zangya,1767747,17
Bojack,1767747,4
Bujin,1767747,3
Welch,2255810,8
McQuigg,2255810,17
Scanlon,2255810,15
Dylan,29373289,6
Benjamin,29373289,6
Mee,29373289,3
Rosie,29373289,10
Lily,29373289,6
Herman,14526035,21
Betts,23643641,8
Barrumhttp,23643641,9
Rachel,23643641,4
Joanne,23643641,24
Stone,23643641,17
Leonowens,6831954,22
Madison,25239808,10
Pocahontas,4345625,3
Jenkins,4345625,12
Ratcliffe,4345625,17
Willow,4345625,6
Smith,4345625,2
King,4345625,13
James,4345625,14
Rolfe,4345625,3
Starlene,5647190,17
Watts,5647190,6
Black,5647190,9
Mack,5647190,22
Bob,5647190,23
Billy,5647190,3
Lotti,4340578,22
Samarinde,4340578,14
Kennedy,1129041,3
Fomin,1129041,16
Rusk,1129041,14
Khrushchev,1129041,12
Scali,1129041,21
Frederic,2648352,4
Fredric,2648352,13
Freddie,2648352,3
Trilby,2648352,19
Supremo,2648352,24
Messina,2648352,14
Scotty,2648352,24
Hale,1312930,0
Awad,1312930,13
Henry,8375858,17
Mayberry,8375858,21
Proctor,8375858,9
Lou,8375858,21
Frank,8375858,12
Reeves,8375858,7
Bud,8375858,17
Shelly,8375858,23
Betty,7192807,22
Montgomery,5480913,1
Maria,5480913,24
Braddock,5480913,17
Moreau,5480913,4
Stoops,1181830,16
Ruth,1181830,3
Harry,30275,3
Cooper,30275,12
Barbara,30275,4
Johnny,30275,3
Tom,30275,3
Karen,30275,17
Ben,30275,17
Judy,30275,6
Helen,30275,4
Helene,24566634,1
Mintz,21290003,4
Jaffee,21290003,8
Dietz,21290003,3
Sunaina,24873771,12
Bharath,24873771,6
Rajkiran,24873771,13
Levis,31153575,4
Dancy,31153575,7
Parker,14052681,24
Holly,14052681,19
Rita,903297,2
Legs,903297,3
Goldie,903297,3
Buttinger,903297,3
Maddie,903297,3
Wirtz,903297,0
Faldes,903297,24
Goldberg,903297,14
Ousmane,34831345,18
Moe,8231523,7
Smirch,8231523,12
Lu,11361834,7
Jennifer,11361834,19
Macy,11361834,6
Alex,11361834,3
Wang,9040490,6
Benegal,6326152,20
Lakshmi,6326152,3
Pratap,6326152,10
Surya,6326152,3
Saru,6326152,3
Kishtayya,6326152,3
Ankur,6326152,20
Kaushalya,6326152,10
Samantha,30468471,22
Cyril,30468471,3
Chakiris,3791874,0
Widmark,3791874,7
Stevenson,3791874,16
Gregg,3791874,10
Takashima,3791874,9
Anne,20918140,6
Bob,20918140,13
Kevin,20918140,3
let,20918140,4
Kazumi,2822925,12
Yoko,2822925,14
Robaix,2822925,6
Dell,2822925,13
Hudson,35001111,19
Brand,35001111,11
Perry,35001111,9
Marina,16663530,7
Kennedy,16663530,11
Tyler,16663530,21
Sandy,16663530,23
Baker,16663530,24
Hawkes,16663530,19
Gus,16663530,3
Jack,16663530,17
Andy,16663530,24
Hardy,16663530,20
Cooper,12939745,21
Kent,12939745,0
Patricia,12939745,21
Weber,12939745,14
Newberry,12939745,15
Keller,12939745,24
Lawrence,9316911,17
McCormick,9316911,4
Dan,9316911,14
Rigas,9316911,13
Danny,6472505,14
Dyke,6472505,23
Don,9068710,15
Sharma,9068710,5
Madan,9068710,1
Chaudhary,9068710,4
Jia,9068710,6
Gardner,33365554,15
Stoddard,33365554,14
Bonnie,2195094,16
Clive,2195094,6
Livengood,2195094,15
Thornton,2195094,19
Parker,2195094,8
Pierre,2195094,13
Kevin,2195094,4
Manley,2195094,3
Peck,24322190,11
Holloway,24322190,18
Lance,24322190,0
Gohan,2138941,16
Frieza,2138941,10
Saiyan,2138941,20
Krillin,2138941,24
Goku,2138941,17
Piccolo,2138941,17
Salza,2138941,4
Neiz,2138941,22
Burkham,26966982,2
Crawford,26966982,24
Wheeler,26966982,6
Vargas,34610062,17
Sherri,676038,21
Howard,676038,2
Wyman,676038,22
Zoe,676038,19
Finnigan,676038,2
Shepard,676038,18
Kaiser,676038,12
Marian,676038,22
Jerry,676038,23
Earl,676038,24
Claire,676038,13
Bush,676038,0
Piggot,676038,17
Stuart,676038,16
Kane,676038,21
Weathers,676038,15
Sam,27240953,21
Bolivar,27240953,19
Tony,13198130,3
Neena,13198130,3
Sonia,13198130,3
Arya,13198130,9
Prem,13198130,3
Verma,24473060,23
Prakash,24473060,0
Anand,24473060,3
Madrasi,8220647,0
Master,8220647,0
Dinanath,8220647,3
Raju,8220647,3
Singh,8220647,6
Priti,8220647,23
Masterji,8220647,21
Harris,27364959,23
George,7214505,18
Jane,7214505,2
Alice,7214505,17
Peters,7214505,17
Learoyd,2439288,19
Ding,10932903,1
White,10932903,24
Biao,10932903,15
LeMay,67916,14
Hawkes,67916,12
Sally,67916,13
Holland,67916,9
Robert,67916,17
Meiks,1608670,4
Hull,1608670,3
Otis,1608670,17
Doyle,1608670,17
God,1608670,14
Harbridge,1608670,10
Adam,1608670,4
Rashmi,23214102,4
Talwar,23214102,24
Raj,23214102,2
Mehra,23214102,4
Khan,23214102,15
Mathur,23214102,4
Paul,61191,2
Montgomery,61191,9
Don,61191,24
Shearer,61191,11
Jerry,61191,2
Ted,61191,2
Dorothy,61191,21
Neal,14713355,1
Patterson,14713355,19
Pete,14713355,5
Marge,14713355,6
Dodie,14713355,21
Neil,14713355,21
Husky,10777778,16
Fong,10777778,3
Yee,10777778,18
Pepe,15697258,13
Emilio,15697258,21
Vicenta,15697258,21
Irene,15697258,10
Manolo,15697258,21
Tess,14958805,9
Lila,14164349,8
Dad,14164349,10
Kate,14164349,24
Johnson,14164349,22
Joe,14164349,14
Owen,14164349,24
Fah,36381869,6
Buddha,36381869,19
Soewasti,36381869,13
Young,36381869,21
Gandha,36381869,4
Richard,6776482,2
Claire,6776482,7
Lillian,27193568,5
Rumpel,27193568,24
Rumpelstiltskin,27193568,17
Harold,27193568,17
Fiona,27193568,3
Shrek,27193568,3
Fernandez,31558538,23
Toledo,31558538,12
Emman,31558538,23
Evelino,31558538,5
Shirley,37277581,6
Blundell,37277581,10
Coral,37277581,13
Barry,37277581,6
Shaz,37277581,21
Doris,37277581,12
Moochmoore,37277581,9
Trevor,37277581,24
Bascopolous,5984762,14
Bryant,5984762,9
Joe,5984762,6
Adams,5984762,9
Dorothy,5984762,13
Steadman,5984762,24
Seng-Neng,4277733,19
Wong,4277733,14
Taylor,3745503,12
Craddock,3745503,18
McGinty,3745503,12
Rowton,3745503,0
Cosgood,3745503,18
Marple,3745503,6
Carson,8746433,21
Mae,8746433,5
Julie,8746433,21
Scott,8746433,21
Longwell,8746433,13
Ida,4890336,15
Susan,31531490,4
Nomed,31531490,8
Nobita,6602116,13
Lizzie,2260985,17
Borden,2260985,8
Kashima,4214783,5
Tosuke,4214783,4
Mori,4214783,1
Shichibei,4214783,17
Matoba,4214783,17
Masakatsu,4214783,13
Nobunaga,4214783,1
Iinuma,4214783,9
Kate,50486,3
Charlie,50486,21
Bob,50486,4
Juliette,50486,21
Cardon,50486,18
Teyssier,50486,24
Palmer,4199150,21
Kittrie,4199150,2
Catherine,4199150,17
Eriksson,226682,3
Hatcher,226682,6
Clarke,226682,3
Oanh,226682,23
Ericksson,226682,3
Meserve,226682,17
Diaz,226682,17
Brown,226682,4
Katie,27691926,0
Lou,27691926,19
Bingham,27691926,8
Les,27691926,3
Mastrewski,636056,3
McCormac,636056,12
Frank,636056,17
Jimmy,636056,6
Ruth,636056,19
Neil,636056,1
Angeline,636056,3
Emily,636056,6
Jack,636056,6
Bruce,636056,3
Sam,636056,3
Patrick,636056,6
Adams,636056,7
Holiday,636056,19
Caesar,7657105,23
Joe,14488588,23
Moe,14488588,14
Larry,14488588,23
Kennedy,28074095,1
Baxter,28074095,20
Donald,29766415,5
Daisy,29766415,17
Duey,29766415,3
Zagon,67411,14
Jackson,67411,11
Salvano,67411,0
Fox,67411,17
Nico,67411,13
Jacks,67411,18
Harrison,67411,3
Toscani,67411,9
Sara,67411,10
Jerry,15652096,12
Hall,15652096,23
Raymonde,17199875,12
Helen,17199875,23
Kamila,8832299,21
Yamase,8832299,8
Daigo,8832299,3
Quraishi,4320785,13
Lindh,4320785,11
Spann,4320785,18
Dostum,4320785,18
Paulson,27810619,6
Bair,27810619,1
Pelosi,27810619,9
Geithner,27810619,0
Fuld,27810619,1
Immelt,27810619,18
Bernanke,27810619,21
McCain,27810619,11
Bush,27810619,0
Arthur,27284085,21
Beatrice,27284085,21
Dunlop,27284085,1
Thomson,27284085,0
Booky,27284085,6
Russell,27284085,11
Ray,2447735,6
Rachel,2447735,3
Laurie,2447735,6
Tina,2447735,3
Caleb,2447735,6
Michael,27444757,23
Tammy,27444757,11
Wachenstein,27444757,16
Helga,27444757,6
Billy,27444757,3
Martin,5906792,3
Diane,5906792,17
Drogues,5906792,0
Mini,5906792,21
Dolf,7976591,3
Nicolaas,7976591,1
Anselmus,7976591,17
Thaddeus,7976591,12
Carolus,7976591,18
Vick,7976591,19
Jenne,7976591,23
D'Costa,30777481,18
Khan,30777481,19
Khanna,30777481,18
Akbar,30777481,14
Dalal,30777481,20
Royce,5917218,18
Dixie,6512034,14
Donegan,6512034,9
Crane,6512034,21
Hunter,29399210,1
Elizabeth,29399210,7
Freemantle,3653120,6
Hitler,3653120,21
Michael,3653120,19
Noah,3653120,3
Whiteacre,3653120,21
Plowman,3653120,19
Margaret,3653120,16
Christian,3653120,14
Ackerman,3653120,8
Genevieve,4673170,3
Erika,4673170,3
Nack,4673170,4
Serafina,4673170,16
Wolfie,4673170,16
Julian,4673170,3
Nick,4673170,22
Preminger,4673170,6
Dominick,4673170,6
Anneliese,4673170,3
Henry,2507217,17
II,2507217,17
Earl,2507217,24
Falstaff,2507217,6
V.,2507217,9
Peto,2507217,6
Hotspur,2507217,4
IV,2507217,21
Seaver,1212256,17
Molly,1212256,10
Kate,1212256,12
Burnford,1212256,3
Ben,1212256,16
Shadow,1212256,3
Maria,19270580,4
Tom,16258792,17
Jimmy,16258792,3
Stallyns,254269,5
Missy,254269,0
Rufus,254269,16
Wardroe,254269,7
Nomolos,254269,4
Ted,254269,17
Bill,254269,24
Jamie,10017751,20
Bobby,30636098,14
Tang,1095555,4
Phasa,1095555,6
Betty,1095555,6
Tonguey,1095555,16
Ling,1095555,23
Hargrove,93559,11
Cecile,93559,21
Caldwell,93559,19
Kathryn,93559,6
Annette,93559,3
Rosemond,93559,12
Sebastian,93559,3
Reynolds,93559,10
Valmont,93559,13
Merteuil,93559,12
Clifford,93559,17
Timothy,2730049,13
McBride,2730049,10
Brisby,2730049,12
Jeremy,2730049,18
Valentine,2730049,14
Martin,2730049,3
Timmy,2730049,3
Jenny,2730049,6
Cecil,2730049,9
Georgiana,6919595,23
Joshua,6919595,10
Andrew,6919595,21
Gabriel,6919595,6
Rowe,6919595,21
Gundy,6919595,4
Natalie,6919595,9
Perry,6919595,6
Astaire,6919595,8
Webster,6919595,20
Billy,6919595,6
Vijaya,34243460,23
Padmanabham,34243460,3
Marina,221489,3
Ozores,221489,11
Espejo,221489,22
Lola,221489,6
Ricky,221489,6
ximo,221489,14
Spanky,19400519,3
Jenkins,34059469,13
Zane,34059469,1
Ashley,34059469,3
Stacy,34059469,23
Clayton,34059469,3
Binder,34059469,6
Smiley,34059469,17
Katie,4524855,3
Richard,4524855,11
Janet,4524855,12
Simpson,4524855,1
Bonnie,4524855,13
Pearson,4524855,12
Vennila,6795057,23
Amar,6795057,14
Santosh,6795057,18
Bijlani,1771770,5
Vyjanti,1771770,21
Rahul,1771770,21
Munni,1771770,0
Viyjanti,1771770,21
Vaiyjanti,1771770,21
Jane,20997468,23
Donna,20997468,8
Chinna,6102569,2
Maheswari,6102569,12
Chingachgook,1428048,22
Munro,1428048,3
Heyward,1428048,17
Alice,1428048,13
Cora,1428048,13
Hawkeye,1428048,3
Jack,1428048,1
Uncas,1428048,22
Duncan,1428048,4
Webb,1428048,20
Winthrop,1428048,23
Maadesha,19897850,1
Arnaud,7258734,6
Nelly,7258734,21
Oates,1927548,20
Taylor,1927548,2
Fabian,6715066,10
Hannan,6715066,11
Harry,6715066,6
Juan,11734992,24
McAndrew,11734992,22
Tom,11734992,16
Doolittle,11734992,19
Jim,11734992,6
Abbott,11734992,13
Bob,11734992,17
Brown,11734992,17
Harry,675935,21
Wormwood,675935,5
Michael,675935,4
Matilda,675935,23
Trunchbull,675935,3
Honey,675935,3
Zinnia,675935,21
Brown,675935,10
Bawke,22743224,23
Feifer,22743224,21
Clemm,9917168,2
Royster,9917168,11
Poe,9917168,4
Moran,9917168,13
Snodgrass,9917168,13
Virginia,9917168,0
Wahl,10747502,10
Fane,10747502,0
Vaugiroud,10747502,13
Fenner,10747502,11
Rosenfeld,10747502,18
Amy,32943761,17
Williams,32943761,19
Pike,32943761,21
Gannon,32943761,4
Thomsen,24007839,15
Andrew,24007839,16
Greta,24007839,16
Rogers,24007839,14
Ellie,24007839,19
Carl,14016369,12
Conrad,14016369,21
Snape,667361,8
Hagrid,667361,23
Harry,667361,3
Dumbledore,667361,6
Quirrell,667361,3
Weasley,667361,7
Hufflepuff,667361,3
Hermione,667361,16
Potter,667361,22
Voldemort,667361,6
mantle,2550152,5
Rajkumar,7424613,21
Rao,7424613,18
Kanchana,7424613,6
Preeti,7424613,17
Vikram,7424613,17
Palmer,547526,3
Brown,547526,7
Leroux,547526,8
Jr.,547526,18
Jimmy,547526,6
Gina,547526,9
Ricky,547526,21
Terri,547526,16
Isaac,547526,5
Eddie,547526,3
Vera,2317340,7
Fox,2317340,22
Rick,2317340,17
Field,2317340,19
Edna,2317340,1
Higgins,2317340,10
Debbie,2317340,16
Jason,2317340,17
Ali,2317340,6
Harold,2317340,22
Shelly,2317340,7
Chris,2317340,3
Holt,2317340,15
Voorhees,2317340,9
Chuck,2317340,12
Andy,2317340,7
Judson,7764053,21
Flynn,7764053,3
Davenport,7764053,7
Debra,7764053,14
Jerry,7764053,6
Emily,7764053,3
Samir,7764053,20
Carl,7764053,8
Carsen,7764053,21
Solomon,7764053,17
Moe,14439238,23
Larry,14439238,23
Hitler,30514819,20
Chakraborty,30514819,5
Annie,31406987,15
Mammootty,31406987,11
Segalen,7191769,2
Park,7191769,20
Macklin,25757180,12
Wagner,25757180,12
Daniels,25757180,4
Gioia,25757180,4
Frankie,25757180,19
Richie,25757180,6
McAllister,25757180,3
Slusarsky,706370,22
Abby,706370,6
Barnes,706370,9
Brian,706370,6
Tobias,5469928,17
Proudfoot,10093456,14
Hodges,10093456,17
Mercer,10093456,20
Polchek,10093456,17
Higgins,10093456,16
Rossi,10093456,17
Sylvester,18848181,23
Granny,18848181,3
Chopin,18848181,21
Baker,5427784,15
Benson,5427784,24
Fletcher,5427784,1
Poe,5427784,15
Grey,5427784,8
Frank,5427784,10
Zeba,5427784,23
Nancy,5427784,2
David,5427784,2
Naidu,13626881,3
Sravanti,13626881,13
Anjali,13626881,14
Sravanthi,13626881,6
Prakash,13626881,7
Morris,13697594,3
Riviera,13697594,16
Marina,2091940,6
Keefover,2091940,6
Leo,2091940,2
Plato,2091940,14
Tremor,2091940,16
Lemke,2091940,15
Falconetti,6899733,5
Santangelo,6899733,7
Teresa,6899733,13
Nell,14736920,17
Moe,14736920,23
Larry,14736920,16
Blackie,14736920,3
Margo,2389941,1
Collins,2389941,0
Martin,2389941,10
Morgan,2389941,9
Waring,2389941,1
Fred,3719166,3
Ascoobis,3719166,15
Dr.,3719166,0
Scooby,3719166,6
Akbar,3719166,14
Natasha,3719166,4
Hotep,3719166,16
Rivers,3719166,6
Butch,3719166,4
Cleopatra,3719166,5
Omar,3719166,21
Amahl,3719166,4
Granger,3719166,10
Velma,3719166,3
Daphne,3719166,3
Roberts,2439209,17
Sherman,2439209,21
Michael,2439209,3
Sawyer,2439209,15
Latello,2439209,11
Harlan,2439209,10
Mike,2439209,23
Ellie,2439209,23
Benucci,9368233,17
Jones,9368233,19
Byfold,9368233,10
Baird,9368233,10
Callender,9368233,4
Wilding,9368233,18
Edwards,2220694,0
Hughes,2220694,18
Jones,2220694,8
Norma,2220694,20
Montgomery,2220694,6
White,2220694,15
Briley,2220694,16
Ron,2220694,6
Steve,2220694,24
Helen,2220694,24
Simpson,2220694,3
Morell,2220694,23
Brecht,2220694,22
Waits,2220694,17
Hodo,2220694,16
Samantha,2220694,6
Chaitra,9286198,6
Karthik,9286198,3
Baker,18107156,21
Davenport,18107156,13
Miranda,18107156,21
Sutton,18107156,16
Saunders,18107156,3
Caroline,18107156,6
Burton,3644955,3
Ummini,31844088,24
Chindan,31844088,17
Chandu,31844088,3
Jaanu,31844088,2
Sammohanam,31844088,6
Valyachan,31844088,8
Rushon,1291727,6
Lysterine,1291727,2
Nikki,1291727,13
Lysti,1291727,3
Dore,31993638,24
Dennehy,33364558,24
Howard,33364558,9
North,33364558,18
Pusser,33364558,18
Roopa,6084677,13
Rahul,6084677,20
Anitha,6084677,12
Anand,6084677,6
Georgiana,2648891,22
Hall,2648891,11
Eliza,2648891,22
Brocklehurst,2648891,7
Rivers,2648891,11
Jane,2648891,23
Oliver,2648891,22
Severn,2648891,20
John,2648891,22
Bessie,2648891,16
Burns,2648891,1
Scatcherd,2648891,4
Rochester,2648891,11
Reed,2648891,12
Maris,18965131,9
John,18965131,21
Louise,18965131,0
Mateo,76403,13
Lola,76403,23
Blanca,76403,6
Vargas,76403,10
Claudio,76403,19
Joy,22611782,3
Dillon,1717731,2
Sophe,11893608,3
Garrick,11893608,9
Jennifer,11893608,3
Zoe,11893608,3
David,11893608,17
McFarland,234382,7
Carrie,234382,16
Elias,234382,23
Eric,234382,17
Nathan,234382,16
Nicole,234382,23
Brittany,234382,23
Benny,234382,3
Luce,234382,6
John,234382,17
Alex,234382,3
Oxford,8857538,21
Pennington,8857538,7
Caswell,8857538,15
Leek,8857538,23
Alice,8857538,9
Chalice,8857538,21
Sara,8857538,6
Christie,32211779,0
Rayns,32211779,20
Pushpakumara,32211779,8
Andretti,2405382,11
Bishop,2405382,2
Coote,2405382,1
Alibrandi,2405382,9
Josie,2405382,21
Carly,2405382,3
Barton,2405382,12
Will,3722586,21
Pupman,3722586,3
Victor,3722586,4
Chuckie,3722586,13
Browning,3722586,22
DeSota,3722586,1
Conrad,3722586,22
Queen,893561,8
Isabella,893561,5
Columbus,893561,6
Cesare,97740,13
Malcom,97740,0
Diana,97740,3
Bridges,97740,20
Miles,97740,4
Romita,97740,1
Robert,97740,2
Scott,97740,24
Negishi,17471669,17
II,17471669,9
Krauser,17471669,9
Dharmarajan,35764906,5
Tarzan,35764906,14
Gowri,35764906,21
Menon,35764906,8
Antony,35764906,16
Aadhityan,35764906,21
Trish,695227,23
Varden,695227,21
Murtaugh,695227,17
Rika,695227,4
Vorstedt,695227,6
Haas,695227,24
Getz,695227,4
Riggs,695227,3
Stevenson,6045886,15
Johnson,6045886,18
Braden,6045886,2
Indira,12244820,2
Moda,12244820,8
Mohan,12244820,2
Roshan,32076460,5
Khelte,32076460,11
Wahab,32076460,5
Chakraborty,32076460,5
Amma,28104226,17
Veera,28104226,3
Arjun,28104226,5
Sukanya,28104226,3
Samar,28104226,4
Vijay,28104226,17
Arthur,21312540,11
Welch,21312540,9
Chaplin,31801851,18
Talwar,31801851,9
Kapoor,31801851,11
Satake,18701047,23
Amamiya,18701047,21
Akiko,18701047,20
Hiroshi,18701047,12
Shuichi,18701047,21
Tokiko,18701047,6
Daisy,11020848,3
Cupid,11020848,7
Casbah,11020848,3
Francis,30408196,3
Marie,30408196,6
Nicolas,30408196,21
Maggie,13364284,6
Chrissy,13364284,11
Ben,13364284,2
Mike,13364284,8
Carol,13364284,19
Nina,13760378,2
Malair,13760378,21
Coline,13760378,20
Louis,13760378,21
Gloria,32901953,15
Ivan,32901953,12
Mauro,32901953,15
Vincente,32901953,10
Taylor,24374818,23
Rachel,24374818,21
Woody,20518252,6
Moe,14736812,17
Larry,14736812,17
Maurer,14736812,13
Link,14736812,9
Fritton,22635683,17
Celia,22635683,2
Pomfrey,22635683,17
Shakespeare,22635683,20
Thwaites,22635683,14
Piers,22635683,24
Vanni,24348047,4
Jenny,2296541,2
Garland,2296541,7
Bowman,2296541,10
Sarah,20937181,3
Sheryl,20937181,3
Michael,20937181,22
Forester,20937181,19
Ida,20937181,6
Clyde,20937181,6
Mike,20937181,3
Jill,33244835,8
Singh,11253503,7
Jessica,2010889,4
Ralph,2010889,21
Becky,2010889,6
Newton,2010889,3
Gwen,2010889,3
Duncle,2010889,13
Mary,2010889,21
Davis,2010889,3
Conklin,2582748,16
Camilla,3653877,21
Magnus,35955222,18
Salter,10838472,8
McClain,10838472,8
Amy,3358393,13
Molly,3358393,1
Nina,3358393,24
Randy,3358393,8
Marshall,3358393,15
Townsend,3358393,20
Connolly,3358393,4
Jim,3358393,8
Edward,3358393,1
Doris,3358393,8
Adam,3358393,23
Scott,3358393,3
Malcolm,3358393,6
III,7490614,20
Tom,35928384,17
Anya,35928384,21
Jasney,2723452,0
Beezly,2723452,11
Kim,2723452,3
Chasen,15007612,22
Monti,15007612,11
Bannerman,15007612,22
Carlotta,15007612,6
Ginsberg,28802682,11
Julia,25751187,16
Sheela,9308623,6
Archana,9308623,21
Karthik,9308623,21
Viji,9308623,2
Ananthakrishnan,9308623,13
Vidyasagar,9308623,9
Laura,22322199,17
Diane,22322199,11
Jason,22322199,16
Noah,22322199,16
Davis,22322199,4
Katie,333492,8
Simms,333492,6
Davenport,333492,15
Luke,333492,3
Bono,333492,11
Woods,333492,6
Morton,333492,22
Rob,333492,4
Malan,3471159,19
Whitfield,3471159,18
Darbie,12133251,14
Merle,12133251,17
Gunter,12133251,11
Tiffany,12133251,3
Eva,12133251,6
Pressly,12133251,2
Gerd,12133251,4
Dieter,12133251,12
Tony,1684625,3
Levy,1684625,9
Stacy,1684625,21
Adams,1684625,20
Alva,1684625,20
Burks,1684625,24
Engblom,1684625,8
Skip,1684625,21
Sid,1684625,4
Peralta,1684625,9
Chin,3538462,4
Zhen,3538462,6
Pao,3538462,4
Khan,6739637,4
Chautala,6739637,0
Sharma,6739637,5
Naik,6739637,22
Kerketa,6739637,8
Ralte,6739637,13
Chauhan,6739637,3
Krishnaji,6739637,9
Kaur,6739637,21
Bindia,6739637,21
Zimik,6739637,1
Singh,6739637,0
Sabarwal,6739637,5
Tripathi,6739637,6
Dispotta,6739637,1
Hoffmann,2838499,18
Mengele,2838499,6
Muhsfeldt,2838499,23
Abramowics,2838499,17
Nyiszli,2838499,6
Hoffman,2838499,0
Izek,31910060,24
Aline,31910060,19
Stackhouse,17661373,5
Ollie,5467648,3
Stan,5467648,24
Sabina,9437888,3
Vince,9437888,6
Marco,9437888,24
Abby,9437888,6
Samuel,9437888,1
Metzler,23819012,11
Barlsman,23819012,8
Orihara,23819012,18
Gouri,23819012,17
Iriya,23819012,5
Kodai,23819012,16
Miyuki,23819012,3
Sanada,23819012,6
Pascal,23819012,16
Yuki,23819012,5
Liggett,3598416,9
Kaufman,3598416,10
Walter,3598416,7
Donner,3598416,7
Kritzer,3598416,22
Kyne,3598416,14
Mobley,3598416,18
Loving,3598416,18
Nancy,3598416,1
Griffith,3598416,18
Yeong-jin,5221392,4
Dog,23013668,3
Tosh,23013668,21
Geo,23013668,3
Sloan,5688616,17
Polly,5688616,21
Austin,5688616,7
LeMoyne,5688616,12
Sullivan,5688616,3
Gabby,5688616,6
Pringle,5688616,19
Susie,5688616,23
Vicky,8844071,15
Bharadwaj,8844071,12
Rita,8844071,2
Bhalla,8844071,13
Suman,8844071,21
Arjun,8844071,21
Yodhraj,8844071,3
Sen,8844071,9
Vikram,8844071,19
Bhardwaj,8844071,2
Ajit,8844071,8
Vega,14469100,22
Susan,14469100,21
Shark,14143579,22
Mudd,14143579,24
Edwards,14143579,11
Ramsay,14143579,7
Joyce,14143579,13
Albright,14143579,15
Adam,34914699,10
Danny,23299382,24
White,23299382,11
Phil,23299382,21
Lianne,31357325,3
God,31357325,12
Lessor,31357325,20
Elissa,31357325,3
Jamie,31357325,21
Fudd,3893827,3
Milland,3893827,18
Sinatra,3893827,24
Carmen,3893827,11
Miranda,3893827,18
Elmer,3893827,3
Bogart,3893827,3
Marx,3893827,23
Canta,28960734,23
Christ,28960734,12
Beth,28960734,9
Julian,28960734,23
Dad,28960734,3
Benny,28960734,15
McGill,28960734,3
Brother,28960734,18
Harry,6696498,8
Donnelly,6696498,6
Christine,6696498,22
Spike,6696498,8
Flakers,6696498,22
Secombe,6696498,0
Taro,6708534,2
Barney,6708534,24
Chavez,6708534,20
Gelder,6708534,2
Longridge,22591470,13
Gokaioh,32381897,16
Striker,32381897,18
Red,32381897,12
Galleon,32381897,24
Ikari,32381897,2
Abrella,32381897,11
Tiger,32381897,24
Rex,32381897,1
Sharada,19149088,21
Rangaraj,19149088,13
Sashi,19149088,3
Anu,19149088,13
Yuxiang,30272395,1
Fei,30272395,10
Yangsheng,30272395,1
Ali,26183012,23
Elif,26183012,24
Yakup,26183012,17
Gibbons,16890025,19
Rabinowitz,16890025,19
Robbins,16890025,9
Joey,16890025,14
Tan,7194759,2
Challenger,13281130,6
Thomas,13281130,15
Summerlee,13281130,17
White,13281130,17
Djena,13281130,17
Roxton,13281130,6
Nerman,13281130,9
Perreault,13281130,1
Myar,13281130,17
Amanda,13281130,5
Malone,13281130,20
Joan,1801280,3
Megan,1801280,15
Latham,1801280,15
Larry,1801280,20
Keaton,1801280,15
Jack,1801280,3
Garr,1801280,5
Caroline,1801280,3
Stan,1801280,20
Butler,1801280,8
Richardson,1801280,3
Jarrett,103018,24
Corkle,103018,18
Pendleton,103018,17
Jordan,103018,7
Farnsworth,103018,4
Joe,103018,2
Logan,103018,14
Betty,103018,19
Julia,103018,14
Abbott,103018,4
Guixiang,21593269,21
Mariana,22657757,15
Luli,22657757,7
Fernando,22657757,5
Steele,16703049,23
Melissa,16703049,15
Cooper,2540490,24
Jenkins,2540490,5
Yeo,2540490,9
Moore,24197202,11
Maigret,22716058,4
Radek,22716058,12
Kirby,22716058,0
Bhatnagar,6060780,6
Khan,6060780,0
Romeo,6060780,4
Singh,6060780,18
Puri,32171599,18
Kapoor,32171599,0
Chakraborty,32171599,5
Aman,32171599,5
Carlson,6436552,5
Sonny,23738488,23
Francis,23738488,21
Tracy,15290838,24
Chi-Chung,15290838,18
Tin-Hung,15290838,13
Yu,15290838,16
Soso,15290838,4
Ho-Lung,15290838,1
Tung,15290838,6
Wu,15290838,18
Louie,3986674,23
Elmer,3986674,6
Joe,15442575,9
Klams,15442575,9
Farina,15442575,23
Jackie,15442575,23
Rocco,28625636,4
Claire,28625636,9
Ruby,28625636,23
Shruti,34704683,21
Sruthi,34704683,16
Siva,34704683,2
Landau,2017575,18
Trina,73930,6
Zerkow,73930,8
Maria,73930,6
Fuller,73930,0
Hayes,73930,15
Macapa,73930,12
Cribbens,73930,10
Sieppe,73930,19
Baker,73930,15
McTeague,73930,6
Schouler,73930,6
Potter,73930,13
Nicks,5848001,1
Ray,5848001,1
Doe,5848001,23
Webb,5848001,16
John,5848001,23
Rosie,16780424,11
O'Grady,16780424,20
Panikker,23795974,12
Kumar,23795974,11
Anandabhairavi,23795974,10
Hope,2585223,6
Lucia,2585223,21
Dalglish,2585223,9
Burn,2585223,11
Dillon,2585223,13
Elena,2585223,2
Sylvester,11549218,3
Sha'ari,9186440,6
Hanum,9186440,6
June,9186440,15
Ram,18488743,2
Reddy,18488743,5
Anjali,18488743,6
Chhaya,6550500,11
Jill,555629,16
McClure,555629,3
Thatcher,555629,15
Fenderbaum,555629,20
Blake,555629,20
Foyt,555629,3
Prinzi,555629,24
Compton,555629,7
Finch,555629,18
Ellington,555629,16
Rivers,555629,13
Seymor,555629,13
Goldfarb,555629,24
Chan,555629,10
Jr.,555629,8
Glover,555629,11
Allison,555629,18
Bond,555629,21
Bradshaw,555629,10
Tillis,555629,9
Moore,555629,10
Marcie,555629,16
Farr,555629,20
Bose,8782644,10
Azad,8782644,20
Theko,8782644,20
Anindi,8782644,2
Babua,8782644,14
Anandi,8782644,14
Ravunni,24608710,22
Gopi,24608710,14
Kittu,24608710,21
Marthandavarmas,24608710,18
Lother,24608710,11
Manu,24608710,3
Khader,24608710,9
Antony,24608710,11
Mohanlal,24608710,11
Mary,24608710,11
Mammootty,24608710,11
Gomas,24608710,21
Sada,10062012,3
Abe,10062012,6
Weisser,10062012,5
Kochunni,27858885,20
Roberto,8470456,16
Marcelo,8470456,15
Aema,23386330,16
Taek-yi,5220792,15
Amarza,21512748,1
Hassan,21512748,16
Nandita,7468020,19
Amit,7468020,19
Williams,5148493,5
Langdon,5148493,3
Leonora,5148493,2
Alison,5148493,2
Penderton,5148493,3
Stu,5489126,12
Turner,5489126,14
Austin,5489126,24
Michaels,5489126,6
Hebner,5489126,22
Patterson,5489126,18
Helen,5489126,6
Hart,5489126,6
McMahon,5489126,17
Julie,5489126,19
Bischoff,5489126,15
Vicky,24731562,17
Burt,24731562,3
Joseph,24731562,17
Ruth,24731562,14
Isaac,24731562,6
Nahum,24731562,18
Malachai,24731562,6
Danny,1686031,3
Sam,1686031,3
Victoria,1686031,23
Bart,1686031,6
Dog,1686031,24
Lemak,32646373,0
Huang,32646373,18
K,32646373,19
Mark,2968661,5
Simon,2968661,23
Proudfoot,29201788,11
Jaan,1592832,15
Khan,1592832,12
doston,1592832,21
Ali,1592832,19
Sultan,1592832,11
Amiran,1592832,12
Saunders,1605358,3
Vance,1605358,3
Bellwood,1605358,6
Mogador,1605358,23
Sayers,1605358,17
Leybourne,1605358,14
Pinki,5073426,19
Nomakhaya,5073426,6
Nkomo,5073426,3
Carmen,5073426,3
Jongikhaya,5073426,23
Amanda,5073426,23
Gantana,5073426,4
Margie,26054640,21
Tenor,26054640,11
Fontayne,26054640,3
Roy,26054640,15
Hornsdale,26054640,4
Palmer,26054640,4
Green,26054640,15
Nagar,29154165,7
Donnie,13860081,17
Bishop,13860081,22
Squires,13860081,17
Hollister,13860081,3
Courtney,13860081,4
Richter,13860081,17
Brant,13860081,21
Scott,13860081,22
Mueller,13860081,17
Phipps,13860081,1
Sadie,17115584,22
Charley,17115584,18
Henri,6821816,8
Tournier,6821816,21
Maggy,6821816,11
Bernard,6821816,8
Balo,24987329,15
Lucy,24987329,3
Rammaendelo,24987329,13
Romilda,24987329,19
Broadhurst,24987329,8
Mathurin,24987329,2
Clarisse,24987329,13
Joseph,24987329,5
Pierre,24987329,6
Barbara,923518,11
Matilda,923518,13
Horace,923518,8
Hemingway,923518,12
Jimmy,923518,5
Higgens,923518,8
Mabel,923518,16
Ounce,923518,19
Nie,3659082,11
Monty,3659082,21
Lin,3659082,1
Jin-Hee,3659082,11
Wen,3659082,9
Sun,3659082,21
Jian-dong,3659082,8
Janet,7882235,6
Missy,7882235,2
Wetherhold,7882235,1
Lawrence,7882235,21
Hartigan,7882235,13
Chuck,7882235,6
James,7882235,21
Kumaran,31675943,20
Bharathi,31675943,10
Skyler,27658890,14
Vika,27658890,7
Sergei,27658890,17
Natalie,27658890,6
Ben,27658890,13
Anne,27658890,3
Sean,27658890,3
Pierson,15791592,19
Olsen,15791592,5
Louise,15791592,21
Crane,15791592,7
Morton,15791592,8
Tomonosuke,5662631,19
Doro,5662631,14
Sarayashiki,5662631,15
Taketsune,5662631,24
Okiku,5662631,3
Katsumoto,5662631,1
Tessan,5662631,14
Kabuki,5662631,19
Tetsuzan,5662631,17
Pai,32036090,9
Lui,32036090,13
Ming,32036090,16
Wilson,31487737,6
Laura,31487737,3
Nestor,31487737,22
Ulrich,19942408,12
Linden,19942408,16
Anna,19942408,14
Land,19942408,1
Ben,19942408,16
Destinn,27947113,24
Magarri,8078282,24
Fletcher,8078282,17
Carney,8078282,17
Sarah,8078282,6
Dutton,8078282,0
Ashley,8078282,8
Darwin,8078282,17
George,8078282,0
Thompson,8078282,11
Nullah,8078282,6
Hyde,3672796,3
Enfield,3672796,18
George,3672796,9
Gina,3672796,23
Millicent,3672796,23
Jekyll,3672796,3
Carew,3672796,13
Lanyon,3672796,16
Poole,3672796,6
Loughlin,34411116,19
Catalano,34411116,10
Kate,34411116,6
Luci,34411116,11
King,34411116,9
Majid,32631108,2
Rahul,32631108,17
Menon,32631108,3
Charlie,32631108,6
Camilla,32631108,3
Fajt,13870077,22
Milo,13870077,2
Jana,13870077,14
Bla,13870077,3
Fajolo,13870077,16
Pogue,13870077,12
Katutu,34953366,15
Pike,3899170,3
Schack,3899170,17
Eisenhower,3899170,20
Ernst,3899170,2
Elsa,3899170,13
Hedler,3899170,3
Gerber,3899170,6
Delacroy,6470956,1
Dobbs,6470956,3
Kellogg,6470956,0
Menken,6470956,20
Eleanor,6470956,3
Hemmings,6470956,9
Mills,6470956,0
Green,6470956,20
Tom,28177009,4
Nicole,28177009,23
Marilyn,28177009,3
Jared,28177009,3
Jesse,28177009,24
Winnebago,28177009,16
Scotty,28177009,6
Bassi,8802748,19
Vogel,8802748,18
Moore,8802748,14
Chandran,5974420,22
Suryan,5974420,1
Malli,3864619,12
Monu,3864619,15
Dora,28126186,14
Robert,28126186,17
Leo,20181491,11
Warner,20181491,9
Attar,20181491,20
Pericles,20181491,10
Ari,20181491,14
Thade,20181491,20
Oberon,20181491,23
Semos,20181491,13
Sandar,20181491,16
Calima,20181491,23
Davidson,20181491,3
McCord,4021176,0
Darren,4021176,17
Tyler,4021176,15
Emily,4021176,4
Binder,4021176,0
Foss,4021176,3
Carla,4021176,23
Hallmark,4021176,17
Nuno,29055439,9
Kazami,22885135,17
Taichi,22885135,7
Mikawa,22885135,22
Ito,22885135,4
Uesugi,22885135,16
Hikage,22885135,24
Kotone,22885135,8
Takeda,22885135,4
Mai,22885135,10
Shiranui,22885135,17
Yoki,22885135,4
Miko,22885135,8
Marou,22885135,3
Kikuga,22885135,13
Ho,19399172,19
Meimei,19399172,21
Mardar,19399172,3
Moudan,19399172,13
Belinha,2528686,19
Ayres,2528686,6
Honey,2528686,21
Bond,2528686,17
Hales,2528686,5
Astaire,2528686,8
Julio,2528686,2
Elena,2528686,6
Roberts,23566188,17
Laura,23566188,17
Rita,23566188,1
Golgo,23566188,17
Bragan,23566188,17
Dawson,23566188,6
Pablo,23566188,17
Hans,31322688,19
lez,5379725,18
Bardem,5379725,13
Chathurani,22141357,11
Soma,22141357,2
Abeywickrema,22141357,14
Pattiarachchi,22141357,16
Jinadasa,22141357,16
Nimal,22141357,12
Podmini,22141357,4
Liyanage,22141357,19
Kusum,22141357,21
Samaraweera,22141357,7
Wakista,22141357,7
Satharasinghe,22141357,21
Brady,3371225,19
Sam,3371225,21
Valerie,3371225,9
Bobby,3371225,17
Marcia,3371225,11
Peter,3371225,12
Cindy,3371225,14
Carol,3371225,3
Wally,3371225,6
Mike,3371225,21
Alice,3371225,20
Nora,3371225,21
Phillip,3371225,17
XIV,18629672,24
Peyrac,18629672,5
Angelique,18629672,16
Casanova,19937593,23
Jacomo,19937593,24
Letty,11594636,3
Haney,11594636,9
Jerry,11594636,6
Lynton,11594636,9
Miranda,11594636,4
Emile,11594636,3
Renaul,11594636,12
Darrow,11594636,12
Jill,21868051,3
Sanders,21868051,19
Wendy,21868051,13
Warden,21868051,4
Wells,21868051,4
Brian,21868051,1
Bill,21868051,6
Carol,21868051,6
Latimer,24427315,24
Ramondi,24427315,24
Jean,24427315,23
Luis,4951212,6
Sergio,4951212,6
Carlos,4951212,3
Don,4951212,3
Roque,4951212,3
Humberto,4951212,13
Hidalgo,4951212,8
Graciela,4951212,6
Jorge,4951212,17
Alicia,4951212,3
Kendall,689948,9
Marlowe,689948,16
Hunter,689948,4
Lukey,689948,21
Secord,689948,1
Abhay,23223470,6
Alisha,23223470,21
Varun,23223470,23
Singh,23223470,22
Sanghvi,23223470,1
Siddharth,23223470,7
Michael,6124520,10
Conway,6124520,18
Sorenson,6124520,21
Turner,15871827,21
Cunningham,29650834,7
Villar,29650834,11
Weston,29650834,6
Frost,29650834,6
Kiefer,29650834,17
Moreau,29650834,13
Keller,29650834,17
Whitford,29650834,10
Ana,29650834,5
Linklater,29650834,17
Barlow,29650834,17
Vargas,29650834,17
Wade,29650834,11
Lambert,3183403,19
Gwennie,12075531,23
Strathpeffer,12075531,13
Seaton,12075531,0
Margery,12075531,16
Tidmarsh,12075531,21
Gilwattle,12075531,4
Sunderlin,33521974,11
Bolding,33521974,16
Elliot,33521974,15
Kennerly,33521974,23
Hogg,33521974,21
Brolo,33521974,17
Richard,9979687,7
Risha,9979687,3
Evjzen,9979687,21
Marcela,9979687,3
Jarda,9979687,4
Martins,9979687,24
Morris,2220448,20
Beau,32867956,11
Ian,32867956,3
Jenna,32867956,3
Jamie,32867956,20
Renee,32867956,21
Wade,32867956,13
Zack,5754330,3
Ashley,5754330,3
Kate,5754330,3
Stanley,5754330,3
Vicky,5754330,17
Simon,5754330,6
Roison,29195939,22
Jackson,29195939,3
Siobhan,29195939,3
Niamh,29195939,3
Rory,29195939,21
Sean,29195939,6
Doc,29195939,6
Dolannes,17861797,6
Harper,10890538,1
Mario,10890538,14
Yuki,10890538,6
Sultenfuss,710906,22
Harry,710906,8
Ball,710906,23
DeVoto,710906,12
Nick,710906,15
Vada,710906,21
J.,710906,18
Phil,710906,16
Seth,8370509,1
Jan,13126825,18
Berry,13126825,22
Keith,11933253,15
Barb,11933253,23
Shatner,11933253,20
Darrow,11933253,19
Jody,515217,3
Chavez,515217,1
Vance,515217,19
Russell,515217,11
Denise,515217,3
Rosa,515217,4
Remy,515217,23
Stockle,515217,6
Lou,515217,17
Royce-Graf,515217,3
Amici,515217,14
Plaza,515217,10
Miles,515217,20
Eastwood,515217,20
Sal,515217,16
Joad,515217,6
Royce,515217,21
Corry,515217,21
Quade,515217,14
Graff,515217,3
Marshall,515217,20
Gabor,515217,8
Adams,515217,13
Slade,515217,23
Lou,8947600,4
Pillai,21936886,1
Tharakan,21936886,8
Kuruppu,21936886,1
Seetha,8988995,8
Kanakayya,8988995,24
Devudu,8988995,11
Bangari,8988995,7
Stroszek,11445288,23
Ara,26359275,12
Jahan,26359275,21
Mirza,26359275,14
Changezi,26359275,6
Mahal,26359275,2
Gundappaswami,19353888,6
Ram,19353888,14
Avtar,19353888,6
Sangeeta,19353888,2
Jane,2278187,21
Michelle,2278187,16
Roy,2278187,3
C.B.,2278187,23
Honda,2278187,15
Mimi,2278187,20
Robert,2278187,21
Tompkins,2278187,2
Dorothy,2278187,3
David,2278187,13
Beda,13699908,24
Venus,13699908,4
Bandito,13699908,19
Lom,13699908,5
Kelly,5145148,14
Cobb,5145148,21
Burke,5145148,1
Archer,633855,24
Hart,633855,6
Scott,633855,17
Visser,633855,17
Bedford,633855,17
McNamara,633855,14
Fahai,30574080,3
Ren,30574080,21
Susu,30574080,3
Garrett,55601,17
Winship,55601,7
Tassel,55601,8
Phillipse,55601,18
Jonathan,55601,17
Crane,55601,22
Masbath,55601,18
Katrina,55601,13
Bruce,3183207,6
Rossen,3183207,9
Clay,20674415,5
Linda,20674415,8
Walter,20674415,21
Gloria,20674415,7
Annie,20674415,15
Gagamboy,5384210,17
Ipisman,5384210,23
Dodoy,5384210,6
Liana,5384210,8
Studio,7094942,16
Boop,7094942,4
Bimbo,7094942,5
Ankur,18206094,11
Robin,18206094,0
Dutt,18206094,5
Rimli,18206094,23
Zindabaad,6471697,14
Shehzada,6471697,16
Baba,6471697,8
Khan,6471697,23
Ajooba,6471697,24
Malika,6471697,2
Ali,6471697,14
Sultan,6471697,23
Vazir,6471697,14
Hasan,6471697,10
Arden,1029087,0
Azura,1029087,5
Zarkov,1029087,16
Joan,30865082,6
Glen,30865082,3
Tiffany,30865082,3
Stan,30865082,23
Jennifer,30865082,9
Gardner,30865082,8
Waters,30865082,24
Jesse,30865082,8
Boyd,30865082,22
Redman,30865082,21
Spears,30865082,9
Tilly,30865082,3
Chucky,30865082,3
Glenda,30865082,13
Turner,4711699,22
Simpson,4711699,23
Page,4711699,6
Hensen,4711699,15
Cindy,4711699,6
Sheen,4711699,18
Styne,4711699,9
Ryan,4711699,6
Bonnie,22833569,3
Collins,22833569,19
Dice,22833569,13
Kay,22833569,6
Cusack,22833569,21
Laurie,22833569,3
Bobo,22833569,4
Yamanaka,6173832,12
Michiyo,13775574,18
Takako,13775574,3
Hideo,13775574,3
Ceneri,32944067,6
Macari,32944067,8
Vaughan,32944067,18
Anthony,32944067,17
Garibaldi,32944067,7
Pauline,32944067,21
Thamizharasi,19486539,15
Chelladurai,19486539,1
Rao,19486539,21
Jothi,19486539,14
Tim,5735467,24
Collins,5735467,1
Jenn,5735467,13
Carol,5735467,6
Malone,5735467,3
Marti,5735467,17
Andy,5735467,3
Platt,5735467,18
Martin,14640430,21
Nick,14640430,15
Trudie,14640430,6
Trevethyn,3793519,23
Grace,3793519,18
Toe,20756695,6
Loogie,20756695,21
Stacey,20756695,23
Mr.,20756695,21
Noseworthy,20756695,7
Box,20756695,4
Black,20756695,3
Thompson,20756695,21
Cole,20756695,3
Pandit,29472242,22
Agnihotri,29472242,5
Chakraborty,29472242,5
Justy,5815321,3
Kaizard,5815321,17
Astaris,5815321,4
Flarestar,5815321,0
Vega,5815321,17
Navasky,158982,20
Kathleen,158982,3
Brinkley,158982,7
Patricia,158982,0
Fox,158982,14
Kelly,158982,15
Annabel,158982,12
Frank,158982,13
George,158982,16
Joe,158982,6
Adams,158982,17
Kevin,158982,4
Christina,158982,3
Slicker,8114232,23
Collins,8114232,17
Gregory,8114232,15
Herbie,8114232,23
Hunter,8114232,10
Sylvia,8114232,8
Brown,8114232,23
Bill,8114232,12
Gong,16175260,21
Cheung,16175260,3
Pardue,13882867,5
Richard,983692,21
Vanessa,983692,2
Vickie,983692,6
Matthew,983692,15
Ruthie,983692,19
Sybil,983692,3
Peggy,983692,3
Wilbur,983692,3
Hattie,983692,19
Alvie,7914630,0
Bernie,7914630,17
Reubens,7914630,13
Deane,666948,21
Stargher,666948,24
Novak,666948,16
Hamama,8050436,19
Joe,42225,14
Bob,42225,1
Stefano,7854762,3
Sebastian,7854762,7
Francesca,7854762,19
Lacho,27559995,20
Greenleaf,536009,17
MacCarron,536009,18
Dickie,536009,14
Marge,536009,13
Miles,536009,12
Logue,536009,1
Ripley,536009,21
Herbert,536009,22
Freddie,536009,6
Sherwood,536009,9
Smith-Kingsley,536009,10
Lynden,18794003,19
Bampo,18794003,9
Amedeo,18794003,3
Caesar,18794003,19
Marconi,18794003,24
Hill,18794003,24
Carmela,18794003,6
Giuseppe,18794003,23
Bartoni,18794003,24
Battipaglia,18794003,9
Giovanni,18794003,15
Rosalba,18794003,19
Kumar,3625574,2
Choudury,3625574,23
Sulekha,3625574,18
Sahab,3625574,20
Jagannath,11122768,16
Jaganath,11122768,17
Amar,11122768,4
Singh,11122768,24
Amarnath,11122768,23
Yamini,11122768,10
Sattar,31824067,15
Aishumma,31824067,18
Sulaiman,31824067,22
Abu,31824067,21
Chinna,25159111,21
Saravanan,25159111,23
Rajeshwari,25159111,2
Gayathri,25159111,9
Wolf,22803031,24
Granny,4360185,24
Bickerstaff,4360185,0
Rose,4360185,12
Slade,4360185,18
Tod,4360185,6
Feldman,8208607,22
Howell,8208607,7
Elliot,8208607,3
Gilligan,8208607,23
Missy,948608,2
Maureen,948608,6
Dennis,948608,4
Matthew,948608,6
Rob,948608,4
Sanders,948608,1
Abigail,948608,2
Court,948608,3
Billy,948608,2
Foster,948608,8
Trant,948608,3
Dani,948608,3
Kong,15688731,17
Laura,15688731,21
Bongo,15688731,4
Renato,15688731,0
Sarala,31632714,21
Pillai,31632714,15
Ray,1665678,15
Bethany,1665678,23
Evangeline,1665678,23
Kareenah,1665678,23
Jacqui,1665678,23
Eva,1665678,6
Adams,1665678,6
Sam,30723003,3
Scarecrow,30723003,3
Jacob,30723003,3
Prince,18979350,13
Cinderella,18979350,21
Javi,12985644,24
C.C.,12985644,10
Rob,12985644,24
Reuben,27361692,18
Carruthers,1388289,2
Keys,1388289,17
Sawyer,1388289,19
Julie,1388289,17
Yee,26113897,7
Joe,26113897,6
Ching,26113897,8
Ken,26113897,1
Tremain,5877549,1
Lapham,5877549,7
Revere,5877549,15
Janet,2324980,2
Linda,2324980,6
Mark,2324980,15
Forchet,2324980,3
Rane,2324980,3
Melio,2324980,17
Vohden,2324980,6
Lopez,2324980,17
Cliff,2324980,16
Witzland,1040736,3
Irina,1040736,3
Otto,1040736,17
Haller,1040736,17
Musk,1040736,6
Kolya,1040736,4
Rohleder,1040736,4
Dawood,19898489,21
Ravi,19898489,5
Pyar,19898489,9
Kar,19898489,3
Kamal,19898489,8
Poonam,19898489,21
Seth,19898489,18
Delgado,11779733,22
Ashe,11779733,15
Rachel,11779733,3
Chloe,11779733,4
Heiress,11779733,0
Presley,9932614,9
Elvis,9932614,3
Xu,2097096,22
Sha,2097096,1
Davis,2097096,4
Balint,1602002,18
Danielsen,1602002,21
Linda,1602002,23
Drake,1602002,3
Guy,1602002,2
Moebius,1602002,22
Isaac,1602002,23
Daniel,1602002,6
Stuart,1602002,21
Miriam,1602002,21
God,1602002,8
Manzetti,1602002,5
Nadelman,1602002,13
Zampf,1602002,14
Carla,1602002,13
Arcane,5929445,18
Linda,5929445,23
Holland,5929445,3
Sreedevi,31155456,2
Vikram,31155456,2
Jayadevan,31155456,13
Ji-hye,4687991,6
Tae-soo,4687991,14
Hansen,24367532,10
Moore,24367532,10
Gigante,11167,14
Solan,11167,4
Blodstrupmoen,11167,18
Ludvig,11167,12
Felgen,11167,8
Reodor,11167,21
Gray,4907569,19
Dazhong,4907569,8
Lee,4907569,1
Quinshi,4907569,11
Chang,4907569,7
Wong,4907569,15
Bo,4907569,11
Ling,4907569,11
Yi,4907569,9
Tang,4907569,3
Fang,4907569,4
Burns,4907569,7
Zhili,4907569,7
Dai,4907569,11
Havisham,16586081,17
Tom,16586081,12
Ceddie,16586081,1
Cedric,16586081,23
Tipton,16586081,1
Ben,16586081,15
Errol,16586081,1
Minna,16586081,2
Sylvester,1296943,23
Baba,5777280,6
Mitter,5777280,7
Satya,5777280,6
Birinchi,5777280,19
Buchki,5777280,21
Nick,32246523,15
Anthony,32246523,1
Natalie,32246523,12
Alice,32246523,4
Bernard,32246523,17
Mrinalini,24467898,21
Gorgonzola,22644965,9
Rooy,22644965,20
Bob,22644965,3
Annie,22644965,2
Charlestons,28373747,20
Lester,28373747,24
Horky,28373747,11
Spheeris,28373747,17
Neil,28373747,10
Lakshmi,26963421,23
Nathan,26963421,14
Murthi,26963421,21
Meenakshi,26963421,14
Mohana,26963421,8
Ockmann,2903396,10
Webber,2903396,9
Ziegler,2903396,19
Mattie,2903396,23
Zeigler,2903396,17
Kyoraku,23491875,21
Ding,10206152,13
Aurora,10206152,23
Aaron,2501824,0
Hern,2501824,8
Smith,2501824,12
Kong,2501824,17
Nebraska,2501824,5
Saberhagen,2501824,20
Al,2501824,6
Lacy,2501824,17
Steve,2501824,23
Steinbrenner,2501824,0
Percolo,2501824,6
Huebner,24778221,21
Khan,24778221,22
Ellena,24778221,15
Hayworth,24778221,24
Butler,24778221,9
Giuliana,13164938,2
Marletti,13164938,20
Gombo,9005576,6
Sergei,9005576,16
Khan,9005576,7
Krabs,22553222,6
Sandy,22553222,2
Patrick,22553222,3
Daisy,3383952,10
Rowe,3383952,4
Wick,3383952,19
Jacobs,3383952,20
Valerie,3383952,16
Susanna,3383952,3
Owens,3383952,12
Polly,3383952,3
Clark,3383952,20
Georgina,3383952,6
Kaysen,3383952,1
Lisa,3383952,3
Stanley,4910570,13
Lewis,4910570,13
Juan,986974,19
Libia,986974,3
Ruth,986974,9
Sara,986974,2
Uribe,986974,2
Fernando,986974,24
David,986974,4
Elizando,986974,5
Franco,986974,1
Bernando,986974,6
Montes,986974,22
Reyes,986974,16
Elizondo,986974,7
Driscoll,11337966,11
Burnell,11337966,13
Nicole,11337966,6
Stephens,11337966,23
Richard,2821645,3
Sharon,2821645,16
Stenley,2821645,6
Estelle,2821645,15
Stanley,2821645,3
King,2821645,6
Iris,2821645,3
Belge,13811386,17
Massina,13811386,13
Nicole,13811386,3
Petrovic,13811386,17
Dede,13811386,17
Gordon,32943555,6
Roven,17175592,4
Mala,17175592,16
Stanton,17175592,4
Venus,17175592,18
Cox,17175592,20
Senn,17175592,23
Brannon,22275671,3
Walker,22275671,24
Kathy,4343386,3
Tom,4343386,8
Emily,4343386,6
Elliot,4343386,17
Kumar,11535972,21
Bansi,11535972,24
Letha,1722134,19
Tony,1722134,5
Yokomoto,1722134,7
Tia,1722134,14
Ben,1722134,16
Gannon,1722134,22
Tilly,21215095,0
Bassett,21215095,13
Mary,21215095,5
Demarest,20811776,1
Ahk,20811776,17
Kyaku,27676247,16
Ryu,27676247,24
Tatsumaki,27676247,21
Aarti,25860737,3
Avi,25860737,6
Tarun,25860737,13
Sonia,25860737,3
Ames,32288355,8
Sumners,32288355,6
Carroll,32288355,19
Mildred,11021037,5
Bronson,11021037,10
Carter,11021037,14
Bart,11021037,21
Peggy,11021037,2
Margaret,11021037,14
Bardelys,6851757,3
Roxalanne,6851757,23
Lavedan,6851757,24
Lesperon,6851757,23
Verner,1721255,21
Mara,1721255,21
Alan,1721255,17
Jill,1721255,3
McGowan,1721255,13
Susan,1721255,11
David,1721255,13
Hitler,34974233,1
Anna,34974233,7
Quangel,34974233,21
Luis,9652391,16
Goff,9652391,8
Rick,9652391,14
Garvey,9652391,12
Pat,9652391,3
O'Malley,9652391,8
Monterez,9652391,13
Tonio,5975925,21
Alamos,5975925,23
Palkia,5975925,3
Brock,5975925,6
Alberto,5975925,12
Dialga,5975925,3
Lickilicky,5975925,17
chase,5975925,3
Darkrai,5975925,23
Pikachu,5975925,4
Baron,5975925,17
Alice,5975925,3
Godey,5975925,4
Roelitz,3862631,12
Mason,3862631,16
Vidal,3862631,9
Kroeger,3862631,1
Wilkins,3862631,11
Louis,3862631,21
May,3862631,18
Cabot,3862631,13
Melanie,3862631,3
Coombes,3168490,7
Holt,3168490,9
Brubaker,3168490,1
Sarver,3168490,9
Murton,3168490,18
Bullen,3168490,8
Kennedy,16681204,11
Nixon,16681204,7
Gillespie,28223375,6
Mike,34623319,0
Donato,34623319,21
Singh,34501652,9
Geeta,26009166,6
Daboo,26009166,6
Pritam,26009166,21
Madhav,26009166,6
Vasooli,26009166,24
Chopra,26009166,0
Gopal,26009166,6
Laxman,26009166,5
Pappi,26009166,3
Zipper,3020167,15
Dee,3020167,9
Frankie,3020167,14
Ricky,3020167,23
Cassandra,3020167,19
McGee,13633284,20
Christine,13633284,10
Gilles,13633284,3
Assayas,13633284,16
Joplin,13633284,22
Michael,30332673,21
Sophie,30332673,19
Andy,30332673,18
Panday,2511288,23
Flavio,2511288,15
Lizardo,2511288,16
Jonathan,16091743,6
Seagull,16091743,5
Mustaine,1134216,11
Ulrich,1134216,6
Megadeth,1134216,8
Trujillo,1134216,13
Newsted,1134216,16
Towle,1134216,4
Hammett,1134216,6
Burton,1134216,20
Kirk,1134216,5
Metallica,1134216,16
Caulder,1931788,17
Price,1931788,11
Bertha,25284964,22
Jory,25284964,10
Rusty,25284964,7
Bart,25284964,22
Tess,25284964,10
Fredo,1637639,18
Jesus,19474401,12
Park,19474401,7
Paco,10200200,6
Trini,10200200,3
Duero,10200200,1
Gordo,10200200,16
Luisa,10200200,6
Resurreccion,20865573,20
Hercules,4219204,3
Iphicles,4219204,22
Amphitryon,4219204,17
King,4219204,6
Alcmene,4219204,3
Tiresias,4219204,4
Linus,4219204,3
Eurystheus,4219204,17
Deianeira,4219204,6
Iole,4219204,3
Mehra,33435792,0
Kolhapure,33435792,5
Chakraborty,33435792,5
Shelley,2480828,21
Adam,2480828,3
Ruthie,2480828,9
Kate,2480828,3
Melton,2480828,19
Lily,2480828,6
Dorothy,2480828,17
Paige,2480828,3
Tor,33542252,3
Tenkiller,33542252,10
Janna,33542252,22
Josh,33542252,0
Debbie,33542252,9
Denise,33542252,20
Leslie,33542252,3
Divya,24594251,6
Adi,24594251,13
Siddharth,24594251,3
McKenna,695780,18
Diamond,695780,11
Piscano,695780,4
Webb,695780,2
Amy,695780,4
Dominick,695780,15
Ginger,695780,6
Rothstein,695780,9
Santoro,695780,3
Roberts,695780,0
Sam,695780,3
Ward,695780,9
Marino,695780,0
Dominguez,35013866,24
Hassan,35013866,20
Cahill,18882688,3
Hobbs,18882688,13
Sam,5028914,21
Xuan,5028914,6
Hallyday,5028914,20
Maria,5028914,17
Ping,5028914,23
Clara,5028914,3
Hilde,5028914,3
Mary,5028914,17
Denys,5028914,6
Martha,13254122,16
Mary,13254122,24
Albright,2603956,16
Earp,2603956,0
Nzimande,34878688,14
Cloete,34878688,23
Buchan,34878688,2
Peters,34878688,11
Boy,34878688,20
Parvathi,12066052,21
Bhai,12066052,15
Sivaraman,12066052,17
Vakkachen,12066052,13
Shivaraman,12066052,21
Benoit,9109336,6
Toussaint,9109336,4
Amanda,9109336,16
Shaw,9109336,11
Evelyn,9179202,10
Bala,2213107,1
Srikanth,2213107,6
Sowmya,2213107,3
Meenu,2213107,3
Kandukondain,2213107,3
Chandrasekhar,2213107,0
Swaminathan,2213107,5
Varma,2213107,2
Manohar,2213107,14
Hunter,3025328,5
Joey,3025328,3
Todd,3025328,15
Fernandez,3025328,19
Pam,3025328,9
Spike,3025328,21
Caitlin,3025328,21
Jeremiah,3025328,9
Ryan,3025328,17
Erica,3025328,21
Campanelli,3025328,9
Dexter,3025328,19
Lucy,3025328,4
Pappadopoulos,3025328,22
Bronco,3025328,1
Tessa,3025328,6
Yvette,1704161,2
Collins,1704161,17
Mark,1704161,17
Sarah,1704161,15
Bill,1704161,0
Destoroyah,638809,17
Saegusa,638809,4
Junior,638809,17
Godzilla,638809,4
Yamane,638809,12
Ozawa,638809,10
Serizawa,638809,13
Ide,23470411,1
foreman,23470411,8
Nettie,23470411,8
Cawthorne,23470411,17
Hettie,23470411,4
Adams,23470411,18
Dillon,23470411,4
Zitz,14647588,7
Hickman,14647588,15
Valentino,14647588,5
Annie,14647588,2
Ray,23799090,18
Shige,5801192,3
Ingram,5801192,12
Kanuka,5801192,3
Matsui,5801192,18
Hoba,5801192,18
Shiba,5801192,19
Izumi,5801192,2
Shinohara,5801192,2
Gotoh,5801192,4
Winter,8862350,22
M,8862350,12
Lander,8862350,9
Beatrice,3112996,0
Erika,3112996,12
Jenkins,3112996,22
Luke,3112996,3
Stringer,3112996,7
Paterson,3112996,0
Irvine,3112996,3
Bruno,3112996,3
Helga,3112996,3
Brophy,33593483,20
Elmer,33593483,21
Mary,33593483,23
Singhania,3607757,4
Kamini,3607757,17
Don,3607757,3
D'Silva,3607757,4
Jasjit,3607757,6
Deepu,3607757,2
Vijay,3607757,21
Wolfie,32608236,9
Weslie,32608236,9
Wolnie,32608236,19
Allen,14734214,10
Norfleet,14734214,21
Mr.,14734214,10
Shemp,14734214,14
see,14734214,20
MacDonald,14734214,16
Moe,14734214,16
Larry,14734214,16
Mrs.,14734214,10
Fernando,8355891,5
Elisa,8355891,3
Jane,4618142,17
Patricia,4618142,17
Holder,4618142,3
Tom,4618142,3
Susanna,4618142,17
Lia,4618142,17
Kenny,4618142,24
Joe,4618142,17
Roger,4618142,17
Norma,4618142,5
Glenn,4618142,3
Bo,4618142,17
Morton,4618142,4
Carol,4618142,17
Hineini,22208658,14
Izen,22208658,9
Henry,7725236,19
Shirley,7725236,9
Terry,7725236,15
Taggart,7725236,12
Karen,7725236,22
Bosco,9627851,15
Matienzo,9627851,1
Condito,9627851,11
Piwowarski,9627851,11
Oves,9627851,11
Dumont,9627851,16
Blanco,9627851,9
Mendoza,9627851,2
Matthew,5823793,10
Sarah,5823793,14
Reeves,5823793,17
Trevanny,5823793,16
Luisa,5823793,19
Ripley,5823793,17
Garrett,19206054,14
Durand,19206054,11
Grant,14348806,0
Markham,14348806,9
Susan,14348806,21
Grieve,14348806,6
Novak,14348806,19
Collins,33114851,4
Hughes,33114851,10
Reynolds,33114851,8
Helen,33114851,8
Gerald,1597823,14
Marilyn,1597823,14
Sabina,25135132,2
Bronislaw,25135132,19
Babel,35013018,20
Pitt,35013018,21
Pasolini,35013018,5
Maher,35013018,6
Bheemudu,24104583,14
Pushkarams,24104583,14
Santhi,24104583,8
Rao,24104583,2
Ramudu,24104583,3
Singh,12232137,5
Sanjay,12232137,1
Hemalata,12232137,17
Grant,13501366,1
Harry,13501366,4
Molly,13501366,8
Bland,13501366,10
Champlin,27522599,20
Barrymore,27522599,11
Mike,27522599,6
Hershey,27522599,2
Andersen,32682655,16
George,5144523,24
Sally,5144523,3
Hannah,5144523,24
Hank,5144523,10
Murdock,2159529,17
Pryor,2159529,3
Patroni,2159529,14
Urias,2159529,6
Stacy,2159529,4
Baron,2159529,7
Freeman,2159529,15
Julio,2159529,15
Flora,3333,23
Ben,3333,4
Bowers,3333,16
Cameron,3333,4
Gus,3333,6
Lincoln,3333,2
Stokes,3333,0
Elsie,3333,3
Stoneman,3333,8
Dunning,3333,20
Lynch,3333,8
Griffith,3333,10
Roberts,897540,18
Simone,897540,11
Viktor,897540,13
Aleno,897540,16
Taransky,897540,5
Alice,35587321,13
Lewis,35587321,19
Mark,19200326,3
Gazoo,17653877,24
Woody,17653877,21
Diya,1897047,21
Arjun,1897047,23
Coulibaly,35004865,20
Ouedraogo,35004865,20
Wade,35004865,16
Achkar,35004865,9
Absa,35004865,3
Genval,35004573,0
Kadhir,31737602,23
Dakshinamoorthy,31737602,9
Ramaiah,31737602,18
Chidambaram,31737602,12
Murugan,31737602,15
Franz,11613486,21
Lena,11613486,4
Hofrat,11613486,12
Smith,11613486,1
Sloane,28372726,21
Laszlo,28372726,11
Hunter,28372726,21
Corman,28372726,19
Muriel,28372726,4
Carol,28372726,4
Arundhathi,26638643,15
Nidhi,26638643,14
Mohan,26638643,17
Manuel,26638643,19
see,7019130,2
D'Arcy,7019130,3
Connaught,7019130,3
McDermot,7019130,6
Dermot,7019130,3
O'Brien,7019130,21
Hogan,7019130,3
Lee,23974139,17
Baldwin,23974139,16
Smith,23974139,2
Daniels,23974139,12
James,23974139,17
Benson,23974139,17
Millhouse,23974139,9
Ann,23974139,13
Autry,23974139,4
Wilcox,2541511,14
Boylan,2541511,4
Nikki,12003939,23
Launa,12003939,4
Mason,12003939,10
Bosko,18456573,3
Gray,350847,13
Vickie,350847,6
Roy,350847,22
Dyer,350847,20
Pierce,350847,12
Grates,350847,14
Lelaina,350847,21
Troy,350847,21
Jewels,6881545,12
Flanigan,6881545,6
Robemsome,6881545,18
Floy,6881545,2
Diller,6881545,24
Nina,12764922,23
Janis,12764922,9
Tracey,12764922,21
Robert,12764922,4
Nelson,12764922,18
Simone,16255910,11
Michael,16255910,3
Kath,16255910,16
Stephanie,16255910,9
Anthea,16255910,13
Molly,441249,1
Fitzgerald,441249,23
Fitzcarraldo,441249,21
Caruso,441249,11
Simon,14935731,17
Emily,14935731,3
Krikst,14935731,4
Aviraj,34002759,6
Roy,34002759,7
Pooja,34002759,21
Swati,34002759,9
Nandini,34002759,6
Chatterjee,34002759,7
Marley,2712712,22
Cratchit,2712712,17
Warner,2712712,9
Carter,2712712,14
Scrooge,2712712,16
Pound,8543798,17
Elliot,8543798,8
Al,1995966,16
Stone,1995966,16
Greaver,10380023,13
Kady,10380023,3
Caine,10380023,20
Amanda,10380023,4
Lovett,10380023,2
Cliff,9834670,9
Hacker,15242784,8
Connelly,15242784,9
Emily,15242784,17
Marcato,15242784,4
George,15242784,3
Lee,15242784,23
Anderson,15242784,3
Tommy,15242784,3
Wiler,15242784,23
Susie,15242784,3
Foster,15242784,13
Ollie,5603632,6
Stan,5603632,15
Ollie,5603479,24
Stan,5603479,24
Puri,25211469,7
Ullah,25211469,10
Gandhi,25211469,21
Malhotra,25211469,0
Delany,23791169,2
Comstock,23791169,1
Sanger,23791169,19
Benson,7309894,2
Polly,7309894,23
Wilbur,7309894,13
James,7309894,17
Judith,24676396,6
Madona,24676396,6
Lili,24676396,13
Yasha,24676396,13
Zaza,24676396,3
Simon,24676396,6
Kumar,27049700,17
Lakshmiammal,27049700,16
Madhu,27049700,14
Mythili,27049700,13
Parvathi,27049700,16
Kannan,27049700,21
Uma,27049700,21
Anandan,27049700,13
Raghavan,27049700,4
Paramasivam,27049700,14
Anandam,27049700,18
Miyashita,25852932,11
Weisser,25852932,11
Murphy,958028,21
Palmer,958028,22
Kelly,958028,23
Corrine,958028,11
Manning,958028,10
Goat,15250411,23
Mathieu,15250411,14
Dietz,15250411,10
Magimel,3507894,11
Reda,3507894,11
II,3507894,17
Natta,3507894,2
Garten,3507894,11
Lee,3507894,9
Reno,3507894,12
Marie,3507894,23
White,22766241,23
Martin,22766241,18
Donovan,22766241,23
Duval,22766241,1
O'Hearn,22766241,17
Marchand,22766241,7
Ginger,22766241,6
Jaishankar,23169496,7
Shankar,23169496,3
Bond,23169496,0
Shaw,23169496,7
Vandermeer,15397651,18
McQuade,6980481,17
Jesse,6980481,3
Jack,6980481,16
Galloway,6980481,3
Pickens,1655618,5
Clark,1655618,5
Conway,1655618,15
Bixby,1655618,22
Morgan,1655618,22
Knotts,1655618,11
Savitri,24320136,1
Satyavan,24320136,8
Capablanca,24026813,9
Willows,17782369,21
Mickey,19800473,23
Wills,19800473,8
Serra,27628570,15
Pariksheet,17360238,21
Alpita,17360238,9
Jayesh,17360238,24
Murli,17360238,8
Parag,17360238,4
Aarti,17360238,2
Ronnie,17360238,8
Seema,17360238,8
Ballu,17360238,6
Karishma,17360238,8
Gupta,17360238,19
Singh,17360238,6
Bhavesh,17360238,23
Johnson,9200771,11
Uday,29689391,13
Chandu,29689391,3
Ritu,29689391,21
Sharma,29689391,19
Rao,29689391,24
Ali,29689391,14
Siri,29689391,21
Jenny,18279525,21
Prem,18279525,14
Rahul,18279525,12
Hudson,187103,1
Lester,187103,1
Irene,187103,17
Neves,187103,5
Myra,187103,6
Blaine,187103,11
Kurz,20700027,5
Hinterstoisser,20700027,9
Walrus,20533205,6
Woody,20533205,19
Woodpecker,20533205,12
Bharati,15101415,15
Ramayya,15101415,6
Hubbard,4094415,6
Iris,4094415,11
Mesmer,19481265,14
Dupin,5479998,6
L'Espanaye,5479998,21
Montani,5479998,15
Mirakle,5479998,13
Erik,5479998,6
Janos,5479998,17
Camille,5479998,3
Stanislas,19360121,24
Yvette,19360121,3
Milla,19360121,5
Gabby,1291589,3
Goat,1291589,17
Porky,1291589,3
Spike,1291589,21
Kenshin,2124881,24
Takeda,2124881,10
Shingen,2124881,0
Mamo,13035663,16
Hesho,13035663,22
Beatrice,33023017,7
Federico,33023017,14
Susanna,33023017,13
Marianna,33023017,11
Rico,4576677,6
Mitch,4576677,24
Harris,4576677,22
Jefferson,4576677,0
Sonny,4576677,6
Calvin,4576677,17
Lulu,4576677,0
Maruge,31727546,3
Jane,31727546,6
Mau,31727546,9
Feuer,31727546,5
Harding,31727546,7
Kipruto,31727546,13
Charles,31727546,6
Alfred,31727546,6
Humphrey,1005828,14
Harold,1005828,11
Green,1005828,24
Regina,13817306,9
Temistocles,13817306,7
Michael,13817306,19
Lewis,13817306,19
Annabelle,13817306,4
Muriel,12768840,10
Bernard,12768840,18
Alphonse,12768840,23
Daisy,877225,0
Dutton,877225,17
Stevens,877225,17
Lauren,877225,16
Erin,877225,3
Alex.,877225,2
John,877225,6
Alex,877225,3
Roberts,877225,0
Frederick,877225,16
Walsh,877225,17
Randall,877225,15
Perrault,10204889,12
Bluebeard,10204889,17
Melies,10204889,13
Ellen,1591891,3
Maggie,1591891,6
Kalinger,1591891,6
McNulty,1591891,6
Jr.,1591891,17
Daisy,287408,3
Joe,287408,3
Bunting,287408,3
Batgirl,35788656,24
Robin,35788656,17
Batman,35788656,17
Loretta,10183854,16
Lance,10183854,16
Howard,10183854,11
Myron,10183854,4
Yan,26063590,12
Bose,6161511,10
Raj,6161511,7
Anita,6161511,12
Bandodu,6161511,15
Diana,6161511,13
Ashok,6161511,6
Vogler,914406,15
Shizuma,914406,12
Barkley,23181793,2
Mary,23181793,9
Curtis,23181793,8
Christensen,3644898,14
Nusret,26482675,6
Davut,26482675,12
Oliver,5670572,23
Hertz,5670572,17
Rutledge,5670572,16
Smith,5670572,3
Donna,5670572,23
English,1077363,8
Cem,25781446,2
Kadri,25781446,12
Andreas,1760207,6
Anna,1760207,3
Winkelman,1760207,18
Eva,1760207,3
Bergman,1760207,16
Fuchs,15106016,8
Farrell,15106016,15
Bixby,15106016,24
Walker,15106016,24
Jumblat,15886417,2
Emilie,14706271,7
Spencer,14706271,3
George,5444284,0
Simon,5444284,6
Linda,5444284,6
Lenin,5444284,14
Dhoti,21884835,24
Mullick,21884835,20
Tomio,23714330,23
Harue,23714330,3
Kihachi,23714330,3
Jiro,23714330,3
Mawson,19417127,9
Paloma,32777848,19
Michel,32777848,16
Juan,11965354,14
Clara,11965354,3
Kellerman,11965354,2
Miguel,11965354,8
Valverde,11965354,8
Jorge,11965354,5
Aniruddha,10662963,13
Khan,10662963,7
Ranvijay,10662963,16
Tshabalala,27707376,16
Brydie,12626400,16
White,12626400,24
Krisenki,12626400,24
Mills,12626400,11
Mart,26640409,22
Kristel,26640409,16
Marti,26640409,23
Arlo,11357777,23
Ray,11357777,6
Shelley,11357777,10
Brock,11357777,21
Roger,11357777,12
Guthrie,11357777,6
Alice,11357777,3
Makesense,28947648,0
Terry,28947648,10
Rotunda,28947648,13
Lexa,28947648,18
Scrabble,28947648,16
Beatrice,19992131,8
Taylor,19992131,19
Paul,19992131,3
Eliot,19992131,3
Anna,19992131,3
Coleman,19992131,15
Bromide,19992131,0
Deacon,19992131,5
Broad,8427473,7
Nella,8427473,16
Fleming,8427473,20
Waite,8427473,12
Cliff,8427473,15
Arthur,22295160,20
Ormrod,22295160,21
Donoghue,22295160,14
Vinnie,22295160,13
Vicky,22295160,12
Kiernan,22295160,20
Morrissey,22295160,6
Nora,22295160,6
Krishna,29573383,15
Ali,4541280,3
Sheikh,4541280,23
Preety,4541280,2
Matondkar,7350134,23
Mara,7350134,24
Trisha,7350134,13
Uttam,7350134,24
Karan,7350134,15
Chaudhary,7350134,2
Gandhi,7350134,16
Dabas,7350134,10
Federico,6181084,18
Berg,6181084,1
Martin,1105412,6
Kinsey,1105412,3
Dostoyevsky,2332592,10
Jeanson,2332592,5
Verkhovensky,2332592,23
Moreno,22412095,10
Graves,22412095,22
Antoine,18490185,8
Ryan,35054529,10
Date,18323091,7
Tazawa,18323091,16
Toramaru,18323091,3
Akashi,18323091,18
Tsurugi,18323091,0
Momo,18323091,3
Matsuo,18323091,20
Erika,18323091,3
Edajima,18323091,6
Togashi,18323091,3
Otokojuku,18323091,9
Gogakuren,18323091,8
Gokukouji,18323091,3
Al,1338461,21
Chandra,35204251,16
Shyam,35204251,2
Wraith,35671368,15
Jampano,32581840,10
Tiffany,32581840,22
Andrew,32581840,10
Julie,32581840,19
Popeye,32581840,0
Anycall,32581840,6
Park,32581840,8
Lucy,2243769,21
Nelson,2243769,4
Sam,2243769,21
Mario,2243769,17
Abel,2243769,5
George,2243769,4
Crandall,2243769,22
Floyd,2243769,5
Fisher,2243769,5
Hardesty,2243769,22
Jara,30268530,24
Julia,30268530,21
Cyr,593184,14
Bickerman,593184,4
Scott,593184,0
Wells,593184,17
Delores,593184,13
Keough,593184,2
Geeta,30860806,8
Bindiya,30860806,8
Monica,30860806,6
Sikander,30860806,18
Amar,30860806,1
Anchal,30860806,8
Prem,30860806,22
Hitler,3769379,4
Jones,3769379,6
G,3769379,8
Gribbroek,3769379,9
Siegfried,3769379,15
Durante,3769379,12
Wallace,3769379,1
Costello,3769379,8
Stalin,3769379,14
Shirzad,20605305,23
Shirzai,20605305,0
Waitt,18811245,14
Sands,6219956,21
Ray,6219956,11
Quinn,6219956,7
Angel,6219956,6
Kovich,6219956,18
Zach,6219956,3
Russell,6219956,21
Susie,6219956,6
Teri,6219956,21
Cooper,21281676,21
Sona,5760732,23
Krishna,5760732,20
Karan,5760732,6
Raghu,5760732,15
Vijay,5760732,4
Flora,3306709,3
Bok,3306709,11
Mahree,3306709,3
Biko,3306709,24
Piper,3306709,5
Dellums,3306709,23
Archer,7677145,11
Reo,7677145,1
Chester,7677145,7
Phelan,7677145,17
uri,4614381,22
Goran,4614381,20
Ribi,4614381,2
Driscoll,32621433,15
Nick,32621433,6
Carroll,32621433,15
Ryan,32621433,0
Wilson,32621433,3
Joy,32621433,14
Pirro,25413046,3
Glauco,25413046,19
Tenny,669546,0
Freytag,669546,10
Schumann,669546,2
Jenny,669546,21
Treadwell,669546,13
Lowenthal,669546,18
Glocken,669546,10
Rieber,669546,10
David,669546,21
Carter,26951280,15
Stella,32787932,2
Pichumani,32787932,24
Muthurasu,32787932,4
James,32787932,4
Hussein,32787932,19
Ichiro,10271274,21
Heen,3903364,2
Suliman,3903364,6
Sophie,3903364,6
Jannings,1172795,3
Schiller,1172795,21
Tyler,5123642,3
Ootek,5123642,16
Rosie,5123642,3
George,5123642,17
Mike,5123642,24
Inuit,5123642,1
Angeline,5123642,17
Gregory,33498623,21
Geffenhart,33498623,8
Love,33498623,14
Joel,33498623,21
Donna,33498623,3
Clara,33498623,23
Payne,33498623,1
Marcella,33498623,23
Carroll,33498623,3
Sr.,33498623,3
Denise,33498623,6
Lorna,33498623,3
Josephs,33498623,8
Christian,33498623,11
Smokey,3701905,11
Billy,3701905,3
Sarah,3701905,23
Roxanne,574768,6
C.D.,574768,6
Kowalski,574768,17
Chris,574768,20
Eadie,25012178,23
Tiffin,25012178,11
Manning,25012178,0
Rogers,25012178,9
Owens,25012178,22
Casey,25012178,12
Hamilton,10109752,7
Holbrook,10109752,21
Thompson,7074438,9
Holmes,11351541,6
Dunham,11351541,1
David,11351541,4
Watson,11351541,6
Gubec,11351541,10
Woodbury,11351541,19
Mirko,11351541,1
Nikolas,11351541,13
Kevin,13132619,4
Frankie,13132619,14
Adams,13132619,22
Boyals,18137051,15
Komal,9892634,14
Roshan,9892634,12
Kishan,9892634,3
Khan,9892634,9
Bishan,9892634,16
Nana,21227360,15
Foster,1682270,24
Lennie,1682270,3
Anderson,1682270,24
Rod,1682270,24
Louisa,1682270,3
Benson,1682270,22
Thoreau,1682270,9
Leonard,1682270,6
Head,1682270,6
Flint,1682270,19
Cummings,1682270,9
Mendelssohn,1682270,12
Crawley,1682270,8
Hopper,1682270,8
Melissa,1682270,15
Paul,9822793,3
Toby,9822793,6
Ames,9822793,3
Marston,9822793,10
Ochoa,9822793,14
Kersey,9822793,3
Jainchill,9822793,19
Joanna,9822793,13
Sweet,167303,11
Peter,167303,0
Bach,167303,14
Johnson,167303,17
Colpeper,167303,6
Alison,167303,16
Smith,167303,5
Sophia,23734105,24
Craig,23734105,19
M.J.,23734105,21
Gulabi,19464064,21
Musa,19464064,4
Netru,19464064,21
Kunjipathu,19464064,5
Adda,19464064,21
Sarabhai,33383581,19
Ghatge,33383581,18
Chakraborty,33383581,5
Sen,33383581,5
Penelope,25306569,2
Martin,25306569,14
Leytonstone,25306569,16
Shroake,25306569,12
Miki,27726619,8
Toshio,27726619,8
Mitsue,27726619,13
Laura,2821964,4
Neville,2821964,2
Tommy,2821964,10
Mars,2821964,0
Slaney,29164254,9
Perkins,29164254,12
Barney,29164254,17
Lorraine,29164254,10
O'Brien,29164254,11
Ivan,9417340,0
Eddie,9417340,14
Nina,9417340,6
Woodward,5515243,18
Rowan,5515243,4
Rose,5515243,3
Malus,5515243,3
Frasier,11450148,15
Pearl,11450148,15
Abner,11450148,18
Kichi,11450148,20
Larry,11450148,22
Savage,11450148,17
Edna,11450148,3
J.J.,11450148,2
Alice,11450148,2
Ambika,27430676,12
Mukesh,27430676,10
Gowthaman,27430676,21
Menon,27430676,19
Radha,27430676,10
Sumati,27430676,2
Prakash,27430676,20
James,27430676,12
Urvashi,27430676,16
Dev,2038178,2
Sameers,2038178,17
Rani,2038178,3
Sameer,2038178,2
Tommy,2038178,17
Arun,2038178,3
Prakash,2038178,7
Brinkmann,31322538,5
Kleiers,31322538,4
Susanna,31322538,14
Madhu,16035558,21
Krishnan,16035558,18
Raghu,16035558,3
Madhumitha,16035558,24
Ratna,16035558,19
Radha,16035558,8
Marco,10410665,21
Sonia,10410665,14
Montgomery,1223386,3
Handjob,1223386,0
Bart,1223386,7
Zoe,1223386,17
Jujyfruit,1223386,1
Smith,1223386,0
Ducky,1223386,4
Mel,1223386,8
Ren,8530075,12
Huanhuan,8530075,3
Xiang,8530075,2
Dunzi,8530075,10
Porthos,5169996,23
Aramis,5169996,21
XIII,5169996,17
XIV,5169996,17
Anne,5169996,5
Louis,5169996,17
Raoul,5169996,6
Bellefort,5169996,6
Pierre,5169996,0
Philippe,5169996,6
King,5169996,9
Andre,5169996,13
Kay,22681199,3
Parker,11633508,13
Josie,11633508,13
Jones,11633508,3
Savion,27211939,14
Gloria,27211939,8
Arturo,27211939,5
David,27211939,15
Sharon,33096336,14
Linda,33096336,8
Pat,33096336,15
Jeff,33096336,17
Kevin,33096336,10
Chakyar,5246214,9
Raghavan,5246214,3
Raghu,5246214,4
Manonmani,30467227,2
Rajaguru,30467227,13
Rao,30467227,1
Sakunthala,30467227,11
Balaiah,30467227,20
Burnett,732851,17
Lokar,732851,3
Piquet,732851,11
Bazda,732851,17
Reigart,732851,17
Sasha,732851,17
Stackhouse,732851,4
Bertie,1157009,19
Alberto,4978691,15
Velasco,4978691,13
Jake,28771977,23
Pandhora,28771977,23
Pokey,5374465,7
Claybert,5374465,11
Lowbelly,5374465,3
Clayboys,5374465,12
Gumby,5374465,23
Mildred,1312804,13
Bissonette,1312804,6
Harold,1312804,16
Carruthers,12491754,11
Galan,12491754,2
Markham,12491754,1
Carillo,12491754,24
Kuntz,12491754,4
Adam,12491754,21
Birju,6851920,6
Abhay,6851920,14
neha,6851920,3
Nehas,6851920,21
birju,6851920,3
Deol,6851920,19
Neha,6851920,5
Shelia,24063523,6
Tuttle,24063523,23
Orden,24063523,12
Reynolds,24063523,8
Curtis,24063523,18
Bedi,24238313,13
Mithun,24238313,11
Yugandhar,24238313,22
William,8621074,9
Beeder,8621074,8
Coker,8621074,3
Sara,8621074,21
Abel,8621074,12
Alabaster,8621074,0
Nosey,8621074,3
Morgan,8621074,3
Hickson,8621074,7
Jimson,8621074,3
Judith,18212638,1
Cynthia,18212638,4
Laura,18212638,6
Jannine,18212638,20
Louise,18212638,6
Nyland,18212638,6
Jennine,18212638,0
Winnie,18212638,3
Mario,15945947,15
Irene,15945947,9
Mancini,15945947,22
Guido,15945947,16
Cynthia,6776184,10
Randy,6776184,21
Earl,6776184,6
Mallick,6776184,3
Venus,6776184,6
Betty,6776184,21
Tessa,6776184,4
Claudia,704063,3
Sable,704063,23
Oliver,704063,21
Greening,704063,10
Annabel,704063,3
Charlie,704063,3
Murray,704063,3
Noshu,11372598,16
Marie,9612342,17
Stapp,15114980,20
Mikael,33902347,3
Frederick,33902347,3
Sigrid,33902347,3
Frederik,33902347,23
Morales,1031573,8
Weiss,1031573,4
Maria,1031573,12
Clare,1031573,21
Anna,1031573,3
Eugenio,1031573,0
Calder,1031573,1
Ben,1031573,17
Foster,1031573,11
Bowerman,1607765,0
Dellinger,1607765,0
Prefontaine,1607765,17
Rice,16199885,4
Condi,16199885,1
Grenier,16199885,19
Ratray,16199885,9
Raj,33395642,0
Sikander,33395642,15
Agnihotri,33395642,5
Chakraborty,33395642,5
Culhane,770300,14
Chantelle,770300,12
Brian,27434686,19
Mau,27434686,7
Linda,27434686,17
Hatari,27434686,21
Vincent,27434686,6
Brampton,27434686,13
Duffield,27434686,16
Randall,33234268,4
Rose,18757474,20
Miguel,18757474,8
Hogbottom,24310768,8
Hannah,24310768,12
Nambiar,2889537,21
Kurupu,2889537,2
Gopinathan,2889537,2
Mullankolli,2889537,24
Hill,165362,22
Kilduff,165362,17
Moe,165362,17
Larry,165362,17
Paul,2167727,23
Diane,2167727,23
Matthews,2167727,6
Farrow,2167727,19
Ruth,2167727,16
Gary,2167727,16
Marisa,2167727,17
Geeta,28722788,19
Ranjeet,28722788,9
Mohan,28722788,9
Pradeep,28722788,9
Rekha,28722788,19
Dharma,10618415,21
Verma,10618415,14
Laxmi,10618415,4
Radha,10618415,15
Ajit,10618415,4
Williams,11950831,5
Hardy,11950831,1
Sparky,2983249,3
Sam,2983249,6
Hadley,2983249,6
Thompson,2983249,20
Martino,2983249,7
Kwan,2983249,12
Claus,2983249,17
Cletus,34192412,4
Mickey,34192412,21
Muckman,34192412,0
Beatrice,26995862,23
Chandler,26995862,13
Natalie,26995862,21
Dunning,26995862,18
Sioux,11686007,19
H,2807023,4
Sun-hwa,2807023,3
Sandell,2807023,22
Grice,29255903,13
Rollison,29255903,21
Susan,29255903,23
Lancaster,29255903,1
Ma,15107248,12
Pearson,15112634,14
Dawson,15112634,7
Halsey,24094015,14
Fannie,24094015,16
Seagrave,16512703,16
Luise,16512703,15
Pablo,16512703,23
Peters,1448945,17
Chris,1448945,23
Kirby,1448945,12
Rob,1448945,3
Alison,6469852,5
Michele,30687666,8
Mancuso,30687666,0
Bailey,2060350,3
Nick,2060350,6
Allida,2060350,20
Mario,438356,1
Cosimo,438356,6
Peppe,438356,21
Brenner,277666,23
Delaney,277666,6
Parker,277666,18
Sneha,16167288,3
Krishna,16167288,12
Rajiv,16167288,21
Vivek,16167288,11
Shaam,16167288,9
Woody,20533306,4
Quatermass,871066,13
Roney,871066,6
Breen,871066,16
Judd,871066,11
Sladden,871066,6
Tien,8459375,24
Chao,8459375,6
Tui,8459375,4
Moline,2098698,2
Davis,2098698,10
Kenji,27726042,3
Ayaka,27726042,14
Varan,3793842,10
Kogoro,3793842,3
Kenji,3793842,13
Shuhei,21312938,16
Briggs,2783427,16
Primrose,2783427,13
Woodhouse,2783427,11
Fergus,2783427,21
Murphy,11696799,14
Louganis,11696799,3
Barrett,11696799,17
Henry,23973599,17
Grant,23973599,17
Langdon,23973599,22
Walters,23973599,13
Butler,23973599,9
Effie,23973599,14
Whitman,23973599,23
Nan,23973599,1
Norman,23973599,15
Jane,23973599,17
Byrd,23973599,17
Blythe,23973599,4
Wright,23973599,12
Carole,23973599,2
Miller,22049867,1
Show,22049867,2
Ashbury,22049867,23
Vivian,22049867,9
Weiler,22049867,12
Gladys,22049867,10
Alan,17618897,0
Bunn,13425532,2
Elmo,13425532,13
Nivi,25724565,4
Malik,25724565,16
Mr.,14271902,24
Krabs,14271902,21
Sandy,14271902,24
Patrick,14271902,3
Connie,16114008,3
Midas,16114008,17
Gunther,16114008,18
Furness,16114008,10
Ciro,16114008,0
David,16114008,6
Turk,16114008,2
Ramon,16114008,1
Custer,16114008,2
Rinehart,16114008,15
Mida,16114008,17
Henderson,16114008,0
King,16114008,1
Delroy,16114008,19
Hart,198061,6
Annan,198061,16
Watkins,198061,22
Nitta,24294117,2
Mio,24294117,11
Weisser,24294117,11
Ben,73585,3
Hannah,20889324,17
Pearl,20889324,20
Spino,20889324,12
Spalding,20889324,15
Cindy,20889324,4
Nidd,20889324,20
Parker,20889324,3
Macalousso,20889324,13
Stone,20889324,3
Helen,20889324,6
Davis,20889324,24
Selma,20889324,6
Min-hwan,33526558,15
Chang-shik,33526558,22
Pete,8779772,18
Moe,8779772,4
Muster,8779772,20
Barclay,18969101,9
Tansy,18969101,6
Thomas,18969101,17
Carr,18969101,21
Allingham,18969101,3
Kelly,18581691,10
Evans,18581691,7
Leta,18581691,5
Irwin,20276339,4
Anny,20276339,19
Superman,33240946,3
Pennyworth,33240946,18
Manhunter,33240946,6
Ackerson,33240946,10
Savage,33240946,4
Batman,33240946,6
Wayne,33240946,17
Manjula,6786095,11
R,6786095,4
Padmini,6786095,11
Cay,7313414,6
Darrell,7313414,15
Parker,7313414,2
Reno,7313414,23
Vivian,7313414,12
Tahoe,7313414,10
Bell,7313414,3
Venizelos,25456878,4
Colbert,2254144,24
III,2254144,0
Tom,2254144,3
Centimillia,2254144,19
McGlue,2254144,4
Dudley,2254144,9
Hackensacker,2254144,15
Jeffers,2254144,21
McCrea,2254144,13
Martin,11923262,0
Reston,11923262,0
Halsey,11923262,22
Pullman,11923262,0
Kumar,33333721,5
Ashok,33333721,0
Shekhar,33333721,3
Lata,33333721,8
Cornish,26339488,4
McDonald,26339488,16
Bill,26339488,14
Rosa,3387839,16
Momo,3387839,21
Ludvik,3587257,13
Gitai,2642703,1
Preminger,2642703,7
Mason,25750378,3
Donald,15409406,3
Pete,15409406,3
Bryant,45242,6
O'Neill,45242,1
Goldman,45242,8
Louise,45242,2
Zinoviev,45242,1
Reed,45242,21
Henry,17415776,17
Gill,17415776,17
Badge,17415776,15
Sairy,17415776,2
Cal,17415776,17
Carson,17415776,6
Baggett,17415776,11
Dessark,17415776,11
Ben,17415776,3
MacBean,17415776,1
Yeary,17415776,24
Anne,17415776,14
Jack,1071462,10
Mary,1071462,21
Shane,1071462,15
Mike,1071462,13
Fisher,1071462,10
Sam,3657826,7
Ranieri,3657826,24
Dalmas,3657826,3
Giulia,3657826,9
Grisbane,4343478,15
Norton,4343478,24
Diane,4343478,13
Andrew,4343478,17
Sebastian,4343478,10
Roderick,4343478,17
Magee,4343478,6
Mary,4343478,23
Lionel,4343478,17
Moore,9078941,20
Ingalls,4343404,15
Paula,4343404,3
Conklin,4343404,7
Carson,4343404,3
Woods,4343404,2
Gary,4343404,17
Colleen,4343404,17
Brian,4343404,2
Dwight,4343404,3
Dev,9167041,2
Siddhart,9167041,10
Vishal,9167041,19
Sameer,9167041,17
Nupur,9167041,22
Anjana,9167041,8
Miriam,1790734,19
Dorothy,1790734,3
Gloria,1790734,15
Raucher,1790734,13
Hermie,1790734,3
Norris,1790734,9
Benjie,1790734,23
Santhosh,28056753,16
Kumaran,28056753,24
Prakashan,28056753,6
Hannah,12172635,11
Harry,12172635,19
Hill,12172635,18
Sheila,32102471,19
Ritu,32102471,21
Arjun,32102471,21
Naina,32102471,21
Gayatri,32102471,21
Govind,32102471,23
Jai,32102471,23
Dhruv,32102471,24
Radhika,32102471,24
Perfect,32102471,7
Cronstall,15634489,9
Vorkapich,7618765,17
Barnes,7618765,13
Loulou,2180825,9
Ella,2180825,3
Serafina,2180825,2
Toquet,2180825,19
Kovin,2180825,6
Prince,2180825,3
Birdina,2180825,2
Sonder,2180825,6
Charles,2180825,21
Torquet,2180825,13
Khira,34992021,23
Jamila,34992021,13
Jamil,34992021,13
Fandorin,10448175,6
Miller,2639650,9
Charley,2639650,4
Wood,2639650,4
Thomas,2639650,10
Craig,2639650,18
Hite,2639650,22
Ford,2639650,17
O'Kelley,2639650,10
Crittenden,2639650,18
Jesse,2639650,4
Bob,2639650,21
James,2639650,17
Cummins,2639650,18
Liddil,2639650,4
Dembeck,35334183,13
Fei,32502140,16
Ying,32502140,11
Zheng,32502140,11
Feng,32502140,19
Karina,1170181,21
Raoul,1170181,8
Godard,1170181,21
Nana,1170181,17
Janet,7320692,3
Matt,7320692,3
Cockswell,7320692,12
Grabowski,7320692,20
Rottweiler,7320692,12
Rod,7320692,3
Alphamon,3816289,17
Yggdrasil,3816289,6
Dexmon,3816289,19
Ouryuuken,3816289,9
Digimon,3816289,22
Gallantmon,3816289,24
Magnamon,3816289,6
Dorumon,3816289,4
Tokomon,3816289,23
Dorugamon,3816289,23
Dorugreymon,3816289,19
Omnimon,3816289,6
Warhol,435566,3
Girodias,435566,6
Solanas,435566,21
Parker,7358580,22
Sam,7358580,19
Ellie,7358580,21
Karan,5075286,21
Sneha,5075286,21
Vicky,5075286,12
Chopra,11998146,19
Prachi,11998146,23
Baashha,11998146,20
Ball,16768172,1
Vance,16768172,15
Girl,16768172,9
Mayer,16768172,9
Arnaz,16768172,3
Frawley,16768172,20
Keaton,16768172,22
Harriet,16768172,23
Show,16768172,1
Lucille,16768172,21
Davis,16768172,10
Lucy,16768172,21
Lombard,16768172,19
Hunt,16768172,8
Skelton,16768172,9
Manouchian,22835906,16
Viswanath,23703779,6
Mukudan,23703779,23
Kartha,23703779,21
Menon,23703779,19
Katha,23703779,1
Sumithra,23703779,24
Singhania,30471278,21
Teresa,30471278,22
Abhi,30471278,12
Nanda,30471278,2
Ravi,11143202,11
Agnihotri,11143202,0
Raju,11143202,11
Rajan,11143202,14
Haasan,11143202,19
Lectroids,142274,16
Emdall,142274,11
Hikita,142274,14
Whorfin,142274,16
Priddy,142274,10
Banzai,142274,14
Buckaroo,142274,5
Lizardo,142274,6
Karthi,33637105,4
Suseelan,33637105,14
Singh,33637105,3
Ani,33637105,3
singh,33637105,22
II,21800330,7
Coe,14825582,5
Felix,14825582,24
Maggie,14825582,6
Gault,14825582,7
Anders,14825582,7
Larry,14825582,21
Altar,14825582,10
Starling,515151,2
foreman,515151,16
Remington,515151,17
Patterson,515151,17
Beaumont,515151,13
Hawthorne,515151,6
Wilkinson,515151,9
Abdullah,515151,8
Bi,2769128,14
Harris,2769128,6
Harmison,2769128,19
Johnson,2769128,24
Foy,2769128,24
Baro,2769128,9
Jamie,2769128,20
Murphy,5579814,14
Sapp,5579814,6
Grimes,5579814,17
Goodwin,5579814,21
Ames,5579814,15
Wells,5579814,21
Beach,5579814,6
Crowe,5579814,17
Julie,5579814,6
Birdsong,5579814,20
Juan,2590063,24
Bom,2590063,6
Bomitonis,2590063,18
Pepi,2590063,6
Charo,2590063,11
Luci,2590063,6
Carlos,3309323,21
Camila,3309323,10
Heffalump,1499129,16
Tigger,1499129,0
Robin,1499129,12
Roo,1499129,3
Lumpy,1499129,3
Kanga,1499129,16
Kailash,11230221,6
Kamal,11230221,3
Ragini,11230221,10
Kikujiro,748937,6
Masao,748937,6
Caroline,28929724,10
Lisa,28929724,22
FINIS,2218334,20
Carver,2218334,9
Blumburtt,6551171,4
Howard,6551171,3
Jenning,6551171,13
Larry,6551171,7
Phil,6551171,20
Mickey,242017,23
Batz,11406036,23
Jennifer,11406036,3
Benson,24212705,14
MacDonald,24212705,16
Duncan,19646172,8
Blakely,15221214,9
Robert,15221214,21
Stella,15221214,5
Danny,3409175,3
Julian,3409175,6
let,3409175,20
Noble,3409175,4
Wright,3409175,20
Pavloff,16226377,23
Johann,16226377,13
Anton,16226377,4
Maria,16226377,19
Peter,16226377,17
Reisenbach,16226377,16
Miranova,16226377,4
Petersburg,16226377,7
Wolensky,16226377,6
Young,16226377,18
Mironova,16226377,6
Mechano,11244591,3
Tom,11244591,4
Jerry,11244591,23
Mammy,11244591,3
Teresa,19139397,12
Kodai,19139397,11
Zwordar,19139397,10
Brooks,2259232,16
Bohdai,2259232,23
Pasdar,2259232,11
DeLuise,2259232,19
LeGros,2259232,21
Daniel,2259232,3
Patric,2259232,9
Gertz,2259232,4
Haas,2259232,24
Darstar,2259232,17
Moe,7062572,3
Bustoff,7062572,3
Wu,12835144,21
Lincoln,8519164,2
Nick,8519164,16
Angela,8519164,12
Maxey,14440087,4
Alvarado,4403446,20
Bonny,4403446,22
Horn,4403446,24
Francisca,4403446,13
Jehovah,9721229,22
Miriam,9721229,13
Travis,9721229,3
Al,9721229,4
Nickoloff,9721229,16
Noah,9721229,19
Nephilim,9721229,17
Japheth,9721229,4
Marie,9721229,2
Karlton,4229906,3
Frankenstein,4229906,6
Margaret,4229906,14
Deshpande,26622800,9
Suren,26622800,16
Smita,26622800,13
Budhkar,26622800,4
Pradhan,26622800,2
Khurana,26622800,13
Desai,26622800,0
Kende,26622800,13
Deshmukh,26622800,13
Hirsch,9534652,18
Ward,9534652,10
Lyons,9534652,22
A.,9534652,12
Klarer,9534652,8
Schatz,9534652,10
Michel,32844727,15
Thomas,32844727,15
Sonia,32844727,1
Charles,32844727,16
Marsh,7274700,21
Duncan,7274700,14
Roberts,18491946,11
Kelton,18491946,17
Clay,18491946,4
Edwards,18491946,18
Paula,18491946,6
Trent,18491946,3
Tanna,18491946,17
Larry,18491946,17
Cooper,4543239,15
Elizabeth,4543239,21
Wiatt,4543239,24
Julien,1511944,21
Sophie,1511944,21
Connelly,237303,15
God,237303,6
Hoffa,237303,12
Ortega,237303,16
Grace,237303,6
Bruce,237303,3
Baxter,237303,13
Nolan,237303,12
Sherman,190053,20
Christine,190053,13
Stark,190053,13
bid,190053,20
Chan,190053,3
Morgan,190053,4
Yuki,190053,19
Claude,35013266,12
Gregor,21790729,23
Elizabeth,21790729,21
Fielding,21790729,16
Rosen,21790729,15
Liz,21790729,21
Dewhurst,21790729,21
Sharp,21790729,0
Phillips,21790729,13
Simon,21790729,15
Hanna,25971258,2
Mike,25971258,12
Gunther,25971258,21
Mickey,8075358,3
Donald,8075358,16
Minnie,8075358,21
Taylor,1346716,11
Albert,1346716,22
Farrow,1346716,19
Leonora,1346716,11
Mathews,14355683,13
Ranjith,14355683,21
Ann,14355683,21
Shyam,14355683,3
Nandhana,14355683,21
Sophia,23658319,3
Suneo,23658319,3
Dorami,23658319,6
Undine,23658319,5
Shizuka,23658319,3
Nobita,23658319,0
Haribo,23658319,3
Doraemon,23658319,6
Desikuge,23658319,5
Dorayaki,23658319,19
Dekisugi,23658319,23
Gian,23658319,6
Kibble,3683731,5
Winters,3683731,15
Lahr,3683731,17
Weinberg,15749099,3
David,15749099,22
Alexis,15749099,3
Woochi,33022624,6
Chorangyi,33022624,24
In-kyung,33022624,22
J.J.,4384761,11
Bonnabel,3956101,3
Chanler,3956101,2
Quimby,3956101,3
Claire,3956101,3
Deager,3956101,6
Mary,3956101,12
Narco,3956101,0
Sothern,3956101,14
Charlie,33757147,13
Billy,33757147,22
Marty,33757147,21
Roldhawa,14161732,3
Regan,14161732,15
Savio,14161732,15
Julius,14161732,22
Jason,2268745,13
Gates,2268745,19
Gabriela,2268745,15
Suzanne,2268745,16
Barjo,18619459,21
Martin,1937840,16
Paul,7770667,24
Sandy,7770667,22
Clair,7770667,0
Libbets,7770667,6
Wendy,7770667,20
Jim,7770667,3
Ben,7770667,3
Casey,7770667,21
Francis,7770667,20
Janey,7770667,13
Elena,7770667,3
Mikey,7770667,21
Sabina,3907719,16
Lamar,3111180,6
Herrington,3111180,18
Regis,3111180,23
Dugan,3111180,3
Jerome,27016187,18
Hector,27016187,16
Lilly,27016187,21
Leon,27016187,12
Bette,9040345,0
Warren,9040345,11
Taylor,31272988,0
Carrie,31272988,0
Graciella,31272988,23
Lilianna,31272988,6
Roxelle,31272988,5
Ken,31272988,4
Raquelle,31272988,6
White,5673173,11
Tracy,5673173,23
Jill,5673173,15
Alexis,5673173,15
Thomas,5673173,15
Stifler,5673173,15
Erik,5673173,3
Cooze,5673173,6
Ryan,5673173,6
Rock,5673173,3
Brandi,5673173,3
Vicky,5673173,3
Dwight,5673173,3
Reed,8666205,15
Syaoran,8666205,3
Meiling,8666205,6
Sakura,8666205,3
Yamizaki,8666205,3
Tomoyo,8666205,14
Yue,8666205,5
Yukito,8666205,6
Hest,25575984,9
Jason,25575984,3
Paula,25575984,3
Casey,25575984,3
Brent,25575984,3
miss,25575984,9
Ruiz,25575984,11
Sean,25575984,20
Keller,25575984,2
Gretchen,25575984,3
Kotaiah,30826764,5
Prasad,30826764,6
Meedha,30826764,7
Bhushaiah,30826764,1
Dharmaiah,30826764,6
Nagaraju,30826764,20
Papaiah,30826764,15
Yvette,156558,3
Melvin,156558,23
Jody,156558,6
JoJo,156558,8
Rodney,156558,17
Sweetpea,156558,17
Felicitas,2676497,17
Leo,2676497,21
Ulrich,2676497,3
Teresa,35581555,16
Desqueyroux,35581555,16
Liva,1166501,23
Kresten,1166501,21
Costa,34482077,3
Hulot,34482077,12
Grenouille,34482077,16
Nico,34482077,23
Claudine,34482077,16
Lucas,34482077,6
Jeanne,34482077,3
Patate,34482077,12
Roby,7467793,16
Thomas,7467793,9
Claudia,18588953,21
Miller,18588953,13
Trudy,18588953,12
Emily,18588953,6
Eli,18588953,6
Marissa,18588953,1
Morgan,18588953,6
Debbie,18588953,6
Pamela,3724436,17
Jordan,3724436,7
Hannay,3724436,3
Smith,3724436,3
Justin,6911871,3
Darnell,6911871,20
Schumacher,6911871,17
Jen,6911871,21
Yu,6911871,16
Aki,6911871,21
Kip,6911871,17
Hasselhoff,6911871,9
Hector,6911871,4
Hancock,6911871,22
Cole,6911871,3
Johnny,1673949,0
Farrell,1673949,6
Pio,1673949,4
Gilda,1673949,13
Mundson,1673949,4
Obregon,1673949,6
Lucy,1060187,4
Kiran,5172934,17
Bali,5172934,13
Khatri,5172934,17
Jeeva,5172934,22
Peters,23998259,23
Johnson,23998259,0
Darly,23998259,2
Walt,23998259,1
Marianne,23998259,1
Carmelo,29237038,17
Shannon,3915041,6
Matt,3915041,6
Violet,3915041,6
Kryla,3915041,6
David,3915041,6
Rollo,2310279,5
Henry,2310279,23
Wong,2310279,13
Reagan,2310279,18
Stephen,2310279,3
Orlac,2310279,23
Drake,2310279,4
Yvonne,2310279,13
Gogol,2310279,6
Grose,1899307,2
Bly,1899307,22
Jessel,1899307,21
Quint,1899307,19
Miles,1899307,3
Giddens,1899307,6
Preston,19815563,24
Bloom,19815563,9
Monks,19815563,13
Johnson,19815563,7
Julie,19815563,13
Clifford,19815563,24
Aldrich,7767613,1
Spencer,7767613,9
Roeper,7767613,11
Coward,7767613,4
Pamela,7767613,7
Gertie,7767613,2
Gertrude,7767613,5
Charlot,7767613,6
Roper,7767613,23
Danny,20533089,11
Ram,20533089,23
Kumar,20533089,8
Pannaipuram,20533089,10
Samikannu,20533089,3
Alba,20533089,10
Casanova,20533089,24
Fernando,20533089,7
Azhagar,20533089,6
Prabhu,20533089,1
Jack,20533089,10
Suhasini,20533089,2
Luis,9919206,19
Hern,9919206,21
Venancio,9919206,0
Julian,5997215,13
Terry,5997215,20
Desingu,19286149,13
Khan,19286149,6
Ranibai,19286149,2
Senji,19286149,23
Rambai,19286149,1
Dawood,19286149,3
Nawab,19286149,7
Singh,19286149,22
Sengkamalam,19286149,8
Bibi,19286149,23
Ayisha,19286149,5
Arcot,19286149,16
Borden,28725665,20
Rodney,33206894,7
Kathy,33206894,2
Pringle,33206894,12
Winter,6476028,6
Peter,6476028,3
Nicole,6476028,12
McNally,6476028,10
Amy,980601,6
Salter,980601,6
Vince,980601,3
Jon,980601,6
Chu,20926831,17
Tony,20926831,13
Lok,20926831,6
Costello,20926831,3
Fung,20926831,17
Freddy,7588472,1
Betty,7588472,4
Pomatter,9051332,21
Pie,9051332,4
Earl,9051332,21
Becky,9051332,3
Jenna,9051332,16
Joe,9051332,17
Lulu,9051332,10
Russell,9051332,11
Bachchan,1609520,7
Subir,1609520,14
Uma,1609520,2
Vince,7281088,3
Morrison,7281088,17
Jos,7281088,17
Angela,7281088,3
Sandra,7281088,3
Dan,7281088,19
Marilou,7281088,3
Sara,7281088,3
Ingersoll,34152185,14
Jane,34152185,6
Goodwin,34152185,6
Murdoch,34152185,13
Lewis,34152185,3
Steiner,34152185,6
Mike,34152185,6
Graystone,34152185,17
Sanjana,25404496,16
Zandulal,25404496,3
Raj,25404496,13
Yash,25404496,3
Kajal,25404496,14
Singh,25404496,8
Marcos,25404496,4
Poojari,5747371,24
Prasad,5747371,17
Nuria,679636,3
Antonio,679636,16
Noriega,679636,9
Sof,679636,4
Win,15002256,2
Thant,15002256,14
Mone,15002256,18
Mon,15002256,14
Ye,15002256,2
Myint,15002256,14
Lei,15002256,6
Aye,15002256,24
Thu,15002256,6
Tony,34043061,20
Sandra,34043061,3
Leah,34043061,8
Ste,34043061,3
Jamie,34043061,21
Falewicz,5191706,2
Gondry,5191706,5
Fletcher,5191706,3
Jerry,5191706,3
Finlay,5191706,4
Matheson,5191706,22
Mike,5191706,13
John,5191706,12
Waller,5191706,7
Hogue,3730244,3
Bowen,3730244,17
Warner,3730244,22
Joshua,3730244,16
Hildy,3730244,17
Taggart,3730244,17
Labib,33013626,21
Nitin,20435857,23
Mishra,20435857,14
Heerapoorwala,20435857,12
Ram,20435857,23
Manpreet,20435857,16
Bankar,20435857,14
Chopra,20435857,22
Dan,20435857,2
Kaur,20435857,19
Murali,20435857,8
Anjali,20435857,3
Parera,20435857,3
Kakkad,20435857,17
Harbans,20435857,3
Chadda,20435857,22
Suber,20435857,15
Kuljeet,20435857,6
Don,20435857,17
Lamba,20435857,18
Oberoi,20435857,17
Ji,20435857,12
Kam,2603838,3
Chow,2603838,17
Xiaoping,2603838,6
Kanna,5574669,3
Kunisaki,5574669,10
Misuzu,5574669,4
Haruko,5574669,3
Yukito,5574669,4
Woody,17546815,3
Franchea,17020848,7
Fallon,17020848,4
Pose,17020848,17
Juana,17020848,0
Ortega,17020848,14
Summers,17020848,9
Anthony,32207988,13
Miles,32207988,6
Berrett,32207988,19
Dave,33114481,16
O'Donnell,33114481,17
Smith,33114481,10
Bouka,34747632,20
Diop,34747632,21
M'Bala,34747632,3
Prince,6336451,13
Rizzi,3523345,2
Fox,3523345,3
McFly,3523345,6
Sheridan,3523345,9
Sarah,3523345,3
Watkins,3523345,11
Yidong,20358218,17
Fei,20358218,17
Pandian,7535776,18
Anjali,7535776,0
Dorai,7535776,0
Lavelle,2670153,24
Sears,2670153,18
Maas,2670153,1
Hegalhuzen,7369863,15
Bhodi,7369863,17
Walken,7369863,17
Jerry,7369863,6
Babyyeah,7369863,13
Marsha,7369863,19
Natalie,7369863,3
Sharif,7369863,17
Ooq-Mi-Fay,7369863,2
Fallaf,7369863,10
Yonica,7369863,6
Hauser,7369863,6
Bhundhang,7369863,17
Anita,4213183,9
Shakti,5627716,17
Shekhar,5627716,16
Ajay,5627716,6
Burchenal,1494502,22
Santen,1494502,17
Pettengill,1494502,18
Johnny,18188453,2
Hearst,18188453,18
Karryall,18188453,1
Cloverfield,18188453,13
Kelley,18188453,24
Peterson,18188453,12
Celery,18188453,18
Lovedolls,18188453,13
Beckner,1613385,22
Clark,1613385,10
Moss,1613385,14
Godofsky,1613385,23
Ito,5799733,19
Kasuma,5799733,24
Enma,5799733,15
Ensai,5799733,24
Tamura,5799733,6
Yoko,5799733,17
Shir,5799733,6
Yajima,5799733,4
Sachiko,5799733,4
Yukiko,5799733,6
Meighen,99459,18
Guerrero,99459,14
Patroni,99459,22
Inez,99459,22
Demerest,99459,4
Harris,99459,0
Hailey,99459,1
Bakersfeld,99459,20
Yaman,10737634,6
Laura,10737634,3
Paulina,10737634,20
Ramiro,10737634,0
Chanda,10620078,21
Vinodh,10620078,6
Gaurishanker,10620078,20
Vikam,10620078,2
Sulochana,10620078,3
Madan,10620078,10
Dolly,10620078,3
Vikram,10620078,3
Tucker,25452154,1
Starkova,9493820,2
Janie,9493820,16
Sawyer,9493820,12
Simon,11843126,23
Morrison,11843126,8
Linda,11843126,19
Ballister,11843126,3
Tucker,11843126,6
Gary,11843126,3
Shaw,11843126,2
Park,11843126,23
Isaiah,11843126,17
Deeford,61189,2
Travers,61189,0
Charles,61189,13
Foljambe,61189,13
Pevensey,61189,8
Gladstone,61189,20
Probert,61189,16
Myers,61189,17
Victoria,61189,5
Disraeli,61189,6
Rita,10637370,2
Kammo,10637370,6
Farid,10637370,20
Harikrishan,10637370,1
Jagdish,10637370,2
Prem,10637370,13
Neldel,34916390,1
Adler,34916390,8
Sigismund,34916390,12
Tischendorf,34916390,20
Marie,34916390,3
Jamie,14270386,15
Thiru,6577088,15
Vrooder,24423022,0
William,33233579,23
Josh,33233579,23
Ted,33233579,23
Amy,33233579,17
Jerry,33233579,4
Lorraine,33233579,8
Robert,33233579,18
Brianna,33233579,18
Ruby,33233579,2
Forsythe,33233579,23
Mick,33233579,21
Curt,33233579,6
Gary,33233579,21
Kaputt,24461480,1
Freitag,24461480,16
Malaparte,24461480,21
Gruber,24461480,9
Paul,1109777,14
lderlin,1109777,4
Vadim,1109777,10
Karina,1109777,19
Piccoli,1109777,14
Prokosch,1109777,1
Lang,1109777,20
Javal,1109777,2
Bardot,1109777,18
Moravia,1109777,15
Levine,1109777,14
Tendo,33651753,22
Tim,1402997,3
Tonya,1402997,2
Otis,1402997,7
Odin,1402997,6
Loki,1402997,3
Jorge,1402997,8
Avery,1402997,12
Sylvia,1402997,17
Alvey,1402997,4
alvey,1402997,3
Neuman,1402997,13
Paula,9077932,6
Parkins,9077932,7
Stoll,23005993,1
Harry,23005993,23
Baraloff,23005993,22
Hella,23005993,11
Peters,23005993,12
Leander,23005993,19
Morelli,23005993,23
Hofer,23005993,12
Duvet,8506932,21
Martin,8506932,22
Jay,8506932,4
Knight,8506932,24
Graves,8506932,19
Bennet,8506932,20
Jenny,20723352,2
Romeo,20723352,21
Ramsay,9140037,7
Bascomb,9140037,14
Spencer,5560792,4
Geppeto,5560792,4
Pinoccchio,5560792,4
Geppetto,5560792,3
Marlene,5560792,6
Pinocchio,5560792,3
Scamboli,5560792,24
Cyberina,5560792,6
Rodo,5560792,20
Davyss,547687,0
MacArthur,547687,14
Mulcahey,547687,18
Brickley,547687,10
Ryan,547687,10
Tuffy,13851011,23
Nelly,13851011,3
Tom,13851011,10
Jerry,13851011,23
Nellie,13851011,7
Paulie,13851011,7
Miller,673158,1
Hansen,673158,22
Montgomery,673158,2
Daniels,673158,24
Plumcutt,673158,8
Wilson,673158,7
Valasky,673158,13
Chiffon,673158,21
Andrass,673158,9
Borgia,673158,3
Moochie,673158,3
Stefano,673158,4
Wilby,673158,3
Franceska,673158,17
Jayapala,21285918,11
Jayamanne,21285918,24
Attanayake,21285918,1
Blythe,21285918,12
Perera,21285918,13
Ratnayake,21285918,24
Dingledong,20533949,3
Woody,20533949,3
Clonk,20533949,4
Woodpecker,20533949,12
Tunneler,7154803,10
Weiss,7154803,10
Blade,7154803,17
Woman,7154803,11
Maclain,7154803,6
Mueller,7154803,20
Hertz,7154803,3
Matthew,7154803,10
Rick,7154803,17
Cameron,7154803,21
Toulon,7154803,3
Piper,7154803,13
Magrew,7154803,13
Hess,7154803,13
Robert,7154803,17
Jane,7154803,6
Carp,7154803,17
Eric,7154803,6
Lauren,7154803,5
Myers,7154803,10
Decapitron,7154803,14
Elsa,7154803,3
Hickey,7154803,20
Martha,7154803,6
Lance,7154803,11
Baker,7154803,13
Patrick,7154803,0
Sutek,7154803,17
Lynch,7154803,7
Carolyn,7154803,2
Stein,7154803,10
Afzel,7154803,21
Lucio,35570671,15
Turchini,35570671,19
Pino,35570671,15
Marcia,24399610,21
bush,24399610,8
Peter,24399610,21
Mogi,3803778,23
Kyouichi,3803778,3
Ryosuke,3803778,20
Fujiwara,3803778,3
Bunta,3803778,21
Team,3803778,18
Takahashi,3803778,15
Ryousuke,3803778,17
Akina,3803778,15
Takumi,3803778,24
Nakazato,3803778,15
Natsuki,3803778,5
Tachibana,3803778,16
Lane,62110,3
Benson,62110,22
Ann,62110,6
Jim,62110,13
Drake,62110,13
Barton,62110,19
Morris,62110,17
Englund,21808115,9
Walter,21808115,9
Berger,21808115,17
Wexler,21808115,3
Chambers,21808115,24
Hu,8944549,15
Lan,8944549,19
Jie,8944549,16
Wei,8944549,21
Tianhao,8944549,10
Tian,8944549,23
Li,8944549,21
Found,25707959,22
Fermat,22674979,3
Galois,22674979,22
Pythagoras,22674979,17
Pascal,22674979,3
Oliva,22674979,22
Goyito,33068811,19
Jones,33068811,4
Gopali,26284611,4
Ram,26284611,12
Connaught-Smith,26284611,12
Das,26284611,4
Lewis,26284611,17
Henderson,26284611,6
Shari,26284611,9
Jack,7478725,3
Dora,7478725,17
McLaurel,5693644,8
Alan,5693644,12
Hardy,5693644,14
Reddy,34053944,14
Sunil,34053944,21
Ranga,34053944,3
Vasu,34053944,8
Katie,9143305,21
Paul,9143305,6
Riebeck,9143305,24
O'Neill,9143305,8
Hout,9143305,18
Kurt,9143305,18
Kildare,9143305,15
Wayne,1365472,6
Lucy,1365472,4
Kyle,1365472,24
Mitch,1365472,24
Hadley,1365472,12
Moore,1365472,15
Marylee,1365472,3
Stone,9487056,18
Bhagyaraj,31913640,6
Saritha,31913640,6
Maria,23121389,21
Ling,2912851,21
Binh,2912851,6
Mai,2912851,24
Hoa,2912851,20
Tam,2912851,21
Cox,31104988,20
Mermelstein,31104988,7
Melcher,6528803,13
Corliss,350629,7
Emily,350629,2
Jessup,350629,3
Snatcher,350629,8
Masako,23865847,3
Kimiko,23865847,2
Kihachi,23865847,21
Otaka,23865847,6
Reis,26183167,3
Sado,26183167,4
Zehra,26183167,0
Salih,26183167,17
Ali,26183167,1
Tina,26183167,6
Reiss,26183167,6
Parker,3792950,20
Prentice,3570614,6
Foyle,3570614,12
Kim,3570614,6
Karl,3570614,5
Eileen,32895415,3
Eric,32895415,14
Delmont,32895415,9
Hollis,32895415,4
Dennis,4512744,6
Rexho,4712007,1
Milo,4712007,3
Radovan,4712007,6
Milena,4712007,3
Muhammed,4712007,6
Mike,4712007,21
Luan,4712007,1
Maintenon,24715951,8
Seema,34259689,2
Nagaraj,34259689,17
Vijay,34259689,6
Shekar,34259689,21
Natalie,13166007,10
Bhalla,17255464,12
Mahalakshmi,17255464,2
Mary,17255464,9
Devaraya,17255464,2
Jessica,9507405,21
Gus,9507405,21
Brian,9507405,24
Bhagawan,18769534,8
Ravi,18769534,15
Hasan,18769534,19
Sandhya,18769534,2
Mallik,18769534,10
Padmanabhan,27843210,18
Brahmin,27843210,23
Ananthan,27843210,16
Corrina,4506211,13
Hood,4506211,5
Axel,4506211,8
Pryzer,4506211,16
Fatso,4506211,17
Wire,4506211,15
Cora,4506211,6
Devonshire,4506211,2
Willis,4506211,23
Barb,4506211,6
Shrikanth,11344266,12
Mathur,11344266,23
Daamodar,11344266,3
Jimmy,11344266,14
Pasha,11344266,22
Radha,11344266,14
Jackie,11344266,4
Murphy,4728,14
Wayne,4728,3
Pennyworth,4728,18
Kyle,4728,18
Penguin,4728,23
Cobblepot,4728,0
Catwoman,4728,4
Shreck,4728,17
Batman,4728,17
Selina,4728,21
Gershwin,74930,0
Murphy,74930,14
Wilkie,74930,13
Tracy,74930,11
Jill,74930,21
Emily,74930,3
Jeremiah,74930,10
Mary,74930,21
Isaac,74930,6
Davis,74930,6
Rimes,2361396,2
O'Donnell,2361396,4
Violet,2361396,6
Sanford,2361396,12
Rachel,2361396,7
Cammie,2361396,7
Zoe,2361396,7
Lil,2361396,6
Kevin,2361396,24
Bill,2361396,8
Bansal,4278061,21
Kavita,4278061,7
Anil,4278061,1
Munna,4278061,11
Devi,1792094,6
Didi,1792094,6
Alam,1792094,2
Singh,1792094,18
Riyaz,1792094,13
Seth,1792094,10
Zubeidaa,1792094,17
Christine,9054377,21
Robert,9054377,14
Babu,33215040,8
Divya,33215040,13
Chandrakanth,33215040,24
Ravi,33215040,2
Charlie,33215040,17
Meera,33215040,3
Shaobai,22667247,24
Yutang,22667247,11
Cixi,22667247,12
Chongguang,22667247,15
Wen,22667247,12
Sun,22667247,21
Xiaoguo,22667247,8
Mays,765310,6
Lewis,765310,3
Gilliam,765310,12
Emilio,8904818,16
O'Hairoil,14884185,2
Jackson,14884185,9
Cutler,14884185,17
Revere,14884185,15
Crimson,14884185,6
Remon,33415828,13
Shinnosuke,33415828,14
Vikki,21075859,23
Tse,21075859,21
Lee,21075859,2
Siavash,25968434,3
Roozbehan,25968434,0
Mahtab,25968434,9
Garo,25968434,21
Lesafa,19961614,3
Dora,9633845,21
Miguel,9633845,8
Beba,9633845,6
Butch,9889334,3
Tom,9889334,3
Jerry,9889334,3
Henry,3350098,23
Sam,3350098,17
Washington,3350098,0
Whiskey,3350098,9
Hooker,3350098,3
Pechi,30177188,15
Veerayi,30177188,19
Murugan,30177188,16
Wayne,21607420,4
Johnny,6179031,14
Damitrof,6179031,21
Adams,6179031,13
Mary,6179031,3
Dragomie,6179031,3
Sawaari,27191040,22
Ferrari,27191040,20
Kayo,27191040,5
Sale,18936003,24
Lee,18936003,10
Thodoros,19938642,12
Fofo,19938642,2
Lefterakis,19938642,17
Hu,25521383,5
Jie,25521383,17
Hou,25521383,4
Long,25521383,4
Wudao,25521383,6
Man,25521383,14
Cao,25521383,17
Lucy,33222541,3
Mindy,33222541,17
Leaf,33222541,6
Armstrong,33222541,6
Sass,33222541,2
David,33222541,3
Bob,14156492,4
Corvax,14156492,4
Sylvia,14156492,21
Muzzy,14156492,6
Jackson,1512171,22
Brian,1512171,3
McCarter,1512171,12
Harris,1512171,3
Jamison,1512171,17
Charles,1512171,23
Brenda,1512171,2
Madea,1512171,24
Christina,1512171,15
Helen,1512171,3
Ephriam,1512171,22
Sundar,15439044,19
Thangalakshmi,15439044,16
Mani,15439044,8
Namitha,15439044,23
Kathir,15439044,23
Abhi,15439044,4
Bonds,10388225,5
Hayashi,10388225,23
Popov,10388225,10
Keppel,10388225,0
Grant,3838436,22
Whistler,19273689,6
Cunliffe,19273689,16
Allsop,19273689,8
Vlasta,19273689,6
Daffy,31325527,3
Wentworth,31325527,4
Stryker,6089198,17
Raimi,6089198,0
Sally,6089198,4
Dylan,892265,15
Cade,892265,11
Nerva,892265,11
Cameron,892265,6
Yasmin,892265,6
Cloe,892265,3
Meygan,892265,11
Ethan,892265,21
Rio,892265,7
Jade,892265,21
Sasha,892265,3
Gauguin,161460,15
Gogh,161460,16
Pam,12014760,10
Asuka,12014760,23
Matsuda,12014760,18
Taylor,6653265,20
McCoy,6653265,17
Cota,6653265,4
Murphy,32807647,3
D,32807647,5
Davies,32807647,4
Larry,32807647,3
Murhpy,32807647,23
Stiles,32807647,6
Dean,630721,2
Elizabeth,630721,23
Egan,630721,21
Lena,630721,3
Leonard,630721,1
Barry,630721,6
Trumbell,630721,23
Phillips,630721,9
Lewin,26136751,8
Kate,26136751,3
Gunzinger,26136751,10
Seenu,1729455,23
Mahalakshmi,1729455,2
Pelladata,1729455,19
Zorro,1087443,5
Lolita,1087443,21
Alejandro,1087443,19
Ramon,1087443,24
Diego,1087443,24
Pulido,1087443,19
Vega,1087443,24
Gonzales,1087443,7
Seymour,12296573,6
Michael,12296573,6
Evelyn,12296573,13
Johan,1724742,3
Alma,1724742,13
von,1724742,12
Borg,1724742,13
Veronica,1724742,6
Bergman,1724742,11
Ayako,12308598,8
Togawa,12308598,6
Jie,12308598,6
Eguchi,12308598,3
Kitano,12308598,6
Gao,12308598,4
Steelhead,12308598,3
Nakajima,12308598,7
Kennedy,14779345,1
Jameson,14779345,4
Hansen,14779345,5
Mays,14779345,11
May,14779345,6
O'Brien,14779345,18
Lane,1755731,3
Ventura,1755731,19
Nixon,1755731,24
Siegal,1755731,6
Marshall,1755731,2
Stephanie,1755731,2
Marisa,1755731,6
Lionel,1755731,6
Caroline,1755731,3
Chris,1755731,21
Bloch,1755731,15
Williams,10304498,15
Jasper,10304498,18
Lenny,10304498,17
Butcher,10304498,3
Laden,10304498,7
Dauncey,901907,2
Burdon,901907,3
Dr.,901907,5
Porhoet,901907,4
Margaret,901907,17
Haddo,901907,6
White,8282525,9
Rothenberg,8282525,7
David,8282525,9
Furious,295757,23
Casanova,295757,23
Hunt,295757,0
Frankenstein,295757,23
Heller,295757,22
Lois,11252503,3
Kent,11252503,3
Juan,17467039,6
Tibbs,17467039,6
Vasily,33171729,12
Alexander,33171729,12
Boris,33171729,12
Tom,12773247,23
Jerry,12773247,23
Beck,6845157,11
Wiggs,6845157,13
San,6845157,21
Holly,6845157,19
Lola,6845157,2
Ryan,6845157,1
Hauser,6845157,17
Marshal,6845157,24
Little,6845157,15
Rico,6845157,15
Anoke,6845157,24
Phid,6845157,21
Benson,1481638,17
Sally,1481638,7
Adam,1481638,24
Alex,1481638,21
Rockwood,2287595,6
Puloski,2287595,6
Carlos,2287595,3
Baxter,2287595,0
Veronica,2287595,6
Dangerfield,2287595,11
Jake,2287595,6
Beaumont,2287595,6
Jerk-Off,2287595,14
Hubbard,2287595,23
Lance,2287595,5
Rowitz,6174864,4
Taylor,6174864,3
Joan,6174864,3
Otto,6174864,11
Tracy,6174864,18
Haines,6174864,4
Mamie,6174864,2
Wells,6174864,17
Wray,6174864,11
Xavier,6174864,23
Peak,10115405,23
Shortcake,10115405,23
Koloff,104984,1
Adrian,104984,8
Drago,104984,16
Paulie,104984,1
Brown,104984,21
Raina,16389361,6
Neena,16389361,3
Samir,16389361,6
Khanna,16389361,17
Tia,16389361,20
Aakash,16389361,3
Jagmagia,16389361,5
Mrs.,16389361,13
Sanjay,16389361,13
Toby,6165779,3
McKnight,6165779,11
Cal,6165779,6
Zachary,6165779,21
Beaver,6165779,10
Wilson,6165779,7
Wayne,6165779,9
Wozniak,32714039,12
Dev,2725075,0
Arjun,2725075,6
Rajiv,2725075,6
Ganga,2725075,21
Pardes,2725075,22
Kishorilal,2725075,21
Dylan,12138300,23
Lane,12138300,6
Welch,12138300,14
Mandy,12138300,3
Emmet,12138300,3
Garth,12138300,17
Jake,12138300,3
Marlin,12138300,2
Chloe,12138300,3
Sool,18302086,10
Chul-jung,18302086,1
Duchamp,4399566,5
Wood,4399566,0
Hessel,4399566,16
Roch,4399566,22
Grund,4399566,12
Blake,29518461,17
Dennis,29518461,17
Gordon,29518461,4
Beth,29518461,24
Nick,29518461,17
Carl,29518461,18
Sabin,29518461,17
Malik,29518461,24
Sara,29518461,4
Gloria,382510,4
Keyes,382510,15
Williams,382510,19
Linda,14411179,6
Swift,14411179,9
Philo,14411179,16
Amanda,14411179,17
Gaylord,14411179,6
Paige,14411179,8
Bartlett,12111728,10
Gardner,12111728,3
Susan,12111728,6
Bivens,12111728,0
Charlie,12111728,3
Crombwell,12111728,14
MacNeil,30873695,2
Kintry,30873695,10
Kinderman,30873695,17
Dyer,30873695,2
Wilson,30873695,0
Bill,30873695,15
Gemini,30873695,24
Temple,30873695,13
Karras,30873695,4
Julie,30873695,19
Jane,10727249,21
Knepper,10727249,9
Kaliyappan,9107557,20
Wally,2580712,4
Gator,2580712,18
Bear,2580712,7
McGraw,2580712,4
Smith,2580712,3
Park,2580712,6
Boo,2580712,7
Yogi,2580712,6
Dimitris,30757246,13
Sharma,29004995,6
Kakkar,29004995,21
Jordan,4677732,1
Doolittle,4677732,12
Corlane,4677732,8
Sturgis,4677732,12
Moss,4677732,8
Dowdy,4677732,16
Draque,144831,17
Nick,144831,3
Helena,144831,17
Charles,144831,13
Mary,144831,13
Berton,144831,17
Clayworth,144831,3
Nora,144831,6
Dumas,5305695,5
Viant,5305695,19
Russell,5305695,10
Donna,5305695,14
Nina,770144,21
Pfeiffer,770144,15
Diamond,770144,19
Frank,770144,14
Grusin,770144,10
Jack,770144,6
Susie,770144,6
Eddie,770144,23
Dorf,5319581,15
Jose,14627188,24
Carmen,14627188,2
Ignoramii,7120180,1
E.,7120180,3
Burnupius,7120180,6
Wile,7120180,7
Roopa,14923841,6
Omkar,14923841,1
Mishra,14923841,9
Shart,14923841,9
Chandan,14923841,1
Vaidya,14923841,13
Krazy,27622391,21
Kat,27622391,23
Rafael,32768642,23
Guincho,32768642,3
Pendleton,7357205,13
Lippett,7357205,5
Judy,7357205,13
Lesham,27798699,14
Glaser,27798699,9
Busch,26192180,5
Pelagia,8401840,16
Corelli,8401840,16
Antonio,8401840,2
Mandras,8401840,3
Morgana,612007,8
Herzog,612007,24
Smedhurst,10725778,7
Selbie,10725778,24
Annette,10725778,3
Marsham,10725778,13
Betty,7504586,3
Grampy,7504586,16
Chelsea,17927279,18
Nolee,17927279,2
Ridley,17927279,22
Lohan,17927279,5
Madison,17927279,3
Ho,939203,7
Winchell,939203,6
Gabby,939203,10
Fingers,939203,10
North,939203,3
Greene,939203,1
Belt,939203,20
Weisser,26519331,11
Ksanka,1624537,14
Valerka,1624537,9
Burnash,1624537,7
Stockard-Price,947616,3
Pritchett,947616,11
Marr,947616,9
Sara,947616,3
Price,947616,3
Prichett,947616,8
Evelyn,947616,17
Vannacutt,947616,10
Eddie,947616,3
Melissa,947616,3
Stephen,947616,0
Schecter,947616,13
Justin,8414283,3
Tutela,8414283,9
Stephanie,8414283,19
Claus,8414283,24
Bhattacharjee,19451074,6
Kumar,19451074,15
Chatujye,19451074,15
Kedar,19451074,2
Saraswati,19451074,14
Bhombolda,19451074,13
Bini,19451074,16
Santosh,19451074,18
Molly,967174,6
Arlene,967174,23
Diane,967174,3
Allan,967174,16
Sheridan,967174,19
Sterling,967174,11
Kate,967174,3
Camilla,967174,3
Russell,967174,10
Phil,967174,3
Ned,967174,3
Scotty,967174,15
Shekhar,17620280,11
Sharma,17620280,1
Rohit,17620280,6
Conrado,36243056,19
Tati,36243056,13
Marcelo,36243056,6
Namazi,28014158,14
kan,28014158,18
Bosse,28014158,6
Carlsson-Said,28014158,6
Carl,33052358,18
Fenouillet,18423431,22
Fennouillet,18423431,6
Bazil,18423431,3
Pete,18423431,12
Leone,18423431,1
Remington,18423431,6
Buster,18423431,23
Boulounga,18423431,6
Chow,18423431,20
Marconi,18423431,17
Staziak,14587462,11
Starr,23894804,21
Belle,23894804,3
Shirley,23894804,1
Henry,45126,6
Cromwell,45126,18
Thomas,45126,9
Elizabeth,45126,13
Seymour,45126,8
Wolsey,45126,6
Cardinal,45126,15
Jane,45126,4
Catherine,45126,5
VIII,45126,9
Anne,45126,6
Boleyn,45126,3
Smeaton,45126,21
Richard,15941612,6
Philippe,15941612,21
Tae,32807542,6
Ha-yeon,32807542,24
Gun-ho,32807542,17
Rosenthal,35587809,0
Harry,35587809,6
Lila,35587809,16
Weir-Fields,35587809,20
Calvin,35587809,6
Mabel,35587809,19
Scotty,35587809,21
Ruby,35587809,3
Tharp,35587809,21
McBride,10048887,17
Battle,10048887,3
Casey,10048887,4
O'Brien,10048887,15
Giles,10048887,6
Jillette,10048887,21
Witherspoon,10048887,3
Meadows,10048887,9
Crossman,23409260,18
Slade,23409260,18
Institute,261364,15
Cody,261364,4
Connors,261364,6
Banks,261364,16
Natalie,261364,4
Brinkman,261364,17
Miles,261364,11
Alex,261364,15
Pratt,2134635,17
Stone,2134635,0
Terry,2134635,13
Alistair,2134635,9
Polidori,2134635,7
Mike,2134635,4
Denise,2134635,6
Huston,2134635,18
Reilly,2134635,17
McGuire,16343214,16
Vivian,16343214,3
Wilson,16343214,23
Douglas,16663101,13
Lockhart,16663101,14
Munford,16663101,24
Juanita,9006288,2
Hilda,9006288,23
Floyd,9006288,4
Karl,9006288,21
Eduardo,9006288,24
Zavala,9006288,17
Barbarosa,9006288,3
Josephina,9006288,13
Angel,9006288,16
Emile,9006288,17
Morales,9006288,17
Pahmeyer,9006288,6
Braulio,9006288,24
Josefina,9006288,21
Westover,9006288,3
Dastak,33922458,22
Sharad,33922458,3
Fogg,34762045,15
White,20370386,5
Bronson,20370386,3
Irene,20370386,5
Peterson,20370386,4
Tanner,22361477,19
Catherine,22361477,17
Belline,22361477,12
Stedman,22361477,16
Humphries,22361477,9
Whitset,22361477,13
Price-Gorham,22361477,3
Alex,22361477,14
Gobber,18394730,24
Stoick,18394730,3
Berk,18394730,3
Hiccup,18394730,23
Astrid,18394730,3
Gabriel,8816501,3
Sarah,8816501,6
Melissa,8816501,3
Noelle,8816501,6
Susan,8816501,6
Ben,8816501,4
Gary,8816501,3
Mary,8816501,6
Margaret,8816501,19
Gavin,8816501,3
Karamkali,5106141,15
Ballu,5106141,16
Lilaram,5106141,6
Khan,5106141,15
Anthony,5106141,13
Bliss,3117881,3
Delvaux,3117881,17
Julie,3117881,3
Morane,3117881,3
Diana,3117881,20
Fergus,3117881,0
Kohler,3117881,19
Marianne,1882999,3
Andie,10818667,3
Leslie,10818667,16
Bradley,10818667,11
Hale,14628378,17
Tolliver,14628378,17
Falin,14628378,16
Adam,9023277,6
Becca,9023277,6
Amanda,9023277,6
Lopez,9023277,9
Libby,9023277,3
Min,13212232,19
Muthalaly,13212232,16
Karunan,13212232,21
Mukundan,13212232,1
Tess,13976296,14
Tracy,13976296,1
Kislu,2981371,1
Mallik,2981371,13
Mustafa,18290736,23
Fikret,18290736,9
Dennis,15998246,22
Padrinsky,15998246,9
Mona,15998246,21
Giraud,15998246,6
Leoni,15998246,17
Coogan,15998246,14
Morrow,15998246,15
Duke,15998246,6
Brec,15998246,1
Moore,15998246,10
Holmes,10030670,17
Henry,10030670,9
Mortimer,10030670,22
Perkins,10030670,22
Baskerville,10030670,9
Barrymore,10030670,12
Frankland,10030670,7
Stapleton,10030670,7
Seldon,10030670,23
Mary,10030670,2
Watson,10030670,13
Martin,26163439,18
Vinterberg,26163439,8
Nick,26163439,6
Bengtsson,26163439,18
Vicky,32136949,13
Craig,8124062,6
Stewart,8124062,20
Caesar,8124062,13
MacBride,8124062,10
Ted,8124062,3
Carol,8124062,3
Kendall,23590179,8
Toni,23590179,5
Kate,23590179,23
Sally,23590179,13
Bruce,23590179,13
Ned,23590179,3
Cliff,23590179,10
Bukowski,3487956,8
Fred,3487956,22
Carter,3487956,17
Bobby,3487956,3
Ethel,3487956,17
Doug,3487956,17
Bob,3487956,3
Lynn,3487956,4
Ruby,3487956,3
Todd,31833243,13
McIntosh,31833243,24
Jessie,31833243,2
Sitaramayya,30418882,21
Raja,30418882,1
Veerabhadraiah,30418882,2
Sumathi,30418882,14
Seeta,30418882,13
Murthy,30418882,5
Al,2402218,22
Babu,7424807,17
Satyanarayana,7424807,6
man,7424807,21
Gummadi,7424807,23
Ravindra,7424807,6
Padma,7424807,23
Norbit,7261333,6
Rice,7261333,3
Wong,7261333,4
Thomas,7261333,18
Hughes,7261333,0
Kate,7261333,6
Jesus,7261333,20
Jack,7261333,5
Perkin,7261333,16
Latimore,7261333,22
Hathaway,3606413,17
Olham,3606413,4
Cale,3606413,20
Nelson,3606413,12
Caine,7084690,5
Bond,7084690,21
Lee,7084690,3
Popeye,7084690,7
Emmanuelle,7084690,20
Zatoichi,7084690,19
Eastwood,7084690,19
Lucy,15297491,19
Kane,15297491,5
Brackett,15297491,16
Ferrone,15297491,10
Prum,7499930,6
Bombolini,7499930,23
Mussolini,7499930,10
Arthur,20768131,16
Tom,11490559,3
Jerry,11490559,3
Aist,33187745,12
Tanya,33187745,19
Miron,33187745,17
Robbie,25742891,2
Julie,25742891,19
Satchem,25742891,2
Paco,21347979,10
Onuki,21347979,12
Mike,11553550,14
Eddie,11553550,8
Shinde,15769706,2
Rao,15769706,2
Sunil,15769706,23
Veeraju,15769706,3
Panda,15769706,17
Joe,15769706,4
Bujji,15769706,3
Rajiv,15769706,17
Mahankali,15769706,14
Sayyaji,15769706,6
Lal,15769706,17
Raghu,15769706,17
Buji,15769706,15
Vamsi,15769706,3
Shardul,13504616,2
Kalyan,13504616,2
G.,13504616,15
Prakash,13504616,2
Seshadri,13504616,7
Lise,36306006,18
Carter,14144391,24
Bridger,14144391,0
Devlin,14144391,12
Marr,14144391,9
Yusuf,10892479,1
Khan,10892479,14
Noorie,10892479,20
Nabi,10892479,6
Khairoo,10892479,7
Bose,32281441,2
Netaji,32281441,14
Bolchi,32281441,4
Debabrata,32281441,21
Boltoy,32281441,4
Susan,29728646,3
Matt,29728646,24
MacLachlan,29728646,13
Walters,29728646,6
Kavanagh,29728646,17
Levering,29728646,21
Reed,29728646,14
Tom,11262486,3
Jerry,11262486,3
Collins,14718618,15
Keaton,14718618,22
Ann,8435438,23
Bible,8435438,17
Bernhardt,8435438,12
Stewart,8435438,20
Arun,32172821,4
Karthik,17867578,3
Sajid,17867578,3
Imaan,17867578,23
Naushad,17867578,3
son,17867578,5
Bruce,17867578,7
Sandhya,17867578,6
Eashwar,17867578,6
Fields,9323265,0
Frye,9323265,9
Minerva,9323265,3
Dexter,9323265,17
Garfield,9323265,9
Reiser,9323265,15
Howie,9323265,16
Hermione,9323265,6
Rogers,9323265,23
Canby,2066226,15
Sarah,2066226,4
Geoffrey,2066226,17
David,2066226,17
Johnny,22558992,10
Caulfield,22558992,7
William,2187291,3
Yegor,2187291,10
Tatoya,2187291,17
Cole,2187291,11
Ivanov,2187291,17
Campbell,2187291,12
Jackie,2187291,6
Loomis,21734367,21
Evans,29828688,13
Renee,29828688,3
Shirley,29828688,3
Madea,29828688,3
Aunt,29828688,6
Wilson,29828688,13
Sabrina,29828688,17
Show,29828688,9
Tammy,29828688,3
Cora,29828688,2
Harold,29828688,6
Jr.,29828688,4
Brown,29828688,2
Kimberly,29828688,6
Calvin,29828688,6
Byron,29828688,6
Pathaje,9559652,2
Jaggu,4125255,15
Manju,4125255,3
Parr,14778171,11
Chiara,9234454,19
Sam,436955,3
Pearl,436955,0
Ruthie,436955,6
Garvey,436955,13
Benny,436955,3
Mike,436955,20
Joon,436955,3
Hatton,16225933,9
Jassy,16225933,6
Mordelaine,16225933,17
Nick,16225933,6
Dilys,16225933,6
Woodroofe,16225933,10
Barney,16225933,6
Helmar,16225933,18
Meggie,16225933,4
Fennell,16225933,23
Wicks,16225933,17
Lindy,16225933,13
Punnosse,29816420,10
Punnoose,29816420,5
Lakshmi,29816420,1
Surya,29816420,4
Liji,29816420,6
Prabha,29816420,2
Swarnavel,29816420,21
Punnose,29816420,5
Lal,29816420,4
Shamir,29816420,17
Marathakam,29816420,13
Mehaboob,29816420,12
Lucy,1128561,3
Dylan,1128561,3
Pete,1128561,8
Ben,1128561,23
Caroline,1128561,2
Williams,17776794,9
Sal,17776794,6
Chantal,17776794,12
Smith,17776794,6
Rosario,17776794,3
Procida,17776794,5
Butler,17776794,16
Dugan,17776794,17
Thompson,17776794,24
Castellan,21971275,15
Jackson,21971275,15
Underwood,21971275,22
Percy,21971275,3
Brunner,21971275,7
Luke,21971275,18
Persephone,21971275,2
Sally,21971275,4
Chase,21971275,4
Grover,21971275,22
Medusa,21971275,8
Poseidon,21971275,21
Ugliano,21971275,3
Scalise,1934924,17
Taylor,1934924,20
Taylor-Paine,1934924,10
Stevens,1934924,11
Paine,1934924,0
Scalice,1934924,4
Dixon,1934924,7
Morgan,1934924,17
Cody,13731934,4
Frederici,13731934,19
Buntline,13731934,3
F.,13731934,20
Jo,25017192,16
Traube,25017192,16
Monod,25017192,16
Sheinbaum,25017192,18
Weisman,25017192,15
Alden,5036653,21
Vince,5036653,23
Clay,5036653,3
Sonny,5036653,6
Fleming,5036653,23
Kimble,5036653,3
Lincoln,5036653,10
Shaw,5036653,16
Elena,5036653,2
Varda,21984862,10
Andras,21984862,14
Kato,31572779,1
Kurono,31572779,3
Eriko,31572779,3
Bajpai,23397826,11
Godse,23397826,8
Dixit,23397826,4
Neil,23397826,20
Mansi,23397826,9
Bobby,468356,24
Joy,468356,16
Kubrick,810092,18
Korolev,810092,22
Oreg,810092,19
Kennedy,810092,11
Hartman,810092,17
Baudrillard,810092,12
Torrance,810092,10
Keonigsberg,810092,0
Nixon,810092,7
Kendall,810092,2
Johnson,810092,16
Bush,810092,21
Bowman,810092,10
Karel,810092,21
Levinson,810092,5
Kaplan,810092,0
Hitchcock,810092,18
Vince,24473950,15
Marcus,24473950,23
Rose,24473950,14
Nikki,24473950,6
Ali,24473950,3
Natalie,24473950,15
Jack,24473950,6
Sean,24473950,6
Tess,24473950,3
Granado,923265,21
Guevara,923265,3
Pichel,20855443,15
Jemuel,20855443,5
Zadok,20855443,6
Joel,20855443,3
Iscariot,20855443,23
Nathan,20855443,17
Jesus,20855443,3
Lamech,20855443,24
Tamar,20855443,9
Barlam,25145933,18
Natalia,25145933,11
Oscar,25145933,22
Akiko,33310550,23
Masami,33310550,12
Noriko,21849247,23
Shukichi,21849247,23
Hamza,19284991,10
Alma,19284991,3
Marc,19284991,11
Miro,19284991,11
Idemoto,4390986,19
Ebert,4390986,10
Mercado,8476961,14
Ana,8476961,12
Vasconcelos,8476961,17
Anna,8476961,13
Lozano,8476961,14
Vargas,8476961,5
Leon,8476961,15
Aghion,18651698,4
Sanjana,31989043,4
Sanju,31989043,17
Paikrai,31989043,6
Sanjay,31989043,18
Anjana,31989043,2
Opie,22620195,11
Spike,9136608,3
Tom,9136608,17
Jerry,9136608,3
Ching,3294536,11
Lin,3294536,23
Tong,3294536,5
Fei,3294536,8
Christer,28759147,21
Pauly,1839695,20
Durant,1839695,3
Rick,1839695,13
Julie,1839695,6
Strack,1839695,17
Yakatito,1839695,6
Hastings,1839695,9
Peyton,1839695,7
Westlake,1839695,3
Kracklite,365212,0
Hitler,365212,1
Augustus,365212,8
Livia,365212,18
Speer,365212,22
Roy,24319174,4
Dhevaram,24319174,4
Babu,24319174,5
Abhimanyudu,24319174,9
Stallone,24319174,4
Mohanlal,24319174,4
Carlito,20944095,3
Stuart,25895392,22
Sharda,26694867,3
Kusum,26694867,3
Vicky,26694867,3
Raja,26694867,6
Mehra,26694867,3
Rita,26694867,6
Raha,26694867,23
Bahadur,26694867,0
Sunita,26694867,3
Sahni,26694867,13
Vikram,26694867,3
Fleiss,25533870,23
Alex,25533870,18
Woody,20533851,3
Woodchopper,20533851,15
Pierre,20533851,5
Woodpecker,20533851,12
Nevers,1615727,9
Yukari,24998748,10
Masako,24998748,0
Haber,29836913,3
Syracuse,29836913,12
Harry,29836913,3
Molly,29836913,2
Kyle,29836913,12
Valerie,29836913,2
Jones,29836913,23
Russ,29836913,2
Laura,6793410,14
Percy,6793410,23
Junior,6793410,7
Pea,6793410,23
Carrot,6793410,22
Dad,6793410,6
Larry-Boy,6793410,17
Alfred,6793410,6
Weed,6793410,19
Mother,6793410,23
Blueberry,6793410,17
Herb,2638660,3
Stu,2638660,2
Kitty,2638660,10
Hypnos,2638660,6
Julie,2638660,22
Monkeybone,2638660,3
Kimmy,2638660,23
Miley,2638660,3
McElroy,2638660,13
Pauline,24158848,16
Stanton,24158848,22
Lori,24158848,5
Knepper,32250995,9
Eben,32250995,14
Creedmore,32250995,10
Perlman,32250995,15
Belvin,32250995,17
Swaggert,32250995,4
Subkoff,32250995,18
Connolly,32250995,11
Macleah,32250995,11
Lawrence,32250995,15
Sheen,32250995,18
Bhatnagar,26232501,10
Sandhya,26232501,19
Prakash,26232501,10
Batsford,27110908,9
Logan,27110908,8
Courtier,27110908,9
Gosset,27110908,14
Holmes,7223822,13
McCulloch,7223822,0
Hubbard,7223822,13
Aris,7223822,20
Megan,10860957,3
Merry,10860957,3
Constance,10860957,3
Ty,10860957,3
McLean,10860957,17
Daniel,10860957,3
Logan,10860957,3
Fitch,21099785,0
Berman,21099785,13
Graham,21099785,22
Jamie,21099785,3
Carol,21099785,9
Hopkins,21099785,20
Friedman,598346,6
Rivera,598346,0
Panaro,598346,6
Lincon,25888726,14
Grayson,6042486,11
Dunn,6042486,24
George,11401015,0
Jeff,11401015,12
Cheryl,11401015,21
Martha,11401015,21
Alice,11401015,22
Burke,6210306,17
Rose,6210306,19
King,6210306,6
Monroe,31097143,13
Agnihotri,2717390,4
Shivani,2717390,3
Ashok,2717390,17
Singh,2717390,17
Vijay,2717390,3
Archer,4453691,21
Bowen,4453691,4
Van,4453691,20
Kaap,4453691,9
Nabil,4453691,19
Coetzee,4453691,4
Solomon,4453691,6
Lila,2711768,17
Ray,2711768,17
Dixon,2711768,6
Fantasia,2711768,17
Walker,2711768,15
Belinda,30329313,2
Dunn,32252,22
Audrey,32252,23
Elijah,32252,6
Joseph,32252,3
Wright,32252,5
Price,32252,23
David,32252,3
Stokes,320496,21
Marcus,320496,6
Chipeska,320496,20
Lois,320496,8
Willie,320496,3
King,320496,7
Merman,320496,6
Gopi,26003683,4
Anjali,26003683,21
Mukta,30714883,3
Rajat,30714883,3
Puri,30714883,21
Verma,30714883,2
Tulsi,30714883,14
Crasky,1045986,22
Lagonda,1045986,24
Randone,1045986,24
Figgis,1045986,3
Rose,1045986,23
Heflin,1045986,2
Rucker,1045986,23
Betts,1045986,19
Freddy,1045986,3
Monica,1045986,9
Donlan,1045986,6
Geisler,1045986,19
Tilden,1045986,10
Lassaro,1045986,15
Babitch,1045986,3
Lin,18413490,21
Jie,18413490,2
Zhenhua,18413490,22
Tian,18413490,21
Parker,26304712,1
Ma,26304712,3
Travers,11063492,9
Howard,11063492,9
Marty,11063492,6
Preston,11063492,2
Judd,11063492,24
Wallace,11063492,12
Houten,28978870,10
Marina,2324069,3
Isabel,2324069,8
Holly,2324069,21
Carolyn,2324069,2
Nat,2324069,7
Masoud,1160412,24
Kourov,1160412,20
Ghanin,1160412,4
Hamid,1160412,10
Trautman,1160412,4
Rambo,1160412,3
Griggs,1160412,11
Zaysen,1160412,17
Obal,7037167,12
Reginald,7037167,15
Maria,7037167,16
Herne,7037167,3
Algol,7037167,9
Taylor,30764244,23
Barrington,30764244,2
Savage,30764244,17
James,30764244,4
Nicola,30764244,23
Inga,16686844,10
Alan,16686844,12
Poitier,16686844,24
Cratchit,3260200,21
Sam,3260200,13
Sylvester,3260200,23
Coyote,3260200,16
Scrooge,3260200,6
Ginette,26503648,16
Olmstead,26503648,19
Harmon,26503648,1
Jean,26503648,12
Donelly,15684115,16
Joan,15684115,17
Clifford,15684115,6
Donnelly,15684115,17
Bemis,15684115,10
Moffet,15684115,10
Haskins,15684115,7
Gates,15684115,6
Scott,15684115,22
Jimmy,15684115,6
Hamilton,15684115,17
Helen,15684115,6
Hal,15684115,17
Paige,15684115,12
William,10610533,21
Sharon,10610533,24
Gerry,10610533,21
Holly,10610533,21
Denise,10610533,2
Yamada,30928597,11
Taro,30928597,16
Shintaro,30928597,4
Rosie,31372259,23
Leo,31372259,21
Wisk,2936959,8
Jacques,2936959,17
Shakespeare,2936959,15
Cranston,2936959,24
Madhavan,3594243,16
Kochundapri,3594243,21
Tara,35151292,1
Jui,35151292,8
Shekhar,35151292,21
Farley,26315867,6
Laura,26315867,3
Grijalva,26315867,6
Hammond,26315867,9
Glenda,26315867,17
Waters,26315867,21
Moritz,26315867,10
Nancy,26315867,17
Black,26315867,22
Chris,26315867,23
Fudd,12028378,10
Elmer,12028378,3
Maija,21503888,3
Seinfeld,21503888,12
Giorgio,21503888,22
Kenny,21503888,10
Simmons,21503888,24
DiGiorgio,21503888,6
Carlin,21503888,18
Vijayan,24999963,16
Unni,24999963,21
Murali,24999963,8
Krishnan,24999963,4
Deva,31240952,2
Shyaam,31240952,1
Veera,31240952,2
chiti,31240952,6
Prasad,31240952,23
Dhanraj,31240952,15
Aiki,31240952,19
Anjali,31240952,17
Nelly,23847707,15
Gaston,23847707,8
Pierrot,23847707,2
Pierre,23847707,21
Noblet,23847707,6
Lucy,3230447,7
Patty,3230447,4
Charlie,3230447,2
Marcie,3230447,6
Brown,3230447,23
Parvati,31149350,24
Laxman,31149350,14
Ram,31149350,14
Wainwright,31509437,7
Madden,31509437,12
Cochran,31509437,14
Kenny,8945459,15
Frank,8945459,23
Erin,8945459,13
Dottie,8945459,19
Brian,8945459,3
Rae,33934476,5
Edie,33934476,23
Tanner,33934476,12
Jeffers,33934476,9
Renee,33934476,21
Hewett,33934476,5
Latimer,13247285,13
Marchant,13247285,24
Ronay,13247285,13
Kari,13247285,19
Saria,13247285,16
Suneo,18612867,11
Gian,18612867,11
Kaimal,30844032,7
Giri,30844032,10
Balan,30844032,6
Susheela,30844032,17
Lerner,17807144,6
Frank,17807144,4
Christophe,7578779,1
Delacroix,7578779,16
Nathalie,7578779,4
James,10233273,8
Venu,22196591,6
Mohanlal,22196591,14
Balettan,22196591,6
Devaki,22196591,7
Holmes,11350779,6
Barham,11350779,4
Docks,11350779,9
Christopher,11350779,3
Denny,11350779,24
Bork,11350779,11
David,11350779,4
Kitty,11350779,2
Lloyd,11350779,9
Barron,11350779,9
Gavin,11350779,22
Watson,11350779,6
Meade,11350779,4
McGinn,188902,18
Everdeane,188902,8
Johnny,188902,8
Mulraney,188902,3
Sirocco,188902,17
Tom,188902,16
Spoils,188902,12
Jenny,188902,17
Vallon,188902,17
Bill,188902,23
Katie,29171676,5
Lucy,29171676,14
Vanessa,29171676,6
Sam,29171676,9
Patrice,29171676,4
Shira,29171676,4
Adam,29171676,3
Emma,29171676,6
Tom,10950125,3
Jerry,10950125,23
Mammy,10950125,3
Halima,5826081,10
Netanyahu,5826081,16
Amin,5826081,10
Boese,5826081,10
Jackson,5885832,3
Sam,5885832,6
Jed,5885832,3
Sonny,5885832,6
Spike,5885832,16
Sandra,5885832,9
Alyssa,5885832,12
Derek,5885832,6
Billy,5885832,3
Wilson,25724461,19
Kyle,25724461,15
Betsy,26885889,3
Kate,26885889,24
Barrett,26885889,7
Tevin,26885889,15
Alfonse,26885889,23
Kenneth,26885889,3
Gillis,9143529,13
Marin,9143529,24
Yancey,9143529,20
Sylvester,9143529,7
Danny,2082558,3
Trudy,2082558,4
Clarence,2082558,24
Upman,2082558,3
Morgan,2082558,20
Glenda,2082558,3
Elpida,28218079,20
Periklos,28218079,14
Kannavos,28218079,10
Trudi,19872971,21
Rudi,19872971,3
Yu,19872971,21
Delmore,19686427,9
Butch,19686427,20
Darla,19686427,21
Hubert,2107054,23
Ahmed,2107054,3
Mayo,2107054,21
Omair,2107054,17
Gaston,2107054,4
Ali,2107054,19
Diana,2107054,3
Hassan,2107054,15
Lyman,8429675,14
Maldor,8429675,14
Randolph,8429675,17
Gardner,8429675,9
Dryden,8429675,5
Beck,18218711,11
Vaughan,18218711,18
Knight,18218711,9
Hendrix,18218711,4
Hofrichter,23565442,22
Lommel,23565442,12
Short,23565442,1
David,24658248,21
John,24658248,2
Murdock,1129847,2
Bullseye,1129847,17
Fisk,1129847,4
Natchios,1129847,16
Matt,1129847,21
Jack,1129847,24
Urich,1129847,5
Nelson,1129847,15
Miller,10286685,9
Allendine,10286685,19
Ashenbrunner,10286685,17
Jim,10286685,14
Thorpe,10286685,3
Jr.,10286685,19
Margaret,10286685,14
Guyac,10286685,9
Wen,10915521,1
Qingqing,10915521,19
Yuan,10915521,0
Chengzhi,10915521,10
Dorsett,3842730,9
Ness,3842730,3
George,3842730,4
Nitti,3842730,6
Payne,3842730,4
Capone,3842730,17
Stone,3842730,8
Malone,3842730,17
Wallace,3842730,17
Rafiki,88678,6
Mufasa,88678,17
Banzai,88678,1
Ed,88678,1
Sarabi,88678,19
Timon,88678,24
Simba,88678,3
Cameron,99022,18
Nick,99022,13
Rachel,99022,6
Mackie,99022,12
Kazlik,99022,15
Tom,33528878,17
Judas,8862866,23
Elizabeth,8862866,6
Luke,8862866,0
Uffizi,8862866,6
Dracula,8862866,14
Blaine,8862866,1
Lowell,8862866,4
Brown,13233891,7
Spinks,13233891,8
Freddy,7535009,23
Betty,7535009,3
Jackson,5343273,23
Dogora,5343273,17
Kommei,5343273,18
Munakata,5343273,13
Briggs,28791031,20
Manchester,28791031,15
Ray,28791031,11
Clarke,28791031,3
Joel,28791031,20
Edmondston,28791031,0
Sue-Ann,28791031,8
Peggy,28791031,23
Walters,28791031,14
Joseph,28791031,6
Danielle,28791031,3
Aihara,11562799,12
Ito,11562799,2
Yoshida,11562799,14
Shimizu,11562799,16
Bricassart,4488493,17
Luke,4488493,3
Meghann,4488493,2
Carson,4488493,13
O'Neill,4488493,1
Ralph,4488493,6
Meggie,4488493,21
Chakraborty,32181458,5
Behna,32181458,11
Kapoor,32182348,5
Janet,3048488,2
Ray,3048488,3
Beck,3048488,19
Martin,3048488,12
Fernandez,3048488,24
Fay,3048488,12
Martha,3048488,6
Young,3048488,24
Delphine,3048488,8
Downing,3048488,19
Spencer,217793,13
Sam,217793,19
Fred,217793,8
Flo,217793,23
Marge,217793,3
Mary,217793,3
Franco,217793,13
Wilson,217793,8
Tom,10473207,17
Sanders,10473207,0
Cameron,10473207,11
Henson,10473207,15
Latham,10473207,14
Alex,10473207,20
Amoorthananda,25987938,17
Nair,25987938,17
Velayudhan,25987938,0
Madhavan,25987938,4
Chandran,25987938,18
Swami,25987938,17
Siddique,25987938,22
Tim,21225053,3
Devereaux,21225053,11
Lockwood,21225053,5
McHale,21225053,4
Sam,21225053,12
Manny,21225053,17
Steve,21225053,23
Flint,21225053,3
Chewandswallow,21225053,16
Waters,1539714,15
Barrett,1539714,24
Pink,1539714,16
Floyd,1539714,22
William,5788437,6
Varagine,5788437,12
Remigio,5788437,4
Gui,5788437,24
Jorge,5788437,10
Adso,5788437,24
Christine,32824989,20
Stella,32824989,4
Idem,22932514,3
Patricia,28681362,13
Tony,28681362,7
Pierre,10292462,17
Fontaine,10292462,8
Birabeau,10292462,20
Susan,10292462,2
Benny,10292462,2
Bonvalet,10292462,12
Azuri,10292462,16
Bai,573469,21
Tsai,573469,3
Nan,573469,2
Yu,573469,7
Corbett,16676697,1
Desmond,16676697,15
Sprink,3092405,13
William,3092405,15
Audebert,3092405,17
Palmer,3092405,21
S,3092405,4
Henri,3092405,7
Jonathan,3092405,5
Ponchel,3092405,23
Wilhelm,3092405,13
rensen,3092405,0
Horstmayer,3092405,6
Claudia,11664753,6
Tony,11664753,14
Santini,11664753,6
Toni,11664753,7
Angela,11664753,23
Massera,11664753,18
Quiroga,11664753,9
Marc,11664753,8
Hederick,6004827,8
Half-Elven,6004827,6
Gilthanas,6004827,16
Riverwind,6004827,3
Bupu,6004827,20
Porthios,6004827,15
Tsaroth,6004827,10
Tasslehoff,6004827,14
Verminaard,6004827,17
Caramon,6004827,1
Goldmoon,6004827,23
Khisanth,6004827,9
Flint,6004827,14
Takhisis,6004827,5
Tanis,6004827,14
Matar,6004827,4
Curley,3956816,10
Jones,3956816,0
Sloane,10004055,6
Kemp,10004055,22
Kath,10004055,21
Ed,10004055,20
Poncelet,6707631,6
Vitello,6707631,10
Helen,6707631,6
Billy,36183273,22
Aoi,36183273,20
Sakura,36183273,18
Saleh,33245032,20
Nesib,33245032,6
Tariq,33245032,17
Auda,33245032,3
Thurkettle,33245032,2
Amar,33245032,6
Leyla,33245032,16
Kharbanda,10726486,7
Azmi,10726486,24
Khan,10726486,21
Kendal,10726486,19
Ruth,10726486,19
Ramjimal,10726486,10
Seth,10726486,8
Puri,10726486,0
Kapoor,10726486,9
Ali,10726486,18
Firdaus,10726486,2
Labadoor,10726486,19
Shah,10726486,2
Chindo,15897180,3
Habeeb,15897180,3
Gayathri,15897180,3
Nancy,15897180,3
Eliot,10705531,0
Shute,10705531,7
Morrow,10705531,20
Lawson,14144320,24
Randall,14144320,15
Blaine,14144320,11
Farina,19312500,17
Joe,19312500,17
Hung,10605328,11
Schultz,4415256,9
Angelo,4415256,0
Vicki,4415256,3
Farrell,4415256,3
Luciano,4415256,14
Capone,4415256,22
Davis,4415256,4
Damien,14757585,22
Grant,180912,14
Waterbury,180912,2
Ethel,180912,3
Michael,180912,21
Theodora,180912,6
Perry,180912,7
Greig,180912,9
Lynn,180912,6
Stevenson,180912,6
Agnes,180912,14
John,180912,16
Adams,180912,8
Joan,240372,8
Tony,240372,20
Dawn,240372,13
Carmen,240372,19
Gloria,240372,3
Tenzini,240372,20
Jack,240372,6
Phil,240372,3
Troy,12224218,6
Dmitri,12224218,9
Khaled,4073694,8
Jehan,1906459,4
Frollo,1906459,16
Phoebus,1906459,4
Gringoire,1906459,6
Clopin,1906459,21
Kalin,7072005,23
Lando,7072005,2
Ellen,3642891,17
Carson,3642891,22
Madden,3642891,24
York,77609,6
Buxton,77609,1
Sam,6810072,6
Reena,6810072,6
Maddy,6810072,3
Rajiv,6810072,21
Samra,6810072,21
Yvette,67371,1
White,67371,12
Ho,67371,7
Boddy,67371,17
Henderson,67371,0
Peacock,67371,2
Wadsworth,67371,17
Green,67371,20
Kiran,20287641,18
Rahul,20287641,21
Puja,20287641,21
Murali,20287641,5
Sumit,20287641,19
Durai,19944246,3
Deivanayagam,19944246,17
Anjali,19944246,2
Blair,5979134,1
Carter,5979134,10
Darcy,5979134,0
Hastings,5979134,6
Bloomhaus,5979134,13
Early,5979134,23
Nanette,5979134,15
Smith,5979134,12
Bill,2678092,6
Farrell,2678092,16
Marge,2678092,13
Christ,25694530,12
Cominsky,25694530,4
Armando,14924899,23
Bernarda,14924899,2
Mally,13922038,23
Sam,13922038,6
find,13922038,17
Rice,13922038,11
Peter,13922038,17
Isaac,13922038,6
North,13922038,1
Hannah,13922038,6
Thompson,13922038,4
Cain,13922038,20
Moon,8457975,9
Rodulfo,8457975,12
Ulloa,8457975,12
Goldstein,8457975,16
Alan,4379692,3
Dunworth,4379692,10
J.K.,2506344,21
Aarti,2506344,16
Cody,24041290,6
Diane,24041290,21
Greg,24041290,23
Halstead,24041290,4
Smith,1205454,4
Long,1205454,5
Jack,1205454,15
Kevin,1205454,8
Pithiviers,3830281,23
Duvauchel,3830281,14
Tassin,3830281,6
Dumont,3830281,4
Chaudard,3830281,21
Jessica,2961722,16
Marilyn,2961722,0
Jimmy,2961722,17
Dolly,2961722,23
Camilla,2961722,8
Wade,2961722,8
Heather,5095233,6
Carrie,5095233,6
Beth,5095233,6
Tucker,5095233,13
Kate,5095233,3
Scott,5095233,14
John,5095233,3
Williams,4228138,18
Gorman,4228138,0
Fox,4228138,23
Jack,4228138,16
Barton,4228138,12
Springer,4228138,12
Bruce,4228138,14
Chiranjeevi,8249745,11
Johnny,8249745,14
Shobana,8249745,17
Rao,8249745,9
Kalyan,8249745,2
Carla,17139780,22
Yigal,27902570,15
Lina,27902570,8
Hatch,25354309,17
Filip,9005978,7
Gosho,9005978,7
Pavel,9005978,7
Vanya,9005978,1
Reni,9005978,5
Velko,9005978,7
Swapna,6179790,0
Naidu,6179790,13
Thaayaru,6179790,4
Jin-mo,33447795,10
Seung-beom,33447795,9
Grover,18926216,8
Gaby,18926216,24
Rolff,17387556,3
Beata,1902589,19
Morelli,1902589,6
Kapoor,30635340,5
Gunaji,30635340,20
Beatrice,24528819,4
Idang,24528819,7
Carlos,24528819,13
Luksa,24528819,10
Miguel,24528819,8
Kris,24528819,10
Judas,25357624,6
J.K.,25357624,23
Frankl,25357624,11
Muthu,25357624,18
Purushothaman,25357624,9
Manikam,25357624,14
Nishanth,25357624,6
Moorthy,25357624,15
Pandi,25357624,23
Raja,25357624,12
Tirisangu,25357624,6
Martin,2249957,3
Susan,2249957,6
Pete,2249957,12
Shashee,2249957,10
Boop,7145079,4
Betty,7145079,19
Barran,30431536,3
Propp,30431536,10
Mark,2886917,3
Sarah,2886917,3
David,2886917,10
Seko,35367046,7
Numbi,35367046,5
Chebeya,35367046,6
Reshmi,10466979,21
Norgard,15518145,17
Lila,15518145,3
Tony,15518145,6
Moscovitz,564986,13
Thomas,564986,0
Clarisse,564986,5
Renaldi,564986,5
Michael,564986,3
Prince,564986,13
Louie,564986,11
Lily,564986,16
Genovia,564986,11
Lana,564986,16
Joe,564986,21
Queen,564986,6
Bryant,564986,13
Thermopolis,564986,12
Mia,564986,13
Franklin,7878832,19
Thatcher,7878832,19
Zebedee,7878832,8
Bill,7878832,13
Dougal,7878832,24
John,7878832,18
Tim,7878832,17
Osmond,7878832,0
Graeme,7878832,3
Melissa,6838440,17
Ridge,6838440,17
Binder,6838440,4
McKee,6838440,17
Brand,28870239,11
Cunningham,3937957,18
McBride,3937957,1
Henry,13875263,3
Hayden,13875263,8
Sam,13875263,3
Dab,13875263,17
Andreas,13875263,12
Trife,13875263,17
Lexi,13875263,14
Becky,13875263,9
Jay,13875263,6
Claire,13875263,13
Omen,13875263,6
Robert,13875263,6
Moony,13875263,3
Curtis,13875263,6
McGregor,28163789,21
Selena,28163789,17
Burns,28163789,0
Raja,11140865,6
Goldbergian,11140865,17
Anbarasu,11140865,3
Sathyamoorthy,11140865,17
Srividhya,11140865,13
Nallasivam,11140865,17
Janaki,11140865,3
Todd,9170067,17
Holt,9170067,20
Gratz,9170067,17
Tevis,9170067,17
Callie,9170067,20
Yancy,9170067,10
Zimmerman,9170067,17
Owens,9170067,4
Mesei,29816743,12
Isa,29816743,21
Pao,29816743,21
Jack,7095154,16
Ludwig,28352353,21
Jim,28352353,15
Benson,3109686,10
Powell,3109686,13
Sylvia,3109686,9
Mickey,28247074,24
Billy,28247074,3
Leo,565758,3
Gutierrez,565758,9
Olchin,565758,24
Erica,565758,3
Frank,565758,6
Caan,565758,21
Willie,565758,6
Gallardo,565758,14
Isabel,9481844,20
Jason,9481844,6
Valerie,9481844,4
Mary,9481844,23
Kingham,9481844,13
Bonaventure,9481844,23
Melling,9481844,17
Superior,9481844,19
Jeffreys,9481844,17
Carns,9481844,12
Harry,31059055,4
Cluster,31059055,11
Alex,31059055,0
Paul,9514199,17
Kyle,9514199,21
Monica,9514199,17
Doug,9514199,18
Carmen,9514199,23
Julie,9514199,3
Jake,9514199,3
Bob,9514199,3
Larry,9514199,23
Tina,9514199,17
Lisa,9514199,3
Devi,24592259,9
Chander,24592259,3
Renu,24592259,12
Basanti,24592259,6
Prakash,24592259,3
Lata,24592259,3
Etienne,406168,6
Ludovic,406168,9
Donovan,26191454,8
McCormick,26191454,20
Paul,23069508,17
Lucy,23069508,14
Ella,23069508,10
Elizabeth,23069508,21
Karen,23069508,6
Joseph,23069508,19
Chayito,31025101,11
Isidoro,31025101,16
Ganzy,8733905,18
Mary,8733905,14
Marsh,8733905,13
Boswell,8733905,1
Lee,8733905,15
Blackwell,8733905,19
Tetyana,24081363,16
Fintyk,24081363,3
Moskal,24081363,13
Mykhailo,24081363,17
Henry,32312042,7
Ahmed,32312042,4
Fergusson,32312042,23
God,32312042,9
O'Shea,32312042,3
Gale,32312042,1
Jacques,32312042,21
Susan,32312042,6
Vining,32312042,13
Sultan,32312042,7
Makia,32312042,6
Jack,32312042,9
Vyning,32312042,6
Kong,10852326,11
Yeng,10852326,18
Abbott,10852326,21
Tai,10852326,24
Katie,7597365,16
Sabrina,7597365,3
Sawyer,7597365,19
La,7597365,11
Harvey,7597365,21
Seth,7597365,6
Betsy,13490092,3
Michael,13490092,14
Janie,2156850,23
Maulana,2156850,3
Mansoor,2156850,2
Mary,2156850,21
Dave,2156850,10
Sarmad,2156850,13
Divya,12478569,16
Sujata,12478569,9
Rohan,12478569,7
Mata,14568591,10
Steve,14568591,24
Donley,14568591,8
Butler,14568591,15
Case,14568591,24
Keitel,4380389,9
Sajan,15570371,3
Priyamvada,15570371,11
Mitch,17465733,2
Breen,9459007,16
Marchand,9459007,24
Henry,8475191,3
Paul,8475191,6
Allen,8475191,3
Nicky,8475191,23
Dr.,8475191,23
Mark,8475191,2
Gloria,8475191,23
Ryan,8475191,13
Cohen,8475191,2
Jensen,8475191,15
Darren,8475191,6
Laura,8475191,3
Alison,8475191,17
Porter,8475191,22
Montgomery,13333148,9
Andrews,13333148,8
Bergen,13333148,12
Rameau,13333148,1
Clark,13333148,13
Ward,13333148,6
Stella,13333148,21
Monrell,13333148,14
Phillip,13333148,2
Gordon,30296356,21
O'Hara,30296356,13
Coleman,30296356,9
Lorene,30296356,16
Tom,11342469,3
Jerry,11342469,3
Clobber,11342469,17
George,32657810,0
Mace,965992,4
Herman,965992,3
Lincoln,965992,2
White,965992,9
Winnie,965992,14
Johnson,965992,0
Montana,965992,22
Gina,965992,3
Ryan,965992,7
Piccolapupula,965992,8
Judah,14620685,5
Monty,14620685,17
Kamini,14620685,17
Verma,14620685,16
Oberoi,14620685,3
Tina,14620685,2
Paul,715207,24
Peter,715207,24
Thomas,715207,12
Lenny,715207,4
Judy,715207,1
Billy,715207,16
Hal,715207,22
Kenny,715207,11
Ricky,715207,3
Mike,715207,3
Mel,715207,23
Ronnie,715207,0
Martha,715207,16
Eddie,715207,20
Meg,715207,19
Baker,715207,17
Angela,715207,4
Costic,715207,22
Artie,715207,17
Susie,715207,0
Potter,19234163,18
Marcus,17936182,9
Mendez,17936182,21
Castro,2933021,17
Batista,2933021,10
Guevara,2933021,16
Lao,4911472,24
Komasa,26908378,12
Monroe,26908378,21
Gale,8711666,10
Evillene,8711666,10
Evermean,8711666,7
Smith,8711666,2
Dorothy,8711666,3
Glinda,8711666,21
Rabe,8303428,11
Wilson,8303428,19
Barksdale,2531044,19
Hartley,2531044,8
McAllister,2531044,4
Bill,11104130,16
Lucy,11104130,9
Fudd,24786448,3
Elmer,24786448,9
Steve,1399075,6
Alexandra,1399075,6
Hitler,25496559,1
Parker,25496559,12
Tobin,25496559,6
Otto,25496559,17
Louie,25496559,15
Donne,25496559,19
Toni,25496559,6
Lepetino,25496559,11
John,25496559,24
Taviton,25496559,10
Skaas,25496559,21
Anton,25496559,4
McKittrick,25496559,11
Haru,25519059,3
Sadako,25519059,7
Spiller,25519059,16
Arrietty,25519059,3
Leroys,2280078,17
Reuben,2280078,17
Gigi,2280078,2
Jumba,2280078,13
Stitch,2280078,3
Pleakley,2280078,11
Tiki,2280078,16
Lilo,2280078,6
Nani,2280078,20
Leroy,2280078,4
Gantu,2280078,6
Pilbright,19417904,21
Stevens,19417904,8
Sai,24260284,2
Caf,24260284,16
Gai,24260284,9
Venus,24260284,10
Wife,24260284,2
Aaron,465470,21
Miriam,465470,21
Rameses,465470,21
Hotep,465470,23
Jethro,465470,0
Moses,465470,21
Tuya,465470,5
Seti,465470,13
Huy,465470,23
bush,465470,16
Hallett,89445,3
Michael,89445,19
Gillian,89445,3
Kylie,89445,8
Jimmy,89445,4
Antonia,89445,8
Angelov,89445,12
Gary,89445,23
Owen,89445,15
Owens,89445,12
Yegor,1732642,3
Kostya,1732642,6
Anton,1732642,17
Geser,1732642,22
Daria,1732642,6
Zavulon,1732642,3
Olga,1732642,17
Svetlana,1732642,22
Gorodetsky,1732642,3
Danny,8770199,21
Amma,8770199,6
Chavero,8770199,10
Thomson,8770199,12
Margaret,8770199,2
Ollie,2163735,11
Finlayson,2163735,11
Stan,2163735,11
Simone,3949045,6
Buss,3949045,4
Visconti,3949045,13
Nadia,3949045,8
Zub,3472852,20
Ted,3472852,9
Beethoven,9575832,2
Skeffington,9575832,14
Ashby,2722209,23
Tony,2722209,3
Eleanor,2722209,3
Kossett,2722209,11
Harriet,2722209,13
Simon,2722209,14
Orin,312498,9
Gonji,312498,6
Yoichiro,312498,15
Tokuemon,312498,22
Unosuke,312498,17
Tazaemon,312498,13
Seibei,312498,22
Ushitora,312498,6
Kohei,312498,10
Darren,32808179,3
Dante,32808179,15
Shakti,28483015,23
Patnaik,28483015,0
Panigrahi,28483015,21
Hobbes,2259388,10
Jeff,2259388,16
Hank,2259388,3
Fleming,2259388,3
Mary,2259388,3
Mike,2259388,0
Phil,2259388,13
Simon,2259388,3
Doc,2259388,18
Stokes,25091604,22
Shawn,25091604,15
Sheba,25091604,19
Cheryl,25091604,13
Bob,25091604,17
Albertson,25091604,5
Thorne,23093539,3
Wilton,23093539,23
Caroline,23093539,0
Leng,23093539,16
Johnny,4299486,15
Peter,4299486,23
Frank,4299486,15
Scanlan,4299486,23
Cassie,4299486,10
Nora,4299486,2
Stu,17241398,17
Gus,17241398,23
Charlie,17241398,6
Julia,17241398,6
Morgan,17241398,13
Tommy,17241398,3
Jack,13672363,23
Steve,13672363,3
Sarah,13672363,4
Jacko,13672363,15
Gogh,17379804,15
Cailing,17379804,21
Wang,17379804,18
God,19092127,13
Malachia,19092127,21
Tom,11717027,3
Jerry,11717027,3
Krishna,19127945,6
Pallavi,19127945,3
Banerjee,19127945,12
Schwartz,2354228,7
Moorehead,2354228,22
Jeffrey,2354228,16
Celeste,2354228,3
Edwards,2354228,24
Craven,2354228,19
Lori,2354228,23
Maloney,2354228,22
Anderson,2354228,19
Barnes,2354228,14
Talbert,2354228,19
Montana,2354228,14
Sergio,9344774,1
Natalia,9344774,9
Alicia,9344774,16
Tommy,35314995,3
Greg,35314995,16
Anthony,35314995,3
Boone,5094131,6
Patrick,5094131,3
Omri,5094131,3
Atkins,5094131,20
Megan,27482400,9
Patrick,27482400,3
Ryan,27482400,22
Sean,27482400,19
Hicks,27482400,21
Hongsheng,10953021,9
Fengsen,10953021,3
Xiuling,10953021,0
Tong,10953021,21
Lennon,10953021,11
Lisa,16671760,24
Moreland,30265765,20
Jennifer,33681220,6
Cuddy,33681220,10
Meredith,33681220,13
Benny,33681220,17
Lydia,33681220,6
Skip,33681220,6
Blessing,33681220,12
Chris,33681220,20
Jackson,161897,4
God,161897,24
Luke,161897,3
Godfrey,161897,9
Dragline,161897,6
Mallabee,27109421,8
Lorna,27109421,6
Nick,27109421,5
Valdes,27109421,17
Boop,27970727,4
Veeraiyan,5451433,4
Mammootty,5451433,23
Arasappan,5451433,3
Miriam,8475523,3
Jo,8475523,23
Wagner,8475523,11
Dorsett,8475523,0
Beth,8475523,6
Eric,8475523,3
Rawlings,8475523,6
Nick,8475523,6
Allison,8475523,6
Jack,8475523,14
Tom,11589473,23
Jerry,11589473,23
Gray,1812238,13
Meredith,1812238,11
Hilary,1812238,21
Hester,1812238,4
Meg,1812238,3
Nichols,4863014,23
Dorothy,4863014,21
Meredith,4863014,19
Ramirez,5187488,2
Mitchell,5187488,18
Purckett,5187488,22
Todd,5187488,17
Bentley,5187488,24
Robert,5187488,9
Bill,5187488,9
Burns,5187488,24
Lassiter,5187488,4
Finlayson,3176730,21
Ollie,3176730,6
Stan,3176730,6
Hardy,3176730,6
Eric,12573816,22
Brubaker,12573816,1
Crawford,12573816,11
Dalbray,12573816,9
Augustine,12573816,18
Sevenes,31835088,21
Jacques,29336355,1
Chapman,29336355,21
Kress,29336355,8
Petris,29336355,0
Anne,29336355,13
Sparazza,3936140,24
C,3936140,0
Tremor,3936140,18
Watters,3936140,7
Flanagan,3936140,15
Sharice,3936140,6
Elmore,3936140,24
Acosta,3936140,10
Deeks,3936140,4
Heller,3936140,11
Locke,3936140,13
Messner,3936140,6
Dupree,3936140,23
Lester,3936140,17
Mecklen,3936140,10
Carruthers,3936140,3
Bloodpack,479757,8
Asad,479757,3
Damaskinos,479757,17
Chupa,479757,17
Kounen,479757,5
Nyssa,479757,21
Rheinhardt,479757,7
Verlaine,479757,23
Nomak,479757,4
Janet,36476665,12
Richard,36476665,7
Carrie,36476665,10
Aiden,18844946,1
Liz,18844946,4
Adam,34044006,3
Pauline,34044006,3
Moosa,33002637,10
Singh,33002637,18
Gawda,33002637,10
Hirono,2780947,19
Danny,2241614,4
Badal,2241614,21
Oberoi,2241614,19
Tina,2241614,14
Negi,2241614,17
Azaad,9910128,6
Sunder,9910128,12
Charandas,9910128,6
Shanta,9910128,6
Shobha,9910128,2
Kalidas,13051946,15
Phoolrenu,13051946,14
Sheetal,11664293,13
Asif,11664293,0
Bhushan,11664293,16
Ranjeet,11664293,6
Arora,11664293,13
Rao,11664293,23
Anant,11664293,6
Merchant,11664293,3
Thadani,11664293,15
Ghoshal,11664293,1
Hamish,11893853,3
Willis,11893853,6
Brian,11893853,15
Ruby,11893853,3
Sheffield,9088038,9
Brock,9088038,15
Fadden,9088038,2
Ruth,9088038,24
Billup,9088038,20
Rudy,3136443,3
Gabriel,3136443,13
Nick,3136443,17
Ashley,3136443,3
Suhani,33914655,13
Saxena,33914655,1
Mary,33914655,23
Vijay,33914655,3
Lane,31000989,12
Forbinger,31000989,19
Woody,31000989,15
Zack,31000989,15
Petersen,31000989,12
J.J.,31000989,0
Carol,31000989,13
Kumar,20682290,15
Jumbo,20682290,24
Sonia,20682290,15
Vikramaditya,20682290,13
Bakhtavar,20682290,20
Livingston,14304637,21
Rambha,14304637,21
Detweiler,9110863,1
Vando,9110863,13
York,9110863,14
Karenina,9110863,19
Balfour,9110863,1
Antonia,9110863,17
Kritos,9110863,9
Garybrandy,2817640,24
Sherrypie,2817640,4
Pirk,2817640,24
Cochbrane,2817640,19
Potkustartti,2817640,23
Fukov,2817640,13
Flicka,27388121,16
Rob,27388121,8
Gus,27388121,22
Ken,27388121,6
McLaughlin,27388121,15
Vijaya,26000417,13
Bhaskar,26000417,12
Anu,26000417,23
Mridhula,6070722,19
Arun,6070722,21
Mridula,6070722,3
Todd,21459905,3
Britney,21459905,17
Brooks,21459905,13
Thomas,21459905,17
Shakti,21459905,17
Jean,21459905,3
Booker,21459905,9
Featherbed,23994191,24
Boris,23994191,14
Betty,23994191,14
Plots,23994191,8
Bill,14790445,24
Gilbert,14790445,6
Pat,14790445,6
Lance,14790445,15
Fiske,6542399,22
Daly,6542399,18
Fuller,6542399,11
Leah,6542399,4
Madariaga,6542399,8
Hooker,6542399,4
Hain,34726284,23
Grandison,2697545,24
Mantajano,5955514,9
Gibson,5955514,18
Santiago,5955514,0
Piper,5955514,12
Dodge,5955514,21
Schiller,5955514,18
Parker,154693,11
Scot,154693,15
Reagan,154693,5
Nicholls,154693,1
Helen,13238459,7
Ellis,13238459,4
Johnny,13238459,15
Medbh,13238459,10
Catherine,13238459,19
Hoffs,13238459,10
Moya,13238459,20
Enda,13238459,2
Markov,25177919,10
Chen,25177919,10
Holly,25177919,15
Daniels,25177919,5
Clark,25177919,20
Tia,25177919,6
Sergey,25177919,3
Mao,25177919,18
Kuan,25177919,16
Shane,25177919,3
Ritchie,25177919,13
Vlad,25177919,21
Hanover,2590780,6
Hart,2590780,15
Wegman,2590780,7
Doug,2590780,21
Andy,2590780,21
Bradbury,2590780,21
Smith,14595727,22
Raines,14595727,12
Lena,14595727,8
Deth,14595727,17
Robinson,14595727,21
Jack,14595727,23
Muthuh,14595727,10
Shivani,10638889,2
Miyavi,18728484,3
Shinni,18728484,6
Kumar,33551500,8
Puja,33551500,14
Lowe,9538297,3
Vicki,23149241,19
Max,23149241,6
Rangayya,27687546,9
Sitayya,27687546,18
Padma,27687546,13
Ichikawa,25060688,5
Nakayama,25060688,6
Tanzen,25060688,22
Chiharu,25060688,4
Tange,25060688,4
Yasubei,25060688,21
Lilia,31025720,21
Montiel,31025720,1
Raul,31025720,19
Lara,31025720,16
Alf,9013552,23
Rita,9013552,24
Mike,9013552,1
Garnett,9013552,6
Rawlins,9013552,14
Mani,34521349,10
Paolo,9985182,21
Carlo,9985182,3
Giulia,9985182,2
Martin,33745507,17
Dorothy,33745507,21
Weaver,3730809,1
Kitty,3730809,0
Gilbert,3730809,20
Hoskins,957991,20
Friedman,957991,11
Porter,957991,21
Ward,957991,20
Tyne,957991,16
Rivera,957991,16
Halverson,957991,17
Gaynor,16922889,12
Kathy,16922889,0
Morgan,16922889,9
Nancy,16922889,18
Anita,3796163,23
Erik,3796163,12
Malo,26188378,24
Tigger,2773215,3
Robin,2773215,21
Roo,2773215,21
Woods,2773215,5
Kanga,2773215,17
Daikichi,31011459,16
Romeo,15619502,4
Juliet,15619502,14
Shakespeare,15619502,20
Liliom,27178030,3
Julie,27178030,6
Louise,27178030,6
Alfred,27178030,12
Zadowski,27178030,20
Jane,14620261,21
Tarzan,14620261,17
Lola,14620261,6
Campbell,14620261,24
Sengo,14620261,20
Neil,14620261,16
Collins,162446,9
Rigby,162446,1
Kelly,162446,3
Washington,162446,0
Joe,162446,2
Maxwell,162446,20
Gloria,162446,13
Stone,162446,6
Carla,162446,4
Winnetouch,3829543,16
Abahachi,3829543,24
Marceau,34084623,21
Tien,4916683,4
Indraracha,4916683,13
Khrut,4916683,17
Rajasena,4916683,1
Sihadecho,4916683,10
Loder,24336540,11
Marquis,24336540,15
Hutchinson,24336540,9
Reggie,24336540,6
Rose,24336540,8
Dryden,24336540,24
Roxbury,24336540,1
Mary,24336540,8
Butterbean,36301383,10
McMullett,36301383,23
Rajkumar,28094170,9
Ramirez,1617626,18
Chavez,1617626,1
Moira,1617626,6
Jacobs,1617626,13
Wolfson,1617626,18
Ryan,1617626,13
Ritter,1617626,0
Clark,1617626,6
Cutter,1617626,6
Greer,1617626,19
Escobedo,1617626,16
Bennett,1617626,0
Cortez,1617626,16
Chee,7532215,6
Sam,7532215,9
Leaphorn,7532215,17
George,7532215,16
Emma,7532215,8
Michel,339526,6
Andrew,339526,24
Patricia,339526,6
Hayworth,16133349,24
Vicky,26946311,17
Franklin,26946311,17
Sarah,26946311,17
Burt,26946311,17
Gatlin,26946311,21
Isaac,26946311,5
Job,26946311,17
Malachai,26946311,24
Julio,2137591,7
Laurier,2137591,12
Lourdes,2137591,23
Marcelo,2137591,4
Madariaga,2137591,20
Marguerite,2137591,21
Rosuke,3237331,7
Yoshizaki,3237331,1
Ryosuke,3237331,3
Taguchi,3237331,3
Karasawa,3237331,4
Junko,3237331,17
Michi,3237331,16
Yabe,3237331,18
Williams,6121544,17
Kagle,6121544,3
Nick,6121544,6
Parker,6121544,23
Foster,6121544,11
Rita,12051274,6
Isobel,12051274,14
Ralph,12051274,13
Herbert,12051274,4
Lew,12051274,3
O'Hare,1128108,24
Vaughn,1128108,18
Marion,1128108,2
Ruth,1128108,3
Ted,1128108,21
Eddie,1128108,21
Cole,1128108,12
Holm,7329426,9
God,7329426,14
Anna,7329426,2
Georges,7329426,3
Gustafsson,7329426,13
David,7329426,3
Amos,5158963,13
Andrew,5158963,3
Sterling,5158963,21
Odell,5158963,9
Gillman,5158963,6
Tolliver,5158963,18
Mugsy,415055,3
Rhinstone,415055,5
Giuseppe,6616873,3
Attilio,6616873,13
Arcangeli,6616873,18
Pasquale,6616873,6
Riccardo,6616873,6
Teresa,21977956,6
Sheetal,4567706,9
Babu,4567706,1
Nekiram,4567706,10
Singh,4567706,7
Champa,4567706,23
Tulsi,4567706,24
Vijay,4567706,2
Bharat,4567706,3
Ross,16790346,16
Brazier,16790346,19
Lamond,5378058,24
Ken,5378058,16
Cabot,5378058,16
Rance,5378058,21
Annie,5378058,0
Do-young,20694344,20
Kang-Jin,20694344,9
Juaco,26166877,16
Urbano,26166877,3
Atila,26166877,13
Urbani,26166877,23
Joaco,26166877,22
Austen,5454727,14
Clark,5454727,24
Jones,5454727,9
Kennard,5454727,6
Lory,5454727,13
Scofield,5454727,17
Swain,1217079,7
Pran,1217079,6
Leung,1217079,9
Schanberg,1217079,6
Rockoff,1217079,6
Sydney,1217079,21
Lennon,1217079,11
Dev,16150640,13
Thoron,16150640,17
Gorhagar,16150640,6
Slann,16150640,16
Stendhal,16150640,8
Targon,16150640,24
Kyr,16150640,0
Kyra,16150640,4
Tan,10933656,1
Peng,10933656,17
Dong,10933656,10
Fung,10933656,9
Hai-chi,10933656,10
Nishijima,511653,12
Monzaemon,511653,15
Haruna,511653,6
Singhania,14935874,3
Sharma,14935874,10
Kelly,14935874,18
Sardesai,14935874,5
Neha,14935874,6
Arya,14935874,9
Ria,14935874,13
Amit,14935874,17
Mehta,14935874,20
Chickenhawk,19530330,0
Taylor,320032,3
Mayberry,320032,15
Peterson,320032,7
Smith,320032,8
Butler,320032,21
Morris,320032,18
Opie,320032,15
Sprague,320032,18
Barney,320032,1
Pyle,320032,5
Jr.,320032,0
Helen,320032,2
Bass,320032,0
Campbell,320032,22
Fife,320032,10
Goober,320032,9
Allen,18293440,5
Burnett,18293440,0
Paul,13118358,20
Elizabeth,13118358,1
Elisabeth,13118358,14
Dargelos,13118358,1
Gerard,13118358,12
Agathe,13118358,14
Wimsey,15277826,15
Camberley,15277826,9
Ryder,15277826,11
Sayers,15277826,15
Roses,22634710,22
Jackson,1373852,21
Miller,1373852,13
Katey,1373852,3
Javier,1373852,3
Batista,1373852,14
Vaishnavi,31922176,1
Goud,31922176,14
Meghna,31922176,23
Alice,4228986,11
Masashi,4228986,3
Hana,4228986,3
Mike,13131974,9
Dickens,13131974,12
Radhamani,26332461,6
Dileep,26332461,6
Xang,31673426,13
Quy,31673426,7
Cameron,31673426,21
Purcell,31673426,9
Moi,31673426,24
Culligan,31673426,14
Thanh,31673426,13
Reagan,31673426,1
Muller,31673426,9
Nhan,31673426,9
Oanh,31673426,23
Duc,31673426,0
DeMatties,31673426,24
Salisbury,31673426,11
Barnes,31673426,9
Clinton,31673426,0
Minh,31673426,18
Frenhofer,3555758,1
Tate,9590685,5
Gale,9590685,12
Long,9590685,11
Nan,9590685,10
Grainger,9590685,11
Karen,9590685,16
Pattinson,9590685,23
Reid,9590685,19
Koenig,23015340,0
Bernard,23015340,17
Rachel,23015340,3
Oscar,23015340,21
Juan,21987179,0
Helena,21987179,21
Ismael,21987179,12
Sebastian,21987179,21
Eugenia,21987179,15
Dave,18702022,23
Victor,18702022,6
Sylvia,18702022,3
Vincent,2171500,22
Murielle,2171500,4
Jean-Michel,2171500,24
Woodrow,12045578,5
Keaton,12045578,24
Tom,362335,21
Eli,362335,3
Brett,362335,6
Esther,362335,21
Jackie,362335,6
Moon,7983644,12
Wiki-Tiki,7983644,24
Laluna,7983644,6
Daphne,7983644,21
Manu,7983644,23
Jim,7983644,6
Velma,7983644,13
Mahina,7983644,20
Aloha,7983644,11
Scooby,7983644,16
Snookie,7983644,4
Tuiama,7983644,20
Knopp,1439951,1
Linge,1439951,22
Willi,1439951,3
Goodman,1439951,0
M,1439951,24
Hitler,1439951,3
Bismarck,1439951,9
Peter,1439951,3
Berger,1439951,18
Emil,1439951,3
Nazis,1439951,3
Arvid,1439951,3
Esme,16840772,22
Abby,16840772,13
Waldo,16840772,10
Boboy,16840772,10
Fajardo,16840772,23
Vic,1180124,12
Arlene,1180124,9
Frank,1180124,23
Jimmy,1180124,9
Tony,1180124,23
Ferguson,1180124,20
Wagner,1180124,6
Pepi,1180124,17
Rivers,1180124,20
Brandon,1180124,3
Stanley,1180124,3
Donovan,1180124,23
Baker,1180124,18
Theresa,1180124,21
Doyle,1180124,15
Roy,5300894,12
Hassan,5300894,10
Fereshteh,5300894,3
Ahmad,5300894,10
Horton,20208001,23
Strange,8942251,16
Wong,8942251,24
Oliver,8942251,1
Dormammu,8942251,17
Stephen,8942251,21
Gina,8942251,6
Mordo,8942251,17
Atwater,8942251,13
Elma,29119625,9
Melton,29119625,0
Ernest,29119625,6
Anne,29119625,21
Geoffrey,29119625,14
Lymes,29119625,6
Denny,1752812,0
Joel,1752812,6
Liza,1752812,2
Stefan,16473441,4
a.,16473441,12
Lana,16473441,13
Sa,16473441,12
Ibrahim,34943571,0
Hilbert,23419399,13
Jamil,23419399,23
Rice,16706073,6
Ferrigno,16706073,0
Downey,16706073,17
Peter,16706073,3
Lonnie,16706073,10
Klaven,16706073,22
Hailey,16706073,6
Barry,16706073,14
Oswald,16706073,15
Denise,16706073,6
Mel,16706073,10
Moon,29895019,14
O'Brien,29895019,20
Maan,11958183,21
Michel,9280225,17
Watkins,9280225,7
Rachel,9280225,19
Maira,3320022,17
Sorkin,3320022,9
Badru,10938283,3
Reshma,10938283,19
Lata,10938283,7
Gorro,6032221,13
Flores,6032221,19
Mona,6032221,4
Savage,6032221,3
Doc,6032221,17
Hopps,6017841,9
Orin,6017841,3
Arthur,6017841,16
Zygon,6017841,17
Silica,6017841,21
Calli,6017841,18
Dagg,6017841,24
Man-Droids,6017841,8
Novaluna,6017841,23
Dibrimi,6017841,10
Jackson,20982185,18
Hines,20982185,0
Adan,20982185,12
Roxanne,35033775,6
Bridget,35033775,16
Craig,35033775,9
Evans,35033775,0
Sylvester,35033775,3
Joey,35033775,13
Lucius,35033775,3
Gwendolyn,35033775,6
Bo,35033775,12
James,35033775,17
Jane,35033775,13
Myrna,35033775,1
Randolph,35033775,13
O'Dale,35033775,1
Cathy,35033775,6
Twan,35033775,6
Rufus,35033775,3
Rosie,35033775,6
Tina,35033775,3
Chuck,35033775,6
Willi,7782549,5
Watson,7782549,20
zur,7782549,22
Perry,7782549,18
Janson,7782549,15
Connor,7782549,3
Neuchl,7782549,16
Tremain,19311240,1
Peacock,19311240,9
Abner,19311240,4
Kleinschmidt,22726015,12
Fawcett,22726015,24
Mark,22726015,6
Anna,22726015,3
Greg,22726015,6
McDoogles,22726015,19
Kessler,22726015,21
Bellison,22726015,19
Lovelace,18459833,4
Bey,43452,7
Tayi,43452,0
Kennedy,43452,1
Faisal,43452,13
Bentley,43452,9
Allenby,43452,6
Ali,43452,1
Daud,43452,23
Gasim,43452,24
Lawrence,43452,6
Murray,43452,20
Dryden,43452,7
Farraj,43452,4
Burke,27553135,12
Zimmel,27553135,10
Jimmy,27553135,6
Andersen,27553135,19
Brenda,27553135,6
Bob,3375635,2
Zack,3375635,3
Nicoletta,3375635,2
Suraj,2775082,14
Kiran,2775082,13
Castello,32454429,13
Pratap,32454429,10
Suzie,32454429,14
Zardari,32454429,19
Tanya,32454429,21
Khuda,32454429,15
Gonestar,8664046,9
Mallory,8664046,9
Tom,8664046,23
Jerry,8664046,22
Gorthan,8664046,20
Biff,8664046,0
Professor,8664046,13
Agatha,3690254,3
Emily,3690254,3
Walla,3690254,12
Stella,9932514,1
Montgomery,9932514,16
Naidu,31689132,8
Bhai,31689132,24
Gani,31689132,23
Kishore,31689132,16
Krishnaveni,31689132,6
Heather,547448,3
Kitty,547448,24
Holly,547448,19
Stacey,547448,16
Starsky,547448,23
Earl,547448,6
Hutchinson,547448,9
Ghia,547448,15
Willis,547448,1
Doby,547448,6
Feldman,547448,17
Kevin,547448,15
Newt,74872,17
Ward,74872,7
Johnson,74872,23
Savage,74872,17
Booker,74872,8
Gidget,22707969,3
Latimer,22707969,9
MacLaughlin,22707969,16
Jeff,22707969,1
Turner,15815398,19
Bagby,15815398,10
Babu,31292386,11
Vimala,31292386,14
Stacey,6205827,6
Daria,6205827,6
Jake,6205827,20
Neil,6205827,7
Demartino,6205827,7
Sandi,6205827,21
Quinn,6205827,16
O'Neill,6205827,3
Mack,6205827,7
Kevin,6205827,7
Lindy,6205827,18
Li,6205827,5
Jane,6205827,21
Tom,6205827,3
Barch,6205827,19
Helen,6205827,20
Jodie,6205827,6
Williams,9632030,9
Corwin,9632030,17
Nystrom,24792732,13
Joyspeed,24792732,23
Thord,2708485,13
Erik,2708485,17
Gestur,2708485,4
Paul,6343570,3
Hammer,6343570,3
Michelle,6343570,17
Wolfe,6343570,1
Riley,6343570,17
Samuel,6343570,17
Harue,6343570,3
Sara,6343570,17
Niles,6343570,7
Warren,6343570,17
Ariel,6343570,20
Norris,6343570,15
Price,6343570,9
Kyle,6343570,17
Vannacutt,6343570,3
Desmond,6343570,3
Cross,5936137,15
Kim,5936137,0
Shaw,5936137,15
Hombergk,20557238,3
Galdi,20557238,14
Ramenelli,20557238,24
Marcella,20557238,6
Valenti,20557238,8
Galdis,20557238,14
I.,20557238,4
Bluenzli,20557238,17
Jahan,27517359,11
Babar,27517359,14
Rida,27517359,19
Vishal,3202945,21
Khan,3202945,15
Suraj,3202945,21
Singh,3202945,18
Muskaan,3202945,21
Chachu,3202945,17
Minoes,8721887,21
Ellemeet,8721887,7
Armbruster,2952485,7
Pamela,2952485,0
Blodgett,2952485,11
Carlucci,2952485,8
Piggott,2952485,19
Lamar,42886,13
Anton,42886,3
Irene,42886,13
Cassini,42886,5
Jerome,42886,3
Vincent,42886,6
Caesar,42886,12
Josef,42886,10
Freeman,42886,13
Morrow,42886,3
Oswald,27368265,16
Heather,432364,3
Kent,432364,22
Bobby,432364,17
Kaufman,432364,3
Puccio,432364,17
Ali,432364,3
Willis,432364,14
Marty,432364,3
Derek,432364,4
Donny,432364,6
Lisa,432364,6
Rokurota,270759,6
Akizuki,270759,22
Tahei,270759,6
Makabe,270759,20
Matashichi,270759,11
Uehara,270759,0
Cameron,29432416,21
Brittany,29432416,6
Charlie,29432416,6
Weston,29432416,1
Lynn,29432416,3
Annie,29432416,3
Hubert,30081969,6
Nobbs,30081969,22
Page,30081969,22
Baker,30081969,16
Albert,30081969,3
Dawes,30081969,12
Cathleen,30081969,13
Joe,30081969,16
Mackins,30081969,14
Joseph,30081969,22
Helen,30081969,21
Hobson,12154789,11
Taylor,12154789,14
Corrigan,12154789,20
Flood,27200389,2
Ranger,27200389,9
Jones,27200389,4
Reiker,8609643,23
Patty,8609643,3
Bergen,8609643,9
Anton,8609643,12
Ruth,8609643,6
Karnes,10133874,13
Trevethan,10133874,9
Bickford,10133874,21
John,10133874,10
Anne,24462238,5
Davies,24462238,11
Dirk,24462238,5
Donadio,8451462,8
Ruggero,8451462,7
Leval,8451462,2
Huber,8451462,5
Sisley,8451462,12
Soriano,8451462,9
Arcari,8451462,5
Prevende,8451462,11
Armend,8451462,8
Dalton,8451462,24
Novile,8451462,0
Silva,8451462,4
Bardo,8451462,22
Dusso,8451462,11
Dumas,8451462,24
Velich,8451462,10
Karthik,24569271,14
Vijaykakumar,24569271,2
Sulakshana,24569271,8
Kushboo,24569271,0
Vijayakumar,24569271,3
Revathi,24569271,20
Arlene,1519886,4
Woode,1519886,3
Danielle,1519886,3
Margaret,1519886,4
Dominique,1519886,23
McLennen,1519886,13
Jansen,1519886,17
Kelly,1519886,13
Larch,1519886,6
Grace,1519886,3
Breton,1519886,22
Emile,1519886,17
Philip,1519886,6
Emil,1519886,6
Milius,1519886,13
Collier,1519886,13
Finley,1519886,16
Faris,20354125,18
Mabrouka,20354125,13
Sheik,20354125,13
Ali,20354125,6
Holland,20354125,21
Yussef,20354125,0
Garret,2347609,9
Verdier,2347609,5
Wainwright,2347609,16
Jean,2347609,3
Oyuki,5672353,24
Gunbei,5672353,3
Yagy,5672353,13
Itt,5672353,4
Kaishakunin,5672353,4
Daigoro,5672353,3
Retsudo,5672353,22
Boop,7490409,4
Betty,7490409,16
Primrose,25851079,14
Pitts,25851079,5
Munchausen,25851079,12
Baron,25851079,21
Ananda,21321778,11
Potla,21321778,10
Piu,21321778,23
Banerjee,21321778,5
Dey,21321778,5
Jackie,21321778,3
Ganzman-Seipel,30198362,16
Kunneke,30198362,14
Rosa,30198362,16
Praunheim,30198362,11
Wolf,24987997,4
Bad,24987997,6
Doyle,34890118,22
David,34890118,3
Tom,10815603,3
Jerry,10815603,3
Rai,24710617,7
Sheshadri,24710617,0
Atithi,24710617,13
Griffiths,25100224,19
Vidia,25100224,5
Lizzy,25100224,23
Bell,25100224,23
Bertha,20985883,12
Timmy,20985883,5
Alice,20985883,3
Seth,20985883,3
Scott,20985883,3
Marabu,8629563,9
Pogon,8629563,8
Schumacher,8629563,18
Skovorodker,8629563,6
Vedroid,8629563,6
Saxon,25340505,3
Jeffrey,25340505,11
Fitzwater,25340505,8
Roger,25340505,10
Robert,25340505,6
Sofie,2651186,17
Bootsie,2651186,3
Lan,17346920,2
Bin,17346920,11
George,1751324,17
Pepper,4878082,17
Edgler,4610981,3
Chyna,4610981,3
Templeton,4610981,12
Shepherd,4610981,10
Vess,4610981,3
Ariel,4610981,24
Dupree,3032361,3
Molly,3032361,3
Paco,3032361,22
Carl,3032361,3
Armstrong,3032361,0
Thompson,3032361,6
Neil,3032361,6
II,2399419,5
Pochi,2399419,2
Sagawa,2399419,7
Katakuri,2399419,2
Juliet,8856844,16
Paulot,8856844,3
Fred,8856844,1
Nina,8856844,21
Quentin,8856844,20
Scrutzler,8856844,16
Jefty,2093621,21
Stevens,2093621,9
Pete,2093621,6
Robbins,2093621,12
Susie,2093621,3
Smith,2093621,1
Morgan,2093621,12
Lily,2093621,6
Sweetback,1237909,4
Leroy,1237909,15
Trish,3212842,7
Nikki,3212842,19
Ahluwalia,3212842,6
Singh,3212842,13
Amanda,3212842,9
Hardy,8777711,15
Claire,20727881,10
Gonzo,20727881,16
Meany,20727881,18
Joy,20727881,10
William,12694305,6
Joan,12694305,3
Burroughs,12694305,17
Kammerer,12694305,10
Lee,12694305,19
Lucien,12694305,17
Carr,12694305,5
Vollmer,12694305,18
Ginsberg,12694305,2
Park,2746792,3
Jackson,17717339,6
Hitler,17717339,17
Truman,17717339,0
H,17717339,23
Frank,17717339,17
Gilbert,17717339,17
Biddle,17717339,17
Cox,17717339,24
Nikitchenko,17717339,20
Andrus,17717339,20
Rosenman,17717339,1
Wheelis,17717339,10
Sauckel,17717339,20
Ley,17717339,9
Lawrence,17717339,23
Vabres,17717339,16
Speer,17717339,6
Maxwell-Fyfe,17717339,9
Clare,1484938,6
Bennett,1484938,2
Brett,1484938,6
Shaw,1484938,6
Casey,1484938,17
Judah,1581868,14
Benjamin,1581868,6
Simeon,1581868,8
Asenath,1581868,23
Rachel,1581868,22
Joseph,1581868,3
Zuleika,1581868,24
Potiphar,1581868,13
Jacob,1581868,13
Frank,6685734,24
Eleanor,6685734,19
Jimmy,6685734,24
Sandra,6685734,21
David,6685734,11
Santis,4557151,24
Valentina,4557151,8
Kimball,4557151,3
Rogers,4557151,4
Vaselli,4557151,1
Kolawetz,4557151,12
Bernice,4557151,8
Sharon,4557151,13
King,4557151,11
Paul,18698236,8
Poitier,18698236,9
Kittredge,18698236,10
Morgan,8411320,19
Anna,8411320,6
Delgado,2756655,8
Cosio,2756655,1
Juanito,2756655,10
Ramos,2756655,14
Velasco,2756655,13
Scott,2756655,13
Alvarez,2756655,5
Joe,32174575,9
Sean,32174575,4
Goodman,32174575,14
Dale,32174575,12
Nekki,1394462,7
Kizaki,1394462,2
Jenius,1394462,23
Basara,1394462,2
Graham,1394462,21
Hollie,1394462,3
A'isha,9073201,4
Sami,9073201,13
Reena,26825241,10
Amar,26825241,14
Irani,26825241,1
Mansi,26825241,21
Murphy,543433,8
Capadino,543433,18
Dugan,543433,22
Bob,543433,17
Keller,543433,23
Sue,543433,4
Nelson,543433,22
Marla,543433,1
Ellen,543433,4
Mordabito,543433,22
Lowenstein,543433,6
Hinson,543433,9
Horn,543433,5
Hooch,543433,4
Dottie,543433,3
Harvey,543433,22
Amalia,9403496,21
Jano,9403496,5
Dean,28417976,21
Tariq,28417976,18
Geena,28417976,3
Frank,28417976,23
Jay,28417976,23
Dilip,28417976,11
Sanjay,28417976,22
Darren,3137992,12
Ben,3137992,20
Anthony,34081593,12
Andrew,10250805,17
Akbar,10250805,6
Naseem,10250805,21
Avtar,10250805,15
Margaret,10250805,3
Gyan,10250805,21
Vijay,10250805,23
Tigger,94028,3
Roo,94028,3
Robin,94028,6
Kanga,94028,13
Sally,6963814,19
Carroll,6963814,6
Darya,1827624,2
Rodchenko,1827624,4
Ivanova,1827624,9
Chaiko,1827624,16
Greenwood,1827624,13
Ilango,19286437,14
Narendran,19286437,21
Ramu,19286437,6
Jamin,19286437,5
Min-soo,29938038,23
Ivan,8004988,1
Marco,8004988,13
Hastings,8004988,12
Segrain,8004988,24
Picard,8004988,13
Triand,8004988,20
Francis,8004988,12
Foster,8004988,21
Krim,8004988,3
Clarke,62115,8
Marnet,62115,14
Bradley,62115,16
McKay,62115,19
Aeh,14421585,6
Tar,14421585,1
Tahwaan,14421585,17
Mary,23272959,19
Ruth,23272959,8
Bates,23272959,23
Jimmie,23272959,14
Jairam,9285798,11
Julka,9285798,4
Azhar,9285798,1
Jai,9285798,14
Sergio,29865122,14
Loredana,29865122,2
Michelle,29865122,14
Elisa,29865122,20
Paul,29865122,6
Luke,29865122,1
Davide,29865122,1
Monique,29865122,6
Catherine,29865122,8
Giulia,29865122,2
Lorenzo,29865122,22
Philip,29865122,8
Debby,22619573,6
Alvarado,22619573,22
Palmer,22619573,21
DeVito,22619573,20
Granger,22619573,18
Huston,22619573,19
Rani,16712179,13
Airawat,16712179,4
Shibu,16712179,6
Monty,3257858,6
Jo,3257858,11
Francie,3257858,6
Stewart,3257858,19
Dorothy,3257858,6
Mitzi,3257858,6
Jeff,3257858,3
Horner,3257858,6
Abby,3257858,3
Eddie,3257858,3
Judge,3257858,6
Gidget,3257858,3
Lawrence,3257858,16
Matthews,3257858,15
Russ,3257858,3
Larry,3257858,8
Wally,3257858,8
Frazier,6095468,22
Lebec,6095468,1
LaTour,6095468,12
Quimby,6095468,20
Julia,6095468,6
Kimble,6095468,12
Donna,6095468,3
Chuck,6095468,3
Reardon,6095468,7
Austin,20368447,17
Horn,20368447,23
Paul,11195154,6
Henri,11195154,3
Elizabeth,11195154,17
Abel,11195154,13
Ivan,11195154,14
Baptiste,11195154,8
Junon,11195154,21
Faunia,11195154,20
Rosaim,11195154,10
Basile,11195154,8
Sylvia,11195154,21
Joseph,11195154,12
Vuillard,11195154,21
Simon,11195154,3
Nietzsche,11195154,4
Claude,11195154,16
Regina,2293867,16
Wolfram,2293867,23
Kelly,2293867,5
Tom,10526068,3
Jerry,10526068,3
Beatrice,25744220,6
Charon,25744220,6
Virgil,25744220,7
Minos,25744220,17
Dante,25744220,3
Lucifer,25744220,24
Francesco,25744220,3
McMannus,1028910,6
Barbara,1028910,6
Show,1028910,9
Brown,1028910,9
Martin,1028910,14
Hiller,1028910,3
Vicky,1028910,14
Garland,1028910,7
Novak,1028910,13
Thampuran,13915018,13
Sreeraman,13915018,0
Mada,13915018,12
Joaquim,34973202,15
Risi,34973202,16
Leo,26971354,13
Justine,26971354,16
Michael,26971354,10
Claire,26971354,3
John,26971354,13
Gabe,29176668,6
Rodrigo,29176668,6
Aurelia,29176668,0
Olivia,29176668,8
Edward,29176668,6
Dominguez,29176668,19
Mary,29176668,3
Bruno,29176668,3
Nora,29176668,6
Deivanai,34032784,6
Shanmugamani,34032784,14
Priya,34032784,6
Shangmugamani,34032784,6
McFarland,15670036,6
Fitzjames,15670036,12
Gilbert,15670036,16
Jack,15670036,24
Joy,15670036,24
Hongreonjeon,33636563,20
Kim,33636563,10
Harry,26651195,6
Gordon,1308068,24
Diane,1308068,1
Mickens,1308068,5
Tony,1308068,4
Mack,1308068,15
Man,1308068,17
Olinga,1308068,13
Hank,1308068,6
Slim,1308068,6
Watson,1308068,20
Chico,1308068,6
Ward,1308068,24
Duncan,1308068,22
Lulu,1308068,21
Spider-Man,702117,16
Jameson,702117,22
Peter,702117,3
Stacy,702117,0
Carradine,702117,17
Parker,702117,14
Gwen,702117,23
Brock,702117,6
Sandman,702117,5
Jane,702117,3
Osborn,702117,21
Marko,702117,11
Watson,702117,13
Rann,34430499,20
Ranbir,34430499,12
Benson,7222173,9
Blake,7222173,19
Fitzherbert,7222173,16
Meg,7222173,4
Kane,19187200,22
Galli,19187200,24
Abitbol,19187200,0
Dave,19187200,1
Sam,3150787,3
Emma,3150787,10
Jill,28288095,5
Stella,28288095,0
Carson,28288095,8
Harrington,28288095,7
Haley,28288095,20
Betty,28288095,2
Kaiserman,28288095,14
Kamens,28288095,20
Springer,28288095,6
Chernak,28288095,3
Rodney,28288095,20
Anderson,28288095,9
Crimpton,28288095,17
Steven,28288095,16
Norman,28288095,3
Ellen,28288095,12
Constance,28288095,4
Buehler,28288095,8
Connelly,28288095,15
Roerick,28288095,9
MacKenzie,28288095,5
Place,28288095,9
Allison,28288095,2
Andy,28288095,21
Mills,28288095,9
Carla,28288095,14
Considine,28288095,4
Rossi,28288095,0
Kopas,1126356,20
Majestyk,1126356,14
Renda,1126356,6
Lundy,1126356,9
Chavez,1126356,9
Wiley,1126356,14
Harry,3479775,12
Bishop,3479775,3
McKenna,3479775,12
Steve,3479775,3
Pooja,27486642,21
Verma,27486642,14
Kunal,27486642,20
Jimmy,27486642,15
Amar,27486642,6
Shobha,27486642,3
Tikli,27486642,23
Veljibhai,27486642,14
Margo,1846857,17
Jean-Pierre,1846857,22
Jim,1846857,4
Hunt,1846857,24
Kurtz,1846857,4
Gabe,8765205,6
Ripkin,8765205,1
Stacey,8765205,17
Bricker,8765205,7
Peter,8765205,19
Winters,8765205,19
Jim,8765205,18
Clay,1336534,22
Billy,1336534,8
McQuown,1336534,16
Warlock,1336534,22
Lily,1336534,13
Dollar,1336534,9
Morgan,1336534,3
Marlow,1336534,13
Blaisedell,1336534,3
Holloway,1336534,1
Nicholson,1336534,8
Miriam,261107,24
Guy,261107,6
Barbara,261107,13
Haines,261107,3
Anthony,261107,2
Anne,261107,13
Bruno,261107,3
Morton,261107,19
Meter,1394959,6
Orchard,1394959,4
Sidwell,1394959,17
Williamson,1394959,6
Perry,1394959,15
King,1394959,5
Keough,1394959,6
Roberval,2541588,13
Doucet,2541588,3
Lydie-Ann,2541588,23
Sebastian,2541588,7
Bilodeau,2541588,3
Vallier,2541588,21
Simon,2541588,3
Jenny,3965765,4
Chuck,3965765,17
Chuen,13590180,16
Yau,13590180,5
Guo,13590180,3
Mathias,24094638,4
Lucy,24094638,15
Krauss,24094638,18
Hermann,24094638,13
Boissard,24094638,5
Desgrez,24094638,17
Unnithan,32538280,8
Sarala,32538280,2
Parvathi,32538280,2
Avarachan,32538280,22
Menon,32538280,12
Nasir,32538280,15
Biju,32538280,11
Lekshmi,32538280,12
Kutty,32538280,22
Cook,32656045,9
Rudd,32656045,15
Joe,32656045,6
Betty,32656045,8
Dan,32656045,6
Dalley,32656045,17
Dave,32656045,6
William,36019569,12
Nion,36019569,14
Muir,36019569,16
Quert,36019569,10
Gort,36019569,10
Tabor,36019569,23
White,36019569,4
Coll,36019569,10
Hammond,36019569,24
Duir,36019569,10
Magnus,36019569,17
Finn,36019569,3
Huntsman,36019569,21
Sarah,36019569,11
Eleanor,36019569,5
Fisher,31339894,22
Andrews,44696,6
Ellen,44696,21
Peter,44696,15
Danker,44696,3
Westley,44696,2
Warne,44696,6
Ellie,44696,6
Figg,6079279,3
Barrington,6079279,8
Crowley,6079279,13
Ambrose,6079279,20
Tommy,6079279,10
Herbert,6079279,20
tom,6079279,22
Romeu,9026929,16
Konstantaras,24601600,23
Turner,28005392,1
Coles,28005392,24
Julia,7837323,23
Baiano,7837323,22
Cronkite,29877247,15
Jennings,29877247,19
Branche,9105327,12
Parkins,6149282,6
White,6149282,18
Ellis,6149282,17
Pimm,6149282,3
Bates,6149282,17
Ellen,6149282,23
Swanson,6149282,10
Loew,6149282,12
Trimingham,6149282,2
Hitchcock,6149282,18
Bardacci,11018115,8
Schwimmwagen,11018115,23
Bonaf,11018115,12
Arcovazzi,11018115,21
Bonafe,11018115,6
Christine,27911129,4
O'Neill,28235997,20
Prichard,28235997,17
Ed,28235997,24
Marge,28235997,5
Bob,28235997,18
Hogan,28235997,23
Prayash,25783958,23
Mero,25783958,22
Abhi,25783958,24
Ashna,25783958,23
Dibya,25783958,23
Momoka,2312019,10
Osako,2312019,6
Reigo,2312019,15
Yamagami,2312019,4
Kojima,2312019,2
Kaido,2312019,3
Dean,1682871,21
Gita,1682871,8
Mara,1682871,18
Norbu,1682871,6
Siddhartha,1682871,14
Jesse,1682871,13
Lisa,1682871,1
Dorje,1682871,1
Conrad,1682871,4
Larson,1254881,9
Barbara,1254881,3
Sarah,1254881,13
Ben,1254881,3
Judy,1254881,17
Butler,1254881,20
Johnnie,1254881,5
Helen,1254881,2
Bitner,1254881,17
Douglas,2077098,17
Vic,2077098,5
Harry,2077098,22
Marge,2077098,23
Lily,2077098,24
Flange,2077098,4
Pepe,2077098,11
Tuttle,2077098,20
Evelyn,2077098,18
Cora,2077098,14
Farquhar,2077098,18
Stanley,2077098,13
Tompkins,2077098,9
Blunt,2077098,13
Bernard,2077098,15
Sadie,2077098,1
Nicholas,2077098,4
Conway,2077098,20
Bels,2077098,16
Pee,13192034,20
Chiu,13192034,7
Sung,13192034,10
Yee,13192034,10
Hung,13192034,15
Nam,13192034,3
Kwan,13192034,23
Chiang,13192034,17
Richard,3895377,1
Carrie,3895377,12
Michelle,3895377,12
Allen,3895377,12
John,3895377,15
Rebecca,3895377,3
Sarrazin,27669486,5
Maria,27669486,17
Louise,27669486,14
King,27669486,17
Ritesh,5937490,23
Paramanandam,5937490,22
Varma,5937490,15
Pavani,5937490,6
Sayeed,5937490,17
Browne,26443897,23
Marion,26443897,6
Agnes,26443897,21
Vernon,2352648,9
Roback,2352648,3
Denise,2352648,0
Salva,2352648,0
Lynn,26182472,23
Blanc,347000,16
Albert,347000,23
Banyon,347000,15
Sarah,347000,3
Mandel,347000,10
Helena,347000,22
Tanner,347000,17
Daniel,347000,2
Markos,347000,24
Pat,347000,12
Millus,347000,23
Olga,347000,19
Suzy,347000,3
Hingle,347000,18
Paul,26100632,21
Hesher,26100632,3
Nicole,26100632,6
Madeleine,26100632,21
T.J.,26100632,14
Dustin,26100632,6
Vidya,28631198,4
Ram,28631198,5
Narayana,28631198,15
Gurunarayana,28631198,14
Chaitanya,28631198,15
Durga,28631198,14
Vicky,7334748,6
Preeti,7334748,3
Raja,7334748,13
Ella,2760461,21
Rick,2760461,21
Rumpelstiltskin,2760461,6
Frieda,2760461,16
Mambo,2760461,23
Munk,2760461,23
Nick,12683776,13
Perez,12683776,1
Kate,12683776,22
Jensen,12683776,11
Crale,30549208,5
Molly,30549208,1
McNeil,30549208,18
Hansen,30549208,7
Mirada,30549208,11
Knight,24643223,16
Marwan,24643223,9
Nell,8527362,10
Dick,8527362,14
Pete,8527362,3
Kyogoku,33456734,9
Blent,19612846,6
Mason,28569306,12
Abel,28569306,21
Martin,28569306,3
Helen,28569306,3
Scott,28569306,18
Lydia,28788678,8
Hamlin,28788678,18
Peter,11007509,8
Gottfried,11007509,1
Buster,6759912,11
Ben,35013203,16
Aaron,76335,15
Edwards,76335,17
Jordan,76335,15
Laurie,76335,13
Martin,76335,21
McCorry,76335,18
Greenhill,76335,17
Ethan,76335,3
Debbie,76335,4
Futterman,76335,10
Clayton,76335,4
Harper,76335,6
Brandon,76335,9
Jorgensen,76335,5
Lucy,76335,5
Pawley,76335,15
Charlie,76335,20
Bigelow,9104588,10
Mullin,9104588,2
Craigin,9104588,3
Nettie,9104588,8
Julie,9104588,21
Louise,9104588,6
Billy,9104588,3
Bascombe,9104588,17
Jigger,9104588,3
Burton,28852030,4
Warren,28852030,1
Remedios,10206784,8
Mat,10206784,19
Andr,10206784,24
Pedro,10206784,8
Brull,10206784,14
Leonora,10206784,11
Leonara,10206784,23
Brunna,10206784,21
Rafael,10206784,6
Renaldi,25972862,10
Bowen,10444955,12
Kyle,10444955,23
Johnny,10444955,15
Gracie,10444955,21
Selvam,11140557,13
Arthur,2912982,17
Fletcher,2912982,10
Samuel,2912982,17
Lamb,2912982,17
Two-Bob,2912982,17
Jacko,2912982,7
Martha,2912982,17
Morgan,2912982,15
Stanley,2912982,6
O'Riley,2912982,24
Mikey,2912982,4
Stoat,2912982,1
Burns,2912982,3
Jellon,2912982,17
Lawrence,2912982,17
Queenie,2912982,10
of,2912982,3
Cowboy,15463100,6
Daniels,15463100,23
Randy,15463100,6
Stella,15463100,13
Ruthie,15463100,6
Ruth,15463100,15
Dan,15463100,3
Neely,15463100,6
John,15463100,6
Weeks,23229173,12
Babcock,23229173,11
Carter,23229173,3
Randolph,23229173,7
Joel,23229173,17
Howard,23229173,3
Barnes,23229173,7
Tanya,23229173,19
Heller,23229173,24
Winthrop,23229173,13
Anu,21205985,22
Inman,461364,14
Teague,461364,9
Thewes,461364,10
Stobrod,461364,18
Ruby,461364,4
Samehe,9755107,4
Asira,9755107,13
Vinod,30337907,2
Indhu,30337907,2
Wahab,30337907,5
Makoto,495585,16
Yamashita,495585,16
Suzie,27694287,6
Julie,1853636,15
Myra,1853636,10
Silk,1346428,17
Joe,1346428,6
Moore,1346428,14
Pincus,1346428,20
Bergman,1346428,6
Qaeda,28307236,22
Bath,28307236,8
Palast,28307236,4
Lincoln,28307236,2
Bush,28307236,0
Lay,28307236,9
Roberts,28307236,0
Harris,28307236,16
Fletcher,16478181,22
Al,16478181,6
Doyle,16478181,17
Jones,16478181,18
Nikki,16478181,3
Adler,16478181,17
Davies,16478181,2
Stan,16478181,1
Susie,2621487,12
Martha,2621487,6
Willard,2621487,4
Isenbaum,2621487,6
Jongkidin,15477301,19
Saleh,15477301,21
Raja,7334454,4
Rani,7334454,2
Reshma,7334454,3
Yash,7334454,3
Sharma,7334454,1
Raju,7334454,3
Vardhan,7334454,12
Ma,7334454,21
Waters,1328254,11
Henry,2233095,3
White,2233095,13
Keighley,2233095,2
Clark,2233095,0
Richie,2233095,10
Alicia,2233095,23
Martha,2233095,13
McDougal,2233095,12
Hackett,2233095,6
Treva,987370,24
Dostoevsky,987370,10
Arquette,987370,14
David,987370,20
Dunst,987370,4
Sheldon,987370,23
Dobie,987370,1
Nolte,987370,15
Brody,987370,3
Lisa,987370,4
Curry,6201886,12
Catherine,6201886,13
Winslow,6201886,6
Watherstone,6201886,11
Morton,6201886,9
Jake,210227,17
Conway,210227,17
Armitage,210227,21
Hurley,1549716,5
Michael,1549716,15
Cutler,1549716,6
Hawk,1549716,6
Mike,1549716,6
Christina,1549716,22
Sabata,11467740,14
Skimmel,11467740,16
Maximilian,11467740,18
Kelly,28302378,12
Gopi,15394941,14
Kishen,15394941,21
Seema,15394941,13
Sawant,15394941,6
Kishan,15394941,3
Suraj,15394941,23
Malhotra,15394941,4
Khan,15541969,15
Gujral,15541969,13
Maanav,15541969,6
Kartik,15541969,13
Janet,15541969,23
Rahul,15541969,13
Christine,15541969,12
Shonali,15541969,3
Rohit,15541969,12
Roy,15541969,21
Arora,15541969,8
Meghna,15541969,6
Mathur,15541969,21
Khosla,15541969,8
Granny,25926295,21
Dokes,27686176,18
Stables,27686176,2
Ray,27686176,18
Parr,27686176,19
Stanton,27686176,16
Pete,27686176,8
Sonny,27686176,16
Kirby,27686176,18
Nugent,27686176,5
Sarveswaran,29498341,5
Sakthi,29498341,12
Parthasarathy,29498341,18
Peters,19849848,20
Elliott,19849848,17
Nobby,14267167,17
Roach,14267167,23
Kim,14267167,17
Talbot,3302848,4
Man,3302848,24
Frankenstein,3302848,9
Elsa,3302848,3
Mannering,3302848,13
Oswald,31841336,3
Doxie,31841336,3
Flaherty,18953877,18
Granny,18953877,6
Roxy,737801,23
Denton,737801,23
Dinky,737801,3
Bossetti,737801,10
Howells,737801,19
Webb,737801,9
Carmichael,737801,13
Fei,26295794,10
Desmond,26295794,21
Gu,5696226,14
Xiu,5696226,3
Junyi,5696226,3
Kui,5696226,14
Li,5696226,9
Jiang,5696226,18
Wengong,5696226,4
Yong,5696226,24
Chong,5696226,5
Qing,5696226,2
Gai,5696226,17
Strelnikov,97758,17
Komarovsky,97758,6
Katya,97758,13
Alexander,97758,12
Sasha,97758,7
Yevgraf,97758,17
Lara,97758,6
Tanya,97758,13
Antipova,97758,17
Komarovskaya,97758,13
Zhivago,97758,7
Tonya,97758,6
Lenin,97758,12
Antipov,97758,3
Gromeko,97758,19
Stalin,97758,14
Yuri,97758,3
Feki,1005650,3
Tomasi,1005650,24
Groberg,1005650,11
Jean,1005650,6
John,1005650,3
Mander,2627836,9
Steve,2627836,6
Grey,2627836,6
Halford,2627836,10
Shorty,2627836,17
Mary,2627836,9
Minni,4980311,20
Bhavana,4980311,6
Rahul,4980311,6
Danny,2093425,21
Vermin,2093425,17
Johnny,2093425,21
Walston,2093425,21
Sheridan,2093425,19
Kelly,2093425,19
Moronie,2093425,5
Tommy,2093425,6
Burr,2093425,9
D.A.,2093425,3
Dundee,2093425,6
Rodriguez,3561650,2
Speedy,3561650,23
Manuel,3561650,6
Jose,3561650,6
Slowpoke,3561650,17
Gonzales,3561650,12
Kate,1676282,6
Kirkpatrick,1676282,18
Kazak,1676282,2
Max,1676282,24
McQuean,1676282,10
Morton,27258038,6
Ahimsaka,9053564,3
Angulimala,9053564,7
Nantha,9053564,17
Souhei,34409847,6
Hana,34409847,6
Yuki,34409847,3
Dineo,34983991,3
Thandeka,34983991,0
Mangi,34983991,16
Judith,28250117,19
Minou,28250117,19
Sid,33495307,12
Aaron,1558966,6
Rin,1558966,8
Ilene,1558966,8
Pok,1558966,11
Ash,1558966,3
Brock,1558966,18
Kidd,1558966,3
Max,1558966,17
Pikachu,1558966,4
Mew,1558966,2
Lucario,1558966,3
Vernet,19167990,6
Hugo,19167990,16
Richet,19167990,17
Vidocq,19167990,9
Therese,19167990,13
George,19167990,17
Ernestine,19167990,12
Loretta,19167990,17
Pierremont,19167990,2
Gorchakov,2192166,6
Francesca,2192166,19
Sosnovsky,2192166,8
Madonna,2192166,14
Abigail,24159097,14
Michael,24159097,19
Steven,8906388,9
Andrea,8906388,3
Sacha,8906388,21
Bobbie,8906388,17
Rikki,8906388,8
Nijboer,8906388,3
Hans,8906388,5
Treesje,8906388,18
Esmee,8906388,20
Bebe,20317509,10
Graham,34129784,1
Blair,34129784,6
Sherman,34129784,3
Arnold,34129784,18
Northcott,34129784,14
Raoul,34129784,22
Porter,34129784,3
Metzler,948223,20
Ellen,948223,2
Bumpers,948223,1
Larry,948223,21
Mike,948223,16
Jagger,948223,24
Ethan,23063745,3
Jesse,23063745,21
Warr,22325279,14
Harry,22325279,16
MacKay,22325279,0
Artie,22325279,3
Katy,22325279,16
Marshall,14795399,23
Annette,14795399,8
Gilbert,14795399,2
Lee,14795399,13
Stengel,14795399,8
Olga,14795399,8
Tommy,14795399,2
Saxena,33404810,12
Pandit,33404810,5
Denzongpa,33404810,20
Chakraborty,33404810,5
Ostroff,2470135,12
Kaufman,2470135,13
Stern,2470135,17
Jones,2470135,20
Conway,2470135,14
Hartman,28963028,9
Amy,23862301,21
Nicole,23862301,21
Uli,97646,20
Heinrich,97646,20
McClane,97646,17
Gruber,97646,17
Alexander,97646,20
Takagi,97646,7
Kristoff,97646,20
Fritz,97646,24
Tony,97646,20
Ellis,97646,22
Holly,97646,4
Marco,97646,20
Thornburg,97646,7
Powell,97646,22
Franco,97646,17
Eddie,97646,17
Hans,97646,13
Gorman,6892078,9
Joe,6892078,19
Bubba,6892078,14
Barney,6892078,3
Negrete,29350670,18
Hern,29350670,18
iga,29350670,9
Rekha,9473825,19
Vijay,9473825,4
Gras,33474264,23
Gamera,30861208,19
Toru,30861208,16
Bhai,27846279,17
Bharathan,27846279,16
Gowri,27846279,8
Chandrappan,27846279,22
James,27846279,4
Siddique,27846279,22
Charlie,6353227,21
Nodin,6353227,17
Carla,6353227,17
Caya,6353227,21
Skalder,23809648,17
Holger,23809648,18
McLean,23809648,9
Margaret,23809648,16
Bannon,23809648,13
Kvinde,23809648,3
Konrad,23809648,6
Janet,5501445,3
Blake,5501445,12
Mitch,5501445,6
Nita,5501445,16
Manza,5501445,20
Tremayne,5501445,0
Mitchell,5501445,9
Holloway,5501445,3
Menon,31157090,24
Bahuleyan,31157090,18
Devan,31157090,11
Kichamani,31157090,6
Xiaoqin,13183460,23
Jun,13183460,11
Jie,13183460,6
Xiaolan,13183460,21
J,1748482,18
Finster,1748482,6
Spinelli,1748482,0
Becky,1748482,21
Gus,1748482,6
T.J.,1748482,3
Benedict,1748482,23
Gretchen,1748482,16
Howard,5664334,1
Becker,5664334,0
Elaine,5664334,24
Walker,5664334,10
Gabler,6342627,24
Bundy,6342627,17
Andrews,3763636,5
Ethel,3763636,6
Duke,3763636,4
Dorando,3763636,15
Davis,3763636,3
Roscigna,32013481,14
Murphy,19721654,17
Angelo,29831961,1
Giuditta,29831961,23
Cornacchia,29831961,6
Spada,29831961,11
Rivarola,29831961,6
Pasquino,29831961,12
Targhini,29831961,1
Bellachioma,29831961,13
Nardoni,29831961,0
Montanari,29831961,8
Scott,76387,8
Chapman,76387,13
Redding,76387,13
Fogerty,76387,20
Wilson,76387,13
Bob,76387,17
Stern,76387,17
Hendry,76387,13
Voorhees,76387,13
Nicholson,76387,13
Carrington,76387,6
Barnes,76387,24
Tracy,5461236,1
Costner,5461236,2
DeMann,5461236,2
Pacino,5461236,22
Crumes,5461236,6
Tony,5461236,13
Camacho,5461236,6
Christopher,5461236,17
Gorbachev,5461236,24
Beatty,5461236,3
Martin,5461236,18
Banderas,5461236,9
Bernhard,5461236,3
McFarland-Messana,5461236,13
Sandra,5461236,13
Patinkin,5461236,6
Sean,5461236,23
Madonna,5461236,6
Sharon,5461236,2
Keshishian,5461236,20
Melissa,5461236,6
Almod,5461236,8
Ciccone,5461236,3
Babu,8778114,17
O'Hara,8778114,15
Budda,8778114,11
Ali,8778114,10
Kim,8778114,4
Tuah,12338593,20
Mi,12338593,14
Teja,12338593,11
Mahligai,12338593,1
Hunni,29203262,0
Obama,29203262,0
Om,29203262,7
Pradesh,29203262,24
Ali,29203262,6
Singh,29203262,10
Shastri,29203262,21
Sahab,29203262,6
Strucker,4644031,12
Nena,10043194,0
Sellers,8151807,19
Niven,8151807,9
Holmes,2565348,2
Sherlock,2565348,21
Nickie,21217240,7
Josh,21217240,6
Ben,21217240,3
Mattie,21217240,12
Annie,21217240,3
Andy,21217240,0
Blackie,36177096,2
Kanuto,36177096,11
Ambika,26077281,23
Kumar,26077281,8
Johnny,28388755,21
Brooke,28388755,19
Rizzo,28388755,15
Terry,28388755,16
Roberts,33006259,16
Marshall,33006259,0
Diane,33006259,14
Adrien,21299883,6
Dupeyron,21299883,16
Kellner,7773439,18
Vic,4069403,0
Sharon,4069403,21
Randy,4069403,8
Mary,4069403,21
Foster,4069403,22
Jameson,12725443,24
Howe,12725443,9
Gustavus,12725443,6
Sally,12725443,6
Wilding,12725443,11
Bolton,12725443,17
Cameron,12725443,6
Moody,12725443,17
Andr,12725443,21
Osborn,12725443,7
Arnold,12725443,21
Boulton,12725443,23
Odell,12725443,13
Potter,12725443,6
Oakley,76339,18
Newton,76339,18
Charlie,76339,13
Graham,76339,16
Mole,16548379,3
Badger,16548379,6
Roberts,14452341,5
Norma,14452341,6
Saunders,14452341,22
Belle,14452341,2
Butch,14452341,21
Phillips,14452341,11
Webb,14452341,4
Kennedy,30824882,3
Cottage,30824882,13
Doug,30824882,22
Kate,30824882,17
Coleman,30824882,22
Jack,30824882,6
Decatur,8965027,23
Francis,9210380,3
Claudandus,9210380,21
Preterius,9210380,21
Pascal,9210380,17
Robbie,6426246,1
Lakshmi,6426246,3
Divya,6426246,3
Miller,706860,0
Bonnie,706860,23
Clair,706860,16
Keeslar,706860,5
Blaine,706860,24
Guest,706860,9
Pearl,706860,1
Mae,706860,16
Posey,706860,5
Willard,706860,5
Albertson,706860,15
Arquette,706860,18
Savage,706860,19
Ron,706860,9
O'Hara,706860,5
Doyle-Murray,706860,24
Brown,706860,5
Sheila,706860,9
Levy,706860,5
Wooley,706860,22
Balaban,706860,16
Guffman,706860,19
St.,706860,16
Rohit,28713430,14
Bhanwari,28713430,1
Karan,28713430,6
Vishambar,28713430,16
Dilavar,28713430,10
Kajal,28713430,4
Singh,28713430,14
Suryadev,28713430,6
Nagendra,28713430,15
Lever,28713430,15
Baker,18713808,19
Ray,18713808,3
Hayes,18713808,4
Emma,18713808,6
Wilcox,18713808,10
Angie,18713808,19
Shoshona,5096585,17
Dylan,5096585,21
Ballard,5096585,8
Clark,5096585,7
Rachael,5096585,24
Shelby,5096585,13
Rogo,5096585,15
Shoshana,5096585,16
Williams,31122154,12
Allen,31122154,20
Muriel,31122154,6
Wafflebottom,31122154,15
Preston,31122154,12
Petunia,31122154,6
Dean,1089230,15
Lewis,1089230,6
Washington,1089230,0
Price,1089230,17
Harold,1089230,5
Betty,1089230,6
Stan,1089230,6
Bobo,1089230,10
Gable,1089230,18
Batman,28011980,17
Johnson,28011980,24
Rose,18616475,21
Jenny,18616475,21
Eby,18616475,21
Franco,18616475,2
Paachi,18616475,23
Margarita,9859010,4
Riahi,22146195,18
Wheeler,11785619,3
Cooper,11785619,12
Merrick,3581132,9
Schlieben,3581132,12
Kiran,11354643,24
Ajay,11354643,4
Naresh,11354643,0
Singh,11354643,17
Miller,1131021,1
Kimagure,1131021,1
Roshi,1131021,7
Mark,1131021,24
McCabe,1131021,17
Abby,1131021,4
Kinkou,1131021,23
DeMarco,1131021,10
Sabine,2158246,8
Catherine,2158246,6
Jim,2158246,21
Jules,2158246,3
Gilberte,2158246,8
Thomas,26025529,20
Kanaka,26025529,7
Krishnamoorthy,26025529,3
Devan,26025529,1
Surabai,26025529,24
Sait,26025529,8
Rauthar,26025529,11
Amma,26025529,13
Bai,26025529,19
Unni,26025529,6
Joseph,26025529,11
Tomchi,36425670,5
Kathy,1126798,14
Chipping,1126798,5
Ellis,1126798,0
Staefel,1126798,3
Chips,1126798,6
Caesar,1126798,19
Martinez,31026331,17
Aarti,21952080,18
Arjun,21952080,20
Iqbal,21952080,21
Alam,21952080,17
Swamiji,21952080,6
Nisha,21952080,6
Rong,10436186,21
Daeng,10436186,6
DeLange,4045253,6
Tzveteto,8348194,0
Dimo,8348194,22
Mackenzie,14415759,6
Bunny,14415759,18
Manders,14415759,13
Gwen,14415759,14
Melrose,14415759,8
Crawshaw,14415759,6
Raffles,14415759,24
Gino,1597728,14
Donnini,1597728,19
Alfredo,1597728,8
Angelo,1597728,16
Romi,21394464,1
Don,21394464,18
Das,21394464,12
Dash,21394464,1
Munna,21394464,14
Anubhav,21394464,24
Dushmant,21394464,14
Hope,3027912,4
Thomas,3027912,5
Coleman,3027912,11
Reilly,3027912,4
Moon-kyung,30407971,15
Bobby,32306156,2
Mary,32306156,20
Janssen,32306156,8
Pullman,32306156,14
Cathy,5570152,21
Henri,5570152,6
Schindler,5570152,5
Rochard,5570152,4
Gates,5570152,18
Guzal,4682865,10
Hum,24229192,5
Bachchan,24229192,7
Shorey,24229192,0
Artmane,24892849,5
Pugachev,24892849,11
II,24892849,5
Matveyev,24892849,20
Blanchard,2706589,8
Kay,2706589,12
Lee,2706589,16
Kavanagh,2706589,11
Linscott,2706589,24
Elizabeth,2706589,1
Lake,2706589,9
DeWitt,2706589,20
Bleichert,2706589,15
Martha,2706589,19
Short,2706589,1
Ramona,2706589,4
Mertz,2706589,1
Bucky,2706589,3
Madeleine,2706589,6
Lyman,25658502,10
Tyler,25658502,6
Sanders,25658502,24
Tammy,25658502,23
Gupta,25658502,7
Dan,25658502,24
Riggs,25658502,6
Marchmain,10825522,21
Mottram,10825522,20
Sebastian,10825522,3
Flyte,10825522,19
Charles,10825522,21
Ryder,10825522,12
Cara,10825522,17
Julia,10825522,16
Ho,89541,6
Mark,89541,3
Lee,89541,8
Shing,89541,4
Arbogast,1221565,1
Junior,1221565,10
Hesse,1221565,3
Reddin,1221565,13
Banes,1221565,4
Lulli,23687860,1
Anitra,23687860,1
Arlotta,23687860,12
Jeannette,23687860,22
Lydia,23687860,13
Stefano,23687860,21
William,448735,16
Jovie,448735,21
Walter,448735,3
Emily,448735,19
Michael,448735,17
Susan,448735,10
Wells,448735,1
Finch,448735,20
Gimbel,448735,20
Hobbs,448735,6
Leon,448735,23
Katie,12607320,6
Stuart,12607320,24
Cromwell,12607320,15
Hyde,12607320,17
Courteuil,12607320,10
Ingram,12607320,17
Charles,12607320,6
Pinner,12607320,10
Anbella,12607320,18
Tan,2578654,13
Lantang,2578654,13
Gie,2578654,12
Han,2578654,9
Sukarno,2578654,8
Fred,1749535,1
Peter,1749535,3
Choi,1749535,12
Gui,1749535,8
Anthony,1749535,3
Lee,1749535,6
Hanson,1749535,17
Elizabeth,1749535,3
Christopher,1749535,7
Waters,1749535,3
Lara,1749535,13
Daniel,1749535,13
Ryan,1749535,3
Farhad,1749535,6
Christine,1749535,3
Johnson,1749535,22
Shaniqua,1749535,17
Ruiz,1749535,6
Cabot,1749535,20
Thayer,1749535,3
Dixon,1749535,6
Timmy,2026601,16
Slovo,2026601,16
Tak-wah,4392496,1
Kuber,22048104,6
Kubir,22048104,23
Miya,22048104,6
Aminuddin,22048104,6
Moynadeep,22048104,23
Kapila,22048104,20
Julie,8436417,3
Kate,8436417,6
Rajah,358684,23
Mal,358684,6
Jafar,358684,23
Aladdin,358684,3
Jasmine,358684,24
Abu,358684,3
Vollmer,31322532,20
Weimann,31322532,6
Kissinger,7548287,9
Angleton,7548287,21
McAuliffe,7548287,2
Torriti,7548287,9
Jack,7548287,4
Brandt,7548287,10
Palme,7548287,5
Priyanka,36761226,21
Appopolous,24067673,7
Walter,24067673,8
Wreck,24067673,8
Ruth,24067673,6
Effie,24067673,13
Sherwood,24067673,13
Chic,24067673,8
Eileen,24067673,21
Craven,24067673,21
Shelton,24067673,4
Lippincott,24067673,14
Clark,24067673,18
Loomis,24067673,16
Helen,24067673,1
Lonigan,24067673,18
Baker,24067673,6
Wade,24067673,12
Arthur,12748118,17
Washakeajack,12748118,11
Wilf,12748118,6
Frank,29745638,4
Roventini,23616834,15
Abner,23616834,3
Ross,31304530,15
Salmenau,31304530,13
Patty,101910,21
Parker,101910,3
Lorrie,101910,4
Mueller,101910,21
Ramsey,101910,13
Susan,101910,9
O'Hallorhan,101910,18
Claiborne,101910,16
Simmons,101910,6
Bigelow,101910,24
Roberts,101910,17
Jernigan,101910,22
Duncan,101910,22
Richard,27947112,23
Martin,27947112,3
Harry,27947112,19
Susanna,31612180,22
Mehmet,31598836,13
Ayshe,31598836,21
Woods,30821512,16
Cuff,3669763,6
McThomas,3669763,2
Woodkin,3669763,6
Andy,3669763,0
Queen,15087473,23
Jean-Bob,15087473,24
Odette,15087473,4
Doug,15087473,24
Zelda,15087473,6
Derek,15087473,17
Stone,15087473,24
Rogers,15087473,3
Puffin,15087473,24
Whizzer,15087473,6
Anita,77604,17
Hammock,77604,18
Dixon,77604,9
Iscovescu,77604,3
Brown,77604,9
Georges,77604,6
Emmy,77604,3
Randy,5451599,20
Evelyn,5451599,16
Merrick,5451599,8
Danika,5451599,6
Yun-Soo,10869055,4
Yu-Jung,10869055,3
Monica,10869055,13
Evans,3122004,20
Ringo,3122004,8
Innes,3122004,17
Starkey,3122004,7
Jessie,3122004,12
Winters,3122004,5
Johnson,3122004,12
Stanshall,3122004,15
Bloodvessel,3122004,11
Grandan,4070802,14
Vic,987910,23
Reddy,13111116,24
Sahu,13111116,21
Kutty,23001766,14
Kunjunni,23001766,3
Mathu,23001766,3
Krishnankutty,23001766,7
Kurup,23001766,5
Pillai,23001766,0
Mathai,23001766,3
Kurien,23001766,2
Douglas,4208760,9
Houghtaling,4208760,13
Steele,4208760,18
Sonya,4208760,23
Willard,4208760,8
Buglar,4208760,15
Coldyron,4208760,17
Mitra,3181954,21
Sudhindra,3181954,8
Anila,3181954,4
Joe,7987443,4
Moe,7987443,16
Belle,7987443,2
Larry,7987443,6
Millie,7987443,4
Jimmy,901489,17
Emmett,901489,4
Jasper,901489,21
Wesley,901489,21
Webster,901489,10
Dalton,901489,4
Wade,901489,24
Doc,901489,21
Garrett,901489,4
Tilghman,901489,14
Stroudenmire,901489,12
Ketchum,901489,8
Janine,24631539,24
Toledo,24631539,4
Percelli,36288910,14
Desmond,36288910,15
Muggs,1533182,5
Ketcham,3954917,10
Kathy,3954917,15
Harry,3954917,22
Jody,3954917,12
Delaney,3954917,21
Lutz,3954917,21
George,3954917,22
Nanayakkara,21616627,0
Gunaratne,21616627,8
Chan,4619034,10
Eddie,34683152,18
Eva,34683152,22
Katia,12122385,23
Emily,12122385,20
Bennett,12122385,13
Mikos,12122385,17
Peggy,12122385,20
Mary,16776226,12
Davie,16776226,7
Rose,16776226,19
dasdy,13412180,12
Elizabeth,13412180,2
II,13412180,17
Gammons,34812933,2
Elfie,34812933,3
Dylan,34812933,4
Hopkins,34812933,6
Hayden,10049290,15
Sparky,10049290,22
Sellars,10049290,8
J.J.,10049290,6
Trey,10049290,21
Zach,10049290,3
Fahey,10049290,3
Shane,10049290,3
Presley,10049290,9
Marc,10049290,16
Horse,20518593,23
Woody,20518593,3
Woodpecker,20518593,12
Chico,8625710,6
Diane,8625710,3
Gobin,8625710,6
Chevillon,8625710,6
Capisco,2537424,23
Voltecki,2537424,8
Carmine,2537424,12
Cookie,2537424,23
Sablin,21181180,12
Victor,21181180,6
Platoff,21181180,20
Marot,14704654,11
Madeline,14704654,18
Charron,14704654,14
Kanchan,10641282,2
Kamini,10641282,19
Kapoor,10641282,21
Joseph,10641282,5
Ajit,10641282,8
Markinson,20691749,17
Downey,20691749,21
Kaffee,20691749,6
Jessep,20691749,6
Daniel,20691749,10
Galloway,20691749,6
Ross,20691749,9
Harold,20691749,24
Kendrick,20691749,8
Marshall,20691749,24
Dawson,20691749,6
Leo,1285833,11
Brando,1285833,2
Ken,1285833,2
Norm,1285833,9
Gina,23618548,8
Marty,23618548,17
Kemper,25229253,21
Marita,25229253,4
Aggiston,25229253,24
Armstrong,25229253,18
Eddie,25229253,19
Robert,25229253,9
Martia,25229253,18
Wade,25229253,18
Hee-do,34541508,6
Dupree,12190400,17
Bobby,12190400,17
Waters,12190400,19
Ogden,12190400,17
Walter,23977165,23
Dietrich,23977165,4
Robb,10122950,12
Lawson,10122950,7
Rollins,10122950,15
Helms,10122950,16
Brenda,10122950,6
Lancaster,10122950,8
Holland,10122950,6
Hopkins,10122950,2
Brown,16570645,2
Evelyn,30553565,4
Berre,22739770,6
Cholas,12290387,4
Lavanya,12290387,22
Muthu,12290387,2
Grandma,8354866,21
Laura,8354866,21
Jennifer,8354866,7
Mary,8354866,4
Kevin,8354866,16
Phillip,8354866,21
Lillian,4083283,2
Andrew,4083283,21
Bennett,4083283,17
Scott,4083283,10
Garth,4083283,10
Manor,4083283,1
Jeff,4083283,17
Denise,4083283,6
Seth,4083283,3
Marti,4083283,3
Greenwald,68047,16
Halsey,68047,18
Caine,68047,17
Keefer,68047,6
Keith,68047,5
DeVriess,68047,3
Queeg,68047,6
Dixon,68047,5
Maryk,68047,6
Laura,3048122,3
Sylvia,3048122,3
Fabrizio,3048122,13
Kiran,2105280,21
Rahul,2105280,3
Mehra,2105280,13
Sunil,2105280,3
Vicky,2105280,12
Claudia,12394296,13
Michael,12394296,8
Kelly,12394296,19
Ryan,12394296,18
Lily,31295173,19
Abel,31295173,19
Max,31295173,6
Rosinsky,31295173,2
Purdy,691154,13
McLean,691154,13
Sakini,691154,20
III,691154,18
Jill,3009141,3
Tiffany,3009141,3
Bobby,3009141,20
Johnson,3009141,10
Ben,3009141,1
Scarlett,3009141,21
Katie,10953000,15
Wong,10953000,9
Samantha,10953000,15
Julie,10953000,19
Ed,10953000,21
Scarlett,10953000,19
Simon,10953000,12
Okimi,3374760,3
Kusuda,3374760,13
Miyoei,3374760,14
Eiko,3374760,24
Miyoharu,3374760,6
Dorian,23199746,4
Gina,23199746,3
Perry,23199746,3
Morgan,23199746,7
Adriana,23199746,23
Trifoli,1678600,10
Tom,1678600,18
Habley,1678600,15
Kamlesh,30441990,23
Yash,30441990,6
Swati,30441990,24
Reddy,30441990,17
Atul,30441990,17
Kamlash,30441990,17
Vishnu,30441990,17
Abraham,30441990,11
Quin,4227,11
Potzdorf,4227,6
Magee,4227,11
Nora,4227,4
Brady,4227,15
Feeney,4227,21
Balibari,4227,24
III,4227,0
Grogan,4227,22
Barry,4227,4
Chevalier,4227,8
Lyndon,4227,12
Shubangi,8266218,3
Madhu,8266218,3
Ravi,8266218,6
Suraj,8266218,13
Kapoor,8266218,19
Vishwanath,8266218,6
Paul,3439619,24
rob,3439619,20
Marchand,3439619,17
Carla,3439619,21
Annie,3439619,12
Amy,7460227,13
Richard,7460227,6
Diane,7460227,3
Grey,7460227,6
Miscavige,7460227,9
Solomon,7460227,9
Hubbard,7460227,1
Robert,7460227,21
Wheat,7460227,16
Laura,9718353,2
Crocker-Harris,9718353,1
Wharton,18907092,10
Bradville,18907092,10
Dale,21819410,3
Zach,21819410,0
Jill,21819410,18
Squire,21819410,0
Honeycutt,14291637,11
Hart,14291637,4
Bunny,14291637,17
Finn,14291637,16
Moe,14291637,24
Gemma,14291637,6
Fitch,14291637,10
Tess,14291637,3
Finnegan,14291637,20
Williams,26084708,7
Hanna,26084708,10
Burr,26084708,15
O'Banion,20580603,21
Lan,20580603,1
Bovard,20580603,8
San,20580603,16
Dan,18702866,6
Hammond,18702866,24
Lorna,18702866,8
Neil,18702866,4
Steven,26678007,21
Andersson,26678007,20
Svengarlic,14435996,18
Mary,14435996,23
Shastri,30627782,18
Kalyani,30627782,21
Kamalapathi,30627782,8
Muthaiyan,30627782,3
Kadhali,30627782,13
Po,4943020,13
Vernon,4943020,6
Eugene,4943020,5
Sammy,4943020,3
Vernato,4943020,24
Adriano,4943020,24
Huey,4943020,13
Lee,4943020,6
Gwen,4943020,2
Kim,4943020,21
Baka,4943020,3
Gavin,4943020,6
Cohen,33082891,22
Norberto,32297704,5
Manikkunju,2642659,4
Sreekumar,2642659,16
Iyer,2642659,3
Alex,2642659,6
Chacko,2642659,1
Mosi,2642659,1
Devon,26740727,19
Jean-Paul,26740727,9
jack,88326,8
Froman,88326,3
Frye,88326,6
Ferris,88326,17
Peterson,88326,7
Rooney,88326,3
Schoen,88326,9
Jeanie,88326,6
Horst,89397,11
Montgomery,89397,12
Patton,89397,0
Jerry,89397,16
Halliwell,89397,6
Harmel,89397,20
Sosabowski,89397,6
Browning,89397,3
Eisenhower,89397,4
Gavin,89397,15
Urquhart,89397,6
Danny,1238874,20
Hatfield,1238874,17
Griggs,1238874,17
Radnor,1238874,3
Kenehan,1238874,6
Sephus,1238874,17
Hickey,1238874,20
Testerman,1238874,13
Tolliver,1238874,0
Felts,1238874,16
Madhavan,3076353,16
Kamala,3076353,9
Kanika,3076353,6
Sherwood,23507936,10
Gerima,24172757,23
Arthur,22984649,3
Murphy,22984649,15
Blake,22984649,6
Bulger,22984649,13
Valentine,22984649,12
Ronnie,22984649,22
Quint,22984649,0
Grimes,22984649,21
Cornelius,22984649,17
Willie,22984649,17
Briers,22984649,1
Samuel,22984649,1
Kennedy,19347897,12
Louie,27626743,20
Frederick,17016522,15
Downing,17016522,9
Markus,19712774,5
Dante,19712774,6
Beshwa,19712774,4
Jacob,19712774,14
Morzeck,31323950,12
Maria,31323950,2
Deisler,31323950,15
Dieter,31323950,4
Sousa,34821546,10
Crabtree,19375396,6
Dorothy,19375396,10
Sam,3147593,24
Lee,3147593,3
Max,3147593,6
Lauren,2676861,6
Charlie,2676861,21
Lola,2676861,15
Babu,20903086,2
Amit,20903086,6
Heera,20903086,2
Mariko,1219909,8
Blackthorne,1219909,5
Erasmus,1219909,16
Adams,1219909,19
Shogun,1219909,10
Toranaga,1219909,1
Ishido,1219909,15
Muller,6034681,13
Alec,6034681,2
Walker,6034681,3
Eden,6034681,3
Maida,6034681,6
Nirmala,25244431,23
Devi,25244431,6
Masterji,25244431,18
Babu,25244431,2
Khan,25244431,15
Rajo,25244431,19
Pandey,25244431,20
Singh,25244431,17
Haria,25244431,11
Chulbul,25244431,6
Makkhi,25244431,6
Russo,4055603,11
Nell,23374451,3
Jeff,23374451,6
Melissa,23374451,3
Foley,1138104,18
Todd,1138104,9
Axel,1138104,4
DeWald,1138104,17
Ashton,1138104,11
Thornton,1138104,10
Fox,1138104,5
Rosewood,1138104,6
Taggart,1138104,11
Flint,1138104,7
Dave,1138104,17
Billy,1138104,10
Ahmed,3940964,21
Azra,3940964,13
Perhan,3940964,21
Danira,3940964,22
Khaditza,3940964,6
Jr.,3940964,3
Merdzan,3940964,16
Roberto,3940964,21
Sattar,2654899,12
Ghosh,2654899,6
Gulabo,2654899,16
Shyam,2654899,6
Walker,2654899,15
Meena,2654899,8
Vijay,2654899,3
Elvira,32791398,4
Melissa,32791398,0
Arnaldo,32791398,4
Daniele,32791398,19
Giotti,5458655,19
Isolde,3235051,23
Melot,3235051,22
Wictred,3235051,24
Marke,3235051,14
Tristan,3235051,4
Donnchadh,3235051,17
Atsuko,15832466,3
Ryunosuke,15832466,13
Akiko,15832466,18
Mishima,15832466,22
Kyusaku,15832466,16
Ramsey,1275430,6
Briggs,1275430,0
Staples,1275430,21
Verma,18317315,4
Singh,18317315,14
Nisha,18317315,2
Sonny,8893825,3
Hickok,8893825,0
Guthrie,8893825,22
Roberts,8090904,24
Maria,8090904,19
Frank,8090904,6
Joe,8090904,3
Dorothy,8090904,15
MacKay,24063376,18
Walker,24063376,9
Moon,14567007,5
Jess-Cooke,14567007,0
Bradock,975900,23
Ballard,975900,24
Williams,975900,4
Adler,26582974,16
Renata,26582974,16
Cowie,26582974,11
Paola,23346166,24
Bono,23346166,13
Cher,23346166,11
Sonny,23346166,10
Bowie,8267372,19
Stuart,8267372,5
Dupray,8267372,24
Carson,8267372,5
Crockett,8267372,8
Finzi-Contini,8058697,19
Giorgio,8058697,6
Malnate,8058697,22
Alberto,8058697,21
Micol,8058697,23
Chatchai,10019785,6
Sipang,10019785,13
Busaba,10019785,14
Hare,608994,12
Waite,608994,18
Butler,608994,7
Roosevelt,608994,0
Eisenhower,608994,0
Gondo,867935,6
Shinichi,867935,5
Sarah,4852728,23
John,4852728,22
Witting,4852728,4
Ramon,3326121,23
Abigail,3326121,12
Cohen,3326121,12
Caije,3326121,6
Maretti,3326121,6
Lisa,3326121,13
Andre,25885276,6
Dyer,28139489,20
Taylor,18968628,4
Joan,1870332,18
S.B.,1870332,1
Wyndham,1870332,15
Bellows,1870332,1
Hayes,1870332,18
Martha,1870332,2
Stafford,1870332,4
Dorothy,1870332,19
Hicks,1870332,11
Cleo,1870332,2
Rajeev,36381339,11
Ma,30581698,16
Yukio,9479998,22
Hanji,9479998,23
Utako,9479998,19
Wendy,2108624,20
Goodenough,2108624,1
Porky,2108624,6
Tommy,2108624,17
Webster,2108624,16
Balbricker,2108624,16
Lois,11265627,3
Lane,11265627,8
Kent,11265627,3
Strange,5443046,5
Mike,5443046,21
Sarathy,20815259,16
Howard,4907371,2
Sakurada,28934114,9
Masuo,28934114,3
Ritsuko,28934114,6
Bakin,12412800,17
Daeng,12412800,17
Ritthikrai,12412800,16
Tyana,17775028,12
Zarbo,17775028,23
Tarzan,17775028,4
Sikes,17775028,0
Lapin,17775028,0
Diksha,14572142,22
Meredith,35965448,16
Nerone,35965448,11
Black,35965448,10
Jackson,894309,4
Evans,894309,23
Nesbitt,894309,17
Elson,894309,13
Stone,894309,0
Brainard,1440478,23
Carlisle,1440478,5
Hawk,1440478,7
Flightplan,10669385,17
C.F.,10669385,4
Peter,10669385,3
Zeriatin,10669385,6
III,10669385,3
Amanda,10669385,17
Zariatin,10669385,6
Witek,9129303,4
Czuszka,9129303,14
Werner,9129303,19
Olga,9129303,6
Wera,9129303,23
Hawks,21041587,15
Arlette,13541124,8
Rainier,13541124,21
Ono,13308338,22
Miller,20857500,19
Kay,20857500,6
Jones,20857500,20
Pritchett,20857500,15
Dud,20857500,17
George,20857500,6
Tommy,20857500,6
Lorraine,20857500,22
Laura,20857500,6
Molly,20857500,21
Clark,20857500,14
Lorry,20857500,21
Brown,20857500,14
McKay,20857500,1
Harvey,20857500,11
Livesey,18185435,13
Gunn,18185435,1
Inn,18185435,3
Trelawney,18185435,5
Silver,18185435,11
Hawkins,18185435,23
Bones,18185435,9
Thomas,1296982,20
Glen,538455,17
Marcus,538455,24
Tucker,538455,1
Frank,538455,10
Norma,538455,1
Andre,538455,17
Luda,538455,21
Kenneth,538455,23
Luis,538455,17
Hall,538455,16
Nicole,538455,24
Bart,538455,6
Steve,538455,17
Kelly,538455,23
C.J.,538455,17
Vivian,538455,17
Ana,538455,17
Terry,538455,23
Andy,538455,17
Caisson,25644434,23
Hussain,22139823,14
Saira,22139823,11
Miller,1087247,1
Inez,1087247,2
Rathbone,1087247,21
Zorro,1087247,15
Albert,1087247,22
McCulley,1087247,22
Mamoulian,1087247,10
Vega,1087247,19
Quintero,1087247,2
Hood,1087247,5
Flynn,1087247,9
Pasquale,1087247,24
Cavens,1087247,8
Andrew,27686503,11
Kenjiro,27686503,5
Izzy,4815029,4
Sayeed,4815029,17
Hassan,4815029,0
Mukesh,28219921,3
Lakshmanan,28219921,3
Annie,28219921,23
Alex,28219921,2
Chin,3785749,10
Khan,32989681,9
Shah,32989681,5
Jiyo,32989681,0
Kennedy,3230122,11
Wiazemsky,3230122,19
Jones,3230122,24
Godard,3230122,14
Earl,6014292,0
Long,6014292,10
Shelby,6014292,0
Bidwell,6014292,4
Amanda,6014292,9
Fitzgerald,2771118,16
Timms,2771118,18
Hall,2771118,23
Flynn,2771118,23
Fields,2771118,1
Coolidge,2771118,23
Kate,2771118,4
Allison,2771118,16
Relyea,2771118,23
Pond,2771118,19
Hoover,2771118,6
Ichinose,12001,14
Katsura,12001,4
Godzilla,12001,4
Mafune,12001,10
Kusaka,12001,18
Tsuda,12001,12
Head,6743019,12
Holden,6743019,18
Lung-Wei,10598361,21
Meng,10598361,23
Yue,10598361,9
Jim,31326554,19
Murali,5208755,6
Shailu,5208755,19
von,19578367,5
Ambrosse,19578367,9
Centowic,19578367,16
Irene,19578367,6
Berger,19578367,17
Andreny,19578367,5
Basil,19578367,6
Hartmann,19578367,0
Ross,185783,14
McElwee,185783,8
Charleen,185783,6
Marilyn,185783,2
Varone,21119674,8
Warren,21119674,19
Dre,21119674,4
O'Neil,20088245,24
Karen,20088245,21
McClain,20088245,21
Annie,20088245,15
Corey,20088245,10
Ronno,2877925,22
Bambi,2877925,3
Joan,27131059,23
Deneen,27131059,6
Tony,27131059,17
Ellison,27131059,7
Venables,27131059,21
Sinclair,27131059,9
Farina,5221381,24
Lloyd,5221381,12
Mary,5221381,23
Brennan,24165863,13
Samuel,24165863,16
Roddice,217800,1
Ursula,217800,3
Gerald,217800,6
Brangwen,217800,23
Birkin,217800,3
Loerke,217800,5
Lupton,217800,11
Crich,217800,6
Rupert,217800,6
Tibby,217800,10
Webb,217800,24
Gudrun,217800,3
Barney,35909673,6
Jame,21084819,16
Sutherland,21084819,24
Mugsy,24792875,17
Napoleon,24792875,3
Bonaparte,24792875,20
Pierre,24792875,3
Bigelow,10128536,6
Lane,10128536,12
Mariette,10128536,23
Larkins,10128536,21
Lorenzo,10128536,3
Burnshaw,10128536,17
Charlton,10128536,22
Larkin,10128536,23
Kelsey,10128536,17
Pop,10128536,24
Maria,2399020,18
Khan,2399020,6
Memon,2399020,15
Tiger,2399020,7
Mohammed,2399020,10
Muqadam,2399020,18
Rakesh,2399020,12
Starr,29480472,20
Ana,29480472,3
Pearl,29480472,13
Drean,29480472,11
George,29480472,13
David,29480472,2
Devi,25915397,17
Johnny,25915397,6
Ravi,25915397,7
Menon,25915397,17
Chandran,25915397,17
Janardhanan,25915397,20
Vasanthi,25915397,17
Jess,22439052,20
Xenia,13644074,5
Borja,13644074,24
Andrey,13644074,17
Osina,13644074,4
Romanov,13644074,14
Pozharsky,13644074,0
Godunova,13644074,1
Godunov,13644074,8
Supriya,21873890,3
Dildar,21873890,6
Pooja,21873890,21
Eloise,33526115,24
Corday,31083375,4
Hovland,29801414,5
Trudi,29801414,23
Roger,29801414,3
Sutton,29801414,13
Maxwell,29801414,11
Dumka,17987447,18
Azhagu,17987447,17
Kanugu,17987447,17
Kaasi,17987447,18
Paraman,17987447,17
Azaghar,17987447,0
Hatton,15156718,21
Swallow,15156718,17
Peebles,15156718,19
Catherine,15156718,14
Henderson,15156718,14
Lon,15156718,16
Konopnicka,22047955,12
Kumar,21955983,2
Seema,21955983,13
Verma,21955983,6
Meena,21955983,2
Jagannath,5392217,16
Ranjit,5392217,21
Sulekha,5392217,6
Chand,5392217,5
Rakesh,5392217,3
Karamchand,5392217,8
Lalita,36157703,14
Janaki,36157703,2
Ram,36157703,13
Hitler,1399634,6
Rothman,1399634,3
Mayr,1399634,8
Parul,9003163,19
Bobby,9003163,17
Barkha,9003163,17
Sharma,9003163,6
Laxmi,9003163,23
Raju,9003163,23
Bijli,9003163,9
Singh,9003163,17
Richard,10388844,6
Shun,10388844,3
Min,10388844,8
Lee,10388844,10
Huang,10388844,3
Taylor,1363646,15
Allen,1363646,13
Hollings,1363646,22
Cru,1363646,14
Bart,1363646,5
Timmer,1363646,7
Weston.,1363646,2
Smith,1363646,20
Christian,1363646,2
Jackson,915192,3
Al,915192,22
Gabriel,915192,4
Celine,915192,3
Lewis,915192,3
O'Reilly,915192,3
Mayhew,915192,2
Robert,915192,3
Lily,915192,6
Elliot,915192,21
Naville,915192,3
Tod,915192,12
Kenyon,5371282,4
Munger,2339579,3
Earl,2339579,4
Ruben,2339579,15
Tully,2339579,6
Stockton,2339579,18
Raj,35790649,0
Bharatha,35790649,17
Velu,35790649,4
Maragatham,35790649,17
Gopalakrishnan,35790649,23
Kesavan,35790649,9
Babloo,35790649,10
Abhinaya,35790649,24
Manorama,35790649,4
Edgar,7342730,6
Herman,7342730,13
Stella,7342730,15
Suzie,7342730,3
Victoria,7342730,1
White,31404359,6
Lauren,31404359,17
Kerry,31404359,14
Vinnie,31404359,17
Bridges,31404359,11
Vicky,31404359,12
Mathers,31404359,17
Maddox,5339355,14
Murdoch,5339355,10
Lieutenant,5339355,17
Hester,5339355,3
Doris,5339355,17
Leonore,5339355,2
Bergmann,5339355,9
Leon,11507219,8
Harry,1971307,22
Johnson,1971307,17
Renard,1971307,22
Browning,1971307,10
Gerard,1971307,21
Morgan,1971307,3
Marie,1971307,21
Helene,1971307,20
Eddie,1971307,6
Bursac,1971307,15
Rattigan,8018380,0
Browning,8018380,9
Crocker-Harris,8018380,16
thory,4330835,1
VI,4330835,15
Tim,1854612,3
Sheila,1854612,1
Jennifer,1854612,18
Carson,1854612,10
Brock,1854612,3
Hunt,1854612,15
Fistergraff,1854612,18
Bill,1854612,4
Chris,1854612,6
Case,1854612,0
Henry,10612874,20
Ellis,10612874,18
Sykes,10612874,6
Abbott,10612874,6
Jean,10612874,17
Robinson,10612874,13
Dick,10612874,6
Freedom,5632013,13
Marina,441280,3
Xilus,441280,10
Damodar,441280,17
Norda,441280,3
Savina,441280,14
Mages,441280,17
Ridley,441280,3
Wilson,441280,1
Elwood,441280,4
Rod,441280,6
Srey,12305259,16
Poeuv,12305259,15
Uta,16276017,2
Miyazaki,16276017,17
Kasai,16276017,0
Iseya,16276017,1
Takahashi,16276017,9
Kimura,16276017,22
Takeshima,16276017,12
Kojima,16276017,23
Ikezu,16276017,7
Nagasei,16276017,9
Oshima,16276017,8
Natsuno,16276017,3
Yashiba,16276017,19
Ono,16276017,16
Maeda,16276017,22
Minegishi,16276017,9
Kana,16276017,5
Kumoi,16276017,18
Kaburagi,16276017,15
Matsuda,16276017,12
Inoue,16276017,8
Akimoto,16276017,1
Anzu,16276017,3
Abe,16276017,5
Forrest,8279481,9
Reardon,8279481,0
Phillippe,5498248,17
Maria,5498248,19
Sudachan,5498248,5
Gama,5498248,4
Tong,5498248,17
Chairacha,5498248,17
Yodfa,5498248,16
Chakkraphat,5498248,17
Fernando,5498248,17
King,5498248,17
Byrne,1138831,5
Adrien,33035751,5
Alexander,33035751,2
Agut,33035751,1
Eva,33035751,22
Winston,1815221,13
Wigram,1815221,10
Clemmie,1815221,2
Churchill,1815221,3
Baldwin,1815221,5
Kumar,19843417,18
Mani,19843417,23
Rao,19843417,9
Asokan,19843417,15
Roberts,24160921,20
Harry,24160921,16
Smilac,24160921,21
Murano,24160921,5
Vandervagen,24160921,9
Vasishta,31465007,0
Kusha,31465007,2
Urmila,31465007,2
Charita,31465007,22
Shambuka,31465007,17
Rama,31465007,3
Lakshmana,31465007,17
Mahaprasthana,31465007,9
Valmiki,31465007,3
Donnie,25715865,5
Dick,25715865,16
Paromita,16941996,14
Sanaka,16941996,6
Geetha,26494309,8
Geethu,26494309,21
Nandan,26494309,1
Murali,26494309,8
Rekha,26494309,21
Elizabeth,4012556,10
Tulip,4012556,20
Phineas,4012556,7
Kenny,4012556,17
Binder,4012556,17
Hackmore,4012556,13
Rimshot,4012556,4
Ernest,4012556,21
Joey,4012556,2
Worrell,4012556,0
Trantor,4012556,16
Monty,3231682,16
Morgan,3231682,17
Erin,3231682,3
May,3231682,21
Jedediah,3231682,21
Hoyt,3231682,17
Henrietta,3231682,3
Andy,3231682,3
Bianca,398934,6
Verona,398934,8
College,398934,11
Stratford,398934,19
Cameron,398934,23
Patrick,398934,3
Donner,398934,10
Eckman,398934,17
Kat,398934,6
Joey,398934,3
James,398934,21
Foley,32567318,6
Kirby,32567318,18
Xavier,32567318,9
Ethan,32567318,16
Iris,32567318,10
Sarathkumar,16489470,1
Kumar,32056667,2
Jeetendra,32056667,23
Babu,7586065,2
Kapoor,7586065,0
Govinda,7586065,22
Fox,28397585,7
Evans,28397585,18
Bonacieux,28397585,16
Milady,28397585,6
Buckingham,28397585,3
Rochefort,28397585,17
Constance,28397585,3
Stevenson,28397585,4
Aramis,28397585,14
Anne,28397585,4
Vinci,28397585,9
Richelieu,28397585,6
Louis,28397585,0
Hood,18849361,5
Arjuna,19507658,6
Duryodhana,19507658,3
Krishna,19507658,3
Drupada,19507658,24
Kauravas,19507658,18
Hidimbasura,19507658,21
Sakuni,19507658,6
Rukmini,19507658,23
Yudhistra,19507658,5
Vyasa,19507658,16
Hidimbi,19507658,2
Yudhisthira,19507658,11
Sisupala,19507658,17
Bakasura,19507658,15
Bheema,19507658,23
Kunti,19507658,21
Karna,19507658,5
Carmela,10558683,6
Machado,10558683,9
Paulino,10558683,17
Gustavete,10558683,17
Gilbert,5603801,22
Buchanan,5603801,0
Chong,5603801,19
Fei-hung,9951507,3
Archer,23822007,11
Jennifer,23822007,21
Jill,23822007,5
Kathryn,23822007,6
Lexi,23822007,6
McKay,23822007,6
Harnsberger,23822007,19
Jolene,23822007,8
Chavan,10962872,10
Kashmira,10962872,23
Saby,10962872,13
Satyajit,10962872,21
Patel,10962872,6
Singh,10962872,7
Jack,10962872,8
Abraham,10962872,6
Frankie,23647555,18
Melissa,23647555,19
Bridges,23647555,24
Kurt,18898096,3
Dan,18898096,6
Louis,18898096,3
Marie,18898096,3
Chris,18898096,6
Arthur,16143348,17
Gawain,16143348,9
Marilyn,5176365,8
Naomi,5176365,9
Doris,5176365,9
Alberto,355807,24
Diego,355807,17
Elena,355807,17
Bess,781946,21
McNeill,781946,24
Jan,781946,4
Ray,8733660,20
Al,8733660,12
Schneider,8733660,11
Michael,8733660,16
Pete,8733660,20
Wilson,20240067,0
Gaurau,23091532,19
Harry,23091532,14
Carrie,23091532,6
Samantha,23091532,4
Big,23091532,13
Steve,23091532,6
Miranda,23091532,6
Anthony,23091532,1
Erin,23091532,15
Aidan,23091532,19
Dhabi,23091532,4
Chaplin,11451309,18
Charlie,11451309,16
Zee,2371912,8
Ford,2371912,17
Frank,2371912,24
Samuels,2371912,19
Barshee,2371912,6
Jr.,2371912,17
Wright,2371912,24
James,2371912,24
Cobb,2371912,22
Fonseka,14508376,10
Lekha,14508376,9
Perera,14508376,9
Ranasinghe,14508376,14
Goebbels,15061916,14
Isherwood,18253791,8
Minnelli,18253791,20
Bachardy,18253791,22
Boorman,18253791,11
Pavel,26109551,6
Sergei,26109551,9
Page,25359124,8
Lenny,25359124,13
Floyd,25359124,8
Al-Masri,25359124,12
Mahmud,25359124,3
Solly,25359124,15
Nasir,25359124,15
Shimshillewitz,25359124,3
Izzy,25359124,3
Arshad,25359124,3
Uzma,25359124,16
Muslims,25359124,0
Goldberg,25359124,15
Holly,3650182,14
Dodo,3650182,7
Melissa,3650182,16
Jenny,3650182,20
Harrison,3650182,16
Melvin,2317985,10
Maureen,35251613,5
Ermus,35251613,6
Kray,35251613,6
Facer,35251613,24
Mayter,35251613,0
Daglek,35251613,13
Kakashi,27147259,2
Minnie,19312759,8
Joe,19312759,18
Peggy,19312759,17
Farina,19312759,3
Jean,19312759,17
Rospini,29823857,1
Ducci,29823857,8
Fattori,29823857,12
Britt,5904965,18
Dorset,5904965,15
Graham,5904965,17
Natsuko,4666906,2
Takimoto,4666906,11
Shoko,4666906,7
Kenta,4666906,3
Mitsumasa,3843721,9
Stimson,3843721,9
Truman,3843721,3
Szilard,3843721,1
Hirohito,3843721,24
Roosevelt,3843721,15
Byrnes,3843721,21
Groves,3843721,13
Korechika,3843721,2
Marshall,3843721,10
Suzuki,3843721,12
Stalin,3843721,14
Paul,7260058,3
Niles,7260058,10
Burke,7260058,0
Joel,7260058,0
Natalie,7260058,21
Tommy,7260058,4
Bill,7260058,0
Noel,7260058,13
Yuri,7260058,3
Gomez,2199665,15
Maddox,2199665,23
Poe,2199665,10
Brennick,2199665,24
Wells,2199665,15
Stiggs,2199665,20
Karen,2199665,6
MenTel,2199665,14
Abraham,2199665,20
John,2199665,24
Pari,1998309,2
Elham,1998309,3
Nargess,1998309,6
Gholami,1998309,24
Corazon,34722775,12
Luis,12592974,3
Angelica,12592974,9
Pilar,12592974,12
Anselmo,12592974,5
Segovia,12592974,21
lica,12592974,21
Myachikov,6302293,16
Pavlovna,6302293,23
Proskudin,6302293,21
Vorobyov,6302293,23
Pan-ho,33735487,20
Yeo,33735487,9
Beom-seok,33735487,15
Hyung-bae,33735487,21
Ju-im,33735487,24
Joo-dong,33735487,3
Ik-hyun,33735487,16
Sameera,13084559,1
Sheetal,13084559,23
Satyaveer,13084559,6
Nitu,13084559,10
Nimmi,13084559,3
Mohan,13084559,3
Randhawa,13084559,6
Raghu,13084559,18
Manorama,13084559,6
Rathore,13084559,6
Collier,15392312,16
Parker,17786854,3
Kruger,17786854,3
Nat,17786854,21
Lee,16276957,21
Iris,16276957,4
Dubno,2193661,4
Dubrov,2193661,1
Andrei,2193661,3
Bulba,2193661,3
Arlington,5016298,4
Lewis,5016298,11
McCoy,5016298,22
Lily,5016298,21
Billy,5016298,6
Juster,19576286,14
Diogenes,19576286,15
Alexander,19576286,7
Kaja,19576286,4
Passer,19576286,5
Thorvald,19576286,6
Dharam,8603532,21
Ranjeet,8603532,4
Jwala,8603532,4
Satpal,8603532,20
Singh,8603532,19
Meenakshi,8603532,2
Sheroo,8603532,0
Gang-soe,20394155,10
Judah,877220,17
Danny,877220,17
Brooks,877220,7
Ashe,877220,3
Earl,877220,17
Eric,877220,6
Kali,877220,18
Sarah,877220,3
Sybil,877220,10
Corven,877220,0
Lars,26739428,17
Jonas,26739428,17
Peder,26739428,3
Griggs,26739428,4
Juliette,26739428,3
Halvorson,26739428,3
Henrik,26739428,17
Finch,26739428,9
Edvard,26739428,4
Kate,26739428,3
Lloyd,26739428,9
Matias,26739428,17
Adam,26739428,9
Carter,26739428,3
Colin,26739428,20
Derek,26739428,17
Coo,2495320,24
Bill,2495320,1
Chirpendale,2495320,10
Subhash,12300854,3
Jamini,12300854,21
Brennan,21456296,21
Johnson,21456296,8
Tony,9928913,15
Edwards,9928913,13
Fraccini,9928913,9
Wright,9928913,8
Mitchell,3717818,21
Woods,3717818,22
McQueen,3717818,17
Rickard,3717818,10
Archer,3717818,24
Randolph,3717818,14
John,3717818,11
Wallace,3717818,0
Duke,3717818,22
Ann,3717818,14
Harris,3717818,11
Winslow,3717818,6
Birbiglia,23394871,9
Kathy,29284840,24
Morrison,29284840,9
Askew,29284840,16
Alec,29284840,1
Clapton,29284840,15
Mallard,29284840,9
Otoki,3653800,6
Otsune,3653800,6
Ichikawa,3653800,3
Kihachi,3653800,3
Shinkichi,3653800,21
Otaka,3653800,3
Sam,11669128,21
Derek,11669128,17
Holmes,605676,17
Peterson,605676,3
Graham,605676,3
Gramps,605676,3
Medford,605676,13
O'Brien,605676,20
Crotty,605676,6
Johnson,605676,10
Blackburn,605676,3
Thomson,605676,12
Ellinson,605676,10
Harlax,33951961,21
Flyora,4492505,3
Hitler,4492505,1
Roubej,4492505,3
Yustin,4492505,10
Adolf,4492505,15
Reich,4492505,8
Nazis,4492505,0
Pompey,3470692,6
Cornelia,3470692,2
Brutus,3470692,17
Caesar,3470692,21
Gaul,3470692,6
Portia,3470692,19
Sulla,3470692,6
Julia,3470692,13
Cleopatra,3470692,4
Cato,3470692,23
Aurelia,3470692,0
Antony,3470692,10
Kalle,31322887,1
Anna,31322887,20
Horst,31322887,15
Havel,31322887,19
Hobson,1923292,7
Briones,1923292,13
Williams,1923292,12
Jane,1923292,2
Maggie,1923292,3
Pete,1923292,3
Fran,1923292,21
Lacayo,1923292,1
Susie,1923292,6
Barton,1923292,6
Higgins,1923292,19
Tim,32467498,13
Gray,32467498,17
Sharon,32467498,4
Gus,32467498,3
Bart,32467498,17
Pablo,32467498,13
Labine,32467498,10
John,32467498,23
Deveraux,22092460,17
Topov,22092460,15
Burke,22092460,7
Colin,22092460,21
Fleming,22092460,0
Scott,22092460,7
Martynova,12312480,20
McDaniel,31710893,18
Jackson,31710893,16
Charlie,31710893,18
Rachel,31710893,24
Krystal,31710893,24
Tatewaki,2849958,6
Sasahara,2849958,22
Tomi,2849958,24
Isaburo,2849958,16
Asano,2849958,12
Tefeeda,9124011,4
Mundo,18413929,20
Bankai,18413929,22
Ayasegawa,18413929,1
Zaraki,18413929,7
Kon,18413929,17
Ichigo,18413929,24
Kurosaki,18413929,21
Madarame,18413929,20
Yamada,18413929,16
Rukia,18413929,21
Kurotsuchi,18413929,3
Shizuku,18413929,15
Kenpachi,18413929,4
Shihoin,18413929,4
Kuchiki,18413929,16
Abarai,18413929,24
Urahara,18413929,6
Homura,18413929,15
Bhama,29772142,4
Gatha,29772142,6
Anoop,29772142,13
Chandran,29772142,22
Fred,3985680,0
Otto,3985680,16
Fontaine,3985680,0
Irene,3985680,6
Kathryn,3985680,13
Blue,3985680,9
Boy,3985680,9
Lionel,3985680,6
Duke,3985680,24
Valluvanar,8807172,9
Kamban,8807172,6
Theepori,8807172,16
Banerjee,8807172,24
Alkmene,12156677,12
Amphitryon,12156677,0
Guy,6270677,2
Maddin,6270677,13
Sis,6270677,2
Plante,33366105,17
Tremblay,33366105,19
Ricardo,33366105,6
Marchand,33366105,10
Marley,6641931,13
Sam,6641931,23
God,6641931,6
Samantha,6641931,15
Anna,6641931,6
Neville,6641931,4
Ethan,6641931,4
Krippin,6641931,2
Holt,6368709,12
Victoria,6368709,10
Smith,6368709,0
Pappu,11554728,23
Scully,23821597,15
DeBoya,23821597,23
Moran,23821597,12
Palma,23821597,12
Tyner,23821597,19
Miller,1346905,18
John,1346905,5
Theresa,2295249,18
Henry,30560727,21
Feathersword,30560727,3
Dorothy,30560727,6
Songs,30560727,15
Ryu,2376744,3
Yamamura,34543751,1
Takanori,34543751,3
Ayukawa,34543751,12
Koiso,34543751,11
Seiji,34543751,22
Sadako,34543751,6
Lisa,34543751,17
Andou,34543751,11
Terri,6252532,19
Casey,6252532,16
Leila,26541,10
Maddox,26541,6
Otto,26541,3
Bud,26541,3
MacArthur,5480052,14
Hirohito,5480052,22
Aguinaldo,23560481,0
Gomez,23560481,18
Carreon,23560481,8
Vega,23560481,15
Bonifacio,23560481,12
Katipunan,23560481,19
Sakay,23560481,17
Batson,2060144,4
Billy,2060144,17
Malkin,27420904,23
Janet,27420904,4
Gray,27420904,17
Lucy,27420904,6
Blake,27420904,12
Angela,27420904,9
Richards,27420904,3
Sameera,15877550,3
Viren,15877550,19
Dutta,15877550,13
Patel,15877550,14
Oliver,18279130,21
Rachel,18279130,2
Raquel,18279130,21
Medeiros,18279130,13
Minoru,28091621,2
Yoshida,28091621,3
Keiko,28091621,6
Tamura,28091621,3
Mika,28091621,6
Kud,28091621,6
Connelly,1699256,15
Rose,1699256,3
Kendricks,1699256,21
Emma,6803954,4
Angelica,6803954,0
Sam,6803954,15
Desmon,6803954,23
Robins,6803954,11
Newman,6803954,17
Jasmine,6803954,6
Wingate,6803954,22
Nancy,6803954,9
Lindy,6803954,23
Alex,6803954,3
Noonan,23484650,6
Marshall,23484650,20
Marlene,23484650,11
Tommy,23484650,2
Cynthia,2350630,16
Archer,2350630,3
Hoggins,2350630,6
Tony,2350630,23
Nicholas,2350630,12
Quan,2350630,4
Kim,2350630,12
Max,2350630,17
Wang,2350630,17
Raymond,2350630,17
Vidor,14925304,17
LeRoy,14925304,4
MacDonald,14925304,5
Eddy,14925304,2
Dickson,14925304,20
Shearer,14925304,14
Garson,14925304,1
Edison,14925304,18
Dyke,14925304,24
Lamarr,14925304,5
Gable,14925304,5
Varghese,13914278,23
Sasikala,13914278,0
Varma,13914278,4
Urvashi,13914278,2
Mayberry,29688997,1
Dracula,29688997,18
Rachel,29688997,18
Gordal,29688997,10
Franklin,35208949,19
Wilfredo,35208949,2
Daniel,35208949,22
Mia,35208949,24
Armando,35208949,3
Chantelle,35208949,12
Bertrand,2320355,7
Belone,2320355,15
Santini,2320355,6
Kopel,2320355,23
Pignon,2320355,6
George,3188242,3
Grahame,3188242,13
Ellen,3188242,6
Ella,26252728,4
Percy,26252728,17
Dolarhyde,26252728,4
Meacham,26252728,18
Jake,26252728,3
Taggart,26252728,17
Lonergan,26252728,18
Swenson,26252728,7
Emmett,26252728,0
Alice,26252728,5
Marcelo,9999280,13
Tammy,28694630,20
Fox,28694630,2
Zach,28694630,3
Walker,28694630,4
Reed,28694630,12
Mark,35677133,16
Remington,35677133,7
Januscorp,1815267,16
Michaels,1815267,16
Gates,1815267,0
Day,1815267,24
Rasmusson,7917514,13
Lorenz,7917514,11
Martha,7917514,6
Jorgensen,7917514,6
Jorgenson,7917514,7
Maria,8205068,24
Honda,8205068,0
Delila,1020511,2
Fletcher,1020511,3
Bannister,1020511,24
Hakman,1020511,16
Hunt,1020511,2
Chaitanya,36426165,15
Sunil,36426165,15
Blackbeard,6276851,14
Warren,6276851,6
Abu,6276851,6
Walls,32798314,9
Dorothy,32798314,21
Winters,32798314,8
Peters,32798314,17
George,32798314,16
Coyle,32798314,8
Fleming,32798314,15
Slade,32798314,18
Sheela,15677758,9
Mumtaj,15677758,4
Rajendar,15677758,18
Naidu,15677758,16
Narayanan,15677758,9
Babi,15677758,9
Aziz,15677758,19
Grimes,100700,10
Denise,100700,6
Rosa,100700,10
Monroe,100700,18
Turner,100700,13
Michael,100700,6
Payne,100700,7
Archibald,100700,11
Mitch,100700,20
Steve,100700,7
John,100700,17
Miriam,100700,18
Lester,100700,11
Julie,100700,2
Udders,1330877,21
Stickles,1330877,23
Perkins,1330877,7
Daneel,33529412,7
Sophie,33529412,18
Sharon,2465576,3
Hill,2465576,16
Dahlia,2465576,23
Bennett,2465576,18
Rose,2465576,3
Gucci,2465576,18
Cybil,2465576,4
Anna,2465576,19
Christabella,2465576,3
Alessa,2465576,19
Gillespie,2465576,10
Eleonore,33590333,19
Adama,33590333,7
Driss,33590333,21
Yvonne,33590333,18
Philippe,33590333,3
Quattroporte,33590333,17
Min-jae,7406383,24
Yu-shik,7406383,20
Gojong,7406383,18
Lucy,5792459,23
Helsing,5792459,6
Mina,5792459,16
Dracula,5792459,21
Renfield,5792459,4
Harker,5792459,4
Kadhir,4605877,3
Anita,4605877,6
Namboothiri,25456496,14
Satyagraha,25456496,6
Nair,25456496,16
Mani,25456496,24
Sreekumar,25456496,16
Bordabehere,9170349,20
Cora,9170349,9
Noble,9170349,16
Torre,9170349,9
Alberto,9170349,24
Neuber,24327688,10
Lucy,11582801,3
Aldin,11582801,9
Cindy,11582801,3
Gardner,11582801,24
Barrett,11582801,19
Czakyr,11582801,24
Thompson,11582801,22
Ottakoothar,30656210,16
Kamban,30656210,6
Kulasekharan,30656210,13
Ambikapathi,30656210,16
Ambikapathy,30656210,0
Pulavar,30656210,15
Theevu,30656210,10
Kambar,30656210,24
Amaravathi,30656210,4
Paul,1411408,6
Alma,1411408,7
Spiro,1411408,13
Irmy,1411408,21
Paulsen,1411408,7
Armstead,1411408,16
Jack,1411408,2
Kleinman,1411408,3
Marie,1411408,2
Raveena,851645,14
Teja,851645,11
Amar,851645,4
Gopal,851645,14
Gogo,851645,9
Bajaj,851645,11
Thulasi,13914120,19
Claire,23525900,12
Ruth,23525900,12
Orla,23525900,12
Escalante,113013,6
Lane,30801363,8
Superman,30801363,16
Kent,30801363,3
Lois,30801363,13
Sanjana,29641779,3
Hungama,29641779,8
Wallace,3511167,4
Park,33071010,12
Abdulkarim,28082913,6
Kranjic,28082913,18
Barrio,28082913,2
Paola,28082913,20
Radovan,28082913,18
Carl,28082913,23
Slovovic,28082913,13
Westlund,28082913,18
Mrado,28082913,3
Camilla,28082913,8
Jorge,28082913,3
Sophie,28082913,5
Blake,77658,6
Kinross,77658,3
Mills,77658,21
Torrin,77658,11
Freda,77658,19
Hardy,77658,18
Tresswick,23114401,10
Ian,23114401,6
Mark,23114401,3
Parker,23114401,8
Vincent,23114401,10
Tanya,23114401,10
Gary,23114401,3
Chasely,23114401,3
Wright,23114401,0
James,23114401,4
Gowtham,26160725,3
Grandma,26160725,3
Menon,26160725,23
George,26160725,1
Shreya,26160725,13
Joseph,26160725,0
Varma,26160725,3
Gautham,26160725,2
Kawai,10428115,5
Luke,10428115,18
Terri,10428115,22
Moon,6823611,6
Aronson,6823611,6
Terry,6823611,10
Kip,6823611,5
Jessie,6823611,5
Jerzy,1664884,19
Marta,1664884,23
Bradley,2113200,6
Johnson,2113200,18
Terrific,2113200,10
Lynn,2113200,14
Chris,2113200,6
Rudy,76353,7
Matuschek,76353,6
Pepi,76353,20
Kralik,76353,3
Vadas,76353,4
Katona,76353,17
Novak,76353,16
Gasback,27375543,3
Vash,27375543,17
Amelia,27375543,3
Kepler,27375543,16
Wolfwood,27375543,6
Thompson,27375543,0
Cain,27375543,6
Stryfe,27375543,10
Shaka,5907567,17
Dada,5907567,13
Raja,5907567,23
Bhuvana,5907567,13
Grand,7267220,21
Youngman,7267220,6
Dugdale,7267220,7
Rembrandt,7267220,16
Newman,7267220,10
Kelly,22831361,3
Jones,22831361,3
Raymond,27974235,0
James,27974235,14
Ferrera,27974235,17
O'Nan,27974235,9
Brown,14726546,3
Flashman,14726546,16
Mortensen,26016562,8
Scalli,26016562,20
Martinez,26016562,11
Baker,574725,3
Moon,574725,8
Ann,574725,14
Bookbinder,574725,1
Johnson,574725,1
Morton,574725,19
Morgan,574725,16
Tommy,574725,13
Cobb,574725,3
Varalakshmi,5645786,6
Yadav,5645786,2
Lakshmi,5645786,11
Nani,5645786,6
Siddharth,5645786,23
Joan,6017325,8
Frank,6017325,16
Chan,6017325,22
Redmond,6017325,24
Rob,6017325,15
Bloom,15124157,14
Kleist,1006812,6
Miller,1006812,10
Alek,1006812,4
Ira,1006812,13
Grushinsky,1006812,5
Pochenko,1006812,6
Masha,1006812,6
Joy,1006812,21
Karl,1006812,6
Padmini,12947954,10
Rukmini,12947954,21
Raghu,12947954,10
Ray,12181468,21
Saxel,12181468,6
Smith,12181468,24
Curt,12181468,19
Nallasivam,20854403,21
Sundaram,20854403,0
Jennie,6126096,3
Andrew,6126096,6
Prentiss,6126096,13
Archibald,6126096,2
Lea,6126096,21
Nick,4041345,6
Suzanne,4041345,21
Johnson,4041345,7
Lindsey,4041345,21
Jr.,4041345,6
Kevin,4041345,21
Paride,3068509,6
Jessica,3068509,3
Loris,3068509,6
Darren,6773920,1
Versoza,6773920,4
Davao,6773920,10
Dave,6773920,2
Roces,6773920,10
Bhatnagar,10616876,24
Sunita,10616876,2
Tracy,13992681,17
Michel,13992681,24
Patton,13992681,14
Suyeishi,36074659,10
Suzuki,36074659,15
Tibbets,36074659,15
Kaz,36074659,24
Jessica,7005141,4
Gillis,7005141,19
Ethel,7005141,10
Julie,7005141,6
Joe,7005141,3
Sylvia,7005141,3
Crewes,7005141,9
McCall,7005141,14
Helen,7005141,4
Reader,7005141,3
Jackman,2450308,11
Tom,2450308,4
Aronofsky,2450308,0
Izzi,2450308,16
Isabella,2450308,1
Tommy,2450308,21
Weisz,2450308,18
Porky,12073859,3
Lulu,12073859,3
Templo,25676395,21
Noel,25676395,14
Villanueva,25676395,3
Dang,25676395,13
Salvacion,25676395,10
Satan,8640081,23
Jodie,8640081,3
Melissa,8640081,6
Power,19460856,23
Carlos,19460856,11
Peart,19460856,17
Samantha,19460856,23
Houston,19460856,23
Fong,19460856,14
Sawyer,19460856,17
Joanie,19460856,12
Dallas,19460856,16
Judge,28958853,13
Kitty,28958853,18
Braddock,28958853,9
Louise,28958853,23
Taggart,28958853,2
Holden,28958853,1
Borden,28958853,1
Johnnie,28958853,17
Andy,28958853,18
Mashkov,1941497,12
lutz,1941497,23
Gedevan,1941497,3
Cooper,2160215,24
Gordon,2160215,22
Carter,2160215,0
Starky,2160215,13
Zenigata,2160215,6
Mamo,2160215,3
Lockewood,2160215,18
Zantetsuken,2160215,20
Jigen,2160215,4
Lupin,2160215,23
Aki,24044432,20
Kazuo,24044432,17
Gyu,35870828,3
Hoon,35870828,3
Claudin,1271371,6
Aubert,1271371,2
Garron,1271371,7
Biancarolli,1271371,4
Christine,1271371,6
Georgette,1271371,6
Anatole,1271371,3
Raoul,1271371,3
Dubois,1271371,20
Liszt,1271371,11
Pleyel,1271371,13
Erique,1271371,3
Chandler,14746483,12
Jennings,14746483,18
Susan,14746483,6
Ruth,14746483,3
Willie,14746483,9
Donny,14746483,3
Eddie,14746483,23
Ralphie,14746483,17
Meg,14746483,3
David,14746483,3
Conn,32998373,24
Ffolliott,32998373,4
Claire,32998373,23
Mak,3203830,5
Logan,3203830,14
Raymond,3203830,6
Smiley,32809141,20
Flaxman,32809141,17
Jackson,6154618,6
Tom,6154618,1
Gwen,6154618,12
Stewart,6154618,17
Bob,6154618,3
Hassan,6154618,4
Dominique,6154618,11
Christine,10784436,17
Ma,10784436,7
Simonsen,10784436,22
Pignon,10784436,13
Pierre,10784436,6
Levasseur,10784436,1
Elena,10784436,6
Junior,23736886,15
Maggie,23736886,6
Bloomsberry,23736886,7
Danno,23736886,17
Anna,23736886,10
Wolfe,23736886,7
Bennett,23736886,15
George,23736886,3
Kayla,23736886,3
Hanson,23736886,12
Fisher,23736886,12
Ted,23736886,3
Jill,5453093,2
Patricia,5453093,15
Ross,5453093,9
Gates,5453093,0
Kelly,5453093,22
Jenner,5453093,12
Pete,5453093,14
West,5453093,13
Ike,5453093,14
Stone,5453093,16
Gore,5453093,14
Montand,8699491,2
Ludvik,8699491,14
Gerard,8699491,18
Mademoiselle,28378769,6
Branz,28378769,10
Johnny,28378769,5
Shlok,15856716,10
Pooja,15856716,8
Samedi,6030583,7
Kira,317873,21
Simpson,317873,19
Muse,317873,19
Mnemosyne,317873,7
McGuire,317873,20
Malone,317873,3
Tate,28858014,16
Jill,28858014,13
Jordana,28858014,6
Lloyd,28858014,0
Graham,28858014,21
Shivaji,19283683,9
Jaya,19283683,21
Sarkar,19283683,11
Tathoi,19283683,24
Mullick,19283683,4
Satyaprakash,19283683,24
Nicky,26347112,18
McMahon,26347112,19
Kelly,26347112,6
Cherry,26347112,24
Rojack,26347112,23
Ganucci,26347112,6
Deborah,26347112,22
Nerva,2983487,18
Daxus,2983487,17
Garth,2983487,12
Martin,22281789,23
Jerry,22281789,24
Lewis,22281789,24
Hayes,22281789,8
Betty,22281789,4
Jeanne,22281789,18
Sam,4762630,15
Sariah,4762630,2
Lemuel,4762630,9
Nephi,4762630,18
Ishmael,4762630,22
Rogell,12334882,10
Forbes,12334882,3
Madeline,12334882,5
Renault,12334882,6
Noel,12334882,17
Witting,23108273,0
Pierre,23108273,24
Pierre,24587410,4
Irene,24587410,5
Pratap,12776387,21
Badriprasad,12776387,6
Sunil,12776387,9
Ramu,12776387,10
Alka,12776387,19
Andrews,9857629,18
Molly,9857629,6
Allen,9857629,3
Mae,9857629,7
Carson,9857629,17
Lana,9857629,14
Sawyer,9857629,24
Angel,9857629,3
Stewart,9857629,1
Andrews,12794630,15
Warne,12794630,19
Ellie,12794630,3
One-Way,31882884,6
Mark,31882884,13
Kimba,31882884,4
Lauren,12256928,8
Dave,12256928,3
Andy,12256928,0
Jack,12256928,16
Goldberg,23924309,6
Cohen,23924309,16
Raymunda,19431968,1
Esteban,19431968,8
Soto,19431968,15
Patricia,17437774,12
Carmine,17437774,7
Warren,17437774,10
George,17437774,8
Peggy,17437774,19
Stratland,17437774,11
Evan,17437774,8
Roth,17437774,6
Marvin,17437774,3
Landisman,17437774,10
Maggie,319017,16
Sam,319017,3
Linda,319017,8
Anton,319017,10
Gagen,32877840,4
Kaleb,32877840,8
Savan,32877840,17
Jaret,32877840,13
Persk,32877840,15
Glenys,18890333,3
Terry,18890333,6
Sandra,18890333,23
Thelma,18890333,6
Bob,18890333,3
Iris,18890333,24
Chris,18890333,23
Siffredi,23571690,14
Jennie,18999400,15
King,18999400,3
O,18999400,21
Madonna,18999400,14
Gasparatos,19394134,13
Kennedy,34587102,3
Munesue,34587102,16
Kyoko,34587102,17
Yasugi,34587102,7
Naomi,34587102,12
Alfonso,18359410,24
Clota,18359410,15
Claudina,18359410,24
Baker,11669228,17
Johnny,11669228,16
Sommers,11669228,3
Rick,11669228,17
Frank,11669228,17
Dashiell,11669228,5
Suzanne,21448351,22
Ryan,21448351,3
Wadsworth,21448351,9
Bob,21448351,3
David,21448351,6
Luang,6452746,0
Jan,6452746,3
Dara,6452746,22
Boonlueang,6452746,21
Waad,6452746,14
Witting,8913027,0
Sarah,8913027,3
Anna,8913027,21
Caleb,8913027,21
Fernandez,31107105,15
Unni,31107105,15
Lakshmi,26600932,19
Kudumbam,26600932,5
Black,26600932,12
Antony,26600932,20
Varma,26600932,12
Mickey,2323936,1
Yiu,2323936,4
Rossiter,7299774,13
Nicole,7299774,13
Montgomery,61186,9
Kent,61186,17
Anne,61186,3
Morgan,61186,3
Butch,61186,6
Bill,9708819,16
Craig,9708819,21
Trevor,6245053,20
James,6245053,11
Sacha,6245053,23
Tommy,27284278,14
Vicki,26284997,1
Craig,26284997,11
McGuire,26284997,12
Preobrazhensky,14301855,24
Chugunkin,14301855,24
Sharikov,14301855,5
Sharik,14301855,23
Mamametchi,15851004,0
Kuromametchi,15851004,24
Cometchi,15851004,19
Sunnitchi,15851004,6
Memetchi,15851004,3
Papamametchi,15851004,6
Chamametchi,15851004,3
Mamesunnitchi,15851004,12
Blackholetchi,15851004,3
Kuchipatchi,15851004,17
Mametchi,15851004,3
Mimizu,15851004,18
Audeby,11225668,9
Shrike,11225668,1
Elias,11225668,9
Mitani,17807776,23
Morita,31740169,12
Reiko,31740169,3
Briggs,1184428,22
Wellenmellen,1184428,12
Fay,1184428,18
Heebert,1184428,0
Holliday,2160135,15
Earp,2160135,4
Kumar,5778040,11
Mukesh,5778040,3
Sandy,5778040,3
Shanti,5778040,3
Pappu,5778040,3
Mehra,5778040,11
Kapoor,5778040,22
Priya,5778040,19
Makhija,5778040,9
Gordon,8188906,3
Flavia,8188906,12
Reynolds,8188906,20
Drew,8188906,15
Burns,8188906,10
Merrick,13464081,17
Addison,13464081,18
Delaney,13464081,8
Natasha,13464081,6
Sybil,13464081,8
Pete,13464081,4
Mead,13464081,8
Borden,13464081,3
Cardby,13464081,14
Natascha,13464081,4
Judith,33773022,21
Maria,33773022,12
Alvise,33773022,9
Francis,33773022,21
Alice,33773022,5
Donna,1275551,6
Khan,1275551,7
Chong,1275551,3
Asha,10617221,21
Vikas,10617221,21
Anjali,10617221,13
Ashwini,10617221,3
Joel,27048113,22
Benthin,31322408,15
Naumann,31322408,21
Yvon,4650594,3
Polo,24479824,24
Monger,24479824,6
Marco,24479824,3
Cockroach,24479824,6
Magnus,6843857,3
Haniver,6843857,3
Jennie,6843857,6
Eric,6843857,3
Delia,6843857,6
Doshan,6843857,13
Paulus,6843857,17
Dens,6843857,4
Lionel,6843857,17
Mike,26007224,4
Mara,26007224,4
Tommy,26007224,16
Mike,20831484,10
Stark,5589714,6
Nick,5589714,21
Theis,5589714,19
Muroi,1852386,13
Aoshima,1852386,22
Holmes,4700217,6
Lestrade,4700217,23
Carnivora,4700217,10
Spedding,4700217,21
Ordway,4700217,6
Davies,4700217,11
Jacob,8508987,4
Greta,8508987,13
Hauff,8508987,14
Tien-wei,8595798,22
Avednal,32987469,7
Crossie,32987469,10
Avendal,32987469,7
Simone,28879086,19
Churchill,18503404,13
Matthews,2995876,21
Gilbert,2995876,12
Zowie,2995876,3
Gus,2995876,17
Jeff,2995876,16
Chase,2995876,17
Marjorie,2995876,22
Drew,2995876,4
Clyde,2995876,17
Renee,2995876,3
Ford,798377,20
Frick,798377,7
McGwire,798377,10
Maris,798377,6
Houk,798377,20
Cerv,798377,17
Roger,798377,7
Pat,798377,19
Mickey,798377,13
Ruth,798377,17
Vincent,798377,14
Mantle,798377,14
Billy,24598397,23
Selina,24598397,18
Taro,4129413,15
Kitagawa,4129413,18
Deri,4129413,2
Jiro,4129413,7
Riki,4129413,22
Shiro,4129413,2
Kuma,4129413,11
Jakku,4129413,11
Flynn,11901160,3
Annie,11901160,2
T.J.,11901160,8
Sandy,34528861,15
Ileana,34528861,21
Devi,34528861,2
Raj,34528861,2
Subbaraju,34528861,4
Teja,34528861,21
Vishnu,34528861,15
Ali,34528861,4
Papayya,34528861,3
Goli,34528861,23
Block,3123751,3
Thibodeaux,3123751,3
Amanda,3123751,24
Rolfe,3123751,6
Howe,6996808,7
Donald,6996808,10
Rashad,6996808,3
Mickey,6996808,3
Jennifer,6996808,3
Minnie,6996808,21
Rabbit,6996808,13
Keaton,6996808,0
Mouse,6996808,21
Andy,6996808,24
Work,6947166,9
Fred,6947166,15
Minnie,6947166,3
Kimball,6947166,8
Mickey,6947166,14
Moore,6947166,19
Mouse,6947166,19
Paul,26307709,21
Pradeep,26307709,13
Jyothi,26307709,21
Ramanujan,26307709,21
Sanem,30730483,21
Laura,11050727,19
Arletty,11050727,6
Toni,11050727,3
Charlie,11050727,3
Romero,11050727,0
Thom,11050727,3
Zanzi,3566585,16
Nanon,3566585,8
Malabar,3566585,15
Bhadra,26206182,23
Bhama,26206182,23
Krishakumar,26206182,20
Krishnakumar,26206182,10
Achuthankutty,26206182,15
Arun,26206182,23
Sridevi,26206182,23
Fujioka,22483035,21
Shuhei,22483035,21
Maradona,14674285,6
Fatma,14674285,19
Arnesen,161866,4
Clay,161866,6
Kirsten,161866,6
Hungerford,161866,10
Debbie,161866,13
Poe,20888275,7
Ebbs,19163688,22
Purser,19163688,18
Zenobia,29437259,6
Hart,29437259,19
Falinda,29437259,15
Phil,29437259,14
Victoria,29437259,8
Robinson,29437259,23
Cleavon,29437259,6
Rani,9523212,3
Raju,9523212,11
Farquaad,24569006,15
Wolf,24569006,23
Pincocchio,24569006,23
Pinocchio,24569006,6
Fiona,24569006,14
Shrek,24569006,3
Gingy,24569006,3
Tuttle,6529458,20
Dunlap,6529458,19
Rutherford,6529458,22
Bleuer,4021666,23
Roy,4021666,16
Becky,4021666,14
Marilyn,4021666,21
Monroe,4021666,9
Ned,4021666,8
Scott,4021666,23
Beowulf,2572851,3
Ursula,2572851,17
Wright,2572851,5
Hrothgar,2572851,17
Unferth,2572851,20
Grendel,2572851,23
Pike,32895216,21
Yuval,33060580,7
Arab,33060580,4
Fisher,33060580,22
Salam,33060580,12
David,33060580,21
Riel,15533528,17
Kirilin,27411835,13
Nadya,27411835,21
Indra,28793535,6
Nikhil,28793535,6
Rajib,28793535,1
Anu,28793535,23
Bhadra,5855933,14
Raja,5855933,16
Surendra,5855933,14
Veerayya,5855933,17
Anu,5855933,21
Sandoval,22674455,12
Rosaura,22674455,16
Webber,24269284,18
Mira,24269284,6
Lukas,24269284,3
Richard,33830044,12
Ali,33830044,4
Chandabai,9622468,5
Shetty,9622468,18
Cheena,9622468,17
Mandwa,9622468,19
Chauhan,9622468,4
Bhai,9622468,13
Rao,9622468,13
Gaitonde,9622468,18
Usman,9622468,18
Mary,9622468,2
Vijay,9622468,3
Iwamatsu,11590454,12
Kudo,11590454,12
Kiseragi,11590454,17
dart,11590454,10
Sonoko,11590454,17
Shiho,11590454,16
Hara,11590454,1
Miyano,11590454,23
Nightingale,24578705,19
Barrington,24578705,23
Burke,24578705,20
Hare,24578705,21
Spratt,24578705,9
Cardew,24578705,24
Nicola,24578705,3
Omei,5710780,4
Ying,5710780,23
Brows,5710780,4
Zu,5710780,23
Oswald,27356314,3
Dean,7774827,23
Klein,7774827,13
Vera,7774827,21
Patterson,7774827,12
Kennaway,7774827,2
Stan,7774827,6
Henri,3509709,8
Delambre,3509709,6
Charas,3509709,18
Stanley,3509709,6
Brauchli,5958413,6
Steiger,5958413,13
Pearl,5958413,12
Bussey,5958413,11
Mariane,5958413,9
Sheikh,5958413,10
Carter,2073222,9
Lou,2073222,12
Gideon,2073222,10
Twillie,2073222,21
Lee,2073222,20
Badger,2073222,9
Budge,2073222,9
Belle,2073222,3
John,2073222,16
Brady,10533451,13
Byrne,10533451,8
Mary,10533451,11
Jordan,10533451,17
Purcell,10533451,20
Francie,10533451,21
Nugent,10533451,14
Givens,18521791,5
Howard,18521791,5
Braddock,5638004,4
Yin,5638004,16
Francois,5638004,10
Dupere,2084008,3
Trent,2084008,6
Keycase,2084008,16
Rochefort,2084008,9
O'Keefe,2084008,13
Adams,2084008,13
Dr.,2084008,0
Jeanne,2084008,16
McDermott,2084008,6
Elvis,18534112,3
Gina,19169351,6
Ed,19169351,13
Galeem,33841272,2
Singye,33841272,23
Maggi,31858511,0
Elsie,31858511,13
Alphonso,31858511,23
Michael,31858511,14
Mah,31858511,23
Richard,19419753,7
Charles,19419753,3
Diana,19419753,13
Hallow,19419753,0
Tamahine,19419753,6
Poole,19419753,12
Kowalsky,30294906,4
Stone,30294906,12
Yong-nam,32364895,4
Derek,32364895,4
Rowther,21437273,23
Tharani,21437273,10
Aadhavan,21437273,6
Ravikumar,21437273,1
Bannerjee,21437273,6
Madhavan,21437273,5
Thara,21437273,17
Murali,21437273,4
Stalin,21437273,8
Murugan,21437273,14
Kulkarny,21437273,17
Muruguan,21437273,22
Cavanaugh,31228853,5
Cooper,31228853,9
Doyle,31228853,4
Sarah,31228853,24
Lewis,31228853,23
Petersen,31228853,20
Sylvester,22802639,3
Hector,22802639,23
Manuela,33429707,12
Mary,33429707,13
Thomas,5446012,4
Smith,5446012,0
Wolenczak,5446012,2
O'Neill,5446012,6
Wendy,5446012,24
Dagwood,5446012,13
Mariah,5446012,6
Piccolo,5446012,6
Sarah,5446012,13
Henderson,5446012,10
Joseph,5446012,22
Brody,5446012,13
Bridger,5446012,6
Lucas,5446012,16
William,1359571,21
Chadwick,1359571,9
Smith,1359571,22
Gummere,1359571,19
Jennifer,1359571,21
Hay,1359571,11
Abdelaziz,1359571,19
Sultan,1359571,2
Roosevelt,1359571,21
Raisuli,1359571,20
Jerome,1359571,4
Pedecaris,1359571,10
Bashaw,1359571,17
Eden,1359571,20
John,1359571,1
Roerkel,1359571,12
McGinty,401152,24
Don,5128234,0
Kesavan,5128234,11
Manikkam,5128234,17
Anthony,5128234,10
Manikkym,5128234,3
Antony,5128234,17
Baashha,5128234,20
Anwar,5128234,17
Vernet,26106476,12
Arthur,26106476,17
Severin,26106476,20
Doug,26106476,20
Chloe,26106476,24
Merlin,26106476,22
Kabukiman,4653208,8
Griswold,4653208,11
Vishwam,12558882,21
Rukmani,12558882,10
Sushila,12558882,17
Zenigata,3960247,20
Dylan,1476567,17
Roberts,1476567,2
Sanchero,1476567,16
Ram,1476567,4
Nichols,1476567,4
Johnson,1476567,14
LouAnne,1476567,16
Grandey,1476567,0
Kumar,10620414,2
Dharam,10620414,13
Shiv,10620414,15
J.K.,10620414,10
Shankar,10620414,4
Ranjit,10620414,23
Kanta,10620414,2
Singh,10620414,14
Fidel,17111194,7
Pulido,17111194,24
Alexandra,17111194,3
Adams,17111194,5
Robert,17111194,14
Bello,17111194,20
Castro,17111194,15
Dapes,17111194,3
Alex,17111194,23
Vreeland,5076487,1
Richman,5076487,15
Kaligaris,5076487,3
Lena,5076487,5
Bridget,5076487,3
Eric,5076487,14
Carmen,5076487,6
Graffman,5076487,6
Lowell,5076487,18
Dounas,5076487,21
Tibby,5076487,6
Thea,27661332,8
Martha,27661332,19
Barfoed,27661332,16
Christian,27661332,22
Wandrous,193867,3
Tredman,193867,13
Steve,193867,13
Emily,193867,3
Thurber,193867,5
Gloria,193867,3
Norma,193867,13
Fisher,193867,24
Smith,193867,21
Hartley,193867,1
Annie,193867,14
Wyatt,22359916,6
Golan,22359916,0
Tommy,22359916,17
Messner,22359916,15
Basha,5722084,6
Kotaiah,5722084,17
Chandranna,5722084,21
Prasad,5722084,15
Eeshwar,5722084,14
Mohan,5722084,15
Nandini,5722084,2
Santamma,5722084,3
Saidulu,5722084,22
Shantamma,5722084,21
Yogi,5722084,4
Narsing,5722084,17
Murthy,5722084,14
Pahilwan,5722084,22
Wyler,359014,16
Brooks,359014,17
Tom,359014,3
Brockley,359014,1
Craddock,359014,2
Susan,359014,16
Louise,359014,23
Conway,359014,3
Dortmun,359014,2
Dr.,359014,13
Daleks,359014,17
Campbell,359014,17
David,359014,17
Robomen,359014,23
Alec,567508,17
Gertrude,567508,23
Saknussem,567508,4
Bjelke,567508,17
McEwan,567508,21
Carla,567508,4
Lindenbrook,567508,3
Hyun-chul,3581163,10
Soo-hwa,3581163,21
Young-hee,3581163,11
Sang-sang,3581163,9
Smith,3581163,17
Taek-gi,3581163,5
MacKee,3439529,21
Ellis,3439529,19
Bloomfield,3439529,3
Abbott,3439529,9
Anne,3439529,2
Jack,3439529,3
June,3439529,22
Kaplan,3439529,14
Nanami,31228502,14
Hoshino,31228502,8
Jun-ho,31228502,20
Roberts,21705780,16
Dee,21705780,1
Burnat,35851069,1
Davidi,35851069,12
Gibreel,35851069,1
Shoemaker,25746139,7
Artie,25746139,6
Ramona,25746139,22
Harry,25746139,14
Walrus,18491069,3
Woody,18491069,3
Arthur,14641156,3
Henry,14641156,1
Cooper,14641156,8
Bolton,14641156,3
Clark,14641156,9
Peters,14641156,17
Charles,14641156,21
Lydia,14641156,3
Tex,14641156,23
Manu,29760871,1
Rishi,29760871,21
Savitri,29760871,13
Ross,20925565,9
Michael,20925565,9
Joe,20925565,3
Friendly,20925565,24
Toody,20925565,18
Johnny,5735624,3
Tak,5735624,23
Anna,5735624,5
Cuevas,21375848,3
Valleja,21375848,12
Rhia,4798258,11
Doom,4798258,8
Ashford,4798258,20
Henley,4798258,3
Bessy,4798258,20
Beahm,4798258,13
Ryan,4798258,22
Terri,4798258,11
Bingenheimer,4798258,7
Bolles,4798258,24
Casey,4798258,17
Pat,4798258,3
Smear,4798258,18
Spheeris,4798258,14
Lennon,4798258,11
Pyn,4798258,20
Darby,4798258,6
Don,4798258,3
Becky,4798258,11
Belinda,4798258,23
Ruthenberg,4798258,11
Rob,4798258,12
Lunarium,11457604,23
Khana,11457604,5
Laydron,11457604,11
Sanderson,11457604,8
Tymak,11457604,4
Claudia,1603666,3
Linda,1603666,6
Diane,1603666,6
Walter,1603666,22
Plankinton,1603666,6
Mandy,1603666,6
Harold,1603666,23
Joey,1603666,17
J.J.,1603666,3
Buck,1603666,6
Quixote,35534554,24
Dulcinea,35534554,20
Panza,35534554,20
Klaus,32456593,8
Jeanne,32456593,19
Rucker,32456593,0
Wahlberg,32258845,11
DuBois,32258845,9
Ahmad,6823327,21
Parmalee,180974,10
Ellis,180974,14
Marcia,180974,15
Ward,180974,13
Peter,180974,21
Trimble,180974,19
Sally,180974,2
Bradford,180974,22
Hannah,180974,6
Bill,180974,15
Hooper,8499528,19
Garcia,8499528,6
Alain,8499528,24
Patchett,8499528,20
Ruth,8499528,6
Fisher,8499528,19
Mary,8499528,3
Bob,8499528,6
Paul,3326231,3
Lynette,3326231,23
Torres,3326231,18
Tucker,3326231,23
Moss,3326231,16
Hazen,3326231,17
Lambert,3326231,20
Lena,3326231,1
Eddy,3326231,13
Megget,3326231,23
Deacon,3326231,23
Garner,3326231,6
Unger,3326231,17
Brucie,3326231,23
Scarborough,3326231,6
Denham,3326231,6
Knauer,3326231,3
Skitchy,3326231,3
Giorgos,21026999,1
Lela,21026999,14
Lakis,21026999,17
Eva,21026999,13
Rena,21026999,21
Mary,21026999,13
Ivan,24680494,3
Abraham,24680494,2
Reich,19011322,8
Mendelsson,19011322,9
Vineetha,36165939,13
Prabhu,36165939,3
Unni,36165939,6
Manorama,36165939,8
Nassar,36165939,12
Jo,722340,8
Jeff,722340,12
Miles,722340,14
Steven,722340,9
James,722340,11
Dorn,722340,17
Fallmont,722340,15
Adam,722340,13
Alexis,722340,14
Fallon,722340,17
Anders,722340,13
Krystle,722340,21
Carrington,722340,14
Colby,722340,19
Edmund,23509939,2
Poppy,23509939,11
Carew,23509939,10
Ahmed,19479881,3
Malavika,19479881,19
Chandran,19479881,22
Kuruvila,19479881,15
Raikar,2560747,21
Abdul,2560747,21
Sawant,2560747,22
Sunil,2560747,1
Mudaliar,2560747,17
Blanca,1020702,4
Severo,1020702,1
Rosa,1020702,22
Garc,1020702,3
Tercero,1020702,3
Clara,1020702,24
Esteban,1020702,6
Pedro,1020702,15
Satigny,1020702,3
Trueba,1020702,3
Alba,1020702,13
Alonso,1020702,21
Valle,1020702,21
Brick,5249016,24
Amos,5249016,17
Dean,5249016,17
Jeremy,5249016,17
Findlemeyer,5249016,4
Leigh,5249016,17
Sarah,5249016,3
Betty,5249016,21
Chase,5249016,2
Julia,5249016,24
Jack,5249016,24
Lorna,5249016,17
James,5249016,17
Sarah,5831892,6
Schmeckler,5831892,21
Ralph,5831892,16
Witt,5831892,11
Shmeckler,5831892,6
Stalin,10731337,14
Moritz,10731337,4
Suzanna,10731337,6
Lucie,35501869,3
Benutti,35501869,6
Chlo,35501869,9
Albert,35501869,22
B,35501869,10
Victoria,35501869,23
Renard,35501869,3
Evelyne,35501869,19
Pierre,35501869,6
Camille,35501869,3
Walter,6722911,21
Dees,6722911,4
Dylan,6817168,4
Therese,6817168,24
Adam,34386545,9
Sophia,34386545,16
Monet,34386545,24
Tareq,19909324,21
Raed,19909324,6
Nour,19909324,18
Murad,19909324,3
Manus,16948290,3
Gram,16948290,14
Fehmer,16948290,19
Jackson,27382003,24
Minter,27382003,5
Healy,27382003,22
Bonnell,27382003,21
Hanley,27382003,24
Moe,27382003,19
Larry,27382003,19
Fryser,2875397,9
Vasquez,3598844,6
Judson,3598844,17
Ellis,3598844,24
Brooks,3598844,2
Melbourne,3598844,2
Pete,3598844,21
Peggy,3598844,6
Martha,3598844,2
Tommy,3598844,6
Spengler,3598844,9
Alice,3598844,17
Bill,3598844,16
Harrison,27389922,0
Jake,16814012,21
Cameron,16814012,21
Hudson,16814012,18
Merton,3751746,6
Millie,3751746,6
Croy,3751746,11
Maude,3751746,23
Stringham,3751746,1
Mark,3751746,14
Theale,3751746,4
Kate,3751746,13
Densher,3751746,5
Lionel,3751746,8
White,3592692,6
Frazier,3592692,6
Mitchell,3592692,0
Case,3592692,6
Darius,3592692,23
Russell,3592692,3
Hoxha,3592692,18
Hideo,20344329,20
Tomie,20344329,3
Cromwell,21448296,11
Dukhi,3894336,15
Jess,22369520,2
Sullivan,15453790,19
Coghlan,15453790,6
Myrtle,15453790,21
Carlson,15453790,20
Skeeter,15453790,6
Marty,15453790,16
Bessie,15453790,6
Paul,8880229,15
George,8880229,6
Daniel,8880229,17
Martin,1904367,7
Reich,1904367,8
Wegmus,1904367,8
Sonja,1904367,6
Judith,3229741,3
Jeb,3229741,13
Merrick,3229741,3
Klein,3229741,10
Stanton,3229741,10
Jenny,3229741,3
Gus,3229741,17
Dan,3229741,13
Jack,3229741,6
Scott,3229741,13
Daffy,3932916,23
Gildersleeve,3932916,7
Bertie,14736759,1
Mohini,26653768,17
Maggionari,4637428,19
Pardi,4637428,3
Giocomo,4637428,17
Pauline,4637428,21
Laurent,4637428,4
Hussard,4637428,1
Dev,4102452,21
Chaudhry,4102452,8
Kalibabu,4102452,6
Paro,4102452,3
Chunnibabu,4102452,12
Kumud,4102452,21
Puja,4102452,14
Sumitra,4102452,6
Devdas,4102452,21
Chakraborty,4102452,6
Mukherjee,4102452,13
Chandramukhi,4102452,21
Bhuvan,4102452,6
Kaushalya,4102452,6
Dylan,3463730,3
Leary,3463730,23
Strick,3463730,10
Morris,3463730,10
Dexter,3463730,4
Jack,3463730,3
Norman,3463730,3
John,3463730,3
Garcia,33876872,17
Nina,33876872,17
Carter,33876872,13
Don,33876872,4
Bernay,33876872,19
Ibrahim-Ul-Ahmed,33876872,14
Bob,33876872,4
Bilgey,33876872,8
Margot,21761019,10
Nick,21761019,4
Yahoo,2970638,15
Monika,2970638,1
Shakuntala,2970638,22
Sangeeta,2970638,2
Kamdev,2970638,3
Vinci,2970638,9
Lisa,2970638,4
Fauer,19201427,13
Lizette,19201427,21
Luke,10542644,11
Barry,10542644,0
Bush,10542644,18
Melanie,10542644,0
Hood,19410436,6
Darla,19410436,14
Walid,3061169,8
Tarek,3061169,21
Omar,3061169,10
Pereira,21901669,10
Bryan,18593635,16
Canby,18593635,13
Brian,18593635,15
Bill,18593635,14
Dickinson,18593635,7
Leonie,17897345,6
Kimball,17897345,18
Lafitte,17897345,5
Summers,17897345,3
MacMahon,17897345,17
Mimieux,17897345,22
Miller,29858189,6
Hart,29858189,10
Vera,29858189,3
Peters,29858189,23
Fisher,29858189,4
Butterworth,29858189,17
Janine,2016701,8
Minty,2016701,1
Miles,2016701,14
Roby,2016701,22
Voss,2016701,19
Comeau,2016701,22
Jiya,26666439,14
Manu,26666439,21
Koshi,26666439,12
Abi,26666439,5
Vijayaraghavan,26666439,8
Lauren,33378170,24
Jack,29000018,14
Clyde,29000018,16
Sean,31795894,8
Emily,31795894,17
Gavrilkin,1079824,3
Vasya,1079824,21
Pavlov,1079824,8
Skvortsov,1079824,4
Shura,1079824,3
Alyosha,1079824,3
Jude,22375764,17
Karen,22375764,2
Frost,22375764,23
Conrad,22375764,17
Roberts,1961602,8
Michelle,1961602,6
Maria,1961602,22
Gross,1961602,14
Jon,1961602,6
Reno,1961602,20
Vinnie,1961602,12
Jules,1961602,10
Lisa,1961602,1
Porter,1961602,7
Ingrid,31527015,6
Cope,31527015,23
Jonker,31527015,11
Abraham,31527015,8
Fred,10293026,16
Harley,10293026,3
Sarah,10293026,17
Bob,10293026,3
Adam,10293026,3
Ho-kym,1409356,12
Deebo,1409356,3
Roach,1409356,23
Elroy,1409356,14
Day-Day,1409356,6
Craig,1409356,6
Jones,1409356,21
Karla,1409356,6
Pinky,1409356,5
Witherspoon,1409356,11
Tyrone,1409356,23
Manja,24207576,4
Madhu,24207576,17
Ronnie,24207576,8
Arushi,24207576,10
Vinay,24207576,18
Arati,24207576,4
Raksha,24207576,2
Laxmi,24207576,1
Rajiv,24207576,3
Rohan,24207576,24
Phaelon,1646067,16
Carolyn,1646067,6
Jeff,1646067,21
McAdams,1646067,10
Max,1646067,3
Freeman,1646067,3
Faraday,1646067,13
Luigi,11791674,2
Chantal,11791674,12
Roopa,4822104,21
Devi,4822104,1
Hiralal,4822104,2
Imamura,5411035,8
Talbot,27759948,16
Hansen,27759948,7
Lars,27759948,4
Karin,27759948,17
Payne,27759948,13
Vuoso,12746058,8
Bradley,12746058,18
Rifat,12746058,15
Melina,12746058,6
Garrett,113427,3
Flap,113427,6
Horton,113427,7
Breedlove,113427,17
Teddy,113427,18
Patsy,113427,21
Janice,113427,21
Emma,113427,6
Melanie,113427,19
Burns,113427,9
Fromentin,36422528,12
Carter,36422528,15
Marsh,20697583,19
York,20697583,14
Lankoo,20697583,17
Martin,20697583,4
Hill,20697583,2
Gina,20697583,18
Ida,20697583,1
Hurt,20697583,11
Sebastian,20697583,23
Wonkoos,20697583,8
Gambon,20697583,14
Mayall,20697583,1
Sam,6156561,6
Derek,6156561,8
Marta,4222309,9
Billy,4222309,9
Rick,4222309,1
Mae,4222309,16
Sandra,4222309,8
Arnita,4222309,23
Katharine,4222309,23
Chandrakumar,14825379,12
Henry,14433451,16
Mason,14433451,3
Gardner,14433451,2
Kelly,14433451,2
Gebhardt,14433451,9
Jimmy,14433451,5
Shorty,14433451,10
Emma,14433451,12
Palette,18935472,19
So-hee,3759065,6
Jin-seong,3759065,21
Manet,14487819,24
Waldeck,14487819,11
Montlaur,14487819,24
Julie,14487819,6
Savin,14487819,6
Nocera,7269491,23
Antonio,7269491,16
Gianni,7269491,21
Luciana,7269491,2
Nicola,7269491,2
Kei,17916020,15
Hui,17916020,6
Judy,17916020,12
Poon,17916020,4
Hassan,5329389,6
Kroupa,28149600,3
Stamp,1885523,11
Yan,14020667,24
Angel,3080704,3
Cruz,3080704,10
Guardia,3080704,5
Dieter,3080704,17
Lovelorn,24361114,0
Douglas,935194,24
Tryon,935194,17
McConnell,935194,20
Torrey,935194,11
Dohrn,935194,1
Eddington,935194,20
Preminger,935194,7
Wayne,935194,11
Beder,21532286,24
Joytsna,21532286,21
Jyotsna,21532286,23
Kaalai,16166535,23
Nandini,16166535,8
Kamakshi,16166535,1
Souchak,1374740,21
Porter,1374740,13
Tobias,24150888,21
Hunter,24150888,4
Timmy,24150888,23
Rothko,24150888,10
Sara,24150888,13
Gabby,24150888,21
Ludlow,24150888,1
Mike,24150888,3
Claude,24150888,3
Molly,24150888,21
Lionel,24150888,17
Shelly,24150888,21
Chris,24150888,13
Nana,24150888,5
Brayson,24150888,6
Norton,24150888,1
Charlie,24150888,7
Kavita,29744735,14
Seema,29744735,19
Ratanlal,29744735,8
Ravi,29744735,7
Lal,29744735,15
Gangaram,20581179,1
Raja,20581179,21
Archie,2608771,6
Sam,2608771,16
Holbrook,2608771,2
Katya,2608771,3
Alice,2608771,3
Elizabeth,1804374,6
Grubb,1804374,5
Rune,1804374,10
Mahler,1804374,1
Frail,1804374,3
Hugh,10575289,14
Sugioka,10575289,11
Axelrod,10575289,9
Zach,10575289,13
Sachi,10575289,24
Cicerone,10575289,6
Tolyan,7672286,19
Katya,7672286,16
Gray,14760548,3
McLeod,14760548,7
Evie,14760548,8
Bishop,14760548,18
Ashenden,14760548,7
Hayter,14760548,21
Templeton,14760548,0
Ramsay,14760548,7
Kelada,14760548,6
Chester,14760548,7
Campbell,14760548,7
Know-All,14760548,7
Emma,14760548,8
Zachary,12289886,6
Chris,12289886,2
Junior,3130706,17
Charisse,3130706,18
Royce,3130706,15
Lucille,3130706,14
Bud,3130706,18
Slocumb,3130706,17
Marguerite,3130706,8
Palaniyamma,36057869,8
Marimuthu,36057869,6
Napoleon,36057869,2
Ponrasu,36057869,7
Queen,3583342,23
Mayo,3583342,16
Shayne,3583342,15
Purr,3583342,1
Fox,3583342,15
Courtney,3583342,6
Freeman,3583342,19
Julie,3583342,6
Liz,3583342,22
Fern,3583342,6
Zack,3583342,17
Sanders,3583342,19
Marcie,3583342,6
Vylette,3583342,6
Wile,10453329,23
E.,10453329,3
Rilke,1703792,21
Cooper,1703792,12
Jessica,1703792,6
Stein,1703792,16
Helen,1703792,21
Lili,12971182,3
Thomas,12971182,13
Lo,12971182,6
Aubin,12971182,7
Lea,12971182,0
D,2935386,5
Warner,2935386,21
D.,2935386,7
Davies,2935386,19
D'Angelo,2935386,14
Norman,2935386,23
Marichka,6135781,13
Ivan,6135781,21
Palagna,6135781,13
Billy,2498402,10
Fei-hung,2498402,21
Bucktooth,2498402,1
Sylvester,20378794,23
Granny,20378794,17
John,6227263,3
Sebastian,6227263,3
Thompson,36471042,12
Harry,5329751,10
Nonnie,5329751,18
Gore,24516881,11
W.W.,24516881,4
Dancekings,24516881,8
Bright,24516881,22
Nonderaiko,103325,10
Lhadatt,103325,23
Galbraith,25856406,22
Harry,8463784,3
Garcia,8463784,22
Stoller,8463784,3
comes-to,8463784,3
George,8463784,24
Phil,8463784,3
Jackie,8463784,0
Program,19643508,23
Zane,19643508,15
Miranda,19643508,1
Benny,19643508,15
Carmen,19643508,15
Maxwell,19643508,18
Corcoran,36039685,11
Dharmaraj,28660054,3
Krishnan,28660054,1
Sathyaraj,28660054,2
Goodwin,2699519,1
Eric,2699519,14
Walsh,2699519,6
Jack,2699519,21
Dave,2699519,17
Sara,2699519,13
Chanda,5378148,13
Mausam,5378148,22
Gill,5378148,22
Thapa,5378148,7
Kajli,5378148,19
Amarnath,5378148,6
Garcia,21244282,14
Teodorescu,31823746,19
Cebotari,31823746,12
Haroun,12688941,3
Daressalam,12688941,20
Coelo,12688941,0
Godard,12688941,15
Book,1884712,7
Schreber,1884712,17
Murdoch,1884712,13
Bumstead,1884712,18
Hand,1884712,8
Emma,1884712,2
Johnson,23005715,22
Meriam,23005715,14
Al-Khalifa,23005715,17
Katherine,144637,12
Polly,144637,17
Abrams,144637,10
Nick,144637,16
Robert,144637,24
Graham,144637,17
Nora,144637,17
Kang,3756444,9
Wonkyu,3756444,16
Ron,31641294,13
Stew,36467457,7
Fudd,8407754,10
Marvin,8407754,16
Arash,23878965,3
Sarah,23878965,3
Jones,23878965,1
Jenna,23878965,6
Korkin,23878965,3
Katy,23878965,3
Hartman,23878965,9
Andy,23878965,21
Lee,4271952,4
Mok,4271952,17
Max,4271952,6
Manni,462764,3
Lola,462764,3
Savitri,11151160,6
Chandar,11151160,6
Sister,11151160,14
Sagar,11151160,3
Hangal,11151160,0
Dhani,11151160,6
Greenbaum,561006,6
Redburn,561006,6
Caffrey,561006,4
Earl,561006,4
Tardio,561006,6
rob,561006,10
Berger,561006,3
Gloria,561006,6
Nix,561006,12
Max,561006,3
Fairbanks,561006,13
Lutetia,561006,6
Jack,561006,3
Kevin,561006,3
Edwina,561006,3
Edwards,7660385,19
Charles,7660385,15
DeGareara,7660385,16
Richards,7660385,14
Dan,7660385,6
Wilson,7660385,13
Nagy,7660385,0
Prescott,7660385,3
Ayres,7660385,1
Tia,7660385,21
Francesca,7660385,19
Essen,7660385,4
Merri,27809124,21
Dolwyn,27809124,12
Rob,27809124,6
Gareth,27809124,24
Laya,27301563,13
Vidhyalakkshmi,27301563,16
Vidyalakshmi,27301563,6
Preman,27301563,6
Shanavas,27301563,19
Jimmy,25921824,21
Shelgrove,8981188,14
Hart,8981188,22
Anita,8981188,3
Carruthers,8981188,18
Dennis,31676805,3
Chon,31676805,3
Magda,31676805,4
Elena,31676805,19
Alex,31676805,24
Jasper,2137362,3
Mammy,2137362,3
Jinx,2137362,3
Greene,1400747,16
Dillon,1400747,18
Wheeler,1400747,5
Owen,29409425,3
Nelson,29409425,3
Dick,29409425,1
Alex,29409425,3
Martin,22889107,21
Vidar,15304261,14
Leon,15304261,2
Gray,859655,3
Theodor,859655,18
Gis,859655,3
Chopin,859655,22
Gilbert,5464104,17
Stan,5464104,3
Hardy,5464104,24
Jegan,26254749,14
Veera,26254749,18
Guern,24105751,20
Aquila,24105751,7
Marcus,24105751,6
Romans,24105751,19
Milstein,2354462,3
Hedges,2354462,3
Schork,2354462,13
ko,2354462,6
Brki,2354462,18
Kapin,2354462,23
Arya,6640006,19
Sathya,6640006,24
Haritha,6640006,3
Ulfar,5858177,4
Gunnar,5858177,21
Marx,33575198,18
Ernesto,11567446,13
Picciafuoco,11567446,17
Wimsey,9895416,19
Rank,9895416,7
Sayers,9895416,15
Duckworthy,9895416,12
Dae-Jung,1825914,19
Choi-Jung,1825914,22
Rambulwha,1825914,17
Manya,31463597,12
Damu,31463597,3
Huggins,11651362,16
Descrais,11651362,11
Fargo,11651362,21
Loomis,11651362,22
Lissy,11651362,13
Waterson,26730077,4
Clayton,26730077,3
North,26730077,3
Wilding,26730077,3
John,26730077,3
Carol,26730077,3
Jeanne,23666645,19
Mich,23666645,20
Joyce,32818979,9
Eileen,32818979,3
Daniel,32818979,11
Marcus,5221915,17
Kathryn,5221915,3
Manning,5221915,24
Dana,5221915,13
Talley,5221915,14
Dalton,5221915,2
Babs,10837755,6
Donnie,10837755,9
Baker,10837755,18
Bolling,10837755,7
Lawrence,10837755,14
Blue,10837755,20
Stone,10837755,10
Rogers,10837755,11
Jane,4877373,3
Natre,4877373,14
Tun,4877373,6
Luis,33272661,19
Francisco,33272661,8
Antonia,33272661,6
Miguel,33272661,3
Duff,1585890,2
Pig,1585890,11
Pew,1585890,9
Bunny,1585890,11
Johnny,1585890,21
Buster,1585890,24
Byron,1585890,3
Basset,1585890,5
Juan,16189500,3
Genaro,16189500,3
Gran,16189500,17
Zachey,5640372,19
Taylor,5640372,5
Ronnie,5640372,17
Nguyen,5640372,5
Bob,5640372,15
Emmit,5640372,19
Ryan,5640372,17
Drillbit,5640372,3
Filkins,5640372,3
Wade,5640372,17
Larbi,21244773,6
Botha,3946132,6
Thurman,3946132,18
Jafaar,3946132,4
Scott,3946132,14
Cannistraro,3946132,15
Hayes,3946132,8
Coleman,3946132,11
Wilson,3946132,0
Rowland,3946132,15
Maguire,3946132,11
Yallop,3946132,9
Feraday,3946132,4
Logan,3946132,6
LeWinter,3946132,16
Bani-Sadr,3946132,12
Bollier,3946132,0
Lou,7300880,3
Ryan,7300880,3
Mitch,7300880,23
Candice,7300880,3
Tucker,2563340,4
Hawkins,2563340,20
Tom,2563340,12
Hazel,2563340,17
Johnson,2563340,4
Brown,2563340,10
McBride,2563340,22
Lusk,2563340,0
Adams,2563340,17
Millen,2563340,17
Sundog,2563340,17
Keith,26394165,0
Compson,26394165,11
Duncan,26394165,13
Cynthia,644845,6
Ray,644845,13
Jill,644845,19
Al,644845,22
Pekurny,644845,6
Ed,644845,21
Leno,644845,20
Shari,644845,3
Salinger,5097084,12
Laird,5097084,18
Doug,5097084,18
Cat-Women,5097084,21
Kip,5097084,3
Helen,5097084,17
Maria,2256779,12
Amadou,2256779,17
Jean,2256779,17
Laurent,2256779,19
Shannon,10541514,23
Frances,10541514,23
Gillete,3701117,8
Leo,3701117,19
Kevin,3701117,19
Rob,3701117,24
Wynn,21654938,17
Mackey,21654938,1
High,21654938,20
Ivey,21654938,3
Pete,21654938,13
Angela,21654938,21
Morrisey,21654938,19
Cammie,21654938,13
Roosters,21654938,16
Cleatus,21654938,6
Poole,21654938,0
Susie,14862710,14
Jenkins,14862710,6
Bettina,14862710,10
Marion,1138292,21
Gilles,1138292,24
Ozon,1138292,13
Campion,1138292,17
Arbib,19944695,17
Fletcher,19944695,13
Brenner,19944695,16
Wesley,19944695,4
Kowalski,19944695,11
Kim,19944695,4
Charlton,19944695,8
Stone,19944695,24
Rubali,4600218,21
Parmistan,4600218,1
Cabot,4600218,3
Zamir,4600218,17
Harry,6968018,6
James,6968018,7
Estela,9591852,15
O'Connell,9591852,12
Day-Lewis,9591852,11
Knowles,244897,6
Eric,244897,6
Bottler,244897,17
Jay,244897,8
Kirk,244897,4
Bob,244897,8
Zoe,244897,17
Linus,244897,3
Lucas,244897,6
Shatner,244897,20
Phoenix,34561181,13
Randy,34561181,21
George,34561181,15
Griffin,34561181,6
Zakir,20927392,15
Sameer,20927392,23
Joel,20927392,15
Khan,20927392,6
Rahman,20927392,15
Mark,20927392,10
Rizwan,20927392,15
Wilhemina,20927392,11
Mandira,20927392,17
Garcia,20927392,17
Obama,20927392,0
Haseena,20927392,13
Reese,20927392,23
Bush,20927392,0
Sarah,20927392,12
Jenny,20927392,2
Ahuja,20927392,20
Linda,2323591,3
Thomas,2323591,11
Frank,2323591,3
Mickey,2323591,1
Stan,2323591,22
Bella,2323591,17
Michael,2323591,3
Jerry,2323591,17
Pete,2323591,22
Karen,2323591,17
Ricky,2323591,0
T.C.,2323591,3
Alan,2323591,23
Ronnie,2323591,3
Petey,2323591,19
Marie,2323591,12
Randy,2323591,17
Angela,2323591,3
Jenny,2323591,3
Sheridan,2144178,4
Gerard,2144178,1
Lamb,2144178,17
Barrows,2144178,11
Newman,2144178,17
Bineaux,2144178,5
Ling,2144178,11
Cooper,2144178,2
Royce,2144178,17
Biggs,2144178,17
chase,2144178,15
Roberts,2144178,17
Chen,2144178,23
Pilar,32162397,8
Maximillian,32162397,1
Jos,32162397,8
Saramago,32162397,14
III,32162397,11
Kumar,29259560,15
Yadav,29259560,16
Prashanthi,29259560,14
Narayana,29259560,1
Ajay,29259560,16
Nagarjuna,29259560,2
Akkineni,29259560,20
Nayak,29259560,8
Bokka,29259560,9
Shankar,29259560,21
Rao,29259560,9
Padmasree,29259560,13
don,29259560,18
McKenzie,2371819,17
Slater,2371819,23
Mitchell,2371819,17
Lopez,2371819,20
Manny,2371819,3
Gilbert,2371819,4
Mary,2371819,13
Hendricks,2371819,21
Jack,2371819,23
Connor,2371819,17
Doc,2371819,17
Munroe,2371819,3
Brandon,2371819,18
Noah,2371819,23
Bennett,2371819,5
Malloy,2371819,3
Mei,3142046,6
Li,3142046,3
Winstead,5443343,3
Babu,31341418,18
Rimbauer,5781761,1
Ellen,5781761,4
Red,5781761,4
Sukeena,5781761,9
Petrie,5781761,19
Pearson,5781761,10
King,5781761,23
Reardon,5781761,22
Estrellita,16029585,14
Miguel,16029585,10
Maurice,16029585,8
Geeta,19285721,2
Sheila,19285721,16
Raima,19285721,24
Pratik,19285721,9
Partha,19285721,4
Anjali,19285721,18
Reichpietsch,31323110,18
Heinrich,31323110,12
Lobke,31323110,6
Lenin,31323110,12
Kasten,31323110,6
Steigert,31323110,17
Bartuschek,31323110,6
Gaunt,26622049,14
Buteo,26622049,24
Valentine,26622049,15
Zack,26622049,6
Mattie,26622049,13
Stone,26622049,17
Stell,26622049,19
DKK,5251162,6
Rie,5251162,6
Keld,5251162,3
Feng,5251162,6
Ling,5251162,21
Upton,16791637,13
Lee,16791637,1
Stewart,16791637,17
John,16791637,1
Miles,16791637,21
Campbell,16791637,14
Sara,16791637,9
Josephine,35025043,23
Mandala,35025043,21
Bill,33348678,6
Ambrose,33348678,13
Parkette,7596042,21
Walker,7596042,7
Smith,7596042,3
Allen,4746060,15
Shelley,4746060,3
Sandra,4746060,23
Christina,4746060,2
Robertson,4746060,8
Phil,4746060,6
Brian,4746060,2
Makhdum,11104554,17
Heer,11104554,14
Saabo,11104554,6
Qazi,11104554,13
Bhaagpari,11104554,16
Subedar,11104554,6
Aurangzeb,11104554,14
Hans,11104554,18
Shah,11104554,21
Makhdud,11104554,6
Ji,11104554,15
Cory,24368095,17
Wagner,24368095,9
Whateley,24368095,23
Lavina,24368095,22
Wilbur,24368095,4
Nancy,24368095,3
Armitage,24368095,17
Lavinia,24368095,4
Patwardhan,2918399,22
Mayer,2918399,9
Jenny,2918399,3
Amar,2918399,17
Asgar,2918399,16
Kadam,2918399,3
Harshwardhan,2918399,17
Vidyadhar,2918399,6
Nicky,8456500,16
Nicholas,8456500,17
Santini,8456500,16
Kelly,8456500,15
Muggs,6103640,6
Monahan,6103640,12
Judy,6103640,17
Pete,6103640,17
Griffiths,956388,23
Harlarn,956388,3
Sam,956388,23
Williams,956388,8
Joshua,956388,17
Stroud,956388,9
Ashley,956388,4
McCormick,956388,20
Pete,956388,6
Consuela,956388,10
Gladys,956388,5
Harlan,956388,3
Bret,956388,17
Mike,956388,3
Norman,956388,16
Chris,956388,15
Wade,956388,6
Paul,3566511,17
Ames,3566511,12
Glendon,3566511,3
Manor,3566511,16
Yogami,3566511,3
Lisa,3566511,11
Forsythe,3566511,18
First,1579705,3
Diane,1579705,19
MacGillicuddy,8413472,17
McGillicuddy,8413472,20
Maria,20891196,12
Greenfield,20891196,16
Saluto,20891196,14
Henry,36457881,6
Carrie,36457881,3
Bishop,36457881,18
Abby,36457881,9
Walker,36457881,3
Black,24844921,1
Penguin,24844921,3
Porky,24844921,3
Worts,10394188,0
Falkor,2829485,23
Atreyu,2829485,4
Morla,2829485,23
Koreander,2829485,8
Fantasia,2829485,7
Bux,2829485,8
Bastian,2829485,3
Gmork,2829485,17
Holmes,306812,17
Toby,306812,7
Flaversham,306812,10
Ratigan,306812,5
Felicia,306812,18
Olivia,306812,24
Hiram,306812,24
Dawson,306812,24
Jack,306812,9
Strauss,4828849,17
Wilk,4828849,9
Steiner,4828849,17
Anne,12421924,10
Jamison-Smythe,4231,10
Lothos,4231,17
Benny,4231,3
Amilyn,4231,12
Buffy,4231,3
Milly,13557348,6
Millicent,13557348,3
Elmer,13557348,3
Judd,13557348,16
Verma,29351561,1
Seema,29351561,14
Gopal,29351561,3
Monga,26267121,18
Bascomb,5080311,17
Winton,5080311,19
Williams,5080311,9
Anita,5080311,21
Lounsberry,5080311,13
Hoek,5080311,3
Leslie,5080311,24
Vincente,5080311,9
McBain,5080311,23
Todd,7101280,23
Mark,7101280,6
Lovatt,7101280,23
Lee,574210,10
Ann,574210,13
Tony,12813263,16
Stephanie,12813263,10
Boer,12813263,10
Catherine,12813263,20
Hallie,12813263,16
Ethan,12813263,13
Devi,2172156,19
Ammu,2172156,2
Sethu,2172156,6
Ramanan,2172156,14
Nair,2172156,21
Keerikkadan,2172156,1
Keshu,2172156,7
Jose,2172156,0
Haidrose,2172156,3
Robbins,20480238,19
Casey,20480238,9
Jean,13517729,21
Sophie,13517729,21
Duey,5497055,19
Louie,5497055,22
Dewey,5497055,3
Lakshmi,6058681,2
Satti,6058681,4
Subbulakshmi,6058681,21
Rao,6058681,6
Addala,6058681,14
Siddhu,6058681,3
Hasini,6058681,13
Aravind,6058681,6
Hitler,3108902,1
Viktor,3108902,10
Adrien,24583027,3
Domini,24583027,19
Swanson,4905605,15
Roger,4905605,3
Nick,4905605,21
Joyce,4905605,9
Eliot,8602490,3
Lehrt,8602490,22
Heisemann,8602490,17
Prabhu,22145673,6
Ganga,22145673,6
Brahmin,22145673,21
Bonnie,2569417,3
Richie,2569417,4
O'Connor,2569417,22
Rose,2569417,0
Capa,2569417,17
Dorio,2569417,14
Martinez,2569417,18
Dale,2569417,17
Moore,2569417,17
Wilson,7350872,13
Hepplewhite,7350872,3
Ricaldi,24652213,17
Nick,24652213,7
Peters,24652213,1
Sarah,24652213,23
Lansen,24652213,4
Hemmings,24652213,13
Supremo,24652213,5
Webster,24652213,22
Ramo,7313334,18
Moon,7313334,18
Peter,7313334,5
Garvey,7313334,9
Johnson,7313334,3
Hazel,7313334,24
Nimativ,7313334,16
Teema,7313334,2
Jackson,643850,0
Graham,643850,17
Nitro,643850,17
Dodge,643850,10
Stapanek,643850,2
Buckman,643850,4
Pascal,643850,7
Knox,643850,18
Winslow,643850,21
Radcliffe,963021,23
Thandiwe,963021,11
Embling,963021,20
Adjewa,963021,1
Gilbert,963021,18
Ilango,6589975,12
Sathiya,6589975,6
Charu,6589975,6
Klammer,17671802,10
Kate,17671802,3
Daniel,17671802,17
Abigail,17671802,3
Coleman,17671802,11
Esther,17671802,23
Leena,17671802,6
John,17671802,23
Jackson,19078976,3
Laura,19078976,6
Daisy,19078976,3
Clarke,19078976,3
Ira,19078976,3
Koenig,19078976,8
George,19078976,3
Mabel,19078976,12
Wright,19078976,8
Simmons,19078976,5
Nawi,20014529,2
Sapo,20014529,11
Genji,20014529,18
Yohsimura,20014529,16
Luhe,20014529,21
Mona,20014529,19
Ichiro,20014529,15
Yoshimura,20014529,6
Rudao,20014529,17
Walis,20014529,17
Tadao,20014529,2
Bale,20014529,10
Nomin,20014529,3
Nogan,20014529,6
Yahiko,20014529,4
Joe,33747977,3
Lark,33747977,7
Yudh,30331632,14
Kertarajasa,31257401,10
Sherina,31257401,21
Darmawan,31257401,12
Sadam,31257401,10
Ardiwilaga,31257401,7
Demetrius,2016956,6
Lucia,2016956,17
Christ,2016956,2
Marcipor,2016956,11
Peter,2016956,4
Dardanius,2016956,3
Diana,2016956,13
Claudius,2016956,13
Marcellus,2016956,13
Glycon,2016956,23
Bachchan,29353683,5
Chakraborty,29353683,5
Sant,29353683,15
Bobo,9723255,4
Ashe,409817,15
Irene,409817,4
Sutton,409817,11
Foote,409817,22
Lantier,8190800,21
Roubaud,8190800,16
Batterson,2792566,23
Rossano,2792566,21
Mehrollah,8376209,14
Latif,8376209,14
Pablito,12297005,3
Chew,3873399,7
Ted,3873399,4
Shinichi,33457108,3
Krysta,1498491,11
Westphalen,1498491,12
Taverner,1498491,1
Speedy,25655653,4
Mayor,25655653,0
Katt,25655653,13
Daffy,25655653,6
Gonzales,25655653,12
Delia,612752,2
Montagar,612752,23
Blackwolf,612752,17
Elinore,612752,3
Weehawk,612752,3
Sean,612752,17
Miller,35429727,0
Wright,35429727,1
Pulver,35429727,19
Quinn,35429727,15
Henson,35429727,24
Brock,35429727,17
Stefano,35429727,20
Raymond,35429727,10
Maddow,3156200,4
Grant,3156200,12
Miller,3156200,24
Bliss,3156200,24
Blackfoot,3156200,18
Warren,3156200,18
Calhoun,3156200,20
Tommy,3156200,17
Wilson,3156200,17
Cooper,3156200,6
Jenkins,3156200,13
Loomis,3156200,17
Johnson,3156200,3
Joe,3156200,6
Reno,3156200,23
Bramley,18890518,3
Checkett,18890518,20
Franklin,164395,19
Nina,164395,3
Cameron,164395,3
Eli,164395,3
Cross,164395,16
Henry,18929976,3
Durand,18929976,9
Emily,18929976,11
Martinez,18929976,16
Marty,18929976,17
Lucero,18929976,17
McQuade,14513043,16
Simmons,14513043,2
Vos,7133211,3
Patrick,7133211,6
Chamusso,7133211,21
Robbins,7133211,15
Secunda,7133211,17
Lyda,24924752,13
Seila,24924752,3
Sovannara,24924752,23
Vutha,24924752,12
Lina,24924752,6
Bannen,25981379,14
B,25981379,7
Chakraborty,29381531,5
Joshi,29381531,10
Queen,18445420,15
Peep,18445420,14
White,18445420,3
Vain,18445420,3
Peter,18445420,3
Snow,18445420,15
Grace,18445420,21
Vains,18445420,24
Susanne,28016666,8
Lucas,28016666,14
Whitmore,17422419,1
Chato,17422419,4
Buddy,5215066,17
Jason,5215066,17
Sherman,5215066,3
Reggie,5215066,6
Richmond,5215066,14
Hartley,5215066,21
Carla,5215066,13
Purty,5215066,7
Klump,5215066,12
Warrington,5215066,9
Yukio,1404035,24
Noi,1404035,16
Miike,1404035,20
Kenji,1404035,3
Jon,1404035,7
Lili,11843004,2
Maragadham,6852771,23
Alakalan,6852771,14
Nallarasu,6852771,9
Sethupathy,6852771,21
Bhoopathy,6852771,18
Sevathayya,6852771,23
Maureen,2423367,2
Quinn,2423367,16
Joey,2423367,15
Kiefer,2423367,17
Lauper,5583702,19
Walken,5583702,9
Kelly,5583702,13
Pat,5583702,4
Logue,5583702,19
Scott,3610519,11
Pete,3610519,3
Whitaker,3610519,19
Brewster,26371311,10
Weaver,26371311,9
Ruth,26371311,21
Hitler,29160333,1
Finletter,29160333,17
Smith,29160333,9
Attenbaum,29160333,19
Colburn,29160333,4
Lincoln,29160333,2
Dixon,29160333,3
Washington,29160333,0
Richardson,29160333,4
Hitchcock,29160333,18
Ernie,15149007,3
Daniels,15149007,14
Peggy,15149007,4
Farina,15149007,24
Davis,15149007,23
Jackie,15149007,8
Paul,946164,6
Jingles,946164,16
Wetmore,946164,0
Delacroix,946164,19
Brutus,946164,18
Howell,946164,9
Hal,946164,24
Wharton,946164,0
Percy,946164,6
Edgecomb,946164,15
Elaine,946164,6
John,946164,13
Coffey,946164,16
Moores,946164,8
Mitchell,20747730,9
Hodge,20747730,5
Turner,3188479,19
Shit,3188479,10
Ralph,3188479,4
Joe,3188479,21
West,3188479,22
Lily,3188479,13
Grotowski,3188479,12
Dougherty,3188479,23
Bianco,3188479,19
Gabriel,26372685,10
Elodie,26372685,21
Elias,26372685,21
Carlos,26799379,5
Diaz,26799379,21
Greenspan,23214099,24
Sullenberger,23214099,4
Salk,23214099,18
Paulson,23214099,2
Evans,23214099,3
Rogoff,23214099,16
Gumbleton,23214099,18
Jesus,23214099,12
Kaptur,23214099,8
Louie,23214099,5
Haupt,23214099,6
Reagan,23214099,24
Carter,23214099,12
Regan,23214099,17
Moore,23214099,3
Black,23214099,20
Sam,20198389,3
Walczak,20198389,12
Jimmy,20198389,3
Mary,20198389,3
Saima,12440160,20
Brtko,214324,14
Lautmannov,214324,19
Falcone,24817014,2
Cutler,24817014,6
Ocean,154956,20
Harmon,154956,9
Howard,154956,10
Bergdorf,154956,1
Santos,154956,14
Foster,154956,12
Adam,23520145,12
Lynda,23520145,3
Yi,2694167,21
Yan,2694167,8
William,2694167,3
Samantha,2694167,10
Jack,2694167,2
Miller,499147,20
Dadier,499147,6
West,499147,7
Labayen,22603414,17
Dolpo,22603414,9
Teves,22603414,21
Kyle,4447058,6
Peterson,4447058,12
Sloot,4447058,2
Gwen,4447058,3
Anderson,4447058,7
Everhard,4447058,3
Marc,4447058,6
Piu-Piu,2621094,2
Lee,2621094,12
Traven,4604905,9
Macario,4604905,3
Omar,8332233,6
Khayyam,8332233,10
Kamran,8332233,1
Reagan,219033,11
Blair,219033,10
Abbott,219033,21
Danny,5179911,6
Brennick,5179911,3
Karen,5179911,2
Goofy,32419472,21
Zinnen,32419472,22
Cribbens,7249964,24
Perdue,27739946,9
Lindsay,27739946,20
Coleman,27739946,17
Marc,27739946,24
Hofstra,27739946,10
Prince,10815398,17
Tsoi,10815398,21
Hai,10815398,3
Hoi,10815398,17
Rosario,16506358,3
Carmen,16506358,24
Pons,16506358,21
Martha,16506358,20
Oscar,16506358,13
Enrique,16506358,23
David,16506358,23
Eden,31081310,16
Martin,31081310,24
Bling,1979318,1
Andersen,1979318,3
Brittany,1979318,9
Ako,6323333,19
Vera,1681132,1
Jimmy,1681132,12
Ray,1681132,3
Kirkpatrick,1681132,14
Calhoun,1681132,3
Vinto,1681132,6
Dominique,1681132,9
Cantone,1681132,17
Freddy,1681132,9
Jenkins,1681132,16
Bennie,1681132,12
Smalls,1681132,17
Willie,1681132,9
Club,1681132,2
Bugsy,1681132,17
LaRue,1681132,4
Antinea,23972618,23
Hercules,23972618,21
Hylas,23972618,10
Ismene,23972618,4
Timoteo,23972618,16
Lars,16999974,10
Glago,16999974,5
Glen,14696485,3
Terrence,14696485,6
Liz,14696485,21
Moe,14696485,13
Terrance,14696485,23
John,14696485,17
Bubba,18519065,14
Hassan,14916202,13
Malik,14916202,24
Linderby,14916202,5
David,14916202,3
Bansi,5248778,1
Bahu,5248778,13
Bhoothnath,5248778,3
Babu,5248778,24
Jaba,5248778,16
Sindoor,5248778,2
Streyer,24399511,11
Brooks,24399511,9
Forbes,24399511,21
Ibrahim,24399511,1
Moktar,24399511,15
Nancy,24399511,6
Malone,24399511,9
David,24399511,17
Mark,2136164,21
Sarah,2136164,22
Whitney,2136164,11
George,2136164,15
Walker,2136164,10
Watson,2136164,0
Martha,25344852,4
Hoagland,25344852,19
Chen,2323811,10
Kawamura,2323811,12
Nayako,2323811,22
Takayama,2323811,1
Ishikawa,2323811,3
Hunter,2323811,17
Kuroda,2323811,17
Mac,2323811,11
Kojima,2323811,18
Douglas,4964365,16
Sonny,20072102,2
Carol,20072102,5
Morris,12845913,15
Kirby,12845913,9
Mitchell,3716313,3
Petrillo,3716313,8
Zabor,3716313,14
Nona,3716313,14
Duke,3716313,2
Betty,7416992,11
Irving,7416992,23
Mercer,7416992,23
Boop,7416992,4
Neo,30007,3
Dozer,30007,14
Cypher,30007,24
Anderson,30007,9
Nebuchadnezzar,30007,23
Smith,30007,10
Rangabashyam,9573761,17
Lee,9573761,10
Chellam,9573761,14
Leelatharan,9573761,1
Parker,17143077,24
Esther,17143077,3
Carlos,17143077,17
Volvic,21259864,18
Holly,21259864,12
Mahua,12723089,24
Lajo,12723089,6
Pahari,12723089,12
Pratap,12723089,18
Neola,12723089,22
Bhanu,12723089,3
Thakur,12723089,17
Kamia,12723089,21
Anand,12723089,4
Daizo,6816652,4
Brushogun,6816652,4
Robin,6816652,5
Saico-Tek,6816652,4
Sheshadri,33396250,5
Chakraborty,33396250,5
Irani,33396250,15
Gabriel,16253552,7
Mary,16253552,6
Zechariah,16253552,10
Aberline,7255312,17
Solana,7255312,19
Talbot,7255312,17
Lawrence,7255312,3
Maleva,7255312,11
Gwen,7255312,4
Singh,7255312,3
Hoenneger,7255312,13
Conliffe,7255312,7
John,7255312,17
Ping,3060279,14
Ajay,6170246,7
Don,6170246,17
Akshay,6170246,21
Malhotra,6170246,22
Mortimer,12982972,16
Shemp,12982972,4
Moe,12982972,3
Heller,12982972,7
Larry,12982972,3
Blazes,12982972,22
Shankerlal,19593154,24
Babu,19593154,2
Nath,19593154,21
Anne,13759088,6
Michael,13759088,13
Kiran,5192463,23
Lakshmi,5192463,2
Karan,5192463,6
Dharam,5192463,16
Sonia,5192463,14
Deoraj,5192463,11
Singh,5192463,4
Arya,5192463,7
Joe,678603,16
Laurie,678603,2
Nancy,9083648,13
Goffman,2502339,8
Krugly,2502339,6
Stepan,2502339,10
Viktor,2502339,3
Tatarin,2502339,15
Kat,2502339,23
Danila,2502339,3
Bagrov,2502339,6
Butusov,2502339,5
Sveta,2502339,5
Gastarbeiter,3536397,2
Eugen,3536397,6
Barbara,3536397,3
Krista,3536397,6
Emmi,3536397,21
Ali,3536397,6
Sabah,3536397,6
Block,22795845,5
Roxanne,155785,6
P.J.,155785,4
Pete,155785,14
Goof,155785,18
Goofy,155785,3
Zimmeruski,155785,9
Quinn,900584,9
Avi,900584,20
Lucci,900584,17
Abby,900584,3
Jesus,900584,4
Prochnow,900584,9
Jimmy,900584,17
David,900584,13
Footiya,4089762,17
Shivalkar,4089762,15
Bhai,4089762,18
Rao,4089762,17
Kaanya,4089762,5
Raghu,4089762,21
Kadam,4089762,7
Raghunath,4089762,6
Zaneeta,6917005,13
Marian,6917005,3
Paroo,6917005,13
Hill,6917005,3
Charlie,6917005,3
Harold,6917005,6
Tommy,6917005,17
Washburn,6917005,5
Marcellus,6917005,6
Winthrop,6917005,3
Cleveland,8930957,1
Maureen,8930957,21
Lola,8930957,15
Jim,8930957,21
Robison,8930957,13
Stephanie,8930957,2
Eugene,8930957,20
Chris,8930957,20
Choonda,21321097,16
Sasi,21321097,2
Kayam,21321097,6
Muthu,21321097,2
Rishaba,32976614,23
Manikandan,32976614,3
Soori,32976614,20
Williams,11936219,19
Zattig,11936219,2
Jenny,11936219,8
Brackenbury,11936219,16
Willoughby,11936219,20
Heath,11936219,16
Lickert,900780,18
Jeff,900780,13
Simmons,900780,15
Zappa,900780,24
Gaja,20084310,14
Lepec,20084310,19
Severina,20084310,11
Lindberg,10791485,13
Fawcett,10791485,1
Zierra,10791485,12
Rowe,10791485,3
Pitt,10791485,21
Bentley,10791485,17
Hugo,2180950,3
Grenader,2180950,13
Eric,2180950,3
Sherman,2180950,13
Gibb,2180950,20
Charlene,2180950,19
Milly,2180950,3
Michaelson,2180950,9
Louis,2180950,16
Mona,2180950,23
Diane,692785,6
Shaver,692785,9
Rita,692785,24
Harriman,692785,15
Jeff,692785,4
Mathilde,36455934,13
Julie,36455934,2
Gerda,36455934,13
Lucien,36455934,21
Sylvia,36455934,10
Peders,6177577,6
Katya,6177577,6
Man,13182925,16
Amy,15703454,8
Juancho,8008665,10
Ted,8008665,23
Langku,8008665,20
Richard,2984225,3
Molly,2984225,3
Matt,2984225,3
Joe,2984225,17
Lily,2984225,3
Beedle,14527359,6
Panzer,14527359,3
Igor,14527359,23
Bonnie,4570541,19
Chandos,4570541,7
Drake,4570541,22
Adams,4570541,21
Arnold,4570541,1
Chan,24735632,23
Quinn,7543025,3
Sy,7543025,1
Morrison,7543025,9
Abby,7543025,13
Pooja,24874106,6
Siva,24874106,14
Stone,25745885,15
Narad,32083680,19
Ratnakar,32083680,22
Briggs,15161999,8
Moscone,15161999,17
Jones,15161999,11
Smith,15161999,2
White,15161999,6
Feinstein,15161999,12
Lira,15161999,23
Bryant,15161999,9
Ysobel,23691080,20
Roy,23691080,13
Allen,23691080,1
Rice,3427182,10
Mary,3427182,6
Arbor,3427182,19
Mark,3427182,16
Griffin,3427182,3
Sophie,3427182,15
Millie,3427182,3
Roland,3427182,23
David,3427182,3
Hsiao,10933963,24
Set,10933963,5
Hung,10933963,1
Yun-erh,10933963,2
Pak-wai,10933963,19
Yang,10933963,16
Spence,14338180,21
Valentine,14338180,9
Kelly,14338180,17
Mitchell,14338180,18
Avila,7023676,6
Juana,7023676,22
Trumbull,7023676,4
Jouvet,7023676,17
Miguel,7023676,15
Rumill,1729333,24
Martin,1729333,6
Scott,1729333,9
Longstreet,30972924,5
Veera,6614056,2
Sorn,6614056,21
Pibulsonggram,6614056,12
Tian,6614056,4
Rasamani,16166532,1
Selvarasu,16166532,16
Murali,16166532,22
Tillie,4158685,3
Edgar,4158685,17
Stiller,4158685,7
Hansen,4158685,9
Wilson,4158685,15
Frederick,17778996,13
Bo,2109324,18
Hitomi,2109324,21
Tetsuya,2109324,5
Markham,29530961,18
Cheol-Min,32376025,3
Jung-Hwa,32376025,10
Moose,28014365,19
Fred,28014365,16
Ranger,28014365,8
Trudy,28014365,6
Jessica,28014365,3
Luke,28014365,23
Boretti,28014365,24
Velma,28014365,16
Daphne,28014365,12
Burt,28014365,6
Knudsen,28014365,24
Fishman,28014365,22
Scooby,28014365,14
LaRue,28014365,10
Creek,28014365,23
Bly,1769626,18
Johnny,1769626,6
Mitzi,1769626,20
Cully,1769626,6
Nellie,1769626,16
Frankie,1769626,6
Braden,1769626,20
Blackie,1769626,23
Ortero,10109051,6
Burke,10109051,19
Hollister,10109051,4
Rennie,10109051,6
Jake,10109051,6
Peggy,10109051,3
Clint,10109051,16
Wexler,10109051,1
Wade,10109051,11
Markus,1473196,17
Selene,1473196,17
Michael,1473196,4
Viktor,1473196,4
Tanis,1473196,22
Corvinus,1473196,4
Kraven,1473196,17
Macaro,1473196,13
O'Neill,2967115,3
Develay,8471717,6
Golovin,8471717,6
Alexei,8471717,20
Seriozha,8471717,4
Sergey,8471717,15
Stalin,8471717,14
Marie,8471717,4
Sasha,8471717,4
Allende,12327474,0
Anna,12327474,7
Mesa,12327474,19
Driscoll,20912844,7
Hartridge,20912844,3
Julia,20912844,6
Lottie,20912844,3
Lowe,20912844,14
Black,20912844,0
Deep,20912844,24
Weichbrodt,25117350,2
Emery,17522069,13
rane,17522069,22
Varmont,17522069,13
Ashbona,32124420,11
Ranjana,32124420,2
Mullick,32124420,20
Anjan,32124420,21
Dutt,32124420,9
Mittra,32124420,11
Jeanne,6945913,1
Barry,6945913,8
Khepi,19885354,0
Faltu,19885354,3
Tuktuki,19885354,3
Bhadra,22129442,4
Menon,22129442,7
Thampi,22129442,23
Catharina,3257025,8
Napoleon,3257025,8
Jerome,3257025,2
Patterson,3257025,1
Bonaparte,3257025,20
Nickolaus,34052824,9
Antoinette,34052824,5
Kim,34052824,14
Daniels,34052824,0
Morley,34052824,9
Meyer,34052824,9
Hardy,34052824,1
Seitz,34052824,0
Rainer,34052824,4
Shearer,34052824,11
Reilly,34052824,6
Dyke,34052824,24
Gable,34052824,7
Frederick,31650028,13
Marmaduke,31650028,15
Sandy,3310092,2
Rast,3310092,15
Wheelan,3310092,13
Wolfe,3310092,8
Hemmings,3310092,11
Grant,14126900,17
Carlos,14126900,17
Cartowski,14126900,17
Patrick,14126900,17
Alya,14126900,10
Cartowki,14126900,4
Henry,15103329,21
Ashley,15103329,3
Kate,15103329,6
Dan,15103329,6
Chloe,15103329,6
Gurtu,14344031,23
Singh,14344031,1
Naba,25833791,15
Kadee,31990882,6
Shawn,31990882,6
Prince,31990882,3
Charlie,31990882,3
Worth,31990882,24
Martha,31990882,13
Erma,31990882,24
Donald,32735343,3
Kim,25589221,4
Jerzy,25826924,17
Artur,25826924,6
Janicki,25826924,22
Nils,34611534,23
Miriam,34611534,3
Franz,34611534,3
Schlei,34611534,7
Livia,34611534,3
Ginger,34611534,0
Bill,34611534,6
Evelyn,12415647,17
Tom,12415647,6
Henry,3454625,23
Manda,3454625,15
Belansai,3454625,3
Selima,3454625,3
Aggie,3454625,21
Yakata,3454625,6
Cecilia,3454625,2
Truscott,3454625,11
Bullard,3454625,6
John,3454625,3
Shipperly,3454625,2
Fred,961459,16
Serafina,961459,12
Lee,961459,13
Jimmy,961459,19
Oldfield,20211414,23
Earl,2195842,6
Frederick,2195842,19
Doug,2195842,6
Carlisle,2195842,4
Chesnic,2195842,15
Tess,2195842,6
Huson,22141009,15
Adams,22141009,11
Chaplin,4073660,0
Vashtar,4073660,22
Nellifer,4073660,3
Zanin,4073660,14
Kyra,4073660,24
Mabuna,4073660,4
Nailla,4073660,3
Moon-ok,33598983,20
Savithri,26063060,23
Indra,26063060,13
Hell,26063060,17
Rudrayya,26063060,21
Shikha,24050844,2
Jay,24050844,4
Bluto,27960307,7
Popeye,27960307,4
McGee,31556,11
Harry,31556,17
Chico,31556,16
O'Reilly,31556,9
Vin,31556,3
Britt,31556,22
Lee,31556,21
Luck,31556,12
Petra,31556,18
Chris,31556,6
Calvera,31556,13
Nambyar,28493483,17
Mario,23420352,16
Karina,4221457,1
Jason,4221457,9
Sherry,2450370,23
Sarah,2450370,3
Michael,2450370,5
Teresa,2450370,19
Jake,2450370,3
Anderson,2450370,11
Charlie,2450370,6
Carol,2450370,0
Connor,2450370,3
Bill,2450370,13
Nolan,2450370,20
Portnoy,11942501,9
Chino,11942501,1
Rick,11942501,6
Tayback,11942501,24
Cockburn,11942501,10
Sandusky,11942501,4
Grossman,11942501,7
Underwood,11942501,4
Peck,11942501,11
Speedman,11942501,21
Tarzan,17751093,8
Fletcher,17751093,4
Cheeta,17751093,12
Diana,17751093,12
Hawkins,17751093,21
Hanley,2057905,20
Marvin,2057905,6
Marvins,2057905,13
Carol,2057905,6
Moskowitz,2523915,0
Shecky,2523915,6
Neptune,2523915,17
Dave,2523915,8
Berle,2523915,22
J,29229416,3
Harry,29229416,6
Benny,29229416,0
Barnhardt,14733483,7
Jackson,14733483,17
Benson,14733483,12
Klaatu,14733483,4
Jacob,14733483,4
Helen,14733483,6
Wu,14733483,21
Ostrofski,2385928,15
Dean,2385928,12
Meyers,2385928,5
Riggleman,2385928,10
Brooke,2385928,6
Addie,2385928,12
Gary,2385928,6
Grobowski,2385928,8
Luis,13720693,2
Juan,13720693,20
Paco,13720693,17
Jos,13720693,6
Enrique,13720693,2
Pitchaiah,27434965,4
Ramaiah,27434965,14
Chalapathi,27434965,17
Samajam,27434965,18
Franz,7320866,6
Anna,7320866,6
Powers,4198067,11
Morrison,4198067,9
Frank,4198067,3
Abernathy,4198067,24
Whitaker,4198067,11
Jack,4198067,24
Vic,13235461,21
Cujo,13235461,3
Trenton,13235461,11
Camber,13235461,19
Pervier,13235461,8
Donna,13235461,3
Jane,13439139,6
Nichols,13439139,17
Doyle,13439139,4
George,13439139,21
Pedro,13439139,9
Kevin,13439139,6
Tess,13439139,24
Casey,13439139,24
Warwick,2170052,23
Skywalker,2170052,18
Shruthi,1613245,21
Prabhu,1613245,3
Sathyanaryanamoorthy,1613245,16
Brown,20951471,24
Branton,20951471,9
Will,20951471,10
Papadopoulos,5650338,14
Dimitri,5650338,24
Christina,5650338,14
Polides,5650338,11
Gabe,16174644,15
Alan,16174644,16
Cody,16174644,5
Shaun,16174644,13
Thomas,16174644,15
Rowe,16174644,21
Zach,16174644,21
Tori,16174644,0
Jeanne,16174644,8
Meleri,31696606,16
Abu,31696606,2
Amina,31696606,3
Donald,2046763,6
Braxton,2046763,14
Anthony,2046763,3
Harold,2046763,2
Perry,2046763,6
Vivian,2046763,3
Annie,2046763,15
Serena,10716714,0
Bradley,10716714,3
Mavros,10716714,10
Dimitri,10716714,15
Coulter,10716714,12
Sheena,5374123,6
Raj,5374123,6
Ricky,5374123,3
Nisha,5374123,21
Pilar,36438666,2
Sadao,26758367,3
Bala,26162880,6
Revathi,26162880,16
Anand,26162880,3
Grieve,32484080,15
Engler,32484080,13
Khyentse,32484080,2
Derksen,32484080,14
Arnold,32484080,8
Rinpoche,32484080,23
Henderson,32484080,13
Dorje,32484080,1
Gimian,32484080,24
Edgar,32944278,24
Huitzell,32944278,1
Max,32944278,24
Winters,7265771,21
Wolf,14204820,10
Sam,14204820,3
Sheepdog,14204820,22
Ralph,14204820,23
Hugh,16067557,9
Marcy,16067557,9
Kitty,16067557,22
Gainsborough,16067557,14
Jung,31826936,20
Bebo,31826936,6
Gulabo,31826936,21
Singh,31826936,16
Larry,24572033,2
Nora,24572033,19
McCain,16955171,21
Sahib,27856740,17
Abubacker,27856740,15
Dadasahib,27856740,20
Maggie,6917678,7
Fitzpatrick,6917678,20
Ganapati,34155451,5
Sastri,34155451,21
Banu,34155451,3
Detweiler,24166379,2
Orbeson,24166379,21
Preble,24166379,15
Danielle,16852170,23
Brooke,16852170,23
Katarina,16852170,17
Drew,16852170,17
Praiseworthy,6992578,23
Tigger,3104876,3
Robin,3104876,3
Hubert,5443770,7
Judith,5443770,21
Cherneze,5443770,13
Ferreira,5443770,5
Callois,5443770,6
Kerkerian,5443770,6
Herault,5443770,17
Fanny,5443770,17
Sertys,5443770,14
Niemans,5443770,3
Rajini,10792104,6
Lakshmi,10792104,3
Sripriya,10792104,17
Tom,9678533,3
Jerry,9678533,3
Spike,9678533,3
Butch,9678533,3
Arunachalam,35230571,6
Devi,35230571,2
Aruna,35230571,14
Thiruttani,35230571,4
Manorama,35230571,22
Murugan,35230571,16
Meera,35230571,2
Singson,8275921,2
Macapagal-Arroyo,8275921,0
Estrada,8275921,0
Vinai,34311479,4
Muprhy,34311479,12
Callahan,34311479,12
Straczynski,1889288,13
Mollari,1889288,14
Spike,3820380,3
Tom,3820380,8
Jerry,3820380,3
Lucas,8608258,4
Catherine,8608258,23
Fred,14297339,4
Benjamin,14297339,17
Jon,14297339,7
Larry,14297339,10
Lawton,20917489,11
Carson,20917489,21
Peter,20917489,8
Surendra,20904680,13
Thomas,26304324,23
Sreekumar,26304324,2
Destler,1673325,10
Phantom,1673325,5
Erik,1673325,3
Triumphant,1673325,24
Barton,1673325,18
Foster,1673325,20
Harrison,1673325,19
Hawkins,1673325,2
Faust,1673325,13
Christine,1673325,3
Meg,1673325,16
Richard,1673325,3
Babu,19218944,9
Mahesh,19218944,3
Anand,19218944,21
Tina,13767027,12
Sarah,13767027,16
Fernandez,13767027,15
Octavio,13767027,14
Gramps,7595972,16
Peter,7595972,3
Frye,7595972,10
Reeves,1482867,0
Baba,13161720,24
Kim,13161720,0
Pawan,13161720,0
Audrey,3679431,16
Hepburn,3679431,11
Pascal,1572108,3
Holly,113464,6
Frederick,113464,16
Bergman,113464,7
O'Sullivan,113464,0
Lee,113464,4
Farrow,113464,5
Mickey,113464,21
Norma,113464,14
Hannah,113464,3
Elliot,113464,8
Joss,3291478,0
Traherne,3291478,17
Mary,3291478,13
Pengallon,3291478,15
Carlos,1565181,4
Fielding,1565181,6
Shirk,1565181,23
Hitler,1565181,1
Anna,1565181,6
Benny,1565181,10
Beissart,1565181,6
Sr.,1565181,15
Max,1565181,6
Estelle,1565181,22
point-blank,1565181,6
Twyning,25075517,17
Mark,25075517,6
Tyber,25075517,10
Bright,25075517,2
Sabre,25075517,9
Effie,25075517,9
Tybar,25075517,21
Mabel,25075517,14
Maha,13204790,23
Karim,13204790,7
Tony,13204790,15
Taylor,31614378,3
Simone,31614378,4
Warwick,31614378,23
Morton,31614378,17
Wilson,31614378,0
John,31614378,3
Kincaid,14613957,18
Kearney,14613957,0
Josh,24888698,3
Taylor,9391085,3
Darbus,9391085,6
Chad,9391085,21
Kelsi,9391085,16
Ryan,9391085,16
Zara,9391085,14
Jimmie,9391085,3
Jack,9391085,23
Gabriella,9391085,6
Troy,9391085,3
Zurbo,2082089,0
Vince,4305002,1
Matthew,4305002,1
Jonah,4305002,22
Audrey,4305002,13
Jerome,4305002,21
Bardo,4305002,13
Jimmy,4305002,16
Cynthia,1119341,19
Itami,1119341,12
Szeto,1119341,2
Ye,1119341,9
Yiling,1119341,3
Ming,1119341,13
Holmes,11351598,17
Lestrade,11351598,15
David,11351598,4
Watson,11351598,13
Quackie,10176837,23
Mary,10176837,9
Gabrewski,1308304,2
Stone,1308304,22
Barry,1308304,7
Lee,1308304,7
Chan,1308304,5
Cellini,1308304,8
Norris,1308304,7
Dharamraj,5909614,15
Karan,5909614,12
Bhishamchand,5909614,6
Dhanraj,5909614,23
Kibakichi,3541767,17
Brad,14706880,3
McVie,14706880,11
Kate,14706880,6
Diablos,19518804,18
Bush,17326580,0
Gore,17326580,0
Barton,76617,7
Elster,76617,6
Ferguson,76617,11
Wood,76617,12
Madeleine,76617,3
Bautista,76617,24
Woods,76617,19
Judy,76617,6
Scottie,76617,3
Ranga,27036009,14
Buchabbai,27036009,6
Vasu,27036009,18
Raina,3552642,3
Nichola,3552642,6
Oliver,3552642,4
Murry,3552642,6
Kirsten,3552642,4
Matt,3552642,3
Ali,33177925,23
Larnell,23587009,3
Bachman,23587009,6
McDowell,23587009,6
Leary,23587009,3
Bong,23587009,23
Eebee,23587009,3
Luann,23587009,23
Cyril,23587009,6
Brett,23587009,3
Velicity,23587009,6
Alister,23587009,17
Ferdinand,32719069,3
Esme,14277334,0
Jasper,14277334,0
Cullen,14277334,18
Charlie,14277334,18
Victoria,14277334,17
Edward,14277334,17
Isabella,14277334,21
Bella,14277334,3
Emmett,14277334,12
Alice,14277334,0
James,14277334,17
Marcel,19594027,21
Mimi,19594027,2
Rodolfo,19594027,2
Stu,7118685,3
Ernie,7118685,23
B.Pixar.com,7118685,23
Nick,2307251,6
Stella,2307251,21
MDGGO,2307251,13
Malhotra,2307251,21
Ron,2307251,1
Ambar,2307251,2
Cathy,2307251,6
Dev,2307251,8
Arora,2307251,5
Mathur,2307251,23
Tina,2307251,12
Bobby,3600737,6
Helen,3600737,2
Quantrill,31132665,9
Swackhammer,31132665,1
Harry,31095423,4
Talley,31095423,19
Watters,31095423,22
Mother,31095423,20
Tanner,31095423,17
Higginbotham,31095423,18
Ai-Ai,33764171,10
Love,33764171,23
Revilla,33764171,24
Brendan,32358265,21
Darryl,32358265,21
Michelle,32358265,2
Kiran,34296596,12
Bindiya,34296596,9
Raja,34296596,4
Dhanraj,34296596,8
Amar,34296596,1
Singh,34296596,6
don,34296596,15
Vijay,34296596,4
Halloran,6406105,17
Landers,6406105,0
Charlie,6406105,3
Farrow,6406105,18
Riccardi,31250146,4
Paul,29320666,3
Jane,29320666,7
Simpson,29320666,2
Kilbride,29320666,3
Ryder,29320666,3
Madonna,29320666,22
Beck,159447,4
Maggie,159447,11
Niebaum,159447,17
Scott,159447,21
Timmons,159447,12
Morse,159447,9
Frost,159447,3
Roman,159447,6
Sabian,159447,3
Roenick,159447,23
Ruza,21180653,13
Bosniak,21180653,24
Mila,21180653,4
Amy,17177246,15
Diane,17177246,2
Joaquin,17177246,6
Walsh,17177246,6
Elena,17177246,16
David,17177246,6
Wyat,35737836,19
Chela,35737836,1
Golding,10025286,3
Bellamy,32860066,23
Winter,32860066,6
Nina,32860066,6
James,32860066,16
Wally,32860066,9
Bill,32860066,6
Maija,2122882,23
Giorno,2122882,1
Seinfeld,2122882,12
DiGiorgio,2122882,15
Simmons,2122882,4
Amy,23438376,11
Richard,23438376,21
Christopher,23438376,2
Abby,23438376,6
Mukesh,9633533,19
Aunty,9633533,7
Unnikrishnan,9633533,6
Fernandez,9633533,15
Nair,9633533,6
Gadha,9633533,21
Raghu,9633533,5
Vijay,6795151,13
Liyana,26465857,15
Mabhande,26465857,22
Prudence,26465857,24
Nyengera,26465857,7
Mabhena,26465857,2
Seela,11507281,17
Nanu,11507281,6
Stryder,34465253,3
Shahnawaz,14734625,6
Mirza,14734625,11
Khan,14734625,1
Bibi,14734625,24
Gulaab,14734625,6
Aleena,14734625,8
Noor,14734625,16
Luca,19113586,16
Julie,19113586,0
Frank,19113586,24
Kumar,29141687,6
Musharraf,29141687,24
Khan,29141687,6
Schubert,20477323,16
Maria,20477323,5
Mayerhofer,20477323,4
Schwind,20477323,12
Grob,20477323,1
Erlk,20477323,21
Therese,20477323,1
Diabelli,20477323,15
Schober,20477323,15
Schindler,20477323,12
Haslinger,20477323,1
Beethoven,20477323,22
Saigal,33447044,8
Khan,33447044,9
Chopra,33447044,9
Chakraborty,33447044,5
Kapoor,33447044,0
Lincoln,3194428,18
Greer,3194428,9
Peter,3194428,18
Julie,3194428,18
Lee,3365741,10
Ying-Pui,3365741,24
Ken,3365741,3
Wu,3365741,18
Jackie,3365741,2
Baker,4750168,19
Stowcroft,4750168,13
Seymour,4750168,15
Blackbeard,4750168,6
Steve,4750168,3
Walker,4750168,24
Anne,4750168,24
Russel,15851039,0
Mason,15851039,1
Fink,15851039,7
Crockett,15851039,16
Williams,14878446,16
Priscilla,14878446,16
Brandes,14878446,10
Khan,14878446,3
Winkie,14878446,21
McDuff,14878446,17
Ismay,2052143,6
Nielsen,2052143,17
Olinsky,2052143,19
Peterson,2052143,24
Petersen,2052143,23
Smith,2052143,4
Jekyll,27880897,13
Mougeotte,9089380,4
Baldi,9089380,21
Laurent,9089380,22
Gemma,18361148,11
Sam,24314436,23
Milland,3674173,18
Fields,3674173,21
Miller,30875429,20
McMillan,30875429,21
Edison,30875429,7
Bradford,30875429,22
Stockwell,30875429,15
Kapadia,29770587,11
Mittayi,29770587,13
Mansoor,29770587,19
Suresh,29770587,24
Suliamnan,29770587,24
Rehana,29770587,24
Sulaiman,29770587,15
Brady,21250867,9
Palmer,21250867,16
Latimer,21250867,3
Windsor,21250867,23
Ambler,21250867,12
Harrington,21250867,22
Kimber,21250867,24
Brochant,26601914,6
Krishnanunni,26601914,3
Menon,26601914,3
Jagathy,26601914,7
Sarath,26601914,6
Siddique,26601914,1
Keiran,761361,16
Cheryl,761361,6
Trevor,761361,3
Jeff,761361,20
Lorna,761361,23
Andy,761361,21
Supari,23398349,18
Faujdaar,23398349,12
Ganpat,23398349,23
Albom,32449962,2
Brolin,28370824,21
Karthik,29702692,21
Viji,29702692,6
Vishnu,29702692,6
Ammaji,29702692,22
Jothi,29702692,3
Lynch,1599486,19
Allder,1599486,14
Liz,3251133,6
Prince,3251133,3
Nigel,3251133,17
Jon,3251133,3
Garfield,3251133,3
Odie,3251133,3
Smithee,3251133,6
Dargis,3251133,17
Marja,18844830,2
Juha,18844830,23
Sullivan,1722156,10
Corvin,1722156,13
Glance,1722156,11
O'Neill,1722156,20
Hines,1722156,9
Holland,1722156,7
Hawkins,1722156,22
Moon,1722156,17
Gerson,1722156,17
Barbara,1722156,13
Babu,19998351,21
Singh,19998351,11
Sangram,19998351,21
Boopathy,36057887,10
Bridges,10576719,2
Cain,10576719,22
Roy,1471772,18
Aparna,1471772,10
Apu,1471772,21
Pulu,1471772,8
Kajal,1471772,21
Paul,826441,3
Jiver,826441,3
Mankewicz,826441,10
Nichols,826441,11
Ochoa,826441,6
Cass,826441,21
Rosario,826441,4
Kersey,826441,3
Geri,826441,3
Wilson,826441,2
Carol,826441,21
Gangadharan,28190801,6
Mubarak,28190801,14
Raghu,28190801,6
Raghunandan,28190801,16
Schwarzenegger,12764766,14
Buzzard,12764766,3
Tom,12764766,3
Spike,12764766,6
Saraf,796221,20
Light,796221,20
Jung-Sook,8664385,4
Moon-Sub,8664385,17
Yun,8664385,3
Jung-Won,8664385,3
Hee-Eun,8664385,16
Elegante,21287122,20
Ed,21287122,18
Rosalinda,21287122,6
Sophia,21287122,5
Luna,21287122,20
Gonzalez,21287122,0
Kane,21287122,5
Rosie,21287122,13
Donny,21287122,10
Fiore,21287122,1
Klein,35005098,3
Nayagie,12576364,13
Ravi,12576364,15
Anjali,12576364,22
Vandaiyar,12576364,5
Sakthi,12576364,24
Josephine,32846639,5
Alejandro,32846639,18
Natalia,32846639,9
Vincent,32846639,2
Guillermo,32846639,23
Rosa,32846639,5
Pashupati,26892930,1
Sachidanand,26892930,23
Gajsingh,26892930,14
Shubh,26892930,24
Aman,26892930,21
Mohini,26892930,1
Singh,26892930,5
Kaya,26892930,21
Sullivan,5827942,3
Copperud,18397288,17
Shipley,18397288,10
Foggers,18397288,20
Hilb,18397288,24
Billie,18397288,13
Cole,18397288,20
Radhakrishnan,29590404,24
Ashwathi,29590404,2
Kottekkad,29590404,4
Usman,29590404,6
Razak,29590404,24
Aswathi,29590404,4
Sreenivasan,29590404,10
Marshall,12160078,22
Victor,12160078,3
Himmler,12160078,13
Evan,12160078,13
Wirth,12160078,17
Nina,2109826,19
Salim,2109826,21
Jagjit,2109826,1
impress,2109826,16
Reddy,2109826,3
Raas,2109826,5
Rakesh,2109826,12
Kris,2109826,21
Yacine,36694867,12
Muslims,36694867,16
Ann,1571083,3
Jeff,1571083,3
Smith,1571083,13
David,1571083,3
Paul,28577481,21
Craig,28577481,21
Charles,28577481,21
Anderson,28577481,21
Wexler,28577481,8
Budge,28577481,18
Thurston,28577481,6
Caroline,28577481,3
Sam,4304543,3
Mr.,4304543,23
Schamm,4304543,9
Pickett,17508785,6
Luna,17508785,24
Mills,17508785,24
Possley,17508785,22
DeLuna,17508785,11
William,3956788,6
Rothbart,3956788,17
Jean-Bob,3956788,10
Odette,3956788,3
Bridget,3956788,4
Bromley,3956788,2
Uberta,3956788,5
Derek,3956788,13
Puffin,3956788,13
Cynthia,2508590,17
Keith,2508590,23
Stover,2508590,14
Shaw,2508590,10
Vicky,2508590,19
Boudreau,2508590,6
Cash,8153526,4
Markham,8153526,22
Winters,8153526,19
Evans,8153526,11
Josie,8153526,3
Pittsburgh,8153526,16
Wayne,8153526,6
Bey,20219598,9
Beall,20219598,6
Helena,20219598,6
Kruger,20219598,4
Annemarie,20219598,21
Hari,20219598,17
Sturm,20219598,3
Bohlen,20219598,15
Matahi,76375,3
Hitu,76375,16
man,76375,3
Reri,76375,3
Kavya,33489050,6
Felix,5057034,3
Munchnik,5057034,23
Susan,5057034,6
Catherine,5057034,16
Chris,5057034,6
Stanley,5057034,5
Philip,5057034,3
Rani,997206,3
Vishal,997206,3
Khan,997206,18
Khanna,997206,17
Kanna,997206,23
Betty,7210380,23
Rathi,30830501,4
Pappu,30830501,3
Steiner,31683717,6
Dupuis,10144863,1
Mary-Louise,10144863,2
Carl,10144863,16
Pemon,10144863,16
Stander,8181832,11
Johnson,8181832,19
Manning,8181832,3
Ed,8181832,13
Ruth,8181832,6
Duff,30688635,20
Cyrus,30688635,3
Lochner,1557143,11
Daly,1557143,5
Gannon,1557143,13
Totter,1557143,11
Welby,1557143,10
Wilcox,1557143,2
Everett,1557143,4
Minnelli,1099178,11
Rizzo,1099178,23
Sardi,1099178,8
Teeth,1099178,13
Crawford,1099178,5
Camilla,1099178,7
Piggy,1099178,6
Pete,1099178,13
Honeydew,1099178,13
Masterson,1099178,16
Price,1099178,15
Bill,1099178,16
Matt,1099178,19
Plotsky,1099178,12
Winesop,1099178,22
Chester,1099178,23
Skeffington,1099178,7
Jenny,1099178,13
Nancy,1099178,12
Kermit,1099178,3
Bernard,1099178,18
Stjepan,18496202,16
Tito,18496202,9
Po,9594415,15
Pratt,9594415,2
Mayo,9594415,11
Barbier,9594415,0
Wang,9594415,5
Chang,9594415,7
Cobb,9594415,6
Kumar,35681063,1
Sasi,35681063,15
Julie,35681063,2
Morris,35681063,20
Bhupati,1773524,3
Umapada,1773524,20
Charu,1773524,13
Jackson,12894538,3
Williams,12894538,5
McDonald,12894538,11
Stephanie,12894538,23
Rodney,12894538,1
Rivers,12894538,20
Lynn,12894538,9
DeWitt,12894538,6
Dante,12894538,6
Malone,12894538,3
Ziggy,12894538,3
Chatman,2171853,0
Martin,2171853,3
Schneider,2171853,12
Rachel,2171853,3
Locke,2171853,3
Robertson,2171853,16
Nero,19375301,6
Dickie,19375301,16
Pete,19375301,4
Symie,19375301,3
Sherwood,19375301,9
Brown,19375301,2
Payson,19375301,21
Dorothy,19375301,6
Manu,2682566,12
Jeff,2682566,12
Antoine,2682566,12
Alex,2682566,12
Helen,13621726,21
Warren,13621726,14
Capel,13621726,12
Jean,6752142,21
Burnham,6752142,3
Pendleton,6752142,20
Hill,6752142,9
Spivey,6752142,22
Levine,6752142,12
Baker,6752142,13
Holloway,6752142,10
Makepeace,6752142,12
Porter,6752142,20
Inuk,1345876,20
Sreenath,29619112,6
Nagamani,29619112,23
Gopal,29619112,13
Saraswati,29619112,16
Annayya,29619112,21
Iijima,9388034,24
Chang,9388034,13
Sara,9388034,13
Halliday,10251251,11
Kayalvizhi,25474608,13
Rajasekhar,25474608,3
sonu,25474608,6
Kamal,25474608,3
Kayal,25474608,3
Yoshika,3455547,8
Yoshihide,3455547,6
Horikawa,3455547,24
Hosokawa,3455547,13
Lois,8630242,4
Clark,8630242,13
Superman,8630242,18
Valentina,26011817,13
Victor,26011817,24
Charles,26011817,24
Miguel,26011817,21
Merhi,22758400,12
Eder,13365023,6
Soraya,13365023,6
Duca,13365023,6
Fabio,13365023,18
Isa,13365023,3
Judge,2408918,4
Ferguson,2408918,23
Fargo,2408918,17
Angel,2408918,12
Griffin,2408918,17
Dredd,2408918,4
Hershey,2408918,24
Fraser,17188553,10
Servet,17188553,3
Vlassenroot,17188553,14
Dominique,17188553,3
Vanus,12908387,10
Kobori,12908387,2
Arthur,18234023,17
Kwon-Schwartz,2191717,14
Jordan,2191717,6
Aarons,2191717,18
Brittany,2191717,3
Cahill,2191717,4
Eddie,2191717,3
Ian,15907225,3
Sara,15907225,16
Louise,15907225,3
Kennedy,5818778,9
Radner,5818778,6
Waters,5818778,12
Lannie,5818778,3
Jeff,5818778,3
Cheryl,5818778,6
Louis,5818778,6
Kevin,5818778,23
Bill,5818778,23
Debbie,5818778,3
Jane,181471,4
Guilford,181471,15
Wyatt,181471,18
Grey,181471,8
Dudley,181471,0
VIII,181471,9
Mary,181471,5
VI,181471,22
Pulliam,7129779,9
Polly,7129779,10
Cook,15531185,13
Withers,15531185,13
Parker,15531185,23
Seymour,15531185,24
Piper,15531185,17
Wilson,15531185,9
Lew,15531185,23
Costello,15531185,23
Hemingway,15531185,7
Melquiades,3752065,19
Norton,3752065,3
Perkins,3752065,6
nez,3752065,19
Rachel,3752065,18
Estrada,3752065,4
Gil,2580873,19
Clara,2580873,8
Luz,2580873,14
Fernando,2580873,2
Cruz,2580873,15
Manolo,2580873,19
Verd,2580873,11
Fern,2580873,1
mez,2580873,22
Violeta,2580873,8
Minderbinder,3628560,10
Cathcart,3628560,16
Yossarian,3628560,0
Daneeka,3628560,4
Wilberforce,23620486,17
Kay,23620486,12
Pupuke,23620486,10
Jones,23620486,5
Rachel,23620486,3
Uday,5858224,20
Babu,5858224,10
Arjun,5858224,24
Saran,5858224,2
Meenakshi,5858224,13
Minna,1844737,18
Ferdinand,5375472,17
Isabella,5375472,5
Danny,3266971,23
Byrne,3266971,24
Bridget,3266971,13
Christy,3266971,6
Mitchell,3266971,14
Catherine,3266971,6
Saladino,2208902,2
Santalino,2208902,7
Kate,2208902,18
Raychel,2208902,21
Meg,2208902,16
Clark,32286723,13
Sawyer,32286723,9
Louise,32286723,9
Anderson,32286723,19
Ransom,32286723,6
Jr.,32286723,5
Kanzler,3310215,10
Dutschke,3310215,14
Kupke,3310215,9
Margie,25616821,10
Tom,25616821,10
Emily,25616821,2
Sawyer,25616821,6
Sally,34333015,4
Smith,34333015,3
Campbell,34333015,23
Danny,1443743,17
Allen,1443743,17
Garcetti,1443743,17
Parker,1443743,20
Bear,1443743,0
Morgan,1443743,17
Colette,1443743,10
Collette,1443743,6
Dent,6446053,7
Bond,6446053,17
Leiter,6446053,6
Strangways,6446053,17
Mark,32289648,6
Cruz,32289648,11
la,32289648,24
Alice,32289648,23
Win,10597194,11
Chin,10597194,21
Fe,10597194,8
Yun,10597194,22
Hau,10597194,14
Ravi,33373295,10
Singh,33373295,15
Mata,8557069,23
II,8557069,5
Elizabeth,8557069,3
Wakefield,8557069,2
Annabell,8557069,13
Areena,5867902,7
Ali,5867902,7
Chan,5867902,10
Osama,5867902,23
Gould,680361,14
Penny,680361,14
Castle,680361,10
Kellerman,680361,18
Houseman,680361,21
Swayze,680361,9
Johnson,680361,0
Johnny,680361,6
Perkins,680361,24
Frances,680361,9
Baby,680361,6
Lisa,680361,23
Kishan,36548689,0
Kanhaiya,36548689,11
Paro,36548689,3
Baker,2087781,22
Mal,2087781,21
Langston,2087781,11
McKendrick,2087781,5
Ezra,2087781,8
Emmett,2087781,17
Cobb,2087781,17
Lockhart,23620074,21
Ellen,23620074,13
Craig,23620074,4
Elliott,23620074,19
Foster,23620074,18
Christensen,7285447,12
Marten,31312249,7
Garrett,1376533,17
Holliday,1376533,12
Mitchell,1376533,18
Pat,1376533,17
McDonald,1376533,19
Rio,1376533,14
Billy,1376533,3
Doc,1376533,3
Mildred,24162323,6
Malotte,24162323,8
Fraser,24162323,17
Emerson,24162323,3
Hilliard,24162323,15
Wayland,24162323,3
Marsh,24162323,3
Cherry,24162323,4
Queenie,24162323,6
Balt,24162323,6
Goro,2217387,18
Tanner,2217387,12
Kilmer,2217387,6
Tono,2217387,17
Eiko,2217387,6
Ken,2217387,3
Hanako,2217387,17
Wheat,2217387,10
Bradbury,4082993,10
Rin,5851860,19
Yukio,5851860,13
Sutekichi,5851860,10
Corby,8102527,24
Grayson,8102527,10
Wolf,1686352,15
Tracy,1686352,12
Olsen,1686352,6
Jones,1686352,20
Eddie,1686352,17
Maximus,26106118,16
Fabius,26106118,21
Sylvia,26106118,4
Hannibal,26106118,17
Pearle,2046787,2
Kate,2046787,17
Abbot,2046787,14
Susan,2046787,12
Rachel,2046787,18
Sylvia,2046787,9
Pfister,2046787,18
Francis,2046787,5
Jr.,2046787,5
Nora,2046787,1
Ram,34164437,5
Don,34164437,15
Reshma,34164437,2
Das,34164437,10
Khan,34164437,6
Singh,34164437,14
Seth,34164437,18
Ana,3654057,3
Fernando,3654057,13
Elena,3654057,21
Olsen,23975627,5
Tracy,206818,2
God,206818,6
Hemingway,206818,0
Mills,206818,3
Somerset,206818,18
Doe,206818,3
Horn,22810673,9
Beck,13233995,24
Baek,32216249,17
Howard,32216249,7
Rim,32216249,17
Turner,29508267,5
Kyser,17165199,15
Jessica,15643111,8
Pete,15643111,12
Ryan,15643111,12
Bublione,15643111,15
Leatherby,16053851,16
Hoffmeir,16053851,10
Cameron,16053851,2
Hoffy,16053851,1
Cates,16053851,11
McCulloch,16053851,24
Dyke,16053851,6
Kratzenow,16053851,20
Lodejinski,16053851,17
Springer,21889241,21
Nobuyuki,27624482,22
Junko,27624482,12
Rie,27624482,2
Norika,27624482,12
Hiroshi,27624482,3
Saroja,2853280,19
Karthik,2853280,21
Poorni,2853280,16
Shakti,2853280,21
Selvaraj,2853280,17
Raghu,2853280,5
Alene,12583555,1
Leopold,12583555,6
Julien,12583555,24
Alena,12583555,21
Johnson,10542198,15
Batise,10542198,16
Morgan,10542198,4
Cynthia,4419761,10
Harris,4419761,15
Gerald,2091700,21
Harcourt,2091700,21
Marianne,2091700,4
Ravna,2091700,13
Zimmer,2091700,12
Xiaoyun,28071647,6
Dong,28071647,9
Dawei,28071647,6
Michael,246355,3
ask,246355,14
Torgo,246355,6
Margaret,246355,6
Debbie,246355,2
Kercher,30741010,1
Postale,30741010,13
Lumumba,30741010,11
Knox,30741010,3
Filomena,30741010,3
Mignini,30741010,19
Guede,30741010,5
Sollecito,30741010,6
Guang,23015540,17
Nezha,23015540,17
Zhenren,23015540,12
Ward,24235116,9
Allende,983560,0
McEnroe,983560,8
Silvana,983560,10
Infante,983560,21
Shrikanth,4180523,12
Menon,4180523,11
Anbuchhelvan,4180523,24
Arul,4180523,0
Swathi,4180523,2
Anbuchelvan,4180523,6
Madlyn,1112640,18
Julie,1112640,3
Kelton,11829180,13
Sin,11829180,2
Yu,11829180,3
Diamond,11829180,10
O'Neill,11829180,12
Soon-hee,11829180,20
Louise,11829180,0
Jae-sin,11829180,18
Rhee,11829180,15
Kim,11829180,17
Dulles,11829180,8
Klaus,11829180,16
Burnett,13421923,14
Michael,13421923,23
Chopra,13421923,0
Jenny,13421923,6
Pandey,13421923,20
Guru,13421923,10
Johar,13421923,23
Gacy,23958867,11
Dahmer,23958867,24
Stravinsky,23958867,13
Ringo,23958867,17
Freddy,8973010,11
Franklin,8973010,15
Stoney,25011142,18
Louis,25011142,16
Mary,25541925,6
Peterson,25541925,4
Walsh,25541925,13
Bensley,25541925,9
Enos,1731114,12
Cletus,1731114,3
Junior,1731114,4
Smokey,1731114,2
Buford,1731114,3
Cledus,1731114,3
Bo,1731114,3
Garou,18392617,3
Spencer,18392617,4
Sheldon,18392617,4
Perez,18392617,8
Liza,18392617,8
Max,18392617,3
Adam,18392617,17
Xiaowei,34970809,9
Brooke,22165686,21
Sophie,22165686,15
Normandin,871080,9
McRory,871080,1
Raoul,871080,11
Mai,30170055,21
Francis,30170055,11
Phong,30170055,7
Kate,30170055,12
Barlow,33927471,15
Taggart,33927471,11
Bindiya,20904652,5
Parekh,20904652,2
Goswami,20904652,1
Chakraborty,20904652,21
Dutt,20904652,2
Arufon,19137519,6
Dezarium,19137519,16
Yamanami,19137519,8
Kato,19137519,4
black,19137519,5
Sada,19137519,4
Scaldart,19137519,17
Sanada,19137519,7
Kodai,19137519,3
Sasha,19137519,4
Yuki,19137519,17
Baxter,473086,3
Rex,473086,13
Herb,473086,17
Hall,473086,11
Mike,473086,17
Darrow,473086,13
Driscoll,473086,3
Sumner,473086,11
Denham,473086,6
Ann,473086,4
Englehorn,473086,3
Derby,2917039,8
Lazzaro,2917039,15
Pilgrim,2917039,22
Wildhack,2917039,1
Daw,26137538,14
Jasper,26137538,5
Wallingford,26137538,6
Wells,26137538,15
Ariana,9457255,6
Federica,9457255,13
Andrea,9457255,3
Sasha,9457255,23
Julio,9457255,3
Lang,9457255,20
Zerboni,9457255,18
Shrikanth,35681617,12
Mathur,35681617,0
Daamodar,35681617,3
Jimmy,35681617,12
Pasha,35681617,22
Radha,35681617,14
Vikram,35681617,23
foreman,909006,0
Regina,909006,7
Anita,909006,21
Olmo,909006,21
Ada,909006,2
Alfredo,909006,9
Pioppi,909006,1
Atilla,909006,23
Attila,909006,24
Dalc,909006,10
Mellanchini,909006,7
Berlinghieri,909006,4
Kalou,19744057,7
Steven,25983245,21
Leachman,25983245,17
Reid,25983245,18
Sanjana,9129523,9
Sandy,9129523,3
Rohan,9129523,16
Devi,9129523,5
Richa,9129523,4
Sid,9129523,4
Kabir,9129523,6
Madikizela-Mandela,32552492,21
Mandela,32552492,2
Shanti,725817,3
Baloo,725817,3
Khan,725817,13
Mowgli,725817,6
Louie,725817,17
Ranjan,725817,3
Ascalone,5216707,1
Vincenzo,5216707,17
Califano,5216707,8
George,27570672,14
Paul,6503761,6
Mark,6503761,11
Matt,6503761,2
Ben,6503761,2
Owen,6503761,2
Adam,6503761,6
Margot,33058811,2
Daniel,33058811,8
Lou,33058811,8
Kurahashi,3914787,21
Cossette,3914787,15
Eiri,3914787,21
Orlando,3914787,12
Archie,18986931,8
Mal,18986931,3
Diamond,18986931,3
Liz,18986931,20
Meredith,18986931,14
Loverboy,18986931,17
Tom,11382257,23
Jerry,11382257,23
Mouse,11382257,12
Babe,9122309,2
Randall,9122309,19
Connie,9122309,14
Steward,9122309,17
Christine,16569860,12
Rob,16569860,13
Jahar,11663591,4
Ballard,11663591,18
Collins,11663591,2
Windsor,11663591,18
Emily,11663591,4
Harrington,11663591,10
Roelf,22132828,6
Paula,22132828,8
Julie,22132828,2
Pool,22132828,18
Dirk,22132828,21
Hempel,22132828,8
DeJong,22132828,6
Peake,22132828,0
Dallas,22132828,3
O'Mara,22132828,12
Selina,22132828,21
Dileep,27161161,24
Thampuran,27161161,2
Batra,27161161,11
Mani,27161161,17
Meenakshi,27161161,10
Surja,19246346,3
Sumi,19246346,23
Indrajit,19246346,17
Chaitanya,29151231,3
Sudhakar,29151231,0
Padmini,29151231,18
Chimaanbhai,9034874,17
Divya,9034874,14
Janardhan,9034874,16
Singh,9034874,18
Shah,9034874,10
Paul,3869329,17
Howe,3869329,13
Ahme,3869329,6
Rossini,3869329,7
Algernon,3869329,4
Foot,3869329,6
Ringo,3869329,4
Evans,3869329,11
George,3869329,6
Swami,3869329,5
John,3869329,3
Marcott,26008427,19
Christine,26008427,6
Elroy,26008427,20
Rigney,26008427,20
Adams,26008427,1
Morgan,26008427,14
Heidee,33637445,6
Apostol,33637445,19
Andrew,33637445,3
Melissa,33637445,6
Dabu,36106169,7
Hai,36106169,2
Powers,1405054,0
Phelps,1405054,6
Rona,1436551,19
Angelo,1436551,21
Victoria,1436551,5
Wingate,1436551,8
Fisher,1436551,16
Krishnamoorthy,21141408,5
Simpatico,18241669,11
Rosie,18241669,8
Vinnie,18241669,16
Travers,34291403,11
Ibarra,34291403,2
Bhagavan,12064353,21
Gajapati,12064353,17
Ali,12064353,12
Birla,12064353,24
Murphy,10668224,13
Rinaldi,10668224,7
Emery,10668224,1
O'Neal,10668224,1
Ormond,10668224,20
Gallico,10668224,16
Claire,10668224,2
Karen,10668224,19
Prentiss,10668224,2
Bruce,10668224,11
Brighton,2983714,17
McQueen,2983714,4
Ho-nam,4600432,24
Chiu,4600432,7
Yao-Yang,4600432,13
Mun,4600432,17
Hon,4600432,1
Tiansheng,4600432,2
Li,4600432,20
Carrosa,31874889,4
Ainsworth,31874889,4
Suddha,2985951,10
Kong,1007009,23
Ann,1007009,23
Denham,1007009,18
Darrow,1007009,19
Tom,5880273,3
Jerry,5880273,3
Spike,5880273,23
Frankie,5880273,6
Butch,5880273,18
Aloysius,5880273,24
Enos,844078,12
Burdette,844078,2
Carrie,844078,17
Williams,844078,15
Junior,844078,17
Henry,844078,15
McCormick,844078,18
Darville,844078,7
Cledus,844078,0
Divya,14899728,6
Aadi,14899728,23
Vinod,14899728,21
Rao,28350035,2
Veeranna,28350035,3
Ranga,28350035,8
Balakrishna,28350035,3
Frida,29130246,7
Simon,29130246,3
Sam,29130246,6
Hanson,24739881,24
Mancora,24778931,21
Ximena,24778931,15
Crisp,997939,17
Cindy,997939,22
O'Hara,997939,17
Dominic,997939,7
Eleanor,997939,17
Rachel,997939,4
Jr.,997939,15
Kimble,997939,17
Palmieri,997939,17
Schlowski,997939,2
Jimmy,29450146,12
Mickey,29450146,6
Billy,29450146,14
Davis,29450146,22
Arthur,3782947,16
Tammy,3782947,10
Digalot,3782947,10
Jeff,3782947,7
Puplings,3782947,14
Marvin,3782947,24
Marie,3782947,4
Collette,3782947,21
McNasty,3782947,23
Gwizdo,19843601,24
Lian-Chu,19843601,16
Zoe,19843601,17
Hector,19843601,23
Arnold,19843601,15
Kaufman,317647,13
Lin,317647,4
Bond,317647,4
Gupta,317647,4
Roebuck,317647,11
Stamper,317647,4
Carver,317647,17
Renzong,3683909,13
Zhenzong,3683909,18
Chen,3683909,4
Huai,3683909,13
Lin,3683909,24
Guo,3683909,3
Zhu,3683909,4
Zhong,3683909,19
Palace,3683909,24
Kou,3683909,3
Zheng,3683909,24
Liu,3683909,5
Li,3683909,24
Cambridge,167924,20
Tracy,167924,9
Jordan,167924,14
Bittleman,167924,4
Reynolds,167924,16
Calvin,167924,3
Murph,167924,12
Ganesan,30403926,11
Darshan,30403926,11
Abraham,2974485,4
Archer,28066621,10
Ames,28066621,15
Howard,28066621,15
Brandon,28066621,16
Williams,29413852,18
Bobby,29413852,4
Hoffa,29413852,21
Kennedy,29413852,11
Powers,29413852,8
Wharton,29413852,9
Nixon,29413852,7
Johnson,29413852,0
Hoover,29413852,8
Partin,29413852,18
Crowley,18769096,18
Palmer,6430372,6
Hayden,6430372,15
Harry,6430372,5
Jo,6430372,3
One-Eye,32809361,15
Cory,32809361,19
Martin,32809361,2
O'Brien,32809361,22
Chizek,24706774,21
Beck,21423308,18
Stark,33159402,1
Darnelle,1727946,11
Vanessa,1727946,22
Christie,1727946,0
Gina,1727946,3
Joe,1727946,14
Willie,1727946,8
Norris,1727946,8
Helen,1727946,19
Jorge,1727946,2
II,19664801,17
Donald,19664801,9
MacDonald,19664801,6
Cope,19664801,20
Charles,19664801,13
Murray,19664801,15
Jimmie,19664801,18
Walkinshaw,19664801,22
James,19664801,12
Murania,3286039,9
Beetson,3286039,2
Autry,3286039,8
Betsy,3286039,12
Tika,3286039,18
Gene,3286039,12
Baxter,3286039,10
Botswaddle,14246985,9
Hamilton,14246985,17
Jackson,985064,3
Mk,985064,12
Martin,985064,5
Mancini,985064,24
Leelu,6745617,17
Nixon,6745617,20
Farnsworth,6745617,6
Nudar,6745617,17
Fry,6745617,23
Bender,6745617,17
Godbout,797990,1
Clark,10014541,24
Allen,10014541,20
Reema,12569581,13
Masood,12569581,23
Momi,12569581,6
Saud,12569581,24
Meera,12569581,6
Garc,5023150,22
Heaney,5023150,10
Stratas,5023150,16
Camila,5023150,19
Claire,31908,4
Tourneur,31908,23
Charlie,11774920,1
Bridget,11774920,13
Zara,11774920,23
Amir,11774920,3
Gills,967721,6
Bishop,967721,6
Rhonda,967721,13
Kim,967721,9
Denise,967721,0
Anna-Maria,967721,22
Shoop,967721,6
Kevin,967721,6
Alan,967721,4
Jerome,967721,11
Dave,967721,16
Robin,967721,1
Larry,967721,6
Mike,25175199,16
Christine,25175199,4
Carlson,25175199,7
Zonga,35723480,16
Alvin,35723480,1
Beheegan,35723480,19
Alvarez,35723480,19
Shwan,6283540,9
Nixon,5016250,7
Manhattan,5016250,17
Blake,5016250,11
Veidt\/Ozymandias,5016250,11
Rorschach,5016250,17
Jupiter\/Silk,5016250,19
Wilson,5016250,11
Dreiberg,5016250,18
Veidt,5016250,17
Avalyn,2141418,10
Eric,2141418,21
McCormick,2141418,6
Lackey,2141418,24
Brian,2141418,3
Neil,2141418,2
Johnny,451062,22
Sarah,451062,16
Adams,451062,5
Smith,451062,6
Weizak,451062,11
Stillson,451062,17
Bracknell,451062,11
Hugh,26857099,6
Brian,26857099,6
Elizabeth,26857099,4
Scottie,26857099,6
Mark,26857099,17
Julie,26857099,6
Matt,26857099,6
Holitzer,26857099,24
Kai,26857099,6
King,26857099,17
Speer,26857099,24
Alex,26857099,21
Hollander,19862344,13
Fielding,19862344,20
Maggie,19862344,8
Alson,19862344,8
Peter,19862344,13
Claire,19862344,23
Johnnie,29271529,4
Pat,29271529,4
Jim,29271529,6
Ronald,9219835,3
Jeff,9219835,14
Mary,9219835,6
Roscoe,2201463,10
Rani,7013440,8
Jamal,7013440,23
Rintoon,76377,17
Brennan,76377,6
Willard,76377,5
Frank,76377,6
Jack,76377,17
Mims,76377,6
Doretta,76377,20
Rebecca,5512801,16
Asher,5512801,16
Gromberg,5512801,0
Alex,5512801,16
Jackson,17119784,18
Hood,17119784,18
Blue,17119784,18
Fu,17119784,18
Komiya,24838369,6
Setsuko,24838369,21
Okada,24838369,18
Tokiko,24838369,4
Ajay,12929755,21
Pooja,12929755,3
Bobby,12929755,9
Kajal,12929755,3
Joshi,12929755,7
Malhotra,12929755,3
Singh,12929755,6
Suchitra,12929755,3
Yogi,12929755,6
Golubeva,8343962,5
Katja,8343962,2
David,8343962,4
Holzgang,1330220,19
Kuzak,1330220,22
Cain,1330220,4
Faxx,1330220,13
Johnson,1330220,23
Sam,14882944,3
Cahill,14882944,15
Maggie,14882944,8
Isabelle,14882944,8
Joe,14882944,16
Willis,14882944,14
Grace,14882944,6
Tommy,14882944,3
Stepney,15670779,7
Dorset,15670779,12
Gryce,15670779,3
Selden,15670779,6
George,15670779,13
Bart,15670779,19
Lily,15670779,21
Peniston,15670779,20
Trenor,15670779,21
Grace,15670779,9
Hatch,15670779,3
Rosedale,15670779,4
Bertha,15670779,6
Fisher,15670779,21
Jackson,32600481,17
Williams,32600481,16
Neff,32600481,1
Hunter,32600481,0
Wayne,32600481,8
Olin,32600481,17
Magrew,32600481,17
Reagan,32600481,15
Waynes,32600481,2
Bob,10387685,0
Betty,10387685,8
Jafar,73170,17
Aladdin,73170,3
Jasmine,73170,24
Ali,73170,13
Sultan,73170,23
Abu,73170,16
Davenport,525292,8
God,525292,24
Aziz,525292,21
Hidalgo,525292,16
Jazira,525292,13
Riyadh,525292,8
Tanka,525292,11
Hopkins,525292,4
Mark,9399204,17
Peter,9399204,19
Diaboltin,9399204,2
Elaine,9399204,4
Jack,9399204,4
Sigurd,9399204,19
Burke,9391797,20
Scribner,9391797,1
Tucker,9391797,18
Pat,9391797,21
Tarlock,9391797,21
Ben,9391797,21
Dolores,9391797,6
Blomkvist,24155032,13
Annika,24155032,6
Mikael,24155032,3
Salander,24155032,10
Bjurman,24155032,10
Teleborian,24155032,16
Sandberg,24155032,18
Janeryd,24155032,23
Gullberg,24155032,17
Niedermann,24155032,1
Erika,24155032,6
Jonasson,24155032,17
Zalachenko,24155032,10
Rottinger,24155032,16
Lisbeth,24155032,3
Stephen,24155032,22
Sonny,24155032,3
Brion,8909666,2
Miller,6029546,24
Morgenstern,6029546,20
Liebowitz,6029546,17
Mahmoud,6029546,22
Ellen,6029546,6
Dolan,6029546,13
Denny,6029546,23
Rox,6029546,5
Sussman,6029546,11
Donenfeld,6029546,10
Lorelei,6029546,1
Pandian,22903422,6
Hideki,1686611,3
Kigata,1686611,3
Nana,1686611,24
Ayaka,1686611,3
Shmi,50793,19
Watto,50793,12
Palpatine,50793,3
Gunray,50793,8
Jedi,50793,17
Jar,50793,21
Knight,50793,4
Skywalker,50793,21
Anakin,50793,21
Amidala,50793,4
Vader,50793,22
Maul,50793,22
Valorum,50793,4
Kenobi,50793,1
Obi-Wan,50793,8
Mina,23624423,6
Ly,1546168,4
Steve,1546168,2
Hayslip,1546168,19
Butler,1546168,19
Christine,32099247,8
Garth,32099247,20
Churchill,32099247,0
Barnes,32099247,8
Langley,32099247,8
Ferlinghetti,24770245,15
Ginsberg,24770245,9
Tennison,23767889,20
Laura,23767889,14
Collins,23767889,0
Vince,23767889,15
Bobby,23767889,6
Fortner,23767889,11
Stacy,23767889,3
Anderson,23767889,17
Nicki,23767889,6
Carla,23767889,13
Ye,9554269,8
Feng,9554269,20
Xing,9554269,13
Reiser,9554269,6
Silver,9554269,9
Lutz,7849254,11
Canton,7849254,11
Freehorn,7849254,24
Felipe,30658152,23
Fralick,23777979,19
Mike,23777979,11
Cindy,23777979,6
Sharon,23777979,21
Cathy,961796,0
Jarrod,961796,17
Igor,961796,5
Gray,961796,23
Burke,961796,22
Allen,961796,7
Fred,11876523,3
Jessica,11876523,16
Stacy,11876523,10
Feldman,11876523,1
Lincoln,11876523,2
Mike,11876523,3
Justin,11876523,6
Hart,11876523,5
Matthews,11876523,15
Lillard,11876523,10
Ronny,11876523,24
Balakrishnan,32090977,15
Chandramoulishwar,32090977,17
Chandran,32090977,23
Swami,32090977,6
Kishore,32090977,17
Ubaid,32090977,17
Jospeh,32090977,0
I.A.S,32090977,17
Bodheswari,32090977,23
Ramdas,32090977,15
Bharath,32090977,17
Madhavan,32090977,20
Sudarshan,32090977,24
John,32090977,13
Mata,32090977,8
Rana,32090977,17
Shankar,32090977,6
Joseph,32090977,16
Imran,32090977,24
Emma,32090977,17
Caroline,7538545,2
Cooper,7538545,6
Josiah,7538545,13
TJ,7538545,6
Martilla,7538545,21
Zeke,7538545,3
Marcus,9364830,20
Miko,9364830,1
Sultana,9364830,14
Delacroix,9364830,13
Johnson,9364830,3
Stiles,9364830,20
Miles,9364830,12
Sara,9364830,21
Deathgyunos,1610640,18
Linaly,1610640,22
Valcus,1610640,11
Chan,30232393,23
Aki,27514945,6
Masaru,27514945,8
Kawano,27514945,21
Kyoko,27514945,19
Jane,14034915,4
Tarzan,14034915,17
Greystoke,14034915,15
Clayton,14034915,20
Kenny,14034915,0
Porter,14034915,12
Jessmon,25566018,8
Charlotte,25566018,1
Sands,25566018,19
Jennifer,25566018,13
Jonathan,25566018,6
Stephen,25566018,6
Miranda,25566018,3
Sada,25566018,6
Jenny,25566018,21
Reeve,25566018,12
Jessmons,25566018,10
Jodie,25566018,6
Hannah,25566018,4
Sands,6647358,20
Claire,6647358,20
Duchovny,6647358,11
Blossom,6647358,10
Nathan,9808649,6
Marni,9808649,6
Largo,9808649,21
Mag,9808649,2
Luigi,9808649,21
Shilo,9808649,3
Wallace,9808649,1
Nadia,34977771,2
Prabhu,34977771,15
Chandran,34977771,24
Sathyaraj,34977771,19
Rutland,2570318,5
Haversack,2570318,0
Easton,2570318,20
Davis,2570318,1
Banu,34155454,6
Maragathambal,34155454,10
Gopal,34155454,21
Bhayalakshmi,34155454,8
Bhagyam,34155454,5
Bernice,3146380,13
Ramona,3146380,3
Pruitt,3146380,13
Birdee,3146380,13
Bill,3146380,13
Matisse,3146380,8
Andreas,8080890,21
Symes,8080890,4
Fischer,24268278,13
Peter,24268278,21
Sherry,9489391,3
Paul,9489391,2
London,9489391,10
Otto,9489391,17
Mark,9489391,3
Pam,9489391,3
Carl,9489391,3
MacDonald,9489391,7
Mary,9489391,5
Chatham,9489391,23
Rosemary,9489391,21
Roy,9489391,1
Fraser,9489391,21
Allison,9489391,6
Sheriff,9489391,6
Lisa,9489391,3
Tony,30849012,3
see,30849012,24
Earl,30849012,3
Jenny,30849012,19
Jake,30849012,3
Claire,30849012,3
Amanda,30849012,23
Ethan,30849012,17
Aupolous,30849012,17
Tolik,20066677,1
Ryizhkov,20066677,13
Alden,686022,4
Laura,686022,3
Alezais,686022,3
Alder,686022,14
Stewart,686022,24
Swinton,686022,11
Bridger,686022,17
Randall,686022,23
Berit,9127971,18
Voldar,143259,22
Shim,143259,22
Kimar,143259,13
Dropo,143259,3
Fred,433414,15
Nestor,433414,17
LeBeck,433414,18
Rhonda,433414,14
Chang,433414,22
Bixby,433414,9
Gummer,433414,3
Earl,433414,3
Wallace,433414,1
Gross,433414,14
Burt,433414,9
Raja,10723393,21
Babu,10723393,0
Shakuntala,10723393,21
Pyaara,10723393,15
Bhanu,10723393,3
Lucy,1710667,3
Adie,1710667,9
Myfanwy,1710667,5
Bryn,1710667,6
Lewis,1710667,1
Cartwright,1710667,9
Greyo,1710667,18
Walsh,1710667,24
Dai,1710667,16
Hema,31133228,1
Lazer,31133228,2
Narayanankutty,31133228,9
Sridevi,31133228,0
Jonathan,13414244,5
Kumar,32578669,20
Vimal,32578669,19
Mahendar,32578669,3
Marlon,5589362,23
Jessica,5589362,10
Boyle,5589362,1
Loup,9637568,20
Hugh,9637568,16
Sharpe,9637568,17
Perkins,9637568,10
Juanita,9637568,17
Harper,9637568,21
Kiely,9637568,17
Runciman,9637568,16
Shen,7143242,6
Chen,7143242,24
Dunbar,18885034,12
Danny,3607618,17
Travis,3607618,3
Stephen,3607618,23
O'Reilly,3607618,2
Matt,3607618,17
Charlie,3607618,17
Patterson,3607618,20
Rex,3607618,23
Emma,3607618,3
Emanuella,25818173,1
Leonardo,25818173,9
Alvia,25818173,12
Misra,31988272,5
Mohanty,31988272,20
Debajani,31988272,3
Smitty,13777365,19
Gorilla,13777365,0
Potamus,13777365,6
Dick,13777365,3
Doodle,13777365,9
Yogi,13777365,13
Gator,13777365,6
Rugg,13777365,5
Bear,13777365,3
Boo,13777365,7
Tut,13777365,17
Taylor,18896556,11
Quentin,18896556,9
Cholon,18896556,12
Askin,18896556,9
Malone,18896556,17
James,18896556,12
Tone,18896556,9
Rice,4139874,22
Rumsfeld,4139874,9
Bush,4139874,6
Cheney,4139874,17
George,27091137,3
Sally,27091137,6
Dustin,27091137,13
Miller,1172977,4
Lescovar,1172977,4
Fox,1172977,18
Barnsby,1172977,3
Schroeder,1172977,6
Edward,1172977,9
Shaw,1172977,4
Robert,1172977,4
Drazak,1172977,10
Mallory,1172977,5
Byrne,1172977,14
Marko,1172977,4
Reynolds,1172977,17
Nicolai,1172977,5
Tito,1172977,9
Petrovich,1172977,5
Weaver,1172977,3
Maritza,1172977,17
Chan,30323221,18
Maggie,6672250,21
Charlie,6672250,6
Bert,6672250,20
Moore,5882475,19
Moskowitz,5882475,19
Minnie,5882475,14
Talen,6047259,0
Billy,6047259,7
Gjenev,29644482,9
Arben,29644482,7
Blakely,24860307,3
Deveraux,3432108,11
Jennifer,3432108,19
Matthews,3432108,2
Smith,3432108,20
Buck,3432108,3
Jamie,3432108,3
J.B.,3432108,3
Charlie,6517453,3
Smith,6517453,19
III,6517453,24
Bessie,6517453,3
Sandor,2091800,6
Alan,2091800,17
Klove,2091800,17
Charles,2091800,3
Ludwig,2091800,21
Dracula,2091800,4
Diana,2091800,4
Helen,2091800,4
Logand,5860476,12
Anna,5860476,17
Noone,5860476,6
Jess,5860476,12
Donna,5860476,21
Kazami,11655972,19
Hongo,11655972,21
Rider,11655972,4
Kikuma,11655972,23
Ichigo,11655972,1
Chiharu,11655972,3
Ichimonji,11655972,13
Charlotte,225554,16
Helena,225554,24
Viktor,225554,11
Eva,225554,21
Andergast,225554,8
Harry,7252487,12
Claire,7252487,15
Trish,1690432,3
Jenner,1690432,3
Darry,1690432,23
Maria,23007275,4
Amon,23007275,4
Julie,2175294,21
Williams,2175294,19
Raja,2175294,4
Jeanne,22799606,21
Hubert,28947608,13
Fournier,28947608,6
Lauriebat,28947608,12
Viki,17565431,22
Liuxiang,28285223,4
Clegg,28211412,19
Pat,28211412,15
Betty,28211412,19
Higgins,28211412,16
Alejo,9872447,16
Matias,9872447,23
Esteban,9872447,23
Damian,9872447,19
Guido,9872447,20
Danny,35999139,6
Ortiz,35999139,21
Miller,35999139,23
Stefan,35999139,6
Kay,35999139,21
MacDaddy,35999139,15
Bonaface,35999139,9
Shinehead,35999139,17
Annalise,35999139,22
Mulligan,27466117,0
Monty,27466117,0
Magee,14298077,19
Romeo,9532999,10
Emme,9532999,24
Evan,9532999,0
Smith,9532999,16
Dave,9532999,21
Harvey,9532999,4
Ling,9532999,7
Manansala,18655054,12
Rudy,18655054,9
Rowena,18655054,21
Lourdes,18655054,9
Pineda,18655054,14
Jess,18655054,13
Conrad,18655054,5
Collins,4213160,18
Joe,4213160,23
Sarge,4213160,6
Kessel,4213160,12
Bosworth,21847912,7
Simmons,21847912,9
Persis,21847912,12
North,21847912,12
Castle,14536033,17
Brother,14536033,10
Smith,14536033,10
Simon,14536033,20
Angie,14536033,2
Tillman,14536033,3
Cleveland,9652328,21
Gallagher,9652328,3
McKinley,9652328,6
Elliott,9652328,13
Lucille,9652328,6
Hodges,9652328,6
Erickson,9652328,13
George,9652328,15
Keith,33371480,12
Kwan,33371480,22
Jane,33371480,6
Fred,33371480,12
Aarti,32570744,5
Mathur,32570744,19
Varma,32570744,14
Pope,4922991,3
Mobley,4922991,17
Natalie,4922991,7
Igor,7591721,16
Jaclyn,7591721,3
Malbert,7591721,17
Eva,7591721,4
Schadenfreude,7591721,3
King,7591721,10
Annie,7591721,12
Taylor,5492073,4
SCTV,5492073,0
Sarrazin,5492073,14
Perkins,5492073,1
Chaykin,5492073,9
Norah,25619875,14
Black,25619875,3
Porter,25619875,21
Henry,1100688,13
Thomas,1100688,12
Linden,1100688,2
Samuels,1100688,13
Mary,1100688,3
Flatley,13911153,12
Barbara,13911153,2
Emily,13911153,4
Curry,13911153,17
Tanner,5781218,4
Keegan,5781218,1
Perry,5781218,17
Juan,23753810,24
Micheline,23753810,2
Clarence,23753810,3
Rousseau,23753810,12
Claudia,8055027,3
Lilli,8055027,3
Gustav,8055027,4
Frederick,8055027,14
Hoffman,8055027,11
Gutenberg,8055027,17
Zelda,17139347,4
Baxis,17139347,16
Ann,17139347,13
Willow,12993849,9
Jimmy,12993849,3
Vinnie,12993849,3
Addie,12993849,3
Fisher,12993849,3
Jules,12993849,6
Kei,1607540,6
Son,1607540,14
Chan,1607540,24
Shinji,1607540,1
Sho,1607540,3
Mallepa,1607540,23
Jerry,12840836,12
Stella,12840836,6
Carmen,12840836,21
Castro,12840836,19
Brimmer,21427848,7
Dimmock,9713368,2
Gordon,9713368,14
Marrable,9713368,3
Tinsley,9713368,23
Turner,4367482,24
Barrington,4367482,8
Norton,4367482,14
Karansky,4367482,4
Marlo,4367482,9
Alexei,4367482,6
Manners,4367482,14
Karolny,4367482,10
Chambers,4367482,7
Cory,32174783,10
Bunteng,8250603,2
Suwanna,8250603,20
Nong,8250603,14
Pratap,8288529,18
Ajgar,8288529,14
Surya,8288529,21
Sonia,8288529,2
Akash,8288529,14
Madan,8288529,11
Singh,8288529,10
Jurrat,8288529,15
Bhardwaj,8288529,8
Prabat,8288529,6
Jim,28124815,15
Lisa,28124815,21
Rayborn,28124815,15
Costa,14815506,4
Zeder,14815506,22
Stefano,14815506,3
Meyer,14815506,13
Gabriella,14815506,23
Alessandra,14815506,6
Roberts,358263,5
Bonnie,358263,6
Gudmundsdottir,358263,15
Levy,358263,4
Griffin,358263,15
Mill,358263,3
Sherow,358263,15
June,358263,2
Willis,358263,5
Levison,358263,9
Kahane,358263,6
Stuckel,358263,15
Rojas,779790,18
Guerrero,779790,12
Anibal,779790,1
Maribel,779790,11
Griselda,779790,2
Padhinaaru,32161398,17
Komal,7581816,3
Raja,7581816,24
Bhai,7581816,23
Pillai,7581816,3
Malhotra,7581816,6
Blake,7238599,1
Merry,7238599,13
Liz,7238599,24
Adams,7238599,0
Hamilton,7238599,24
Jane,26792675,3
Manny,26792675,12
Cruickshank,26792675,6
Spike,26792675,3
Fiona,26792675,3
Manuel,26792675,20
J.,26792675,3
Stone,26792675,19
Kristin,26792675,6
Emma,26792675,23
Declan,26792675,6
Robert,14854543,9
Ravi,14854543,24
Julie,14854543,19
Reena,14854543,11
Mayumi,12271243,4
Tanaka,12271243,17
Ramos,12271243,1
Abe,12271243,18
Juan,1008396,3
Zapata,1008396,2
Mallory,1008396,15
Villega,1008396,13
Jaime,1008396,8
Miranda,1008396,15
Reza,1008396,16
Villa,1008396,22
John,1008396,3
Nolan,1008396,9
McIntyre,180993,24
Jerry,180993,14
Rennie,180993,21
Durrance,180993,14
Jaquith,180993,13
Christine,180993,20
Loder,180993,11
Patrick,180993,8
Tina,180993,6
Lisa,180993,21
Adam,4690238,16
Mizuki,4690238,21
Vittodaa,20163502,18
Honai,20163502,3
Appukuttan,20163502,21
Nagar,20163502,7
Kutty,20163502,3
Philip,20163502,18
Toomey,2097287,3
Samuels,2097287,13
Spool,2097287,13
Lila,2097287,3
Crane,2097287,24
Bates,2097287,23
Mary,2097287,3
Norman,2097287,3
Loomis,2097287,23
Mother,2097287,17
Raymond,2097287,3
Scorsese,30923442,16
Leonard,30923442,2
Bernard,30923442,21
Thornberry,30923442,3
Hitchcock,30923442,20
Fumito,9362663,23
Mark,9362663,8
Chung-Chung,9362663,2
Chang,9362663,6
Frost,22121117,23
Sophie,22121117,23
Virgil,441315,17
Floyd,441315,14
Drexl,441315,22
Whitman,441315,18
Elvis,441315,10
Worley,441315,6
Spivey,441315,22
Clarence,441315,17
Elliot,441315,3
Presley,441315,13
Ritchie,441315,19
Donowitz,441315,3
Alabama,441315,23
Nicholson,441315,17
Coccotti,441315,14
Davis,8206306,10
James,13049327,19
Warhol,13049327,0
Boris,13049327,17
Griffin,13049327,17
Price,13049327,17
Dennis,4605171,4
Polk,4605171,23
Welker,4605171,24
Morris,4605171,13
Harry,24160887,22
Robbins,24160887,4
Sarah,24160887,2
Rohrer,17719953,8
Shanks,17719953,23
Faversham,5714284,21
Durrance,5714284,4
Allen,5714284,20
Burroughs,5714284,20
Kitchener,5714284,9
Sutton,5714284,4
Sangali,5714284,2
Harraz,5714284,13
Madhuram,36033931,7
Kamaraj,36033931,11
Reynolds,1964205,2
Paddy,1964205,22
Zarth,4300779,6
Jedi,4300779,12
Jennifer,4300779,11
Gregory,4300779,11
James,4300779,10
Tom,4300779,3
Greedo,4300779,12
Greg,4300779,3
Solo,4300779,21
Jenny,4300779,6
Harrison,4300779,8
Stewart,4300779,10
Katai,4300779,10
Lucas,4300779,0
Judah,23654661,18
Collins,23654661,12
Jr,23654661,12
Lewis,23654661,24
Black,23654661,8
Resto,23654661,6
Drath,23654661,6
Curley,23654661,7
Moore,23654661,11
Neela,26810153,23
Sunil,26810153,23
Min-Jun,15021454,19
Kyle,3578336,3
Martha,3578336,6
Rose,3578336,3
Riddick,34541698,9
Johnny,8417189,16
Fabrice,8417189,2
Hallyday,8417189,15
Jean-Philippe,8417189,11
Susan,5336170,19
Anderson,5336170,12
Kinnear,5336170,11
O'Reilly,9100609,9
Vivino,9100609,13
Meenakshi,28378886,2
Strawberryland,10116734,11
Shortcake,10116734,1
Spence,1386250,2
Johnny,1386250,20
Iggy,1386250,6
Chi,1386250,16
Mac,1386250,8
Adam,1386250,4
Patusanis,1386250,20
Dave,31738289,12
Sonny,31738289,17
Vincent,31738289,12
Maxwell,35521201,8
Anna,35521201,19
Sivle,35521201,17
Hampton,8644405,15
Norton,8644405,7
Victor,8644405,23
Tanner,8644405,5
Shane,8644405,6
Bill,8644405,5
Leo,2736433,23
Egg,2736433,9
Moustache,2736433,13
Plus,2736433,13
Lemonade,2736433,23
Jack,2736433,16
Minus,2736433,13
Nasimi,27632526,21
McKinley,24170932,20
Bannister,36477825,24
Frank,36477825,24
Su,20053452,8
Winchell,14719555,11
Mahoney,14719555,12
Nirmala,22628915,8
Sachidanandham,22628915,21
Vishwanathan,22628915,13
Chinnamalai,22628915,19
Chidambaram,22628915,23
Kanchana,22628915,14
Ashok,22628915,6
Sc,22628915,9
Meena,22628915,19
Vasu,22628915,6
Peng,8656096,15
Kerans,8656096,10
Mithun,14289904,18
Dhwani,14289904,13
Malayil,14289904,21
Madhavan,14289904,5
Angel,7999803,23
Malloy,7999803,9
Riggs,7999803,9
II,12662464,24
Garibaldi,12662464,24
Moose,9613761,18
Jen,9613761,9
Robbie,9613761,21
Eddy,18683970,10
Duncan,18683970,9
Orviston,18683970,10
Nell,1152328,16
Kalo,1152328,17
Cowboy,1152328,3
Akira,1152328,13
Saint-Exmin,1152328,18
Cayman,1152328,10
Shad,1152328,3
Nestor,1152328,16
Sador,1152328,17
Peppard,1152328,0
Nanelia,1152328,4
Tembo,1152328,24
Malmori,1152328,4
Charles,9911722,17
Judith,23409028,21
Nicolas,23409028,13
Gabriel,23409028,13
Ami,22965162,23
Yoshie,22965162,12
Bridges,3592476,12
Deyer,32943687,21
Dwyer,32943687,19
Roger,32943687,3
Colville,32943687,10
Ned,32943687,6
Maisie,32943687,13
Oliver,32774866,15
Kitty,32774866,12
Owl,32774866,15
Qinqin,17311482,12
Ye,17311482,8
Niuniu,17311482,21
Buscafusco,90156,6
Lauper,90156,11
Steele,90156,0
Nick,90156,17
Louise,90156,14
Sylvia,90156,4
Swedlin,90156,17
Deezy,90156,10
Pickel,90156,9
Dylan,26149260,6
Mara,26149260,15
Borelli,26149260,0
Elizabeth,26149260,6
Marcus,26149260,17
Cysnos,26149260,13
Ryan,26149260,10
Wolfgang,26149260,18
Cassandra,26149260,2
Vargas,26149260,4
Dog,26149260,6
Deckler,26149260,14
Magnus,8247295,9
Peter-No-Tail,8247295,4
Peter,8247295,6
Gold-Tail,8247295,19
Swanson,8247295,18
Murfin,30782658,19
Donay,30782658,19
Ranganathudu,14138235,3
Pundarika,14138235,23
Krishna,14138235,6
Lingaraju,27856783,17
Kamala,27856783,13
Rao,27856783,5
Tom,10271278,4
Jerry,10271278,6
Rana,23409969,18
Sunil,23409969,8
Sinha,23409969,7
Singh,23409969,18
Rohan,23409969,18
Ritesh,30710807,15
Niranjan,30710807,20
Virani,30710807,3
Bajirao,30710807,6
Subodh,30710807,3
Ambani,30710807,10
Vishnu,30710807,6
Vardhan,30710807,6
Nayar,30710807,10
Fred,7682778,3
Nick,7682778,3
Claus,7682778,7
Charlene,7682778,15
Gibbons,7682778,1
Willy,7682778,6
Blinkowski,7682778,4
Northcutt,7682778,20
Jr.,7682778,8
Nicholas,7682778,15
Frederick,7682778,12
Bacon,3116944,4
Abby,3116944,12
Cheryl,3116944,6
Hickey,3116944,14
Jennings,3116944,11
Marvin,3116944,9
Laura,1589300,16
Kyle,1589300,17
Michael,1589300,3
Stern,1589300,14
Charles,1589300,17
Lois,1589300,21
Boyd,1589300,17
Fisher,1589300,23
Adam,1589300,21
Tina,1589300,10
Bhatti,32755760,16
Khan,32755760,5
Bush,32755760,0
Alice,32755760,2
Siddique,32755760,10
Geetha,31155849,23
Prabhakaran,31155849,23
Kadeeja,31155849,2
Nair,31155849,6
Pillai,31155849,11
Murali,31155849,7
Raghu,31155849,13
Kaimal,31155849,21
Dinsmore,21354935,15
Downey,21354935,17
Paul,26368124,21
Belmondo,26368124,3
Martine,26368124,23
Christine,26368124,4
Ginko,5327576,17
Matsuda,5327576,8
Toru,5327576,16
Isobe,5327576,8
Kumara,5327576,13
Paira,5327576,20
Lucas,9671700,14
Sansone,9671700,5
Leyes,9671700,5
Daniel,9671700,3
Miguel,9671700,12
Coles,6882568,9
Martin,6882568,12
Molloy,6882568,18
Larkin,6882568,24
Tognazzi,21743943,16
Bharathi,9691015,8
Renuka,9691015,21
Kannan,9691015,2
Kaiser,168483,17
Carroca,168483,15
Morty,168483,16
Mitchell,168483,9
Stan,168483,2
Swann,168483,23
Benjy,168483,17
Stone,168483,0
Tess,168483,5
Lasseter,32848921,3
Buck,32848921,4
Hamre,32848921,24
Pittendrigh,32848921,5
Koichi,19138101,19
Bogard,16396774,13
Rugal,16396774,17
Saisyu,16396774,19
Shiranui,16396774,24
Bernstein,16396774,16
Iori,16396774,4
Kusanagi,16396774,4
Mai,16396774,3
Yagami,16396774,7
Kagura,16396774,17
Scott,16396774,4
Salieri,25872617,6
Rick,13364985,17
Jill,13364985,21
Wagner,28010622,15
Ellisman,28010622,12
Mitchell,28010622,14
Janice,28010622,21
Gold,28010622,13
Jameson,5876575,12
Taylor,5876575,4
Takane,5876575,3
Brooks,5876575,21
Claiborne,5876575,14
Harold,5876575,3
Daniel,2247689,6
Zebubb,2247689,11
B.L.,2247689,6
Weezel,2247689,6
Watanuki,14270026,3
Rashed,32494263,21
Muktibahini,32494263,24
Ibu,32494263,10
Shafiq,32494263,10
Bonnie,1199638,22
Melvin,1199638,3
Lynda,1199638,3
Hughes,1199638,16
Dummar,1199638,21
Lockwood,1936491,6
Ivan,1936491,24
Tarbell,1936491,10
Kovelenko,1936491,3
Jenkins,3027915,23
Vanbrugh,31667694,22
Brandon,31667694,24
Veil,31667694,12
Geste,31667694,14
Sam,14727790,14
Wen,14727790,11
Fei,14727790,2
Ling,14727790,2
Taylor,3501043,9
Muller,3501043,6
Bartok,3501043,21
Evelyn,3501043,13
Frederick,3501043,6
Swangron,3501043,13
Hahn,3501043,18
Stansyck,3501043,2
Taylor,4104442,6
Kiran,4877390,13
Laila,4877390,14
Saravanan,4877390,13
son-in-law,4877390,3
Flip,13289619,3
Turpin,13289619,1
Agar,30814842,7
Buesst,30814842,11
Kerwin,6184001,22
Benson,6184001,14
Jill,6184001,24
Conan,30724514,6
Oprah,30724514,2
Ellen,30724514,4
Yoshioka,8359558,6
Shire,4859540,18
Randalf,4859540,18
Leg-O-Lamb,4859540,6
Billboy,4859540,6
Kane,7094678,12
Boop,7094678,4
Bauer,16352214,9
Partiz,16352214,20
Ray,16352214,21
Claire,16352214,21
Koval,16352214,22
Tully,16352214,13
Stenwick,16352214,6
Garsik,16352214,20
Frailes,16352214,7
Maria,23832214,14
Pilten,23832214,15
Jakob,23832214,19
Rubin,2023704,12
Amelia,2023704,17
Donaghy,2023704,9
Thelma,2023704,17
Thompson,2023704,16
Cheney,2023704,4
Aaron,3088906,6
Williams,3088906,16
Bonnie,3088906,6
Bernstein,3088906,10
Loser,3088906,10
Prince,3088906,3
Susan,3088906,6
Roman,3088906,16
Bill,3088906,6
Shelby,3088906,2
Davis,3088906,6
Arnold,3088906,17
Mandeville,3088906,1
Johnny,3088906,6
Kebbel,3088906,23
Curtis,3088906,8
Radha,10792112,9
Ball,1543888,1
Beardsley,1543888,6
Frank,1543888,6
North,1543888,19
Harrison,1543888,6
Mike,1543888,15
Fonda,1543888,16
Helen,1543888,6
Nikki,2884125,4
Lisa,2884125,4
Winslow,2884125,16
Kenneth,2884125,3
Sandhya,24537445,4
Hu,1769134,2
Watanabe,1769134,24
Lin,1769134,18
Costello,1769134,24
Kelly,1769134,24
Chien,1769134,24
Veitch,1769134,4
Imanaka,1769134,24
Hua,1769134,19
Imoguchi,1769134,13
Ted,1769134,15
King,1769134,2
Perry,14007996,15
Nancy,14007996,14
Clevelend,14007996,15
Mary,24478946,12
Billy,17390473,19
Bonnie,17390473,19
Tom,12830791,3
Jerry,12830791,17
Block,9385381,17
Kimberly,9385381,3
Hokstedter,9385381,10
Jessica,9385381,17
Linda,9385381,4
Orville,9385381,17
Suzanne,9385381,3
Shawlee,9385381,12
Janey,9385381,6
Ketchum,9385381,17
Henry,1623233,17
Suffulk,1623233,24
Doyle,1623233,23
Sheldrake,1623233,16
Rose,1623233,24
Gilbert,1623233,18
Detective,1623233,7
Ackroyd,1623233,13
Barton,1623233,3
Nora,1623233,3
Boyd,15706563,12
Corrina,19337214,2
Molly,19337214,21
Loren,19337214,1
Singer,19337214,2
Stalin,16594145,14
Dzerzhinsky,16594145,12
Gravelle,15092167,19
Charlie,15092167,16
Hohensee,28301310,16
Nicole,28301310,16
Validus,22151344,3
Gwen,22151344,16
Ben,22151344,17
Max,22151344,23
Kevin,22151344,3
Nanomech,22151344,23
Elena,22151344,6
Farley,33392121,22
Peacock,3565252,23
Scott,3551668,22
Lola,3551668,2
Mazzel,25564963,1
Chamberlin,25564963,22
Enrica,29161786,14
Valentina,29161786,8
Giovanni,29161786,3
Ralph,12275655,3
Cleo,12275655,18
Warren,12275655,18
Oppenheimer,12815847,9
Truman,12815847,0
Einstein,12815847,6
Groves,12815847,20
Eisenhower,12815847,20
Szilard,12815847,24
Soniya,4966576,21
Easwar,4966576,13
Ajay,4966576,6
Sriram,4966576,6
Danny,6321630,6
Theresa,6321630,21
Buonarte,6321630,18
Doyle,6321630,9
Patrick,6321630,3
Acropolis,6321630,15
Luna,6321630,2
Muldoon,6321630,21
Meenah,1267998,3
Stella,1267998,2
Khan,1267998,0
Nazir,1267998,6
Tariq,1267998,3
George,1267998,3
Saleem,1267998,17
Maneer,1267998,24
Ella,1267998,6
Abdul,1267998,1
Sajid,1267998,13
Moorhouse,1267998,2
Shah,1267998,7
Chandramohan,34064826,21
Hugo,1693128,14
Fledge,1693128,5
Sidney,1693128,2
Harriet,1693128,22
Cleo,1693128,6
Chou-Chou,3850268,9
Tsuda,3850268,8
Hasumi,3850268,23
Hoshino,3850268,21
Kanzaki,3850268,22
Magdalena,23112521,21
Michael,23112521,3
Milke,35095629,8
Nath,35095629,4
Kash,35095629,0
Raju,35095629,21
Tiltibai,35095629,24
Mangal,35095629,3
Mehta,35095629,4
Ahmed,9167607,0
Sharif,9167607,11
Pasha,9167607,15
Stotler,32726096,1
Burkett,32726096,8
Perry,32726096,6
Morretti,34058071,9
Walker,34058071,2
R.L.,16074507,4
Jack,16074507,13
O'Brien,16074507,6
Driscoll,62693,16
Mitchell,62693,18
Hunter,62693,0
Amindra,62693,12
Barnaby,15440115,6
Bing,15440115,1
Darla,15440115,6
Brandon,15440115,22
Spanky,15440115,5
Porky,15440115,21
Selim,28387210,11
Malli,9043017,2
Deshpande,17444150,5
Abhay,17444150,11
Bihari,17444150,17
Rao,17444150,18
Patil,17444150,5
Vasundhara,17444150,11
Raju,29260374,3
Manavaalan,29260374,8
Philip,29260374,6
Cecily,29260374,16
Klar,15497901,22
Mahler,15497901,9
Pahlavi,15497901,15
Homann,15497901,17
Hausner,15497901,22
Proll,15497901,3
Meinhof,15497901,4
Albrecht,15497901,13
Moller,15497901,22
Meins,15497901,16
Schleyer,15497901,7
Schelm,15497901,16
Ensslin,15497901,4
Kurras,15497901,0
Schoenau,15497901,9
Buback,15497901,22
Ponto,15497901,2
Ohnesorg,15497901,5
Mohnhaupt,15497901,18
Shah,15497901,21
Aust,15497901,10
Marpole,155790,19
Zimeruski,155790,20
Bradley,155790,3
Gammas,155790,1
Pete,155790,21
Goof,155790,18
Max,155790,6
III,155790,18
Goofy,155790,3
Brickner,20129341,11
Timmons,20129341,1
Sarah,20129341,23
Reynolds,20129341,10
Frankie,20129341,3
Reno,20129341,16
Veltz,20129341,10
Veronica,20129341,13
John,20129341,3
Paulsaint,20129341,3
Danny,29007308,4
Carrigan,29007308,17
Nadya,29007308,6
Johnny,29007308,3
Roarke,29007308,13
Blaze,29007308,15
Moreau,29007308,24
Cathy,8851830,6
Alley,8851830,24
Grainger,8851830,12
Wilder,8851830,14
Shan,8851830,10
Nakamura,8851830,9
Tamiya,14596339,5
Evans,14596339,22
Abbot,14596339,12
Menzel,14596339,13
Heidt,14596339,22
McMath,14596339,9
Gartlein,14596339,0
Chapin,14596339,7
Pearson,14596339,19
Sun,14596339,3
Bhatnagar,14596339,13
Bethe,14596339,13
Lyot,14596339,13
Rabinowitz,14596339,13
Deslandres,14596339,13
Roberts,14596339,15
Bowen,14596339,18
Hale,14596339,13
Po,3819605,17
Kwun,3819605,3
Wong,3819605,17
Luk,3819605,19
Kwok-chung,3819605,8
Lee,3819605,4
Chan,3819605,23
Jack,3819605,23
Ma,3819605,3
Yoo-ri,20389766,15
Mi-sook,20389766,13
Jong-cheol,20389766,14
Becker,26655390,20
Gilian,26655390,21
Sharon,6982919,21
Jones,6982919,8
Lulu,6982919,3
Elmer,6982919,21
Gantry,6982919,15
Lefferts,6982919,19
Winnemac,6982919,5
Baines,6982919,9
Falconer,6982919,6
Kaitlyn,6126268,5
Danny,6126268,4
Nick,6126268,3
Peter,6126268,5
Wrigley,6126268,3
Zuckerman,6126268,10
Yuriko,30700595,3
Tomura,30700595,3
Mariko,30700595,6
Brooks,8514531,7
Cruz,8514531,13
Rolle,8514531,18
Lacas,8514531,24
Hetzko,8514531,17
Forsythe,8514531,20
Dwayne,8035875,17
Angelique,8035875,6
Salter,8387011,14
Tony,8387011,23
Maria,8387011,3
Zara,8387011,12
Bruno,8387011,12
Helms,5444993,2
Dana,5444993,5
Kitt,5444993,15
Colvin,5444993,7
Agnew,5444993,2
Billy,5444993,23
Lee-Fitzgerald,5444993,3
Lenz,5444993,3
Crosby,5444993,5
Lauren,5444993,3
Kelly,5444993,3
Agnes,5444993,17
Mac,5444993,2
Presley,5444993,1
Hannon,5444993,6
Autry,5444993,23
Leigh,5444993,17
Melissa,5444993,17
Mathis,5444993,2
Cinta,2579441,3
Yusrizal,2579441,8
Mason,17286656,3
Carl,17286656,18
Moxley,17286656,13
Montaine,17286656,14
Reynolds,30050508,11
Koda,1686720,1
Ito,1686720,13
Kayano,1686720,5
Michinojo,1686720,3
Seibei,1686720,6
Yogo,1686720,6
Fromm,4899791,11
Margaret,4899791,3
Hargensen,4899791,20
Billy,4899791,3
Morton,4899791,17
White,4899791,2
Tommy,4899791,17
Nolan,4899791,3
Collins,4899791,6
Ross,4899791,17
Sebastian,4899791,7
Chris,4899791,3
Watson,4899791,11
Carrie,4899791,3
Tanner,2255336,22
Hunter,2255336,6
Hannaford,2255336,13
Barrow,2255336,0
Bob,2255336,8
Miller,1346469,13
McLeod,1346469,10
Jason,1346469,17
Maude,1346469,3
Harrah,1346469,20
Luke,1346469,4
Thornton,1346469,6
Thorton,1346469,2
McDonald,1346469,4
Joey,1346469,13
Caan,1346469,5
Maudie,1346469,22
Harold,3780957,23
Shanti,31848416,21
Rao,31848416,14
Chalapati,31848416,1
Durga,31848416,1
Marcus,4355887,8
Lexie,4355887,3
Beulah,4355887,16
Beckett,412475,7
Taylor,412475,0
Watts,412475,0
Gwen,26250274,14
Tripp,26250274,6
Comey,26250274,21
Anderson,75265,21
Dawson,75265,24
Elion,25081936,22
Allen,25081936,9
Apted,25081936,17
Faruk,29060046,2
Kaveri,29353909,8
Krishna,29353909,8
Kuldip,29353909,9
Ganga,29353909,8
Gena,17532991,17
Geeson,8259130,15
Bartlett,8259130,2
d'Aubigny,24708749,24
Guy,24708749,17
Marcus,24708749,6
Marshall,24708749,3
Aubigny,24708749,17
Tiberius,24708749,21
Castle,24708749,24
Archbishop,24708749,17
Louis,24708749,13
John,24708749,6
Jeffrey,9024466,6
Nick,9024466,4
Cassie,9024466,21
Carey,9024466,24
Wyatt,9024466,3
Ferris,9024466,15
Susan,9024466,3
Jessie,9024466,3
David,9024466,11
Megan,9024466,0
McGuire,9024466,17
Grand,9024466,0
Sharon,9024466,3
Evers,9024466,1
Lisa,9024466,21
Murphy,923759,11
Jo,923759,12
McDermott,923759,3
Petrovsky,923759,12
Mustafa,1370104,20
Hubert,22954762,3
Chantale,22954762,21
Richard,22954762,21
Eric,22954762,21
Cloutier,22954762,20
Minel,22954762,14
Ingalls,8675614,16
Street,8675614,15
Cody,8675614,3
Ian,8675614,10
Bridget,8675614,3
Morty,8675614,3
Callum,8675614,10
O,8675614,1
O'Day,8675614,17
Fujima,2574924,6
Tubbs,2574924,3
Stevens,2574924,6
Montoya,2574924,12
Castillo,2574924,10
Alonzo,2574924,6
Trudy,2574924,24
Hawkes,2574924,11
Yero,2574924,9
Leonetta,2574924,2
Crockett,2574924,3
Aaron,3766451,10
Tyler,3766451,23
Kimbrough,3766451,19
Sherman,3766451,10
Steve,3766451,6
Allison,3766451,4
Gabby,3766451,6
Loretta,3766451,17
Dumont,3766451,4
Jai,3766451,3
Raoul,3766451,2
Anne,3766451,3
Chris,3766451,4
Annie,3766451,3
Mel,3766451,9
Foley,3213322,6
Scalise,3213322,17
Orr,3213322,20
Van,3213322,17
Brown,3213322,4
Dillon,3213322,6
Coyle,3213322,6
Eddie,3213322,3
Jackie,3213322,5
Mei,21634660,3
Menon,32114601,13
Mathews,32114601,19
Miller,7999304,5
Wenile,7999304,4
Yulan,7999304,5
Dekker,4198361,6
Lorenz,4198361,6
Conners,4198361,17
Callo,4198361,18
Stanley,36125731,4
Lane,36125731,23
Nadira,9909983,13
Salim,9909983,6
Anar,9909983,19
Akbar,9909983,14
Singh,9909983,14
Jodabai,9909983,3
Gnawbone,14551645,10
Williams,34992096,15
Phaedra,23941382,2
Evans,23941382,18
Acamas,23941382,3
Aethra,23941382,4
Stavros,23941382,4
Lysander,23941382,17
Cassander,23941382,17
McNelly,4614452,5
Logan,4614452,24
Dukes,4614452,7
Fisher,4614452,24
Friedlander,24158497,0
Gantz,24158497,11
Peggy,13048987,19
Pratap,13048987,2
Sunita,5250079,21
Gopal,5250079,6
Chaube,6028988,15
Chabbe,6028988,22
Tony,5339358,17
Adolphe,5339358,0
Golden,5339358,11
Lewis,5339358,15
Fredricks,5339358,24
Jake,5339358,5
Josie,5339358,7
Wilson,5339358,11
Potenza,5339358,6
Nora,5339358,6
Cole,5339358,3
Zander,24479047,4
Mamie,24479047,23
Spermula,3504445,23
Mother,3504445,4
Werner,3504445,22
LaTour,7273637,5
Mpondo,10028410,16
Sizela,10028410,10
Mpodo,10028410,13
Muller,10028410,1
Barcant,10028410,3
Hendricks,10028410,5
Hoffman,10028410,5
Charley,8788084,12
McCorkles,18865836,21
Haskell,18865836,21
Molly,18865836,13
McCorkle,18865836,1
C.J.,18865836,6
Kreuger,9187433,19
Flores,9187433,11
Aparna,20543986,23
Aranye,20543986,17
Ashim,20543986,23
Harinath,20543986,23
Amrita,20543986,4
Sanjoy,20543986,23
Shekhar,20543986,22
Daninsky,7276177,4
Wolfstein,7276177,10
Cathy,3541389,21
Cake,3541389,10
Davies,3541389,23
Jeffrey,1728600,21
Berns,1728600,7
James,1728600,17
Dawn,1728600,17
Doria,1728600,17
Lindsay,1728600,3
Norman,1728600,18
Reilly,1728600,17
Trabucco,1728600,20
Rakov,6043918,4
Jones,6043918,9
Konali,6043918,16
Lassard,6043918,16
Cooper,14001162,21
Bender,9768765,22
Kant,9768765,3
Oswald,32224307,3
Ann,15834753,16
Allende,32179375,0
Castro,32179375,13
Richie,447299,17
Scott,447299,17
nico,447299,21
Frost,447299,10
McGraw,447299,24
Pussy,447299,0
Seth,447299,3
Kate,447299,3
Hawkes,447299,11
Jacob,447299,3
Carlos,447299,6
Gecko,447299,7
Adler,11773632,22
Larry,11773632,16
Capone,11773632,22
Tom,14746975,5
Shemp,14746975,23
Larry,14746975,23
Moe,14746975,23
Crow,18016582,19
Smith,18016582,24
Ruhi,9675457,21
Sheena,9675457,9
AJ,9675457,3
Reggie,9675457,3
Hitomi,25689620,6
Okino,25689620,18
Kajikawa,25689620,6
Kennedy,20827074,11
Harry,20827074,6
Ferdinand,20827074,4
Wakeham,20827074,19
Victoria,20827074,3
Kell,20827074,4
Sinclair,20827074,11
George,20827074,11
Hannay,20827074,3
Fisher,20827074,12
Wong,2283823,13
Quail,2283823,9
Joyce,2283823,9
Anandakkuttan,26612083,13
Menon,26612083,20
Marshovia,15142007,14
Danilo,15142007,4
Scowcroft,22546052,15
Induverma,28378098,21
Dholakpur,28378098,3
Bholu,28378098,4
Kalia,28378098,4
Krishna,28378098,15
Dholu,28378098,4
Kirmada,28378098,17
Kanha,28378098,16
Jaggu,28378098,3
Bheem,28378098,3
King,23278876,5
Sanger,23278876,17
Joe,7987285,3
Moe,7987285,3
Larry,7987285,16
Dinklespiel,7987285,7
Bertie,7987285,6
Dylan,14109452,14
Collins,14109452,12
Ferris,14109452,15
Ordway,14109452,3
Adams,14109452,1
Morgan,14109452,6
Phil,14109452,23
Caspari,14109452,1
Toby,36165569,3
Donald,36165569,3
Shelley,36165569,12
David,36165569,9
Claghorn,24133239,1
Beauregard,24133239,8
Magnolia,24133239,18
Asimov,18715613,9
Pirx,18715613,10
Lem,18715613,16
Riant,28081879,15
Rima,28081879,10
Kannan,26347633,16
Sangeetha,26347633,2
Meenakshi,26347633,2
Emir,4495195,6
Shireen,4495195,24
Prince,4495195,6
Jamel,4495195,3
Sinbad,4495195,9
Harun-Al-Rashid,4495195,18
Aga,4495195,17
Behar,275547,10
Bertha,275547,12
Quintanilla,275547,2
Perez,275547,20
Yolanda,275547,4
Samora,275547,3
Saldivar,275547,6
A.B.,275547,15
Abraham,275547,6
Selena,275547,3
Chris,275547,21
Suzette,275547,16
Grant,5853945,13
Lamour,5853945,15
Sheridan,5853945,13
Schlesinger,5853945,0
Weissmuller,5853945,17
Aldrich,5853945,9
Crosby,5853945,1
Shearer,5853945,11
Hoover,5853945,8
Hayworth,5853945,24
Garland,5853945,7
Gable,5853945,3
Henry,5853945,0
Karloff,5853945,11
Smith,5853945,9
Marx,5853945,17
Ned,5853945,8
Stokowski,5853945,15
Hardy,5853945,13
Bogart,5853945,15
Fonda,5853945,23
Bobby,5853945,13
Rooney,5853945,0
Binder,5853945,9
Kyser,5853945,15
Rand,5853945,3
Bolero,5853945,12
Goddard,5853945,2
Menjou,5853945,1
Davis,5853945,10
Raft,5853945,0
Henie,5853945,1
Colbert,5853945,20
Stewart,5853945,3
Romero,5853945,13
Cagney,5853945,21
Auer,5853945,4
Lorre,5853945,11
Colonna,5853945,12
Garbo,5853945,14
Powell,5853945,9
Mother,5853945,8
Robinson,5853945,18
Peter,30790894,22
Ji-woo,31381685,12
Walken,29437721,9
Miranda,29437721,13
Farrow,29437721,5
Solondz,29437721,9
Abe,29437721,8
Mari,8134379,4
Mahamaya,4253548,5
Pooja,4253548,14
Victoria,4253548,5
Bhubaneswar,4253548,3
Durga,4253548,9
Jashomati,4253548,19
Asrat,24172914,15
Androtti,12517482,0
Lucy,113226,13
Luke,113226,22
Freberg,113226,10
Sally,113226,23
Version,113226,17
Lehrer,113226,17
Linus,113226,3
Brown,113226,3
Amy,33327349,4
Ma,33327349,3
Fu,33327349,1
Elisabeth,21720602,23
Christoffer,21720602,19
Cecilia,21720602,16
Linda,28922481,6
Rick,28922481,12
Carvin,28922481,4
George,28922481,21
Liotta,28922481,5
Eva,28922481,24
Gergenblatt,28922481,3
Seth,28922481,6
Marisa,28922481,2
Davidson,28922481,9
Brixan,19842633,23
Sanders,19842633,20
Dagger,27032867,1
Koffman,27032867,7
Davis,27032867,9
Armstrong,33114752,4
Blake,33114752,4
Eileen,33114752,4
Darla,19684895,4
Gary,19684895,4
Shaka,4567908,24
Shanti,4567908,23
Osborne,20822903,5
Stanhope,20822903,4
Katherine,1190594,17
Elizabeth,1190594,3
Emily,1190594,3
Allison,1190594,7
Charlie,1190594,6
David,1190594,3
Kent,6243766,2
Barcus,18540323,0
Hadi,18540323,16
Harun,18540323,3
Jafar,18540323,16
Bakhamra,18540323,4
Khairuzan,18540323,3
Benna,3603335,4
Traor,3603335,6
Carter,3550987,6
Cramden,3550987,0
Natasha,3550987,16
Flint,3550987,17
Lisa,3550987,16
Thomas,28925794,10
Menon,28925794,9
Shubha,28925794,9
Rajesh,28925794,18
Kurien,28925794,0
Kagutaba,14449597,23
Ishii,14449597,5
Kobayashi,14449597,4
Fleg,30939209,24
Spencer,2636682,24
Garvin,2636682,17
Sanders,2636682,6
Meredith,2636682,6
Johnson,2636682,24
Lewyn,2636682,10
Phil,2636682,3
Kaplan,2636682,9
Alvarez,2636682,5
Elbertson,8656846,16
Lila,8656846,5
Fisher,8656846,15
Shakespeare,2602021,0
Stella,2602021,13
Delilah,2602021,15
Lam,20689529,11
Toby,26442595,12
Nicholas,26442595,3
Lugosi,26442595,15
Kalicharan,11047814,4
Shetty,11047814,15
Khanna,11047814,6
Dayal,11047814,11
Prabhakar,11047814,18
Gatot,35588348,22
Rakhim,35588348,6
Luke,35588348,18
Zulfikar,35588348,3
Fitri,35588348,3
Farida,35588348,6
Guinness,3336298,10
Conrad,3336298,20
Ford,3336298,14
Skywalker,3336298,18
Mulholland,3336298,12
Darklighter,3336298,12
Lucas,3336298,9
Hamill,3336298,10
Harry,11526346,17
Castelo,11526346,24
Marco,11526346,9
Dickstein,11526346,11
Frank,11526346,4
DiLea,11526346,12
Valentini,11526346,23
Mike,11526346,16
Acavano,11526346,13
Tony,1715093,13
Kurishingal,1715093,13
Murugan,1715093,19
Cook,1638112,22
Leo,1638112,12
Tatum,1638112,3
Minosa,1638112,8
Lorraine,1638112,13
Fynn,2020117,22
Coetzee,2020117,16
Young,2020117,17
Janders,2020117,13
Faulkner,2020117,16
Geoghegan,2020117,8
bush,2020117,17
Emile,2020117,12
Watson,2020117,16
Limbani,2020117,4
Matherson,2020117,9
Ferrando,24504166,6
Alfonso,24504166,14
Fiorino,24504166,1
Guglielmo,24504166,6
Riordan,32869134,4
Cooper,32869134,2
Marston,32869134,2
Gus,32869134,16
Drury,18578563,21
Pamela,18578563,21
Ben,18578563,3
Robert,18578563,8
Dickson,18578563,23
Stark,19199701,13
Melissa,19199701,2
Jethro,19199701,8
Douglas,1471253,9
Katherine,1471253,2
Warren,1471253,19
Becky,1471253,13
Humphrey,1471253,7
McLintock,1471253,21
Tom,11613399,3
Jerry,11613399,3
Marlowe,3624815,21
Lennox,3624815,9
Sylvia,3624815,1
Augustine,3624815,14
Wade,3624815,22
Wayne,1658116,19
Charlie,1658116,17
Basner,1658116,6
Woolridge,1658116,1
Max,1658116,6
Lorraine,1658116,21
David,1658116,17
Wade,35005403,16
Toi,8085610,12
Malee,8085610,12
Straw,8085610,9
Sirichaya,8085610,21
Sabira,35283354,18
Akbar,35283354,12
Akhtar,35283354,15
Hamid,35283354,18
Arthur,4738671,17
Carlyle,32996540,20
Chris,32996540,6
Manchanda,4569398,2
Tanya,4569398,21
Anand,4569398,16
Sahni,4569398,9
Raisingh,4569398,13
Jenkins,28756111,14
Gregory,28756111,1
Harkness,28756111,6
Saunders,28756111,6
Renault,12649366,12
Gellar,4783144,11
Brett,4783144,21
Knox,4783144,2
Ethan,4783144,15
Falkner,4783144,19
Eisenberg,4783144,19
Elspeth,33192024,4
Clive,33192024,17
Eric,33192024,6
Tom,33192024,24
Rowena,33192024,17
Freda,33192024,21
Brenda,33192024,4
Ellie,33192024,3
Fanuel,2810604,8
Roberts,2810604,21
Peabody,2810604,0
Polly,2810604,8
Brad,2810604,6
Bradford,2810604,16
Carol,2810604,15
Hopkins,2810604,6
Bulma,30766738,24
Frieza,30766738,24
Goku,30766738,22
Vegeta,30766738,16
Lychee,30766738,14
Hatchiyack,30766738,23
Allegra,12091274,3
Philip,12091274,3
Grace,12091274,3
Shep,849321,3
Ramsey,849321,23
Ball,849321,20
Margie,849321,12
Beltz,849321,11
Charlie,849321,24
Jenny,849321,20
Hashina,849321,2
Wilcox,849321,20
Stevens,13417367,9
Grandad,13417367,19
Lodge,13417367,9
God,24154973,9
Yu,24154973,8
Ying,24154973,3
Anthony,24154973,1
Shu,24154973,9
Su,24154973,3
Bei,24154973,5
Du,24154973,13
Ma,24154973,2
Pacas,1274418,3
Stedenko,1274418,7
Voy,1274418,14
Anthony,1274418,3
Gloria,1274418,12
Strawberry,1274418,21
Chong,1274418,11
Morales,21837079,6
Gloria,21837079,6
Quintin,24709707,19
Fran,25175907,16
Ben,25175907,7
Goldman,25175907,9
Jon,25175907,7
Hansen,28722138,10
Howard,28722138,13
Peggy,28722138,23
Murray,28722138,14
Carol,28722138,12
Merrick,17325678,8
Zara,17325678,5
Nash,17325678,14
Willy,7770472,16
Josh,34374206,21
Cara,34374206,24
Takada,20637977,17
Yukio,20637977,14
Mahood,20637977,12
Boorjan,20637977,8
Colin,20637977,17
O'Brien,20637977,5
Hillyer,9968318,12
Maggie,448331,24
Ward,448331,19
Estelle,448331,14
Mike,26147476,15
Veronica,26147476,2
Ernest,26147476,10
Abel,26147476,23
Kern,21606161,6
Mallison,21606161,3
Joe,14734695,2
Fifi,14734695,17
Jacob,11838795,21
Lakshmi,23092410,6
Satyaraj,23092410,23
Sangeetha,23092410,21
Manorama,23092410,21
Manivannan,23092410,14
Meena,23092410,16
Sathyaraj,23092410,1
Nasrin,10422347,13
Browne,10072700,14
Latimer,10072700,21
Andre,10072700,11
Katy,10072700,23
Conners,10072700,18
Blondin,28789973,13
Tuttle,28789973,20
Emily,28789973,18
Tamara,28789973,8
Chester,28789973,6
Jensen,28789973,6
Fackler,6043815,0
Proctor,6043815,17
Harris,6043815,16
Nick,6043815,23
Jones,6043815,18
Tackleberry,6043815,18
Callahan,6043815,18
Carter,8967683,13
Lynch,8967683,1
Jones,8967683,24
Reg,8967683,22
Isaku,24336588,15
Eiichir,24336588,24
Kanako,24336588,3
Lapi,29887278,21
Moe,14734295,17
Larry,14734295,17
Sober,14734295,1
Bauer,14434425,15
Peterson,14434425,16
Malvyn,14434425,12
Smith,14434425,9
Helen,14434425,14
Spencer,8023659,16
Davenport,8023659,16
Charlie,8023659,19
Donna,8023659,22
Porter,8023659,24
Eris,1861161,6
O'Hara,17324736,16
Stella,17324736,6
Pan,17324736,19
Darling,17324736,7
Maris,17324736,2
Bradshaw,17324736,12
Armstrong,17324736,16
Cox,17324736,24
Potter,17324736,3
Varma,35298790,7
Pasupathy,21038494,1
Shankar,21038494,24
Suresh,21038494,22
Parvati,21038494,4
Henry,15564747,7
Shapiro,15564747,18
Ginger,15564747,20
Dayal,9056809,11
Vijay,9056809,17
Indrajeet,9056809,18
Soren,20223641,3
Otulissa,20223641,23
Noctus,20223641,24
P.,20223641,12
Struma,20223641,23
Mrs.,20223641,11
Ezylryb,20223641,6
Marella,20223641,16
Allomere,20223641,16
Grimble,20223641,10
Kludd,20223641,3
Gylfie,20223641,6
Lucy,26716550,3
Cox,26716550,20
Jeremy,26716550,15
Lee,26716550,15
Zebra,26716550,10
Brawnsworth,26716550,19
Tina,26716550,2
Linda,32026934,2
Matilda,32026934,23
Frank,32026934,13
Olivia,32026934,6
Owen,32026934,13
Elsa,32026934,3
Petersen,32026934,23
Dodge,32026934,6
Lila,4149931,12
Nevin,4149931,11
George,4149931,8
Gledhill,4149931,1
Lansing,19262729,22
Susan,24064330,23
Kau,24064330,19
Lui,24064330,11
Chi-Ang,24064330,20
Allen,454818,19
Thornton,454818,7
Vesalius,454818,5
Whitcombe,454818,22
Phibes,454818,14
Kitaj,454818,13
Hedgepath,454818,13
Hargreaves,454818,13
Dunwoody,454818,13
Longstreet,454818,13
Taylor,14583360,0
Ito,14583360,4
Roy,14583360,17
Whitman,14583360,5
Fifi,14583360,24
Danon,14583360,8
Bishop,14583360,19
Meyers,14583360,24
Laurie,14583360,4
Buck,14583360,3
Shurik,9402549,6
Nina,9402549,4
Aisha,9183160,6
Clay,9183160,21
Roque,9183160,17
Evans,9183160,14
Max,9183160,4
Cougar,9183160,18
Wade,9183160,24
Pooch,9183160,24
Jensen,9183160,16
Peter,95953,3
Nagheenanajar,95953,3
Bolton,95953,14
Michael,95953,5
Milton,95953,11
Joanna,95953,9
Pryor,95953,7
Gibbons,95953,19
Swanson,95953,22
Waddams,95953,20
Slydell,95953,17
Anne,95953,19
Lumbergh,95953,0
Lawrence,95953,15
III,95953,24
Porter,95953,17
Emery,576049,21
Anderson,576049,23
Fabian,576049,9
Neil,576049,24
Janu,12357969,9
Muthuvel,12357969,0
Tamizh,12357969,9
Vichu,12357969,7
Cooper,8466575,16
Warren,8466575,5
Spike,8466575,18
Frankie,8466575,6
Braden,8466575,17
Moon,26224556,17
Smith,26224556,15
Cogburn,26224556,17
Ross,26224556,6
Mattie,26224556,11
Pepper,26224556,17
Chaney,26224556,17
Ned,26224556,4
Quincey,26224556,5
Katie,183768,3
Agatha,183768,16
Clancey,183768,8
Finley,183768,21
Williams,183768,16
Baker,183768,7
Morley,183768,3
Petree,183768,6
Holstrom,183768,8
Shep,3448942,23
Ursula,3448942,6
Fraser,3448942,9
Beatrice,3448942,6
Stanhope,3448942,19
Groot,3448942,24
George,3448942,3
Kowalski,3448942,23
Sally,3448942,11
Lyle,3448942,3
Jr.,3448942,21
Scott,3448942,23
Missy,4808174,9
Tracy,4808174,15
Sheen,4808174,13
Robin,4808174,4
Minoru,1059688,21
Hayashi,1059688,6
Haraguchi,1059688,17
Tomizawa,1059688,7
Isamu,1059688,7
Ann,19011235,13
Nicholson,19011235,8
Emmett,19011235,6
Simmons,19011235,12
Glenna,5894829,3
Edmond,5894829,3
Burke,5894829,15
Gray,2129381,9
Quinn,2129381,23
Helms,2129381,16
Anderson,2129381,20
Riley,2129381,3
Sanger,2129381,4
Winley,2228850,6
Gould,2228850,13
Gunderson,2228850,17
Theary,2228850,5
Catherine,2228850,3
Gertz,2228850,6
Kendrick,2228850,22
Deacon,2228850,17
Alden,24724201,6
Bhai,11320484,15
Arjun,11320484,21
Siva,11320484,2
Hood,5590209,18
Walter,5590209,22
Marion,5590209,21
Melton,5590209,15
Kennedy,1357330,22
Jonell,1357330,21
Hallett,1357330,22
Ray,1357330,8
Cater,1357330,3
Lurene,1357330,13
Presley,24269214,9
Igor,24269214,22
Wolfie,24269214,20
Natasha,24269214,21
Hathaway,24269214,9
Dracula,24269214,4
Frankenstein,24269214,13
Mary,24269214,21
Scott,24269214,21
Norshteyn,5123115,0
Lucy,3509741,24
Helsing,3509741,14
Mina,3509741,22
Dracula,3509741,3
Seward,3509741,11
Renfield,3509741,23
Harker,3509741,3
Morris,3509741,17
Sadan,33125941,2
Balachandar,33125941,0
Padmini,33125941,12
Sridhar,33125941,4
Hood,19411001,16
Percy,19411001,3
Gordon,19411001,12
Darla,19411001,21
Philip,19411001,21
Beecham,31321940,22
Radha,29094903,14
Kumaran,29094903,19
Chandru,29094903,13
Kurup,29094903,16
Mehta,29094903,24
Sethu,29094903,3
Arackal,29094903,5
Narayanankutty,29094903,19
Mahadevan,34324566,15
Deshpande,34324566,5
Chauhan,34324566,19
Iyer,34324566,22
Bandodkar,34324566,10
Joshi,34324566,6
Lele,34324566,13
Vasudevarayar,30244111,10
Ravi,30244111,15
Subramani,30244111,6
Gowri,30244111,21
Vetrivel,30244111,14
Anandraj,30244111,3
McKenzie,6748447,11
Parvathi,6748447,15
Kalabhairavan,6748447,4
John,6748447,3
Mookuthithi,6748447,4
Swamiji,6748447,4
Mookuththi,6748447,23
Duarte,14877669,5
Martin,14877669,20
Machado,14877669,13
Carmen,14877669,13
Baroness,14877669,21
Cecilia,14877669,3
Larry,14877669,6
Baron,14877669,6
Miller,2535397,9
White,2535397,9
Carpathia,2535397,17
Mallory,2535397,17
Steele,2535397,20
Carolyn,2535397,23
Buck,2535397,21
Nicolae,2535397,14
Chloe,2535397,8
Smith,2535397,3
Fitzhugh,2535397,17
Chris,2535397,13
Laura,19746162,3
Gardel,19746162,11
Santiago,19746162,3
Josefina,19746162,17
Franco,19746162,15
Mortadelo,20845534,16
Bacterio,20845534,12
Filemon,20845534,17
Fredy,20845534,6
Eric,12323478,6
Gauthier,214312,19
Valerie,214312,2
Mans,214312,8
Francois,214312,13
Louis,214312,12
Jean-Louis,214312,3
Anne,214312,3
Antoine,214312,15
Sebastian,255198,8
Devlin,255198,3
Huberman,255198,13
Alicia,255198,6
Waldorf,2696156,4
Boyle,2696156,14
Tobin,2696156,6
Sevareid,2696156,15
Skinner,18755554,14
Gandhi,30318497,21
Nagavalli,30318497,23
Raju,30318497,7
Lal,30318497,6
Dada,17575809,9
Charmi,17575809,3
Simbu,17575809,14
Simbhu,17575809,0
S,4409408,24
Maria,4409408,6
Massu,4409408,17
Einstein,4409408,22
Eddington,4409408,1
Aurea,4409408,4
Chopin,4409408,24
Len,4409408,0
Maranh,4409408,13
Vasco,4409408,22
Laura,673599,4
Laurana,673599,16
Brown,673599,6
Serleena,673599,17
Frank,673599,6
Jeff,673599,17
Jeebs,673599,23
Vasquez,673599,22
Nonoko,32395829,9
Kaori,32395829,9
Toshida,32395829,6
Nagisa,32395829,9
Kraschinsky,1226871,10
Jason,1226871,6
Kelly,1226871,9
Lee,1226871,12
Madison,1226871,19
Stillwell,1226871,21
Taylor,36203902,6
Melvin,36203902,17
Tracy,36203902,16
McDonald,36203902,15
Aquino,36203902,15
bush,36203902,3
Marina,2012056,16
Pellegrini,2012056,13
Marcello,2012056,20
Manfredi,2012056,4
Francesco,2012056,19
Abbas,27862110,8
Simran,27862110,14
Phillipa,15687340,22
Peter,15687340,13
Hale,15687340,3
Brewster,15687340,14
Bentley,15687340,12
Gordon,13375677,13
Batman,13375677,3
Flass,13375677,23
Bruce,13375677,6
Kyle,13375677,24
Branden,13375677,3
Essen,13375677,6
Jr.,13375677,3
Vitti,13375677,23
Barbara,13375677,2
Loeb,13375677,5
Dent,13375677,9
Falcone,13375677,10
Robinson,13375677,15
Wayne,13375677,13
Diane,11699620,6
Gorman,11699620,17
Tom,11699620,17
Banning,11699620,17
Dawson,11699620,24
Frenchie,11699620,3
Lambert,11699620,23
Cole,11699620,6
Watanabe,32312198,1
Noto,32312198,9
Koyasu,32312198,21
Ikezawa,32312198,17
Fujiwara,32312198,24
Ishida,32312198,9
Kusao,32312198,24
Mizuki,32312198,20
Hiramatsu,32312198,24
Kozakura,32312198,22
Kawakami,32312198,2
Leila,1766514,3
Charli,1766514,3
Tortoni,1766514,5
Ryan,1766514,3
Derek,1766514,6
Hammond,1766514,19
Jamie,1766514,21
Tajudin,8310511,10
Batu,8310511,13
Sabariah,8310511,21
Selamat,8310511,13
Sabriah,8310511,6
Mansoor,8310511,3
Chombi,8310511,6
Pahat,8310511,5
Ismadi,8310511,13
Kassim,8310511,21
Jailani,8310511,10
O'Connor,3612689,1
Julian,3612689,12
Pederas,3612689,10
Callahan,3612689,21
Mannock,35243445,18
Collishaw,35243445,18
Marion,33477692,7
Galbraith,26010183,22
Menon,31156636,12
Nandita,31156636,13
Rajeevan,31156636,21
Mukundan,31156636,14
Rekha,31156636,15
Yadagiri,6583033,0
Bobby,6583033,2
Bhagyamati,6583033,1
Sam,21163352,8
Willie,21163352,10
Hally,21163352,13
Rajat,16585327,14
Kamlesh,16585327,23
Pinu,16585327,6
Gaylord,16585327,23
Pearline,471352,10
Frank,471352,24
Louie,471352,6
Raymond,471352,10
Vargo,471352,9
Tana,26262030,24
Frash,26262030,17
Gjata,26262030,0
Caroline,17925680,3
Peter,17925680,3
Brenda,17925680,3
Beery,9161616,1
Moran,9161616,0
Gilbert,9161616,11
Lloyd,9161616,8
Tully,9161616,19
Hyams,9161616,5
Roane,7102059,14
George,25927269,0
Kouchrani,25927269,2
Philip,25927269,5
Rhonda,6999811,19
Bobby,6999811,20
Travis,6999811,20
Leak,464128,19
Aaron,464128,18
Turner,464128,3
Whurlizer,464128,9
Tanner,464128,12
Hunter,464128,20
Engelberg,464128,23
Buttermaker,464128,16
Lupus,464128,1
Amanda,464128,3
Joey,464128,3
Nasser,13784031,12
Vineeth,13784031,4
Suresh,6012695,14
Shankar,6012695,4
Bhawariya,6012695,19
Hansen,8281847,16
Gruber,8281847,17
Vogel,8281847,3
Curzon,32808169,15
Duncan,32808169,2
Sims,2344342,1
Lacey,2344342,11
Washington,1845248,0
Tom,1010466,17
Karel,1010466,3
Susan,1010466,5
Mason,2672672,6
Beck,2672672,11
Templeton,2672672,2
Audrey,2672672,16
Rose,2672672,11
Janice,2672672,12
Hoover,2672672,3
Kennedy,14224022,1
Sheridan,14224022,11
Kenny,14224022,7
Peggy,14224022,21
Eddie,14224022,14
Cagney,14224022,11
Burns,14224022,22
Luna,13272614,10
Vicky,13272614,1
Rico,13272614,3
Guilin,33952827,24
Frankel,14411595,6
Kim,14411595,3
Shepard,14411595,19
Hamid,14411595,17
Kossef,14411595,3
Jahangir,14411595,20
Baraheri,14411595,20
Brogan,14411595,6
Claire,14411595,6
Pedroza,14411595,1
Sanchez,14411595,2
Ann,24579000,21
Stanny,24579000,12
Joe,24579000,12
Donna,24579000,7
Scuderi,26940384,1
Eric,6307392,6
Sally,6307392,3
Land,6307392,15
Polly,3267547,6
Luciano,3267547,9
Adler,3267547,0
Costigan,3267547,24
Casey,3267547,2
Jones,8153627,11
Johnson,8153627,9
Ed,8153627,0
O'Malley,8153627,7
Vidyadhare,2685420,3
Krishnamurthy,2685420,1
Kalaadhare,2685420,16
Saraswati,2685420,9
Gowda,2685420,1
Kalidasa,2685420,13
Kumar,10419077,10
Ram,10419077,14
Lakshman,10419077,16
D'Souza,10419077,17
Verma,10419077,0
Bhargav,10419077,9
Laxman,10419077,24
Laxmi,10419077,9
Prakash,10419077,21
Rekha,10419077,9
Dragonballs,14241872,17
Gohan,14241872,7
Long,14241872,5
Chi-Chi,14241872,2
Goku,14241872,14
Mai,14241872,19
Norris,14241872,7
Dragonball,14241872,18
Bulma,14241872,16
Roshi,14241872,4
Piccolo,14241872,22
Mafuba,14241872,10
Patrick,32165919,11
Claude,32165919,20
Alice,32165919,21
Shirley,3344455,19
Cuthbert,3344455,12
Marilla,3344455,23
Hatton,18893263,9
Fletcher,18893263,24
Doughty,18893263,6
Drake,18893263,6
Cecil,18893263,20
Bright,18893263,8
Dee,18893263,11
Silva,18893263,9
I.,18893263,5
Peter,3818389,21
Darling,3818389,6
Pan,3818389,5
Lucy,171628,1
Rita,171628,20
Carpenter,171628,16
Harrison,171628,14
Dawson,171628,6
Annie,171628,11
Holmes,26164214,3
Grant,26164214,17
Ames,26164214,22
Hewson,26164214,16
Felton,26164214,17
Morgan,26164214,2
Beth,26164214,16
Dixon,26164214,8
Joe,26164214,11
Julia,26164214,1
Parry,26164214,2
Whittle,2098803,12
Penleric,2098803,3
McFarland,2098803,4
Bledsoe,2098803,19
Deladis,2098803,3
Eleanor,2098803,8
Adams,2098803,20
Slocumb,2098803,15
Lily,2098803,21
Giddens,2098803,24
Assol,14428799,13
Grey,14428799,1
Quinn,24354731,10
Harper,24354731,0
Sarah,24354731,14
Fotis,19659317,6
Eleni,19659317,3
Kostas,19659317,16
Mary,19659317,5
Tucker,5752544,4
McDonough,5752544,12
Kevin,5752544,8
Sandler,5752544,9
Eric,5752544,1
Levine,5752544,9
Bass,5752544,0
Fitzer,5752544,17
Larry,5752544,3
Duncan,5752544,12
Chuck,5752544,13
Henry,32621558,17
Ainsley,32621558,19
Michael,32621558,6
Buxton,32621558,1
Pepper,32621558,3
Cobb,32621558,22
Carol,32621558,13
Hope,213472,20
Newt,213472,4
Burke,213472,23
Gorman,213472,17
Bishop,213472,4
Ripley,213472,4
Vasquez,213472,9
Hicks,213472,17
Cheever,29007186,13
Orantes,29007186,13
Mitch,29007186,3
Emhoff,29007186,4
Beth,29007186,21
Clark,29007186,4
Krumwiede,29007186,4
Mears,29007186,23
Sussman,29007186,12
Hextall,29007186,13
Sharpey,25811332,17
Longman,25811332,24
Lacey,3762449,11
Mason,3762449,16
Carlos,3762449,3
Faye,3762449,4
Knoble,3762449,4
Bobby,3762449,15
Frank,3762449,3
Riley,3762449,21
Esteval,3762449,2
Nicky,3446656,6
Mikey,3446656,23
Elgin,24153140,7
Morrison,24153140,13
Leavitt,24153140,4
Meg,24153140,8
Havoc,24153140,10
Heather,9893064,3
Vince,9893064,3
Francine,9893064,3
Fargo,9893064,17
Charlene,9893064,12
Jake,9893064,3
Brenda,9893064,3
Baldry,7405036,13
Maragaret,7405036,3
Kitty,7405036,3
Grey,7405036,9
Jenny,7405036,0
Anderson,7405036,3
Margaret,7405036,13
Chris,7405036,3
Valdez,2659131,15
Agamemnon,3369664,3
Pirithous,3369664,12
Hector,3369664,17
Agelaus,3369664,19
Menelaus,3369664,6
Priam,3369664,23
King,3369664,19
Odysseus,3369664,6
Clytemnestra,3369664,6
Cassandra,3369664,3
Helen,3369664,3
Pollux,3369664,22
Hitchcock,31189851,3
Fergusson,571311,10
srinivasan,27488403,6
Devi,27488403,21
Sivan,27488403,21
Ulpalakshan,27488403,0
Devaki,27488403,20
Rama,27488403,15
Anirudhan,27488403,13
Sreenivasan,27488403,9
Prem,24868783,2
Shashi,24868783,2
Fitton,5612615,1
Jenny,5612615,2
Piper,5612615,2
Thompson,5612615,7
Moore,28920951,17
Owens,28920951,4
Ibragim,33298020,6
Peter,33298020,1
Rtishcheva,33298020,11
Ganesh,31402140,11
Oryu,24361001,6
Omitsu,24361001,12
Yajima,24361001,22
Weisser,24361001,11
Jake,3226774,3
Sally,3226774,19
Takeo,3226774,10
Trish,3226774,24
Toshio,3226774,17
Saeki,3226774,15
Kawamata,3226774,6
Eason,3226774,17
Aubrey,3226774,3
Karen,3226774,3
Miyuki,3226774,3
Bill,3226774,15
Kayako,3226774,3
Kimble,3226774,11
Davis,3226774,20
Vanessa,3226774,3
Lacey,3226774,23
Dale,3226774,6
Allison,3226774,3
Debbie,17009870,24
Escalante,17009870,5
Al,29164839,16
Hen,29164839,16
Holt,14037329,19
Keller,14037329,13
Michael,14037329,6
Catherine,14037329,13
John,14037329,18
Caleb,14037329,3
Cassidy,11327665,7
George,5667770,4
Ball,6555711,1
Banks,6555711,6
Goode,6555711,20
Prodd,6555711,24
Tidey,6555711,18
Freddy,6555711,1
Zhivago,6555711,9
Bragg,6555711,18
Carter,6555711,4
Cyril,6555711,14
Darling,6555711,20
Bernard,6555711,9
Meeker,2002320,17
Billy,2002320,1
Judith,2002320,17
Shanks,2002320,24
Michael,2002320,17
Max,2002320,10
Walker,2002320,10
Mike,2002320,1
Myers,2002320,14
Loomis,2002320,13
Lloyd,2002320,3
Rachel,2002320,17
Spitz,2002320,17
Samantha,2002320,17
Tina,2002320,3
Simon,8291511,5
Cochrane,8291511,8
Craig,8291511,12
McBride,2726483,16
Waugh,2726483,7
Robbie,2726483,2
Halloran,2726483,8
Eckhardt,2726483,6
Mannheim,2726483,3
Bowdern,2726483,3
Hanna,2726483,12
Hume,2726483,24
Turner,1147064,23
Tammy,1147064,21
Mushi,1147064,10
Wanda,1147064,16
Tommy,1147064,21
Vicky,1147064,1
Chester,1147064,7
Amy,1358544,12
Elizabeth,1358544,2
Sandra,1358544,6
Courtland,1358544,14
Anabelle,9622333,1
Elvis,9622333,5
Hartford,34382439,1
Tavita,34382439,21
Armstrong,34382439,19
Grace,34382439,13
Ansiedad,34382439,16
Patty,5093773,11
Franklin,5093773,16
Sally,5093773,6
Jean,5093773,21
Linus,5093773,6
Schweitzer,5093773,22
Claus,5093773,2
Christmas,5093773,13
Mary,5093773,21
Angel,5093773,12
Handel,5093773,0
Brown,5093773,18
Lucy,5093773,6
Marcie,5093773,11
Franklin,10603823,15
Kober,10603823,15
Diamond,10603823,0
Seaton,10603823,14
Grimes,10603823,8
Carmen,10603823,1
Channing,10603823,4
Mazza,10603823,9
Christ,10603823,12
Jr.,10603823,24
Bush,10603823,9
Tess,10603823,24
Tortora,10603823,5
Logan,10603823,16
Tenoch,195388,3
Julio,195388,6
Jano,195388,9
Luisa,195388,3
Paymer,4489906,9
Mumford,4489906,4
Lee,4489906,9
Adams,4489906,17
Zhang,13625866,20
Laozhong,13625866,17
Wang,13625866,13
Chuanbao,13625866,3
Shan,13625866,1
Zhao,13625866,1
Pingyuan,13625866,16
Tian,13625866,13
Khattab,7616900,11
Khottabych,7616900,2
Volka,7616900,23
Hall,32879923,13
Torres,93760,22
Zack,93760,16
Connors,93760,19
Moss,93760,22
Smith,93760,21
Carey,93760,6
Jeff,93760,15
Malone,93760,0
James,93760,6
Molly,93760,3
Polly,93760,10
Abrams,93760,19
Nomi,93760,6
Cristal,93760,6
Carver,93760,24
Jeremy,4303794,7
Rudy,4303794,12
Roth,4303794,2
Reilly,4303794,9
Planck,4303794,1
Junior,2918727,6
Waggoner,2918727,8
Krishna,2918727,15
Frenger,2918727,16
Susie,2918727,3
Moseley,2918727,17
Harry,23830211,21
Tibbons,23830211,0
Seymour,23830211,8
Love,23830211,9
Marion,23830211,21
Silver,23830211,9
Tyrone,23830211,11
Sara,23830211,14
Sampson,2417417,6
Laura,2417417,13
Barnes,2417417,6
Keating,2417417,5
Bronson,30873754,12
Mau,30873754,7
Dobbs,30873754,0
Jobert,30873754,9
Macey,25756229,23
Ann,25756229,13
Johnny,25756229,17
Fulton,25756229,13
Luke,25756229,2
Matt,25756229,13
Bert,25756229,17
Kirk,25756229,6
Hanna,25756229,13
Solo,27561302,12
Hofer,23420246,0
Granville,23420246,8
Howdy,26488597,4
Lansing,26488597,4
John,30702319,19
Dijo,30702319,3
Joy,30702319,1
Thammi,30702319,5
Sathyavathy,30702319,2
Poynt,2952434,23
Augusto,3790446,0
Mara,3790446,6
Anna,3790446,13
Pasquale,3790446,12
Renzo,3790446,0
Carmine,3790446,8
Adelina,3790446,24
Saul,5606790,16
Christopher,5606790,17
Lockwood,13345732,20
Donald,13345732,14
Tony,13345732,6
Denny,13345732,24
Anthony,13345732,11
Hunter,13345732,15
Connors,13345732,8
Sylvia,13345732,3
Dorothy,13345732,21
Phillip,13345732,3
Donald,13378027,3
Pete,13378027,3
Amy,28174450,17
Elizabeth,28174450,3
Gettis,28174450,23
Russell,28174450,19
Delacorte,28174450,21
Halsey,28174450,1
Lennon,28174450,3
Yoko,25783738,4
Numata,25783738,11
Saeki,25783738,10
Tosaka,25783738,4
Herbie,27689047,12
Jim,5489530,10
Bonnard,5489530,16
Bosco,32454408,9
Daveed,32454408,24
Dinesh,31551049,17
Velu,31551049,21
Jyothi,31551049,24
Kumaravel,31551049,8
Jothi,31551049,4
Baburam,36098000,8
Bobby,36098000,11
Baaji,36098000,20
Tanya,36098000,9
Sandip,36098000,24
Pablo,36098000,2
Benji,36098000,9
don,36098000,24
Joy,36098000,2
So-Hee,23233139,6
Eon-Joo,23233139,3
Jeong-Eon,23233139,3
Kevin,12708457,16
Eddie,12708457,21
Linda,12708457,12
Amy,9541484,11
Shayne,9541484,16
Crane,9541484,20
Grady,9541484,3
Joanna,9541484,17
Arun,11217842,23
Mahendra,11217842,13
Neema,11217842,6
Narendra,11217842,22
Abhinandan,11217842,18
Lalwani,11217842,7
Arvind,11217842,16
Sujata,11217842,20
Choudhary,11217842,16
Kam,1741449,23
Bailey,1381470,12
Gates,1381470,20
O'Reilly,1381470,9
Rosalie,1381470,19
Harker-Packer,1381470,15
Reilly,1381470,16
Lowe,26953760,6
Jacobson,4317405,2
Lembecke,4317405,13
Weans,4317405,10
Freley,4317405,14
Vago,4317405,9
Tayfun,28281915,20
Sabri,28281915,6
Taylor,913165,17
Ann,913165,8
Valerie,913165,23
Peter,913165,6
Kate,913165,16
Reynolds,913165,9
Standish,913165,6
Frant,913165,2
Throstle,913165,7
Helen,913165,23
Blackwood,5638171,19
Thatcher,5638171,5
Tricia,5638171,3
Charles,32810773,12
Miller,1029774,17
Calderon,1029774,20
Rosita,1029774,10
Smith,1029774,12
Catlow,1029774,3
Parkman,1029774,5
Christina,1029774,15
Cowan,1029774,4
Jessica,12834270,6
Henderson,12834270,21
Dougherty,12834270,16
Katharine,12834270,13
Poole,12834270,8
Larry,9685347,20
Nolan,9685347,23
Jeremy,11558326,6
Penn,11558326,8
Pitt,11558326,21
Kelly,11558326,2
Brunell,11558326,1
Tarnow,11558326,21
Ben,11558326,21
Willis,11558326,3
Solomon,11558326,2
Bell,11558326,6
Holt,9628464,23
James,9628464,13
Lennards,9628464,21
Jimmy,9628464,15
Turpin,9628464,16
Lynn,9628464,1
Graham,9628464,21
Cranford,14656940,16
Starrling,14656940,21
David,14656940,8
Vera,2821041,10
Dietrich,2821041,7
Carl,2821041,23
Xiaoman,2821041,24
Luo,2821041,21
Chuchu,2821041,21
Reich,2821041,8
Christian,7766450,8
Austin,7766450,3
Meyers,7766450,13
Hillary,7766450,6
Cantrell,7766450,4
Berkeley,7766450,21
Kevin,7766450,2
Jessica,8272738,5
Warlock,8272738,21
Kringle,8272738,3
Kluger,8272738,3
Kris,8272738,3
Claus,8272738,1
Ming,21064505,6
Ding,21064505,16
Gattayya,36284183,17
Lakshmi,36284183,14
Nayak,36284183,11
Satya,36284183,2
Reddy,36284183,12
Ali,36284183,2
Marcus,525113,5
Virgil,525113,4
Vermillion,525113,23
Clanton,525113,17
Stilwell,525113,24
Holliday,525113,8
White,525113,12
Earp,525113,8
Ringo,525113,17
Fabian,525113,24
Bill,525113,4
Doc,525113,3
Josephine,525113,4
Brocious,525113,17
McMasters,525113,10
Johnson,525113,24
Hooker,525113,9
Blaylock,525113,2
Behan,525113,15
Mitchum,525113,9
Jesus,8427501,23
Kathy,8427501,3
Blakey,8427501,4
Lucy,2298243,15
Ellen,2298243,3
Luke,2298243,17
Mark,2298243,3
Claude,2298243,3
Mokhtar,34952946,14
Irina,9912911,3
Satan,9912911,18
Oliviero,9912911,17
Walter,9912911,4
Floriana,9912911,23
Rouvigny,9912911,3
Ellis,24751153,12
Higgs,24751153,0
Arundathi,25924200,14
Unnikrishan,25924200,5
Nazir,25924200,9
Koshy,25924200,23
Archer,13553852,6
Sam,13553852,17
Tony,13553852,6
Jun,13553852,22
Judy,13553852,4
Wilson,13553852,4
Ma,13553852,17
Laneah,1208102,12
Jesus,1208102,3
Helam,1208102,3
Jacob,1208102,5
Kohor,1208102,1
Rawlins,4908353,6
Villarreal,4908353,3
Blevins,4908353,17
Cole,4908353,4
Marijana,5844700,3
Vanja,5844700,10
Doodle,3644428,0
Donald,3644428,3
Huey,3644428,23
Louie,3644428,23
Dewey,3644428,23
Satish,14910791,3
Kumar,14910791,8
Aarti,14910791,13
Udaybhan,14910791,7
Lucy,1752246,23
McClane,1752246,17
Gabriel,1752246,17
Farrell,1752246,17
D.C.,1752246,17
Kaludis,1752246,22
Emerson,1752246,17
Mai,1752246,7
Linh,1752246,4
Kapoor,20904045,0
Murari,20904045,21
Clarissa,12259086,12
Devi,30164669,6
Laxman,30164669,15
Mullu,30164669,6
Tatum,2165760,6
Castle,2165760,18
Dawson,2165760,20
Vallon,2165760,15
Webster,2165760,3
Gannon,2165760,1
Durward,5516533,9
Marcus,5516533,3
Grost,5516533,6
Hagen,5516533,23
Manor,5516533,9
Durwood,5516533,8
Carla,5516533,3
Sara,5516533,19
Hitler,34140078,1
Huis,31003015,12
Peters,31003015,22
Xun,28062733,8
Shuihua,28062733,9
Yuehong,28062733,0
Tang,28062733,14
Shang,28062733,4
Dan,28062733,17
Xing,28062733,19
Chunhua,28062733,23
Morse,1389387,9
Jerry,1389387,16
Savage,1389387,11
Qing,1414872,24
Yu,1414872,9
Qiang,1414872,24
Xiu,1414872,19
Chongyang,1414872,9
Li,1414872,21
Hughes,15852561,11
Petchnikoff,15852561,0
Karamzin,15852561,10
Tojo,473964,3
buruma,473964,3
Hoshi,473964,6
Robert,473964,13
Ankers,14619627,24
Jane,14619627,3
Gilmore,15798140,4
Radu,9088040,17
Lidia,9088040,4
Stoker,9088040,15
Dracula,9088040,10
Vlad,9088040,2
Zooey,20937202,10
Beatrice,20937202,0
Jack,20291261,23
Chris,20291261,3
Danny,23632489,3
Elma,23632489,17
Don,23632489,16
Beth,23632489,6
Coogan,23632489,20
Toulon,23632489,7
Len,23632489,16
Max,23632489,3
Klaus,23632489,4
Ozu,23632489,6
Baker,3242749,24
Winter,3242749,3
Flesti,3242749,23
Falk,3242749,19
Engel,3242749,5
Marion,3242749,8
Raisa,3242749,5
Becker,3242749,24
Cassiel,3242749,3
Konrad,3242749,17
Copeland,6043780,2
Jones,6043780,12
Mahoney,6043780,6
Callahan,6043780,20
Martin,6043780,8
Tackleberry,6043780,1
Thompson,6043780,11
Hooks,6043780,24
Hightower,6043780,17
Thomson,6043780,15
Lassard,6043780,22
Barbara,6043780,3
Harris,6043780,10
Blankes,6043780,20
Reed,6043780,4
Hagane,8637627,17
Ujiki,8637627,15
Rawal,9698112,11
Patekar,9698112,24
Mukherjee,9698112,12
Sharbani,9698112,11
Anita,20683469,19
Keller,20683469,9
Walbrook,20683469,14
Heidenick,20683469,12
Dur,20683469,24
Petersen,20683469,10
Harrandt,20683469,13
McFoo,13611982,3
Davis,13611982,10
Hepburn,13611982,12
Lynch,24108514,6
Cassidy,32977687,9
Hudson,24131841,2
Zoey,24131841,19
Emily,24131841,23
Tammy,24131841,10
Sarah,24131841,21
Stringer,24131841,13
Kirsten,24131841,13
Kristen,24131841,3
Alice,24131841,21
Iris,24131841,17
Tom,11028531,23
Jerry,11028531,3
Topsy,11028531,3
Faso,34933497,0
Evenfall,3331330,16
Durand,3331330,15
Ben,3331330,6
Miles,3331330,8
Devlin,3331330,8
Leduc,3331330,8
Lucie,20775950,13
Valentin,20775950,9
Thomas,20775950,15
Lola,20775950,22
Claire,20775950,6
Elsa,20775950,3
Bernard,20775950,9
George,23539428,21
Strella,23539428,19
Paul,31452702,17
Brutus,31452702,15
Highland,31452702,17
Ben,31452702,3
Geary,31452702,11
Darden,31452702,0
Shepherdson,31452702,15
Bozlovski,31452702,24
Queimada,3222550,18
Walker,3222550,4
Dolores,3222550,4
Ayadan,18290593,4
Yan,5831848,11
Mikal,5831848,3
Freddy,5831848,7
Zia,5831848,3
Hawkes,5831848,11
Eugene,5831848,17
Desiree,5831848,4
Nanuk,5831848,18
Piggy,876728,3
Hopper,876728,17
Otter,876728,19
Honeydew,876728,5
Teeth,876728,13
Bunsen,876728,13
Kermit,876728,3
Lord,876728,8
Krassman,876728,22
Wong,27754256,24
Libing,27754256,23
Linfan,27754256,3
Feng,27754256,6
Anqi,27754256,23
Hildegard,28097123,10
Trotta,28097123,15
II,28097123,15
Pernoud,28097123,7
Jesus,15221045,12
Toby,5983922,6
Wren,5983922,8
Hare,5983922,0
Tortoise,5983922,7
Robin,5983922,4
Madhavi,5008870,13
Devendra,5008870,3
Madhumati,5008870,4
Ugranarayan,5008870,3
Anand,5008870,3
Anita,4599747,13
Eric,4599747,15
Margit,4599747,6
Marie,4599747,23
Hoffman,4599747,5
Brandt,4599747,21
Turk,187100,3
Delaney,187100,18
Coffman,187100,21
Lola,187100,3
Marie,187100,6
Bruce,187100,12
Doc,187100,3
Shekar,1437474,6
Arjun,1437474,3
Sekhar,1437474,6
Chitra,1437474,24
Anjali,1437474,21
Anu,1437474,3
Isabel,27622196,2
Nestor,27622196,15
Woody,20530638,21
Woodpecker,20530638,12
Wayne,23423159,9
Judith,18650233,6
Roe,18650233,7
Rachel,18650233,6
Wade,18650233,7
Hogan,18650233,16
Mazeppa,1588930,9
Lola,1588930,15
Rath,1588930,3
Keith,6000549,23
Gray,6000549,21
Templeton,6000549,6
Bradley,6000549,0
Darrell,6000549,21
MacDonald,6000549,17
Elliott,6000549,16
Kosti,6000549,14
Nelson,6000549,16
Sophie,6000549,10
Sabiha,18613085,21
Santosh,18613085,12
Karan,9112296,1
Anju,9112296,15
Ahana,9112296,21
Ayaan,9112296,6
Yamini,9112296,2
Sandy,26749354,2
McKenzie,26749354,0
Dutton,26749354,9
Baldwin,26749354,6
Sara,26749354,6
Marcela,35785312,19
Amador,35785312,15
Joanna,12613879,5
Philip,12613879,19
Murthy,35790657,14
Ballard,817057,20
Montone,817057,7
Tarlow,817057,5
Lazarus,817057,16
Sheppard,817057,17
O'Niel,817057,17
Sagan,817057,17
Mason,3858746,0
Alakay,3858746,4
Zuba,3858746,20
Julien,3858746,17
Gloria,3858746,16
Kowalski,3858746,17
Marty,3858746,3
Nana,3858746,20
Alex,3858746,4
Makunga,3858746,3
Melman,3858746,14
Moto,3858746,11
Revati,8356812,23
Radha,8356812,19
Shankar,8356812,3
Todd,5608558,15
Finlayson,5608558,2
Laurel,5608558,10
Hardy,5608558,15
Noland,44501,3
Wilson,44501,2
Frears,44501,1
Gandhi,369508,17
Briley,369508,4
Ganga,369508,15
Bobby,3418109,3
Gena,3418109,24
Diamond,3418109,2
Ettinger,3418109,12
Beck,17341155,24
McGee,12246739,23
Salinger,12246739,6
Wexler,12246739,17
Isaacson,12246739,13
Whitman,12246739,20
Calvini,12246739,2
Ornelas,12246739,10
Skarssen,12246739,20
Ward,12246739,24
Hanzo,24630747,17
Royce,24630747,17
Noland,24630747,17
Isabelle,24630747,3
Edwin,24630747,22
Arthur,15239845,1
Katherine,15239845,10
Thomas,15239845,14
Finch,15239845,11
Murray,15239845,21
Amanda,15239845,21
Astrid,17686426,7
Bork,17686426,11
Arab,32440494,5
Ali,32440494,11
Louna,32440494,9
Geetha,32261299,4
Shankar,32261299,13
Kanchana,32261299,6
Devan,32261299,17
Antony,32261299,18
Burns,3394318,17
Daniel,1124048,17
Petra,1124048,18
Emilien,1124048,18
Rudolph,16623876,13
Antoinette,16623876,6
Michael,16623876,3
McKray,4764375,22
Shatamitra,27065959,17
Durjaya,27065959,17
Shivasri,27065959,14
Jayaveera,27065959,18
Avanti,27065959,3
Hindenburgs,19762625,15
Ahrends,19762625,2
Sauerbruch,19762625,4
Hitler,19762625,1
Burlingame,1380847,23
Francine,1380847,23
Flynn,1380847,3
Stoker,1380847,1
Scott,1380847,3
Evan,1380847,3
Carly,1380847,3
Smith,1380847,24
Jessie,1380847,3
Chris,1380847,3
Jennifer,17428180,23
Zig,17428180,3
Pan,11946021,19
Bennett,11946021,15
Smee,11946021,7
Raman,872342,13
Karan,23447923,14
Greta,23447923,17
Saunders,23447923,3
Jones,13038083,10
Coyote,13038083,3
Johnny,18664228,3
Cindy,18664228,6
Tucker,18664228,3
Anthony,18664228,17
Skull,18664228,3
Tommy,18664228,17
Steven,18664228,3
Jamie,18664228,17
Rojas,8990197,15
Thomas,8990197,16
Langdon,8990197,21
Maximilian,8990197,18
Ana,15187211,3
Marco,15187211,21
Marcos,15187211,6
Lili,922084,3
Tom,922084,2
Gump,922084,6
Jack,922084,3
Blix,922084,16
Oona,922084,19
Baladevi,31139958,13
Subhashini,31139958,2
Jayamohan,31139958,23
S.,31139958,1
Mia,30419048,8
Luth,30419048,9
William,35932407,20
Manny,35932407,6
Catherine,35932407,24
Ruby,35932407,24
Ryback,67423,17
Zachs,67423,17
Sarah,67423,20
Grazer,67423,23
Bates,67423,11
James,67423,15
Casey,67423,16
Billy,2813558,13
Julia,2813558,3
Molly,3145948,10
Strett,3145948,3
Ringo,3145948,6
Peggy,3145948,2
Bromley,3145948,2
Walsh,3145948,9
Mac,3145948,3
Amy,805037,3
Eliot,805037,15
Liv,805037,6
Rick,805037,10
Adrian,805037,3
Michael,805037,6
Forrester,805037,20
Palmer,386124,6
Lester,386124,6
Jennifer,386124,19
Calvin,386124,3
Ricky,386124,6
Billy,386124,17
Wallace,386124,10
Gunn,21939315,14
Laurence,21939315,9
Tonnerre,21939315,23
Morag,21939315,1
Battifiori,13343441,0
Chun,8421267,21
Po,8421267,2
Shao-teh,8421267,0
Sam,2018117,6
Ricardo,2018117,24
Eliza,2018117,4
Gloria,2018117,19
Elmer,2018117,17
Dan,2018117,6
Mary,2018117,17
Rivers,2018117,9
Callahan,2018117,13
Julius,12296652,6
Dusen,6052706,6
Martin,6052706,21
Ronny,6052706,17
Camille,6052706,6
Saroja,18849328,4
Ganesan,18849328,3
Kusalakumari,18849328,23
March,35571425,24
Soblova,6804473,21
Igor,6804473,2
Baklenikov,6804473,14
Forbes,6804473,9
Schmidlap,6804473,3
Quonset,6804473,7
Mattemore,6804473,19
Hoffman,6804473,9
Sylvester,10595362,3
Granny,10595362,3
Miny,10595362,10
Moe,10595362,10
Burdette,81100,17
Carlos,81100,3
Deguello,81100,21
Colorado,81100,3
Dude,81100,3
Joe,81100,6
Consuela,81100,11
Ryan,81100,22
Russell,81100,11
Wheeler,81100,3
Maria,6277939,5
Tae-yeon,6277939,0
Mi-ju,6277939,3
Thyagarajan,21041655,12
Sekhar,21041655,3
Pillai,21041655,14
Thyagu,21041655,3
Meena,21041655,21
Lockwood,12202956,0
High,12202956,8
Monica,12202956,9
Stacey,12202956,20
Stacy,12202956,21
Angela,12202956,6
Delvecchio,12202956,0
Jamie,12202956,6
Ra,224220,21
White,224220,22
Ray,224220,16
Blacks,224220,19
Fey,224220,24
Sasha,3899153,3
Sergey,3899153,10
Cereno,34943488,10
Nathan,30863163,14
Jim,30863163,17
Barber,30863163,16
Lewellyn,30863163,19
Moira,30863163,14
Taylor,32438208,4
Sclezi,32438208,4
Stanton,32438208,3
Dixon,32438208,5
Toni,32438208,4
Payne,32438208,17
Angel,32438208,3
Randall,32438208,16
Margaret,10311825,10
Morgan,10311825,11
Booker,10311825,20
Essie,30181744,24
Wilma,30181744,3
Wolf,30181744,16
Julius,30181744,3
Niko,30181744,3
Oona,30181744,7
Tilottima,5898233,6
Patel,5898233,9
Namrata,5898233,8
Hemant,5898233,14
Rajabali,5898233,7
Bhide,5898233,6
Santi,4860005,18
Valnikov,22227380,20
Waumbaugh,22227380,14
Zimmermann,22227380,15
Pooja,13937823,20
Pamela,13937823,19
Sharma,13937823,14
Tyagraj,13937823,7
Kapoor,13937823,11
Shaji,13937823,11
Sanjay,13937823,7
Lee,17803422,8
Sui,17803422,22
Jackson,14314426,21
Wright,14314426,18
Abi,14314426,5
Grant,10394520,16
Ryan,10394520,19
Freddy,10624481,21
Dileep,10624481,1
Malu,10624481,21
Kumaran,10624481,3
Radha,10624481,13
Ames,24964277,12
Stella,24964277,3
Gil,24964277,6
Gilmore,24964277,19
George,24964277,0
Eva,24964277,6
Helen,24964277,21
Brecht,11744082,11
Wendy,11744082,12
Jon,11744082,14
Miguel,15033915,23
Santos,15033915,21
Higgins,15033915,21
Jorge,15033915,20
Jane,9877212,8
Greystoke,9877212,16
Zek,9877212,1
Werper,9877212,12
Katie,4122339,3
Embry,4122339,6
Sam,4122339,6
Burke,4122339,8
Handler,4122339,6
Julie,4122339,13
Harrison,4122339,14
Larkin,4122339,10
Ram,14838664,8
Ketu,14838664,10
Hanuman,14838664,21
Bajrangpur,14838664,10
Shukra,14838664,9
Narada,14838664,21
Polivanova,24869271,23
Deryugin,24869271,9
Bhadra,26654072,4
Douglas,16100989,21
Borland,16100989,22
Blair,16100989,1
Leonard,16100989,21
Bennett,16100989,14
Doris,16100989,13
Carver,16100989,21
Cecil,16100989,6
Renzaburo,2008660,5
Shadow,2008660,7
Makie,2008660,4
Mayart,2008660,13
Omar,2245072,3
Cindy,2245072,24
Mok,2245072,13
Angel,2245072,3
Tracy,4503816,17
Hunt,4503816,3
Dawson,4503816,9
Hoyt,4503816,18
Mann,4503816,17
Meg,4503816,3
Dylan,19231927,3
Massie,19231927,3
Kristen,19231927,6
Lyons,19231927,17
Wexler,19231927,9
Claire,19231927,3
Abeley,19231927,21
Chris,19231927,20
Layne,19231927,6
Mouloud,34953673,14
Fatima,34953673,2
Perotti,15614260,2
Paul,15614260,6
Melanie,15614260,6
Vandermeersh,15614260,5
Jenny,15614260,3
Brad,15614260,8
Sandra,15614260,6
Connor,15614260,3
Wayne,15614260,16
Mark,13087370,3
Sway,13087370,3
Sulari,13087370,16
Muldanno,13087370,6
Reggie,13087370,3
Love,13087370,9
Foltrigg,13087370,6
Clifford,13087370,22
Matt,8055976,13
Leslie,8055976,23
Marcus,8055976,11
Mills,8493002,6
Jeff,8493002,6
Reed,8493002,15
Lorca,26068611,21
Jowitt,26068611,4
Abbie,26068611,17
Ordessa,26068611,9
Tarrant,26068611,21
John,26068611,21
Johnny,930894,1
Taylor,930894,1
Taylor,2535395,24
Mallory,2535395,18
Gardner,2535395,2
Natasha,22645080,3
Ramses,22645080,6
Lonneke,22645080,7
Bouwman,22645080,11
Linda,2071080,3
Crandell,2071080,3
Maxwell,2071080,16
Messer,2071080,15
Sandy,2071080,6
McMillan,2071080,17
Waters,2071080,2
Louisa,2071080,17
Bennie,2071080,13
Buckman,2071080,7
Marks,2071080,11
Redmond,2071080,3
Redman,2071080,17
Pantera,2071080,2
Maryann,2071080,3
Capri,2071080,20
Boy,1962192,5
Keisha,1962192,13
Markell,1962192,2
Dayton,12782772,8
Yoschenko,12782772,19
Boroff,12782772,21
Ninotchka,12782772,4
Canfield,12782772,6
Kanchan,6025381,10
Kumar,6025381,15
Archana,6025381,10
Heidi,10539303,23
Adelheid,10539303,4
Fudd,8995246,17
Joe,7014201,3
Ernest,7014201,21
Flugal,7014201,3
Marie,7014201,24
Kraig,7014201,0
Baker,7153837,1
Rick,7153837,23
Lauren,7153837,21
Suzie,7153837,2
Cameron,7153837,17
Myers,7153837,10
Toulon,7153837,11
Piper,7153837,1
Decapitron,7153837,17
Sutekh,7153837,16
Kula,6458885,17
Beltinsky,6458885,6
Beltinska,6458885,10
Malkov,6458885,23
Loubalov,6458885,17
Pivonka,6458885,3
Gros-Rene,33149427,2
Marquise,33149427,20
Arthur,14865130,7
Thierry,14865130,6
Nicole,14865130,3
Dan,14865130,21
Lionel,14865130,6
Christian,14865130,15
Farley,21777123,23
Burke,21777123,16
Dolson,21777123,6
Liz,21777123,23
Chekov,27098,4
Terrell,27098,17
Khan,27098,13
Saavik,27098,10
Kirk,27098,16
Maru,27098,4
Spock,27098,4
Roth,27098,1
Man-Taek,3754545,8
Hee-Chul,3754545,16
Danny,668614,6
Mammoth,668614,7
Dimple,668614,10
Darla,668614,6
Sawyer,668614,10
Chia-yi,33496541,5
Andrews,18269587,9
Reese,18269587,23
Ron,18269587,15
Calavito,18269587,3
Braverton,18269587,23
Tierra,18269587,16
Kenny,18269587,2
Wilder,18269587,13
Lyle,18269587,3
Marge,18269587,8
Zach,18269587,21
Michael,17126231,8
Page,32874167,5
Shirley,32874167,5
Lyon,32874167,21
Tamiya,32874167,11
Lithgow,32874167,9
Robert,32874167,5
Butch,10213174,3
Tom,10213174,3
Jerry,10213174,17
Crystal,26979438,3
Hanson,26979438,11
Colburn,26979438,20
Richardson,26979438,3
Lesage,32789431,5
Frederique,32789431,24
Ren,32789431,12
II,10163440,20
Pepe,10931728,6
Celeste,10931728,3
Molina,10931728,12
Jeff,10931728,6
Stephens,10931728,3
Luisa,10931728,21
Castro,10931728,13
Rafael,10931728,8
Stacey,26445863,2
Matthews,26445863,0
Lydia,26445863,12
Amersteth,23240836,24
Richard,2869016,18
Mary,2869016,18
Morgan,2869016,13
Scott,2869016,21
Peoples,2229575,0
Williams,2229575,9
Shakeel,2349353,23
Aman,2349353,24
Rohit,14543900,9
Rai,14543900,9
Rani,14543900,9
Jadu,14543900,6
Anna,14543900,3
Skehkar,14543900,19
Chacha,14543900,22
Siddhant,14543900,21
Shekhar,14543900,3
Kumar,18002657,17
Krishnadas,18002657,17
Nancy,18002657,13
Gomas,18002657,17
Taylor,2411131,21
III,2411131,22
Carl,2411131,24
Berger,2411131,10
Fedders,2411131,20
Susan,2411131,24
Wilkins,2411131,1
Louis,2411131,21
Sadie,12293793,8
Brenner,12293793,10
Shanna,12293793,3
Jesse,12293793,6
Jessie,12293793,0
Masako,12003,3
Andoh,12003,3
Takeshi,12003,6
Tomokane,12003,1
Makoto,12003,17
Saegusa,12003,2
Godzilla,12003,17
Tezuka,12003,2
Takuya,12003,3
Mothra,12003,3
Midori,12003,21
Fukazawa,12003,5
Fujita,12003,23
Battra,12003,3
Siva,35281429,0
Arivukodi,35281429,6
Ramaswamy,35281429,0
Chellakili,35281429,2
Dilipan,35281429,21
Balayya,35281429,4
Bruna,9104365,2
Bjornson,9104365,22
Jacobson,9104365,19
Viola,9104365,11
Johnson,9104365,9
Jensen,9104365,24
Redfield,15332396,20
Ortiz,15332396,7
Valentine,15332396,0
Bennett,15332396,17
Angel,15332396,17
Yong,15332396,20
Chris,15332396,17
Alice,15332396,17
Wesker,15332396,24
Junior,2305752,3
Ronnie,2305752,23
Lance,2305752,23
Armstrong,2305752,13
Myrin,2305752,11
Diana,2305752,3
Clyde,2305752,17
Bill,2305752,20
Denny,1599864,6
Arbor,1599864,13
Grey,1599864,22
Terry,1599864,6
Hadley,1599864,1
Popeye,1599864,13
Wolfmeyer,1599864,22
Andy,1599864,6
Kumar,19015856,3
Seema,19015856,13
Raja,19015856,18
Rita,19015856,18
Narendra,19015856,9
Anita,19015856,3
Rana,19015856,7
Shankar,19015856,15
Sunil,19015856,3
Vikram,19015856,3
Lila,21788853,13
Driscoll,3692685,10
Alan,3692685,16
McAlister,3692685,8
Marshall,3692685,24
Crowe,3692685,11
Yehoshua,13466352,20
Josh,13466352,21
Stewart,13466352,15
Bresler,13466352,10
Fane,602789,21
Ghai,28103904,2
Dahmer,5060456,18
Rodney,5060456,4
Lee,27853742,8
Cook,3030276,3
Dielman,13889076,17
Rothman,13889076,20
Jeanne,13889076,7
Emily,34383775,23
David,34383775,3
Corey,34383775,23
Tillie,14290038,17
Pratt,14290038,9
Sheridan,14290038,13
Godiva,14290038,8
Gus,14290038,6
Winterbottom,14290038,9
Mary,14290038,22
Ross,5209597,15
Benson,5209597,21
Edmond,5276483,19
Simon,5276483,9
Desai,21579836,0
Ali,16366225,1
Giuseppe,16366225,14
Yousef,16366225,12
getai,35104864,16
icon,35104864,8
Qiang,35104864,21
Fang,35104864,15
Zhen,35104864,23
Hudson,22142761,8
Judith,12767936,2
Platter,12767936,19
Rochus,12767936,6
Akira,9013587,1
Yoichi,9013587,20
Ruriko,9013587,6
Yoshitsune,9013587,18
Toshio,9013587,17
Shizuka,9013587,23
Kiyomori,9013587,17
Heihachi,9013587,3
Piripero,9013587,4
Benten,9013587,4
Heike,9013587,0
Piringo,9013587,12
Tim,15762321,3
Turner,15762321,13
Holly,15762321,13
Nicholas,15762321,10
Thomas,15762321,15
Emily,15762321,21
return,15762321,15
George,15762321,10
Jenson,15762321,11
Ben,15762321,15
Dan,15762321,12
Tepos,15762321,20
Posa,15762321,7
Ezra,15762321,19
Delia,2563741,21
Cass,2563741,15
Hamilton,2563741,15
Cousin,2563741,2
Rex,2563741,18
Arabelle,28469376,19
Sambayya,28597189,22
Dorasani,28597189,17
Rajanna,28597189,13
Nehru,28597189,19
Mallamma,28597189,6
Mildred,33041654,8
Tom,33041654,8
Murnin,33041654,13
Harvey,33041654,19
Eyvind,21499343,24
Bosinney,14186757,13
Irene,14186757,1
Forsyte,14186757,24
Soames,14186757,16
Young,14186757,7
Jolyon,14186757,19
Beckerman,16907195,17
Croker,16907195,16
Altabani,16907195,9
Birkinshaw,16907195,7
Egizio,16907195,16
Vela,16907195,17
Miura,16907195,24
Bridger,16907195,7
Beckermann,16907195,4
Ann,29450013,13
Mickey,29450013,16
Davis,29450013,22
Columbus,29450013,9
Garland,7055037,9
Carter,7055037,17
Barkley,7055037,0
Yoshizumi,7055037,20
Rankin,7055037,16
Meyer,7055037,13
Dr.,7055037,22
Latour,7055037,13
Leisenauer,7055037,13
Marit,7055037,12
Richardson,7055037,0
Krause,7055037,2
Burke,28226296,17
Frank,28226296,17
Huddle,28226296,9
Bob,28226296,8
Jane,28226296,3
Crisp,28226296,12
Morgan,28226296,19
Richland,28226296,9
Donahue,28226296,19
Sharon,28226296,13
Theresa,28226296,10
Rita,28226296,6
Patrick,28226296,20
Roberts,404122,9
Sculley,404122,11
Allen,404122,0
Wozniak,404122,13
Gates,404122,6
Jobs,404122,21
Markkula,404122,9
Scott,404122,10
Lisa,404122,4
Brendel,28748759,18
Bach,28748759,23
Lang,28748759,11
Aimard,28748759,3
Hart,5111225,22
Mary,5111225,22
Venner,5111225,11
Murray,5111225,13
Missy,18050595,6
Kortchagin,18050595,13
Nekhlyudov,18050595,8
Katusha,18050595,6
Maslova,18050595,24
Dmitri,18050595,2
Vetri,11141646,3
Sundar,11141646,4
Shanti,11141646,18
Lalitha,11141646,17
Zinda,11141646,4
Vijay,11141646,17
Sabata,11467786,3
McIntock,11467786,23
Miller,14836345,15
bush,14836345,19
Bonnie,25011242,2
Collins,25011242,21
Claire,25011242,6
Sr.,25011242,21
Jr.,25011242,6
Hetero,3686795,13
Shreya,5936011,2
Bhramanandam,5936011,17
Raja,5936011,6
Norton,32998423,8
Northon,32998423,8
Galloway,32998423,21
Pelham,9220529,9
Delavel,9220529,7
Hopper,9220529,9
Garrett,23779787,24
Taylor,23779787,15
Ross,23779787,8
Lou,23779787,13
Tolo,23779787,23
O'Brien,23779787,24
Annie,23779787,21
Kathleen,1604763,3
Berry,1604763,10
Thaddius,1604763,14
Rose,1604763,3
Rodney,1604763,6
Slavin,1604763,13
Jack,1604763,13
Rance,1604763,17
Wayne,8408239,4
Bosworth,2145582,11
Patricia,2145582,16
Emerson,2145582,3
Kate,2145582,21
Kumar,33447219,0
Paani,33447219,20
Kolhapure,33447219,10
Chakraborty,33447219,5
Bliss,1365691,0
Newman,1365691,4
Leibowitz,1365691,24
Tompkins,1365691,10
Polly,32809321,11
Ann,32809321,21
Fallon,32809321,21
Caldwell,32809321,1
Mark,32809321,6
Dureau,32809321,1
Conant,32809321,13
Elwood,32809321,8
Laurent,32809321,1
John,32809321,15
Kern,23777614,6
Auguste,23777614,3
Dusot,23777614,8
Valentine,23777614,6
Rita,23777614,23
Killian,23777614,10
Karin,23777614,23
Dean,4710606,21
Connie,4710606,6
Taylor,4710606,21
Wyatt,4710606,0
Koko,7211042,23
Betty,7211042,16
Raul,15395979,19
Matera,15395979,19
Pasquale,15395979,2
Mimmo,15395979,3
Magda,15395979,21
Furio,15395979,21
Burris,18699640,23
Halliday,18699640,12
Jivaro,18699640,21
Woody,20520813,3
Pataki,950274,17
Vermicelli,950274,16
Bridget,950274,10
Voice,950274,11
Mona,950274,21
Bob,950274,6
Gertie,950274,24
Gerald,950274,17
Harold,950274,3
Helga,950274,6
Phil,950274,3
Scheck,950274,6
Murray,950274,6
Eugene,950274,3
Remington,4398217,21
Todd,15461990,1
Mack,15461990,9
Lovett,15461990,12
Rishi,4521534,3
Kumar,4521534,16
Liaqat,4521534,6
Rayappa,4521534,16
Khan,4521534,4
Roja,4521534,21
Hell,3844945,18
Katana,3844945,9
Kim,3844945,0
Shaw,3844945,15
Han-kyeong,15205423,18
Tae-sung,15205423,14
Gangreen,5859582,12
Johnson,5859582,17
Boyle,5859582,6
Lyon,36241052,21
Ellis,36241052,4
Samantha,34195696,6
Jason,34195696,6
Ahmed,7329519,20
Ariel,7329519,21
Fatima,7329519,6
David,7329519,21
Necile,33479342,6
Holly,33479342,6
Nicholas,33479342,3
Shiegra,33479342,16
Blinky,33479342,19
Mogorb,33479342,17
Mariner,33479342,8
Giovanni,979825,24
Martine,979825,21
Papin,979825,22
Lorens,979825,14
Philippa,979825,23
Hersant,979825,6
Cook,18726173,18
Siracusa,18726173,13
Gray,18726173,12
Donald,18726173,21
Fletcher,18726173,15
Agha,18726173,13
Warner,18726173,9
Firdausi,18726173,22
Shireen,18726173,23
Luckman,18726173,18
Debbie,18726173,2
Foreman,18726173,6
Fiore,18726173,6
Arden,2010907,13
Marian,2010907,18
Nicole,2010907,23
Frank,2010907,24
Greta,2010907,17
Sylvester,2010907,18
Como,2010907,19
Peggy,2010907,17
Isabella,2010907,3
Max,2010907,6
Cristina,2010907,17
Keaton,32608557,24
donna,32608557,8
Joe,32608557,21
Diana,32608557,22
Micha,32608557,24
O'Connor,32608557,13
Freddy,9117823,6
Natural,9117823,7
Vinnie,9117823,6
Dolores,9117823,20
Rhodes,20786,10
Diane,20786,21
Rita,20786,3
Kesher,20786,16
Gilda,20786,20
Betty,20786,13
Selwyn,20786,3
Camilla,20786,17
Hayworth,20786,5
Elms,20786,3
O'Brien,7003785,18
Kousalya,1987419,5
Pappu,1987419,11
Gopalakrishnan,1987419,16
Shankar,1987419,14
Shyam,1987419,3
Menon,1987419,21
Pillai,1987419,2
Chikku,1987419,3
Revathi,1987419,21
Fayyuzi,12360053,2
Mammo,12360053,3
Ali,12360053,14
Begum,12360053,18
Riyaz,12360053,21
Apte,12360053,4
Lenny,5388037,23
Berg,5388037,12
Lindberg,26371114,22
Rapper,26371114,12
Noodlehead,26371114,9
Kincaid,27365029,18
Williams,27365029,4
Riley,27365029,16
Baxter,27365029,24
Ellen,27365029,5
Bailey,27365029,19
Larsen,27365029,3
Marshall,27365029,22
Allison,27365029,0
Alice,27365029,19
Marley,1144915,11
Lokni,1144915,21
Kyla,1144915,17
Sedessa,1144915,2
Zahn,1144915,17
Raius,1144915,20
Filo,1144915,24
Nohrin,1144915,23
Bogardus,1144915,19
Delgo,1144915,3
Tobolowsky,3484353,23
Darnell,3484353,12
Stephen,3484353,1
Adams,3484353,11
Hearn,3484353,2
Alankari,31178612,12
Thanka,31178612,6
Nallannan,31178612,17
Ivan,4563943,6
Bartok,4563943,3
Prince,4563943,4
Romanov,4563943,21
Ludmilla,4563943,3
Zozi,4563943,3
Yaga,4563943,6
Luxemburg,23563063,14
Roberts,21132938,9
Ray,21132938,6
Billy,21132938,3
Lily,21132938,23
Hunter,21132938,9
Barney,21132938,15
Yale,21132938,13
Carla,21132938,3
Smith,21132938,4
Sanjana,13291318,14
Chitti,13291318,6
Sivanna,13291318,3
Reddy,13291318,3
Bujji,13291318,14
Kanth,13291318,10
Andrew,12755419,13
Vanessa,2542052,13
Emily,2542052,17
Jake,2542052,3
Rachel,2542052,20
Timmy,2542052,20
Eddie,2542052,6
Rudd,29243700,19
Ryde,5538370,17
Dirk,5538370,4
Gloria,5538370,17
Henderson,5538370,15
Ellen,25786322,6
Dice,25786322,15
Van,25786322,13
Tom,25786322,13
Bill,25786322,11
Daley,25786322,8
Vincent,25786322,0
Josie,25786322,6
Grace,25786322,21
Herbert,25786322,24
Payson,25786322,9
Delich,5578994,10
Gallagher,5578994,16
Hackman,5578994,8
Boyette,5578994,24
Torajiro,25845043,0
Baek,20695179,7
Montes,9113966,10
Gordon,29647426,6
Putnum,29647426,13
Zachary,29647426,3
Nerissa,29647426,6
Dwight,29647426,17
Cheska,35762859,17
Sam,35762859,21
Hitomi,4589205,24
Shimabukuro,4589205,11
Fodderwing,80499,13
Jody,80499,21
Ora,80499,6
Baxter,80499,0
Fodder-Wing,80499,22
Andrews,33486701,24
Donald,33486701,6
Renshaw,33486701,10
Marilyn,33486701,1
Karen,33486701,6
Janice,33486701,6
Reems,33486701,5
Halston,33486701,3
Burns,33486701,12
Jack,24520513,3
Lena,24520513,16
Charlie,9900396,10
Kau,9900396,18
Irina,1941591,3
Andreev,1941591,12
Kirwill,1941591,24
Asanova,1941591,9
Osborne,1941591,6
James,1941591,2
Renko,1941591,3
Gonzalez,29460891,10
Mumtaz,21655117,6
Agnel,21655117,15
Mirza,21655117,20
Khan,21655117,20
Shoiab,21655117,3
Shoaib,21655117,3
Sultan,21655117,6
Wilson,21655117,14
Rehana,21655117,19
khan,21655117,23
Briggs,4869325,3
Brennan,4869325,24
Hall,4869325,17
Premadasan,29127721,18
Sharma,29127721,6
Jayadevan,29127721,4
Vaidyar,29127721,9
Holly,27987042,3
Daddy,27987042,23
Lola,27987042,3
Brent,27987042,3
Stone,27987042,15
Carla,27987042,3
Jamie,27987042,12
Michael,2713808,15
Phyllis,2713808,3
Hochen,2713808,8
Shinaga,10709972,22
Sami,10709972,18
Wisl,10709972,16
Formen,10709972,5
Torman,10709972,2
Beibifeit,10709972,12
Mathilassi,10709972,14
Murphy,5498919,17
Chuchandra,5498919,4
Wolf,5498919,24
Khan,5498919,8
Buldeo,5498919,13
Mowgli,5498919,3
Harrison,5498919,3
Timo,5498919,24
Tree,6858830,22
Jennifer,6858830,3
Ben,6858830,3
Gary,6858830,3
Suzy,6858830,23
Sara,8939529,23
Tom,8939529,6
Johnson,8939529,17
Barnum,8939529,0
Masao,2384827,2
Shun-Pei,2384827,20
Raike,9422795,8
McLean,9422795,19
Renate,11036762,23
Wagner,11036762,21
Bush,11036762,0
Washington,11036762,24
Kortzfleisch,11036762,15
Adler,11036762,6
Richter,11036762,14
James,11036762,4
Chapin,2293612,4
Martha,2293612,3
Higgins,2293612,23
Missy,4913527,4
Napolean,4913527,17
Delmar,4913527,17
Napoleon,4913527,23
Reynolds,4913527,9
Spitter,4913527,17
Mickey,4913527,17
Finster,5664103,6
Grotke,5664103,6
T.J.,5664103,23
Kasim,2646805,6
Ahmed,2646805,13
da,2646805,13
Amin,2646805,3
Shahryar,2646805,3
Hector,2646805,0
Mustappa,2646805,20
Aladdin,2646805,3
Faisal,2646805,21
Safil,2646805,2
Sultan,2646805,2
Schahzenan,2646805,15
Ezra,2646805,17
Hussain,2646805,0
Baba,2646805,14
Jerome,2646805,4
Ali,2646805,13
Al-Rashid,2646805,3
Hammond,2646805,10
Scheherazade,2646805,6
Frain,2646805,21
Bac-Bac,2646805,3
Campbell,18724476,21
Tom,11489398,23
Jerry,11489398,3
Lilli,11489398,23
Tuffy,11489398,23
Amy,74966,3
Tom,74966,23
Bessiere,74966,3
Caesar,74966,16
Brown,74966,17
Miller,8432450,24
Owen,8432450,20
Weeks,8432450,16
Carmody,8432450,2
Ollie,8432450,17
Irene,8432450,17
Dumfries,8432450,10
Dan,8432450,17
Drayton,8432450,9
David,8432450,3
Brown,8432450,3
Norton,8432450,3
Jim,8432450,17
Jessup,8432450,23
Amanda,8432450,17
Norm,8432450,20
Plum,27612579,23
Morelli,27612579,20
Frankie,18940234,21
Len,18940234,11
Cotton,71975,3
Steve,71975,17
Frank,71975,4
Kirsty,71975,3
Larry,71975,17
Julia,71975,17
Smith,71975,15
Robinson,71975,21
Jones,27908690,12
III,27908690,9
Vinod,15416641,21
Megha,15416641,5
Akash,15416641,18
Prakash,15416641,21
Dubray,1620539,10
Grace,1620539,8
Hatchett,1620539,3
James,1620539,24
Russell,1620539,23
Carrie,4278011,19
Kossel,4278011,24
Pashek,4278011,17
Rieger,4278011,18
Marlowe,76631,6
Branigansky,76631,20
Hunter,76631,21
Schmidlap,76631,24
Rock,76631,20
Tashlin,76631,10
Johnson,701775,10
Newman,701775,12
Fluke,701775,6
Sylvester,701775,1
Bert,701775,20
Bella,701775,10
Rumbo,701775,6
Huu,1011468,23
Johnson,1011468,0
An,1011468,23
Crandall,1011468,12
Moore,1011468,3
Savage,1011468,17
Herrick,1011468,10
Sailen,1184652,20
Caldwell,1184652,24
Lynch,1184652,10
Daphne,1184652,6
Bolland,1184652,3
Rickson,1184652,3
Peter,28722503,6
Carson,28722503,16
Candice,28722503,17
Horton,28722503,13
Friedkin,28722503,19
Bludworth,28722503,8
Hooper,28722503,9
Lawton,28722503,21
Molly,28722503,4
Browning,28722503,16
John,28722503,11
Block,28722503,11
Sam,28722503,3
Sears,28722503,14
Nathan,28722503,3
Carrie,4003719,6
Berniers,4003719,6
Anna,4003719,21
Prine,4003719,4
Rahul,23315198,5
Vrinda,23315198,6
Nikhil,23315198,4
Sandhya,23315198,13
Harry,1563060,10
Hunter,1563060,0
Mark,1563060,13
Chain,1563060,9
Cohen,1563060,22
Hard-on,1563060,3
Malcolm,1563060,2
Diniro,1563060,17
Morrison,4762435,8
Ward,4762435,20
Mitchell,4762435,17
Abbott,4762435,1
Megumi,21945570,3
Kenji,21945570,3
Takashi,21945570,4
Sasaki,21945570,15
Kaneko,21945570,5
Kurosu,21945570,15
Borromeo,26463418,0
Sanchez,26463418,10
Blake,13024213,0
Tony,13024213,3
Felix,13024213,3
Irena,13024213,2
Jean,13024213,12
Miguel,13024213,2
Ian,28272795,19
Morley,28272795,21
Mayhew,28272795,14
Sylvie,28272795,20
Emma,28272795,21
Linsky,6473343,24
Brooks,6473343,1
Moore,6473343,1
Grayson,8267711,20
Farquaad,18717177,21
Fiona,18717177,6
Shrek,18717177,6
Dragon,18717177,4
Devi,26161289,1
Kannayya,26161289,9
Veeranna,26161289,23
Nana,26161289,4
Maitland,32655855,18
Lee,32655855,19
Everard,32655855,16
Merrick,14320073,12
Carson,14320073,24
Florence,14320073,22
Mary,14320073,2
Jack,14320073,21
Rogers,14320073,6
Donnell,14320073,24
Kaiser,25269403,15
Gorge,25269403,14
Curtis,25269403,7
Eiji,15294037,17
Krishna,9381735,3
Aravindh,9381735,22
Ramya,9381735,22
Knauer,18848055,22
Marion,18848055,9
Pfeiffer,18848055,21
Ty,12138831,3
Lola,12138831,15
Mike,12138831,8
Bob,12138831,16
Ryan,12138831,23
Butch,12138831,17
KiKi,12138831,4
Bebe,12138831,14
Clairmont,28740295,9
Shelley,28740295,20
Mary,28740295,3
Polidori,28740295,20
Byron,28740295,7
Bancroft,1688219,24
Bancroff,1688219,19
Harry,858575,6
Weasley,858575,19
Tonks,858575,16
Hermione,858575,1
Riddle,858575,17
Mark,858575,16
Malfoy,858575,7
McGonagall,858575,22
Gaunt,858575,10
Ron,858575,2
Narcissa,858575,10
Draco,858575,4
Lupin,858575,5
Brown,858575,10
Voldemort,858575,2
Greyback,858575,16
Slughorn,858575,8
Potter,858575,6
Sheila,12134356,19
Shecky,12134356,6
Hale,12134356,3
Rabbit,12134356,8
Eli,12134356,17
Odie,12134356,21
Waldo,12134356,19
Bear,12134356,3
Bonita,12134356,2
Wally,12134356,6
Sid,12134356,1
Hardy,12134356,23
Taya,1651639,3
Tofik,1651639,9
Solomin,1651639,9
Ustyuzhanin,1651639,8
Spiridon,1651639,12
Alexei,1651639,4
Klimentov,1651639,14
Kolya,1651639,4
Nastya,1651639,4
Tom,11589700,3
Jerry,11589700,3
Robot-Tom,11589700,3
Ivan,993024,14
Andrei,993024,14
Jennis,29105899,21
Lafene,29105899,3
Jack,29105899,6
Bob,29105899,6
Juan,75268,20
Gil,75268,24
Kinkaid,75268,1
Risley,75268,13
Davies,75268,6
Hardwicke,75268,10
Ford,75268,20
Davenport,75268,22
Martin,75268,13
Morez,75268,10
Art,75268,14
Grier,75268,4
Croft,75268,3
Conroy,75268,24
Swanson,75268,9
Farnley,75268,10
Carter,75268,24
Radha,20581092,21
Amar,20581092,6
Sunder,20581092,21
Berger,2321878,10
Karl,2321878,4
Sturak,3246234,1
Briggs,3246234,10
Gelster,3246234,4
Madge,3246234,12
Nomaka,3246234,24
Vallon,3246234,21
Baxter,3246234,22
McLain,3246234,13
Hunnicutt,10801336,22
Wade,10801336,15
Hannah,10801336,8
Theron,10801336,21
Rafe,10801336,18
Libby,10801336,9
Susan,14144221,0
Tryon,20931537,0
Frank,20931537,10
Rena,20931537,21
John,20931537,23
Steinem,58865,10
Fox,58865,2
Carl,58865,6
Wildman,58865,21
Bud,58865,18
Darien,58865,8
Bluestar,58865,11
Gekko,58865,6
Kala,35004818,2
Ruma,10614972,0
Verma,10614972,1
Meeta,10614972,14
Anand,10614972,21
Sam,8819339,3
Oberzo,8819339,17
Alice,23926755,10
Christian,23926755,14
Katie,5457037,14
Carnes,5457037,5
Gary,5457037,8
Weaver,5457037,11
Phillips,5457037,8
Simmons,5457037,20
Swapna,5208783,22
Easwari,5208783,12
Liu,10932345,23
Brady,12171288,0
Lamarr,12171288,18
Gordon,12171288,0
Tondelayo,12171288,22
Evans,12171288,12
Simonton,12171288,10
Cormack,31054832,2
Cheburashka,23767847,0
Gena,23767847,6
Shapoklyak,23767847,16
Murgatroyd,14556686,7
Alisha,14556686,1
Murphy,8009696,0
Dugan,8009696,4
Corelli,8009696,0
Jackson,822146,16
Barbara,822146,6
Ralph,822146,9
Jones,822146,14
Kingsclere,822146,16
Skelton,822146,15
Hogarth,822146,13
Caroline,822146,24
Oshiga,25207368,1
Osono,25207368,3
Shinzaemon,25207368,17
Oisa,25207368,21
Orui,25207368,3
Shinkichi,25207368,3
Sutton,28992417,21
Sumuru,28992417,11
Femina,28992417,11
Kurosawa,3654163,9
Bertolucci,3654163,6
Rashomon,3654163,11
Abdelsellem,34952826,16
Nourredine,34952826,12
Amy,1396988,6
Cromwell,1396988,7
Cantrell,1396988,2
Julie,1396988,3
Livingstone,1396988,13
Marsden,1396988,9
Preston,1396988,15
Ted,1396988,10
Massey,1396988,20
Buck,1396988,10
Zia-ul-Haq,3961314,15
Zubeida,3961314,2
Ayesha,3961314,4
Saleem,3961314,3
Veero,3961314,23
Amin,3961314,13
Bhutto,3961314,5
Charkhi,3961314,17
Corwin,24577034,13
O'Neil,24577034,10
Murdock,2018791,6
Miller,2018791,17
Mousie,2018791,13
London,2018791,19
Jordan,2018791,6
Emery,2018791,11
Murdoch,2018791,6
Wheeler,2018791,6
Martin,16027100,21
Nicole,16027100,12
James,5476641,10
Phoebe,15033706,3
Williams,7167797,15
Maria,7167797,12
Ellen,7167797,4
Barnathan,7167797,16
Hazel,7167797,22
Claire,7167797,8
Cotard,7167797,3
Hoffman,7167797,8
McDougall,9432295,9
Olsson,9432295,6
Valentine,11384089,4
Blake,32896349,19
Gordon,32896349,15
Ellen,32896349,13
Ridgeway,32896349,9
Ryan,18328543,23
Landi,11693369,7
Carlo,11693369,5
Costello,11693369,1
Esther,11693369,2
Jane,17634336,19
Molly,17634336,3
Emerson,17634336,13
Joseph,17634336,14
Hartley,17634336,2
Robert,17634336,3
Pen,18822660,23
Duen,18822660,17
Dit,18822660,17
Panor,18822660,23
Don,8432968,21
Ding,8432968,21
Sandler,8432968,9
Yun,33424996,10
Sherry,23524192,19
Han,23524192,6
Ying,23524192,13
Parker,23524192,21
Liang,23524192,6
Dre,23524192,3
Cheng,23524192,16
Li,23524192,6
Durant,12545744,17
Hathaway,12545744,18
Brinkman,12545744,24
Laurie,12545744,24
Randall,12545744,10
Westlake,12545744,16
Marcia,24929092,23
Calabria,24929092,2
Sonny,24929092,12
Boogie,24929092,6
Gun,20525737,18
Gan,20525737,18
Arlene,20525737,17
Dorkon,20525737,9
Garzooka,20525737,3
Jon,20525737,3
Charles,20525737,12
Eli,20525737,24
Garfield,20525737,4
Betty,20525737,6
Vetvix,20525737,6
Wally,20525737,3
Christian,4541150,21
Henri,4541150,16
Sheriff,4541150,3
Belmont,4541150,9
Johnny,4541150,17
Kelly,4541150,10
Kate,4541150,21
Wise,4541150,21
Lisa,4541150,17
Lovelock,4541150,23
David,4541150,17
Sara,4541150,3
Udell,16898172,20
Milo,16898172,17
Joan,16898172,13
Bascum,16898172,21
Paxton,16898172,0
O.Q.,16898172,23
Carl,16898172,6
Bulow,16898172,24
Dobson,16898172,2
Clegg,16898172,23
Robby,16898172,6
Lloyd,16898172,6
Grady,16898172,20
Teal,16898172,2
Witter,16898172,6
Tatum,16898172,0
Johnny,16898172,18
Buford,16898172,3
Tom,3267959,0
Silvia,3267959,12
Clarissa,3267959,19
Dev,19596986,6
Veera,19596986,3
Raagini,19596986,3
Vennila,19596986,2
Veeraiyya,19596986,18
Gnanaprakasam,19596986,22
Prakash,19596986,18
Singarasu,19596986,14
Sakkarai,19596986,6
Blackie,2608296,21
Amos,11158178,6
Aldrin,11158178,1
Yegor,11158178,10
Noonan,11158178,8
Grandpa,11158178,3
Nadia,11158178,16
Armstrong,11158178,14
Bales,11158178,24
Nat,11158178,16
Earhart,11158178,8
Travis,33475705,9
Rachel,33475705,6
Stanley,33475705,13
Jacob,33475705,4
Shortcake,7432079,23
Fogleman,7432079,22
Fulton,7432079,13
Hill,7432079,3
Delaney,7432079,8
Rafferty,7432079,16
Anne,7432079,3
Elvira,21379138,3
Hedvig,21379138,22
Madigan,21379138,6
Sparre,21379138,15
Pepe,17552066,8
Bishop,17552066,9
Philips,17552066,13
Sharonna,1091175,14
Lexi,1091175,19
Gupta,1091175,23
Graham,1091175,3
Vijay,1091175,13
Karan,30443515,6
Jimmy,30443515,4
Mahek,30443515,6
Kumar,21439313,13
Divya,21439313,0
Kumaraswamy,21439313,6
Thirumalai,21439313,6
Akil,21439313,21
Rajashekar,21439313,8
Eric,5398963,15
Snik,5398963,21
Coleman,5398963,9
Maurice,5398963,6
Brian,5398963,6
Garcia,314406,4
Bennie,314406,3
Teresa,314406,17
Quill,314406,16
Alfredo,314406,15
Elita,314406,8
Max,314406,18
Cowie,4084601,11
Grubach,4084601,13
Titorelli,4084601,12
K.,4084601,3
Shalini,5020340,10
Nath,5020340,9
Anju,5020340,19
Vinay,5020340,21
Amar,5020340,13
Henry,10536985,0
Chicalini,10536985,1
Lewis,10536985,7
Gaylen,10536985,14
Pool,10536985,9
Dugay,10536985,2
Mazur,10536985,10
Pelham,5016035,3
Colosso,5016035,19
Harold,5016035,21
Gunn,30906682,22
Scott,30906682,10
Kriley,30906682,4
Lombardo,30906682,0
Capelli,30906682,6
Ko,11120865,6
Tsao,11120865,11
Ching,11120865,6
Suen,11120865,4
Li,11120865,13
Peckham,14059068,21
Packham,14059068,16
Simpson,14059068,19
Swimper,14059068,0
Murdock,21646685,4
Williams,21646685,0
Collins,21646685,12
Mark,21646685,3
Susan,21646685,24
Reich,21646685,8
Helen,21646685,21
Leonie,214331,2
Napier,214331,8
Reisz,214331,12
Wally,214331,12
Morgan,214331,6
Oswald,36000471,3
Gordon,37599,9
Helena,37599,21
Salazar,37599,20
Ayala,37599,11
Flores,37599,22
Ruiz,37599,22
Castro,37599,18
Roy,6117263,7
Shanti,6117263,23
Madhu,6117263,16
Babu,6117263,6
Siddhu,6117263,6
Madhumati,6117263,7
Sidhu,6117263,14
Katz,83448,23
Ferrigno,83448,21
Corney,83448,9
Olympia,83448,21
Nubret,83448,18
Columbu,83448,0
Waller,83448,16
Sweeney,92605,14
Jason,14000171,9
Siu-bo,14000171,19
Nicky,14000171,8
Natalie,14000171,8
Maria,3822650,19
Waldstein,3822650,8
Rosalba,3822650,19
Casanova,3822650,6
Bois,3822650,17
Vidarol,3822650,17
Isabella,3822650,15
Talou,3822650,15
Samantha,21237721,24
Melissa,21237721,3
Clifford,4133698,11
Jill,4133698,18
Schifrin,4133698,6
Johnson,4133698,13
Jenz,4133698,20
Julia,4133698,3
John,4133698,17
Colonna,16704261,12
Lake,16704261,10
Joe,16704261,4
Bernard,16704261,22
Conan,12437827,3
Simms,12437827,4
Chambertin,12437827,8
Juzo,12437827,15
Eimei,12437827,22
Osani,12437827,14
Cantore,12437827,9
Asashi,12437827,0
Ninzaburo,12437827,6
Ford,12437827,19
Sonoko,12437827,6
Ashton,12437827,20
Ayumi,12437827,7
Okano,12437827,1
Shinichi,12437827,18
Mouri,12437827,23
Eri,12437827,13
Murakami,12437827,6
Oliver,12437827,19
Kogoro,12437827,3
Tish,12437827,9
Nana,12437827,13
Queen,12437827,3
Agasa,12437827,17
Kudo,12437827,16
Nishina,12437827,11
Sawaki,12437827,6
Diez,12437827,15
Tsuji,12437827,21
Frankenstein,1709616,23
Hobson,3781791,2
Blayden,3781791,11
Koch,3781791,6
Johnny,3781791,6
Marchettis,3781791,17
O'Clock,3781791,10
Nancy,3781791,6
Harriet,3781791,17
Nelle,3781791,6
Deerfield,12032423,20
Mike,12032423,3
Worthington,15150205,9
Holden,15150205,16
Dehousse,17477023,23
Andrea,26392265,21
Mark,26392265,22
Jeff,26392265,21
Christ,2045037,8
Anderson,2045037,13
Martinez,2045037,14
Carlisle,2045037,13
Menaka,7749570,8
Naagulu,7749570,2
Raju,7749570,15
Laxmi,7749570,9
Lawrence,2120494,0
Godzilla,2120494,17
Martin,2120494,6
Ogata,2120494,4
Yamane,2120494,13
Emiko,2120494,13
Serizawa,2120494,13
Iwanaga,2120494,9
Goldberg,2083293,1
Toro,2083293,23
Marx,2083293,15
Maxi,27575817,5
Cerna,27575817,7
Morse,34246737,4
Nagarjuna,31690131,17
Veeramohan,25381381,16
Amudhavalli,25381381,3
Mohan,25381381,10
Amudavalli,25381381,3
Parthiban,25381381,2
Mullai,25381381,0
Jason,22156853,6
Eileen,22156853,13
Tom,22156853,3
Ronnie,22156853,6
Goss,22156853,11
Tucker,22156853,17
Evan,22156853,4
Calvin,22156853,6
Macalousso,22156853,6
Suzy,22156853,2
Hannah,22156853,6
Yoko,34694618,12
Bruxelles,34694618,18
Vicky,34694618,3
Steve,5579722,21
Helen,5579722,1
Carlyle,5579722,24
King,5579722,12
Yasuo,20311714,21
Zenigata,20311714,4
Jigen,20311714,4
Jake,27399154,14
Billy,27399154,24
Vendig,8156833,8
Turk,25048337,18
Cindy,25048337,22
Rick,25048337,23
Jeri,25048337,20
Carson,8279500,11
Sterling,8279500,24
Mark,413949,4
Tom,413949,22
Lewis,413949,16
Milly,413949,22
Vivian,413949,15
Helen,413949,23
McGregor,11525423,6
Kazarian,11525423,18
Holly,11525423,19
Queneau,11525423,9
Loomis,11525423,19
Marsh,11525423,21
Julie,11525423,19
Arp,11525423,11
Coupe,11525423,0
McCall,11525423,17
Henry,10628498,3
Drury,10628498,17
Lilly,10628498,3
Peter,10628498,3
Conroy,10628498,23
Moses,10628498,6
Joseph,10628498,3
Fang,10628498,3
Lily,10628498,7
Casey,10628498,9
Henry,18856160,14
Burdette,18856160,5
Hopkins,18856160,2
Carr,18856160,1
K.C.,18856160,16
Hitler,8648350,6
Churchill,8648350,0
Goering,8648350,7
Blackstone,24157484,9
Miller,24157484,16
Williams,24157484,9
Abrahamse,24157484,0
Pasdar,24157484,16
Lee,24157484,12
Jarrett,24157484,14
Holliday,24157484,17
Clement,24157484,9
Harrison,24157484,0
Hawkrigg,24157484,15
Rutherford,24157484,11
Baines,24157484,5
Davidson,24157484,1
Betts,24157484,23
Cooper,24157484,15
Fulton,24157484,11
Lake,24157484,0
Gabriel,24157484,15
Mosbach,24157484,1
Houston,24157484,8
Falloon,24157484,14
Flatman,24157484,5
Robinson,24157484,20
Utako,25851654,21
Sam,1108697,17
Cooper,1108697,20
Pilar,1108697,6
Payne,1108697,15
Cruz,1108697,4
Hollis,1108697,17
Wade,1108697,24
Mercedes,1108697,19
Desmond,32977496,1
Steve,32977496,1
Manning,32977496,13
Maxwell,32977496,2
Betty,32977496,14
Black,32977496,24
Geremia,22667885,5
Indira,12250650,0
Chandra,12250650,13
Hope,5699114,20
Shepherd,5699114,5
Bostanescu,5699114,1
Cominski,5699114,23
Flora,22342877,7
Doom,22342877,2
Poste,22342877,5
Zee,717281,0
Fielding,717281,4
Pandora,717281,3
Cameron,717281,19
Hendrik,717281,6
Geoffrey,717281,3
Savitri,26049717,4
Kiran,26049717,19
Lalitha,26049717,4
Raheem,26049717,0
Raju,26049717,14
Saleem,26049717,4
Lenke,17026195,13
Tom,17026195,9
McNulty,17026195,6
Chandralekha,17442515,0
Madhuram,17442515,2
Shashank,17442515,17
Krishnan,17442515,0
Singh,17442515,13
Rajakumari,17442515,18
Radha,17442515,0
Shinji,13165463,3
Shikinami,13165463,18
Ritsuko,13165463,6
Mark,13165463,18
Mari,13165463,3
Katsuragi,13165463,21
Rei,13165463,4
Ikari,13165463,1
Makinami,13165463,24
Gendo,13165463,6
Nagisa,13165463,21
Asuka,13165463,4
Zeruel,13165463,17
Base,13165463,5
Kaji,13165463,18
Paskevic,12794137,9
Varga,12794137,9
Nani,30553740,14
Abraham,30553740,11
Gautham,30553740,13
Prabhu,33559533,12
Selvan,33559533,14
Ilango,27954293,15
Maheshwari,27954293,6
Ramasamy,27954293,3
Azim,16011687,16
Vik,16011687,16
Weyant,16011687,8
Anna,16011687,3
Ghatge,16011687,0
Ciesla,16011687,8
Saraci,16011687,19
Don,3226241,6
Darrell,3226241,3
Pamela,3226241,2
Sherise,3226241,6
Dolly,3226241,6
Mademoiselle,17871789,3
Lucie,17871789,17
Anna,17871789,3
Spalding,16799338,16
Dupre,16799338,3
George,16799338,8
Devi,10792067,12
Saluja,10792067,11
Rao,10792067,2
Reddy,10792067,11
Rajini,10792067,14
E.,10131391,16
Teasdale,2229439,22
Honey,2229439,16
Corder,2229439,21
Bhoopati,25445712,17
Krishna,25445712,2
Rao,25445712,4
Reddy,25445712,9
Jaya,25445712,24
Kantarao,25445712,12
Kishore,25445712,12
Rekha,25445712,14
Eden,7089265,12
Kidd,7089265,4
Maynard,7089265,9
Cabot,19192023,9
Benton,19192023,8
Dee,4389723,3
Avalon,4389723,0
Fanny,4389723,23
Hackett,4389723,23
Paul,26363125,3
Wagner,26363125,21
Christopher,26363125,9
Jacqueline,26363125,12
Christine,26363125,1
Felders,34537226,1
Cozy,34537226,21
Dukore,585824,24
Peckinpah,585824,9
Rudy,585824,5
Johnson,585824,23
Frank,585824,17
Bright,585824,7
McCoy,585824,13
Carol,585824,6
Doc,585824,3
White,29783609,5
Darcy,29783609,3
Rachel,29783609,3
Ethan,29783609,6
Stutz,35235198,8
Bosquier,29068155,4
Turner,1399682,9
Polywog,1399682,16
Colin,1399682,15
Digweed,1399682,16
Williams,3610610,17
Hayes,3610610,0
Terry,3610610,18
Zanti,3610610,24
Tobin,3610610,17
Wayne,3610610,11
Holmes,1615582,8
Moriarty,1615582,12
Watson,1615582,0
Pasqualino,163491,16
Bilal,10999486,17
Reema,10999486,17
Ronnie,10999486,17
Shivam,10999486,21
Munna,10999486,19
Malik,10999486,6
Kabir,10999486,12
Douglas,145629,6
Todd,145629,13
Ann,145629,3
Mary,145629,14
Edwards,145629,1
Rutledge,145629,13
Offut,145629,6
Lincoln,145629,16
Graham,145629,5
Farley,1660909,15
Nhe,1660909,11
Doyle,1660909,4
Nguyen,1660909,17
Quang,1660909,4
Ashford,1660909,4
Cahill,1660909,4
Pederson,1660909,1
Poole,1660909,18
Linh,1660909,19
Candice,31851567,3
Carter,31851567,21
Hamadi,31851567,3
Samantha,31851567,3
Zane,31851567,3
Hailey,31851567,3
Devon,31851567,3
Alford,26742350,23
Pinder-Schloss,26742350,16
Gordon,26742350,3
Womack,26742350,0
Pugsley,26742350,12
Addams,26742350,20
Craven,26742350,0
Abigail,26742350,6
Amore,26742350,12
Margaret,26742350,2
Gomez,26742350,17
Fester,26742350,16
Pelt,153007,22
Lucy,153007,6
Snoopy,153007,2
Sally,153007,4
Linus,153007,6
Brown,153007,6
Hamlin,4091681,19
Gundy,4091681,5
Zerbe,4091681,16
Reed,4091681,17
White,4091681,8
Hayes,4091681,8
Jack,4091681,24
Moniker,4091681,23
Lloyd,4091681,7
Randy,4091681,13
Nicholas,4091681,23
Kosnikov,22198915,3
Hitler,22198915,6
Meredith,22198915,2
Pauli,22198915,10
Maar,22198915,13
Schmidt,22198915,13
Reich,22198915,8
Schlager,22198915,14
Mussolini,22198915,10
Blimperman,22198915,19
Erika,22198915,13
Wells,22198915,4
Holtz,22198915,3
Morgan,22198915,22
Siggi,22198915,6
Kurtz,22198915,3
Dohlberg,22198915,19
Goring,22198915,24
Cilento,26165645,16
Ruth,26165645,24
Carter,2066600,14
Brunswick,2066600,18
George,2066600,17
Vitroni,2066600,17
Thomas,12933842,15
John,12933842,13
Benjamin,482882,6
Belrose,482882,0
Basinger,482882,5
Marion,482882,24
Anthony,482882,2
Jollygoodfellow,482882,17
Hunter,482882,0
Bob,482882,19
Bra,482882,16
Adam,482882,24
Whitely,482882,9
Bing,19507780,17
Wei,19507780,3
Yong,19507780,17
of,19507780,7
Wang,19507780,21
Peirong,19507780,3
Sheng,19507780,6
Henry,10380700,6
Rhonda,10380700,3
Laurie,10380700,17
Danielle,10380700,11
Billy,10380700,20
Sara,10380700,17
Cox,10380700,3
Kelly,10380700,19
Schrader,10380700,6
Sam,10380700,3
Charlie,10380700,4
Wilkins,10380700,3
Emma,10380700,13
Sampson,1814329,0
Harry,1814329,6
Blade,1814329,10
Ramirez,1814329,5
Meredith,1814329,6
Teresa,1814329,17
Garber,1814329,5
Caesar,1814329,13
Monroe,1814329,3
Skip,1814329,3
Graham,1814329,6
Beatty,1814329,13
Willson,1814329,15
Geronimo,1814329,13
Jesus,1814329,5
Wilson,1814329,6
Grossberger,1814329,3
Ramon,1814329,15
Donahue,1814329,7
Schuerenberg,15637345,18
Franck,15637345,22
Hanssen,15637345,15
Heller,15637345,13
Henry,19155004,13
Emily,19155004,2
Maurier,19155004,9
Keith,17179537,17
Spencer,17179537,17
Tom,17179537,17
Karen,17179537,23
Werner,17179537,13
Lynn,17179537,3
Prell,17179537,17
Kimie,35030124,8
Yamamoto,35030124,15
Yasuo,35030124,4
Asako,35030124,7
Shindo,35030124,21
Sato,35030124,9
Tonoyama,35030124,3
Gresham,16793054,13
Michaels,16793054,14
Bentley,16793054,22
Adam,16793054,14
Casper,1428676,4
Charlton,1428676,20
Jud,1428676,14
Mason,28199463,24
Berry,14898126,7
Randolph,14898126,12
Jackson,5990408,4
Baker,5990408,24
Howard,5990408,8
Bill,5990408,16
Gena,23751253,21
Andrews,761788,24
Jane,761788,4
Tony,761788,6
Danny,761788,14
Martin,761788,17
Steve,761788,3
Bert,761788,17
Hallen,761788,16
Dave,761788,6
Yates,5452611,3
Williams,5452611,21
Connors,5452611,20
Reno,5452611,17
Hodges,5452611,19
Sheriff,5452611,22
Nagarjuna,33227139,11
Kalidas,23201395,11
Vidhyadhari,23201395,1
Anthony,6864593,3
Bradley,26640845,5
Juanita,26640845,13
Boyd,26640845,17
Lohman,26640845,12
Tod,26640845,6
Mikael,20119087,11
Abel,20119087,17
Jonathan,20119087,13
Sergei,20119087,23
Brock,20119087,9
Edward,20119087,6
Martha,20119087,6
Dennison,20119087,14
Zurich,11227875,13
Wexler,11227875,15
Drake,11227875,5
Jones,6457618,12
Selvi,28927727,17
Pandiyan,28927727,2
Sam,11020786,15
Ney,26540889,4
XVIII,26540889,17
Castelreagh,26540889,15
Napoleon,26540889,24
Louis,26540889,23
Webster,26540889,15
Reese,20072184,4
Jones,20072184,12
Rhys,20072184,17
Caroline,20072184,17
James,20072184,24
Kramer,3282957,16
Hillary,3282957,14
Eddie,3282957,23
Scanlon,3282957,24
Lacey,25004733,12
Alan,25004733,23
Joseph,25004733,0
Jeremy,25004733,17
McCarr,18499684,7
Jones,18499684,12
Howard,18499684,18
Liza,18499684,6
Holloran,18499684,0
Vollmer,18499684,18
Pete,18499684,17
Gilbert,18499684,13
Ryan,18499684,16
Wilson,18499684,6
Lenahan,18499684,20
Anne,18499684,14
Tim,18499684,6
Duane,18499684,9
Burnett,673613,3
Howard,673613,4
Trafficante,673613,8
Dom,673613,24
Jojo,673613,1
Lowrey,673613,6
Mott,673613,19
Fouchet,673613,17
Noah,673613,17
Julie,673613,3
Logan,673613,24
Tom,11491456,3
Jerry,11491456,3
Butler,11491456,14
Cleveland,3925275,0
Carder,3925275,14
Harrison,3925275,24
Bower,3925275,7
Alice,3925275,19
Reeder,30623629,7
Bronstone,30623629,5
Joseph,30623629,15
Marlowe,1201706,10
Grey,1201706,6
O'Neal,1201706,11
Smedley-Taylor,1201706,6
Max,1201706,17
King,1201706,15
Keltie,8086374,21
Dryden,8086374,17
Ray,6141751,17
Evangeline,6141751,11
Lawrence,6141751,13
Bouff,6141751,5
Facilier,6141751,17
Eli,6141751,1
Gras,6141751,23
Louis,6141751,19
James,6141751,8
Naveen,6141751,21
Tiana,6141751,3
Montoya,3921966,11
Vincenzo,11698878,10
Moretti,11698878,13
Anson,639729,2
Poel,639729,4
Pugh,639729,17
Murdoch,639729,24
van,639729,18
Lutz,639729,14
Katy,639729,24
der,639729,16
Maggie,3754316,20
Quinn,3754316,14
Michael,3754316,17
Finn,3754316,24
Kelly,3754316,9
O'Sullivan,3754316,14
O'Toole,3754316,7
Maurice,3754316,12
Ned,3754316,4
Jackie,3754316,6
Warren,9426090,15
Sterns,33802289,5
Holly,33802289,6
Thomas,33802289,20
Moran,33802289,9
Hines,33802289,5
Kari,33802289,19
Asner,33802289,18
Byron,33802289,13
James,33802289,19
Hitchcock,33802289,18
Talbot,927058,4
Maleva,927058,10
Gwen,927058,17
Bela,927058,15
Conliffe,927058,10
Balu,16514599,3
Thilothama,6809632,2
Ranjan,6809632,7
Farina,19347368,24
Joe,19347368,21
Pivert,4656471,24
Salomon,4656471,20
Slimane,4656471,4
Germaine,4656471,23
Capone,4656471,20
Samuel,4656471,9
Jacob,4656471,17
David,4656471,19
Sovanna,29647648,15
Chou-Chou,2553711,20
Gerald,2553711,13
Mathewson,2553711,9
Stephen,2553711,13
Germaine,2553711,7
Claire,2553711,6
Arden,6290600,19
Norton,6290600,12
Scott,6290600,24
Julie,18576398,2
Ives,18576398,2
Shen,7140121,13
Zhen,7140121,8
Tom,9146440,3
Jerry,9146440,23
Munger,25951913,3
Tom,25951913,15
Kim,25951913,11
Ma,25951913,6
Gina,22072852,8
Seth,22072852,4
Vera,28182616,20
Lucy,28182616,5
Geoffrey,28182616,9
Marshmorton,2592742,21
Albert,2592742,3
Halliday,2592742,16
George,2592742,11
X,2592742,7
Keggs,2592742,19
Maria,1795280,18
Nawab,1795280,21
Meenaxi,1795280,10
Isabel,4044836,6
Eric,4044836,17
McClure,4044836,17
Lewis,4044836,8
Iverson,4044836,15
Bruce,4044836,6
Ted,4044836,4
Morris,4044836,23
Mozart,31440705,14
Abdenour,31440705,13
Becky,31440705,19
Mario,210860,16
Bros,210860,20
Koopa,210860,23
Spike,210860,13
Luigi,210860,6
Scapelli,210860,16
Creel,11445373,3
Evans,11445373,22
Parker,11445373,6
Pardo,11445373,3
Jarrett,11445373,6
MacDonald,11445373,0
Somers,11445373,20
Archer,11445373,11
Zuckie,11445373,13
Fallon,11445373,17
Verna,11445373,24
Guilfoyle,11445373,15
Donald,19349575,6
Jonas,26792725,3
Kiehlert,26792725,14
Bechmann,26792725,20
Camilla,26792725,4
Schiller,26792725,6
Trott,32817844,21
Pierre,32817844,1
Denise,32817844,13
James,32817844,21
Pearce,2672060,13
Klansman,2672060,3
Aij,4498755,24
Maldad,4498755,12
Aparicio,4498755,9
Rubio,4498755,11
Moreno,4498755,9
Padre,4498755,11
Amy,164205,12
Anthony,164205,3
Como,164205,10
Fremont,164205,20
Hollis,164205,3
Harry,6014008,22
Fielder,6014008,6
Evans,6014008,12
Dr.,6014008,17
Harmon,6014008,3
Horvathy,6014008,5
Byrnes,6014008,6
Patterson,6014008,3
Vivian,6014008,23
Dunning,6014008,3
Harris,6014008,6
Minang,36821133,10
Purbararang,36821133,11
Purbasari,36821133,23
Sethumadhavan,26587696,3
Heera,10700202,23
Reema,10700202,16
Panna,10700202,5
Saab,10700202,14
Michelle,18246000,13
Luke,18246000,18
Dave,18246000,23
Donna,18246000,16
McKinny,18246000,6
Ayyappan,33881129,21
Tony,33881129,4
Kamath,33881129,17
Neethu,33881129,4
Chettiyar,33881129,23
Geevarghese,33881129,17
don,33881129,15
Evans,14437070,15
Dowding,240483,8
Hitler,240483,7
Churchill,240483,5
Kesselring,240483,22
Fenwick,1258370,9
Bascomb,1258370,23
Kokintz,1258370,16
Gloriana,1258370,9
Nadia,7691128,8
Arthur,7691128,1
Archer,27904601,14
Mustafa,28385370,18
VII,28385370,19
Atat,28385370,18
Karma,31899048,12
White,31899048,23
Edgeworth,31899048,9
Fey,31899048,5
Yogi,31899048,5
Wright,31899048,1
Ajay,25016098,6
Reema,25016098,21
Reena,25016098,21
Nikhil,25016098,21
Piya,25016098,3
Lynne,12732451,15
Baker,12732451,10
Collins,12732451,6
Della,12732451,16
Cal,12732451,13
Frye,12732451,6
Sonia,12732451,2
McAffrey,12732451,4
Foy,12732451,22
Bingham,12732451,24
Wright,12732451,5
Pinkus,16484660,16
Hammett,16484660,17
Hayes,16484660,9
Nick,16484660,4
Andrei,16484660,17
Amanda,16484660,3
Flo,11361551,6
Sarto,11361551,6
Fletcher,11361551,8
Addams,11361551,6
Buck,11361551,3
Corson,11361551,2
Mathews,25431214,21
Betsy,25431214,23
Chandy,25431214,21
Jermias,25431214,4
Jeramias,25431214,12
Lydia,11214758,21
Taylor,11214758,17
Geeta,2500390,6
Menon,2500390,15
Kapoor,2500390,22
Singh,2500390,8
Ahuja,2500390,3
Siddharth,2500390,6
Vikram,2500390,3
McGinnis,29504548,23
Blake,29504548,19
Violet,29504548,8
Curtis,29504548,23
Romi,33471617,0
Shabana,12908588,2
Yusuf,12908588,22
Khairuddin,12908588,17
Najma,12908588,10
Safdarjung,12908588,10
Yayuk,35183863,7
Yayak,35183863,8
Lily,35183863,17
Mangapul,35183863,4
Genggong,35183863,3
Sevasadanam,25131366,6
Sumathi,25131366,6
Jones,19408783,13
Andrew,21174235,6
Ben,21174235,6
Anna,21174235,3
Zoey,30553238,5
Clayton,30553238,3
Efawadh,30553238,23
Aladeen,30553238,3
Tamir,30553238,16
Nadal,30553238,8
Little,7256290,12
Hanada,475482,13
Sakura,475482,17
Yabuhara,475482,9
Mami,475482,13
Koh,475482,10
Mari,475482,11
Shishido,475482,15
Suzuki,475482,13
Misako,475482,3
Berni,22271345,12
Ceghe,22271345,16
Fosse,13098785,20
Kincaid,12674042,17
Delgado,12674042,1
Molier,12674042,1
Mahla,12674042,8
Hussein,12674042,14
Molly,24723825,24
Wiesser,24723825,22
Keller,24723825,24
Raja,4023052,6
Madhu,4023052,3
Rai,4023052,18
Harbanslal,4023052,22
Ajay,4023052,6
Kajal,4023052,6
Skoogh,21664269,17
Sven,21664269,3
Patrik,21664269,21
Koko,7173361,19
Betty,7173361,4
Ray,17508362,16
Rice,2052231,15
Forman,2052231,10
Rachel,2052231,21
Annie,2052231,13
Samstat,2052231,15
Muggsy,13870073,4
McGrath,13870073,14
Sebastian,13870073,3
Draco,13870073,4
Griselda,13870073,6
Randolph,4032619,4
Willy,4032619,3
Noah,4032619,23
Max,4032619,6
Jesse,4032619,6
Maria,21860614,23
Annamalai,21860614,6
Nisha,21860614,1
Flicka,35996006,2
McBride,35996006,8
Kelly,35996006,24
Stephanie,35996006,14
Lindy,35996006,10
Henry,752036,4
Bass,752036,17
Nana,1141701,6
XII,3520726,18
Roberts,3520726,22
Orloff,3520726,13
Cesari,3520726,0
Karlstein,3520726,4
Curti,3520726,18
Franco,3520726,12
Cathy,13939322,6
Bobby,13939322,23
Markham,13939322,22
Ashley,13939322,23
Collin,13939322,16
Gina,13939322,4
Jenny,13939322,21
Jack,13939322,3
Mikko,13939322,17
Claude,13939322,3
Phillip,13939322,6
Madara,25583729,24
Shannon,9317122,14
Lasorda,9317122,24
boss,9317122,13
Gina,9317122,6
Hanson,9317122,21
Charles,9317122,3
Nanette,9317122,17
Hank,9317122,20
Doris,9317122,12
Chris,9317122,17
Andy,9317122,6
Baker,14904772,14
Aorta,14904772,6
Briles,14904772,20
Don,14904772,17
George,14904772,6
Joey,14904772,9
Elbrick,1553602,12
Gabeira,1553602,22
Wanu,25569607,0
Perrin,25569607,3
Kennet,27644217,18
Itakura,1164290,3
Gond,1164290,8
Hidalgo,29544132,4
Gertrude,1590523,14
Jacques,1590523,9
Nandakumar,27064671,13
Roy,27064671,5
Soorya,27064671,22
Gouri,27064671,21
Amir,27064671,4
Hassan,27064671,19
Batou,3228403,3
Aramaki,3228403,4
Ishikawa,3228403,1
Kusanagi,3228403,16
Nakamura,3228403,7
Dennis,16931947,21
Gordon,16931947,21
Liz,16931947,23
Harlee,16931947,12
Mary,16931947,2
Marsh,31633054,10
Andy,31633054,6
Blake,7864161,13
Thor,7864161,8
Levitt,7864161,9
David,7864161,3
Cynthia,3238135,17
Hugh,3238135,17
Rudy,3238135,23
Greg,3238135,23
Kirk,3238135,3
Castillo,3238135,17
Casper,3238135,17
Simon,3238135,20
Alicia,3238135,23
Clift,16698126,6
Hayes,16698126,24
Foster,16698126,0
Lakshmi,15215908,2
Pooja,15215908,1
Anasuya,15215908,6
Joseph,15215908,22
Govind,15215908,4
Anand,15215908,24
Lisa,3520781,13
Mabel,14740084,12
Shemp,14740084,3
Larry,14740084,17
Moe,14740084,16
Adelaar,5047902,12
Liften,5047902,8
Mieke,5047902,2
Felix,5047902,3
Boer,5047902,9
Saskia,5047902,2
Birju,8630196,5
Anita,8630196,3
Thakur,8630196,0
Gehna,8630196,8
Corey,18231745,21
France,18231745,13
Escarpeta,18231745,12
Harvell,18231745,1
Harris,18231745,11
Casseus,18231745,14
Simuel,18231745,6
Iisakki,20267384,2
Nikolas,20267384,21
Will,3110093,21
Mattilda,3110093,14
Zachary,3110093,18
Indians,3110093,15
Rachel,3110093,2
Ben,3110093,3
Charlie,3110093,2
Kiowa,3110093,17
Kelsey,3110093,6
Rawlins,3110093,1
Andy,3110093,17
Yasukichi,34984057,2
Tokuko,34984057,6
Garlin,8981407,6
Otto,4324255,24
Schnick,4324255,14
Nick,4324255,7
Sterling,4324255,3
Worrell,4324255,0
Marina,1389371,6
Otar,1389371,16
Gogebashvili,1389371,4
Niko,1389371,13
Eka,1389371,6
Sisi,21867426,13
Paulina,21867426,9
Rubes,21867426,16
Scott,9612535,24
Carter,9612535,12
Greg,27457018,17
Valmont,27457018,24
Barbara,27457018,3
Catherine,27457018,3
Bertha,4294276,23
Bobby,4294276,3
Sally,4294276,6
Jack,4294276,19
Dugan,4294276,3
Tina,4294276,3
Andy,4294276,0
Gopi,29747330,24
Dada,29747330,10
Devi,29747330,24
Jackie,29747330,16
Singh,29747330,1
Banwarilal,29747330,17
Thakur,29747330,17
Moti,29747330,0
Sardari,29747330,17
Zachary,28822768,15
Ann,28822768,8
Krishnendu,8614120,20
Brown,8614120,19
Rina,8614120,20
Kazhuthumuttam,29245287,14
Gomes,29245287,3
Kaimal,29245287,22
Aboobakkar,29245287,22
Vatsala,29245287,15
Perumal,29245287,17
Vishwam,29245287,6
Turk,29245287,7
Vishwanathan,29245287,14
Janardhanan,29245287,8
Thevar,29245287,0
Ramachandran,29245287,10
Pappachan,29245287,15
Witcher,12917721,1
Colter,12917721,18
Doe,12917721,12
Salles,35005072,12
Honwana,35005072,18
Kuhu,35493336,3
Yusuf,35493336,6
Ronojoy,35493336,13
Ushoshi,35493336,13
Pradip,35493336,21
Majid,15903243,3
Latifa,15903243,21
Rym,15903243,6
Beiji,15903243,6
Mallory,19777337,2
Emily,19777337,13
Doug,19777337,3
Lois,19777337,6
Riley,19777337,0
Vivian,19777337,14
Harriet,19777337,23
Whitemonk,2259783,1
Noggett,2259783,1
Klinger,2259783,6
Timmy,2259783,16
Lea,2259783,1
Bligh,32895484,4
Susan,3997782,23
Allen,3997782,3
Asif,32748561,18
Disha,32748561,3
Monica,32748561,1
hale,32748561,5
Kabir,32748561,3
Malhotra,32748561,13
Jack,29593417,13
Wakamatsu,29593417,12
Pooja,31562257,3
Siva,31562257,6
Hurst,12182188,5
Walter,12182188,0
Rae,12182188,0
Ivor,10537506,21
Mimi,844320,23
Sparepartski,7699145,21
Gizmo,7699145,8
Passbinder,7699145,12
Thunderbottom,7699145,7
Kyung-jin,3778528,10
Tae-Hyun,3778528,12
Stokes,2551631,16
Trey,2551631,8
Donovan,2551631,4
Kelly,2061547,21
Arnold,2061547,14
Talman,2061547,20
Brasiliano,9125767,1
Hawke,9125767,24
Jack,25039556,6
Snodgrass,25039556,18
Becker,1572988,18
Starks,1572988,3
Jackie,1572988,3
Zhenya,30351604,13
Gabo,30351604,12
Orraya,30351604,3
Saakashvili,30351604,4
Akhsar,30351604,4
Murnau,22522592,8
Dohart,22522592,7
Hutter,22522592,3
Ellen,22522592,2
Shvert,22522592,13
Polachuk,10931684,9
Lobert,10931684,11
Mandy,18705442,12
Carrie,18705442,17
Chung,18705442,9
Sunaina,11868578,22
Nakul,11868578,2
Sebastian,11868578,21
Hyde,8154771,3
Sarah,8154771,3
Jekyll,8154771,14
Jacks,8154771,3
Blake,24062726,24
Abernathy,24062726,19
Henderson,24062726,14
Bobbi,24062726,6
Vincent,35562512,7
Leopoldo,35562512,15
Melchiorre,35562512,17
Dammit,14165416,13
Pettigrew,14165416,17
Novak,14165416,4
Plantier,14165416,20
Geleng,14165416,12
Stamp,14165416,21
Feeney,14165416,16
Benigni,14165416,6
Sutherland,14165416,3
Rotunno,14165416,16
Calvino,14165416,13
Juliet,14165416,8
Fellini,14165416,20
Masina,14165416,18
Pinelli,14165416,17
Flaiano,14165416,6
Mastorna,14165416,2
Guido,14165416,13
Jyothi,25230351,1
Ravi,25230351,8
Rajayya,25230351,8
Beck,11117698,4
Edwards,11117698,24
Anne,32868522,24
Isabelle,32868522,24
Moe,13161231,14
Jerry,13161231,23
Tom,13161231,3
Shackelford,4835894,3
Wolfsbottom,4835894,0
Elizabeth,4835894,3
Dirk,4835894,23
Madison,4835894,21
Larry,4835894,17
Dorothy,4835894,21
Clifford,4835894,3
Cleo,4835894,13
Nusair,25555004,9
Elizabeth,25555004,17
Jeff,23732448,20
Mitchell,23732448,21
Weber,14487270,9
Amanda,14487270,22
Victorien,14487270,1
Alex,14487270,16
Tony,9520522,2
Rick,9520522,2
Maddison,9520522,13
Louise,9520522,3
Amy,13141602,3
Starr,13141602,10
O'Toole,20520779,6
Dante,20520779,20
Woody,20520779,3
Woodpecker,20520779,21
Charming,36467408,3
Cinderella,36467408,6
Harishchandra,2170497,4
Arthur,8597587,3
Morrison,8597587,17
Trey,8597587,6
Matty,8597587,7
Robbins,8597587,16
Julia,8597587,3
Riff,992419,20
Rambeau,992419,11
Randell,992419,0
Ramone,992419,9
Starr,26118123,8
Crane,26118123,12
Hopkins,26118123,19
Prue,248613,22
Stella,248613,9
Philip,248613,20
Zovko,7427284,12
Johnson,7427284,20
Helveston,7427284,15
Hullet,7427284,24
Arthur,11399740,24
Anatole,11399740,6
Molly,18698088,17
Mr.,18698088,7
Godby,18698088,18
Newman,18698088,6
Jenny,18698088,6
Carden,18698088,8
Wilcox,18698088,14
Ackland,18698088,6
Jerzy,16742289,18
Perkins,915487,0
Doppler,648781,13
Scroop,648781,6
Sarah,648781,19
Amelia,648781,3
Jim,648781,3
Arrow,648781,16
Murray,648781,11
Hawkins,648781,19
Bones,648781,22
Walter,25821952,19
Lansing,872770,22
Unwin,872770,10
Royston,872770,17
Flemming,26470109,9
Flynn,26470109,3
Brenner,26470109,17
Aimee,26470109,6
Brice,26470109,10
Jim,26470109,3
McCoy,26470109,23
Fleming,26470109,6
Corrigan,26470109,3
Duquesne,6057501,5
Stopes,6057501,4
Crowley,6057501,4
Ryderbelt,6057501,17
Ortega,6057501,7
Morris,6057501,0
Lavinia,14510130,23
Thorn,14510130,8
Laurence,14510130,8
Morgan,23242616,24
Cynthia,23242616,12
Sara,23242616,17
Laura,6182610,0
Dunne,4003996,23
Bell,4003996,19
Phido,1841267,3
Bidel,1841267,10
Love-a-Lot,1841267,21
Ratbone,1841267,9
Tenderheart,1841267,3
Funshine,1841267,21
Cleon,1841267,10
Geronimo,4893989,2
Fergus,4893989,3
Marie,4893989,23
Reilly,4893989,3
Tom,12985157,3
Jerry,12985157,23
Barbera,12985157,14
Spike,12985157,3
Butch,12985157,0
Abrams,235288,10
Ilario,235288,2
Hershberg,235288,20
Walden,235288,4
Monfriez,235288,17
Bathra,235288,22
Boylar,235288,4
Gartner,235288,18
Altameyer,235288,17
Rady,235288,18
Serling,235288,5
Jarrell,2102014,21
Kala,2102014,5
Nang,2102014,23
Chandler,2102014,24
Numspa,2102014,10
Tong,2102014,22
Dagger,2102014,16
Mosley,2102014,21
Cheryll,2102014,14
Salmon,16189113,12
Norah,1837593,3
Prebble,1837593,22
Mayo,1837593,9
Larkin,1837593,24
Baxter,1837593,19
Patil,35645067,3
Keaton,12696181,8
Mimi,33652153,2
Mathieson,32486389,11
Jeff,32486389,7
Montelena,17733263,20
Bo,17733263,3
Barrett,17733263,11
Joe,17733263,15
Spurrier,17733263,9
Fede,12570828,11
Ramona,12570828,12
Bego,12570828,23
Keung,12798515,14
Howard,13180718,9
Sam,226198,3
Jessica,226198,15
Maggie,226198,6
Walter,226198,19
Jonah,226198,3
Becky,226198,6
Victoria,226198,11
Baldwin,226198,21
Annie,226198,3
Reed,226198,18
Jackson,20946228,3
Heather,20946228,2
Leila,20946228,5
Murdoch,20946228,6
Hayes,20946228,13
Patrick,20946228,17
Wendy,20946228,17
Hakeem,20946228,5
Amanda,20946228,16
Eugene,20946228,22
Armon,20946228,3
Scott,20946228,17
Alex,20946228,19
Owen,5190465,6
Sherry,5190465,13
Dan,5190465,13
Chameli,427011,21
Raja,427011,21
Haseena,427011,3
Usman,427011,17
Kapoor,427011,9
Aman,427011,3
Naik,427011,14
Singh,427011,2
Neha,427011,2
Whitmore,21013373,2
Malone,21013373,17
Linda,11036705,10
Ermione,36318657,2
Rator,36318657,10
Crios,36318657,16
Antiope,36318657,17
Farooq,5249887,14
Jaffrey,5249887,11
Omi,5249887,23
Miyan,5249887,17
Jai,5249887,23
Nagpal,5249887,24
Neha,5249887,23
Siddharth,5249887,21
Jacobson,24239067,3
Jess,24239067,10
Charlie,24239067,3
Ben,24239067,1
Tisseu,31420015,16
Joe,31420015,22
Chase,31420015,7
Mary,31420015,23
Truddi,31420015,14
Lucy,2093928,21
Brooks,2093928,6
Amelia,2093928,9
Johnson,2093928,10
Watkins,2093928,19
Rupert,2093928,9
Jack,2093928,3
Nana,2093928,20
Tolketna,2093928,14
Barb,2093928,6
Aaron,963023,17
Demetrius,963023,24
Rowe,963023,16
Bassianus,963023,16
Tamora,963023,3
Andronicus,963023,21
Lucius,963023,6
Saturninus,963023,6
Lavinia,963023,3
Titus,963023,6
Ayesha,30371747,6
Khan,30371747,4
Khetarpal,30371747,12
Brennan,25610080,2
Troxell,25610080,22
Holloway,25610080,15
Willis,25610080,6
Brown,25610080,21
Hinkle,25610080,20
Bishop,154699,19
Conway,154699,16
Hellenpolis,154699,17
Mick,18903874,12
Singer,18903874,2
Fichet,152749,19
Horner,152749,13
Nicole,152749,6
Alfred,152749,13
Christina,152749,3
Delassalle,152749,3
Mangatronics,5120552,20
Demonlover,5120552,15
Diane,5120552,3
Monx,5120552,24
Gibril,5120552,12
Karen,5120552,0
Elaine,5120552,16
Elise,5120552,14
Herv,5120552,6
Mefaris,1611941,22
Tommy,1611941,15
Rita,1611941,24
Warren,1611941,6
Kochak,1611941,14
Poldi,1611941,4
Fitch,1611941,17
Blackie,1611941,17
Nancy,1611941,13
Reed,1611941,6
Kai,29769606,14
Kira,29769606,15
Oishi,29769606,16
Morales,24522644,18
Ricardo,24522644,6
Coloto,24522644,24
Benjam,24522644,3
Irene,24522644,21
Sandoval,24522644,23
mez,24522644,23
Hastings,24522644,6
Romano,24522644,17
Abraham,17470965,17
Conan,2226983,16
Fred,2226983,3
Hero,2226983,20
Una,2226983,19
Vaginia,2226983,12
Thatcher,4299478,9
Jessner,4299478,13
Sullivan,4299478,15
Harris,4299478,4
Kerrigan,4299478,19
Hui,5931755,9
Bernadette,33179749,18
Shirley,33179749,9
Dupree,9618920,22
Fred,9618920,14
Mason,9618920,13
Beth,9618920,17
Paula,9618920,3
Strand,9618920,17
Cheela,9618920,6
Walters,9618920,3
Colman,9618920,0
Dorothy,9618920,17
Whipple,9618920,6
Jo,8749884,2
Al,8749884,3
Stella,8749884,3
Harrison,8749884,23
Woods,8749884,6
Wildoe,8749884,13
Higgins,8749884,3
Gutsell,8749884,19
Pierre,165751,1
Mathieu,165751,21
Cedric,165751,19
Vikas,24570224,3
Chandra,24570224,12
Aarti,24570224,23
Mr.,14163169,21
Esther,34953991,13
Ben,34953991,1
Sam,8326277,6
Alec,8326277,6
Trevor,8326277,6
Casey,8326277,6
Milo,26641614,13
Sheela,18179608,18
Ram,18179608,14
Mussa,18179608,3
Musa,18179608,4
Khan,18179608,3
Ayesha,18179608,2
Natasha,18179608,23
Singh,18179608,1
Tamang,18179608,21
Dylan,27756613,17
Vickie,27756613,14
Wood,27756613,15
Clark,27756613,1
Morris,27756613,20
Parker,27756613,6
Del,27756613,3
Perry,27756613,3
Vicky,27756613,3
Leitch,27756613,14
Uppalavanna,28408046,2
Jackson,24065137,22
Gordon,24065137,13
Hughes,24065137,19
Grimes,24065137,12
Saylor,24065137,6
Andre,24065137,9
Tombes,24065137,21
Hymer,24065137,20
Potts,24065137,22
Kinskey,24065137,7
Sokoloff,24065137,13
Paige,24065137,9
Fulton,24065137,0
Kendall,24065137,15
Delaney,24065137,15
Platt,24065137,9
Kelton,24065137,8
Burnette,24065137,8
Middlemass,24065137,9
Vlare,24065137,7
Rita,34146559,12
Faisal,34146559,15
Khalifah,34146559,6
Fatimah,34146559,16
Lynch,17423555,3
Marilyn,17423555,16
Sakhus,33668461,19
Bai,33668461,21
Sakhu,33668461,3
Vitthala,33668461,4
Madhu,19636496,21
Chanchal,19636496,19
Kishan,19636496,21
Denzongpa,19636496,20
Arthur,6964613,17
Lancelot,6964613,1
Thorpe,6964613,7
Aherne,6964613,24
Devi,16489478,7
Periyasamy,16489478,15
Angel,16489478,4
Sakthivel,16489478,13
Soosai,16489478,18
Duran,14470369,1
Sheffner,14470369,15
Jimmy,14470369,7
Norma,14470369,21
Morrell,14470369,12
Barnes,14470369,22
Dutch,14470369,17
Nelson,14470369,11
Rani,33472297,24
Juhi,33472297,8
Maadhav,33472297,12
Date,33472297,9
Meenakshi,33472297,6
Nana,33472297,6
Sridevi,33472297,6
Teller,316092,23
Steven,316092,20
Diane,316092,21
Nick,316092,3
Wells,316092,3
Jack,316092,3
Brian,316092,10
Mok,25238567,17
Sheng,25238567,7
Wong,25238567,4
Cheng,25238567,21
Wu,25238567,6
Tien-Tsu,25238567,9
Hsiao-Sheng,25238567,23
Chan,25238567,17
Chow,25238567,14
Ping,25238567,23
Su,25238567,17
Ziyang,25238567,16
Ti,25238567,3
Fay,24420399,3
Tom,24420399,20
Avery,24420399,17
Kelly,26633421,9
Buddy,7400070,23
Visalo,7400070,7
Godfrey,7400070,1
Kramdenesque,7400070,10
Conway,7400070,4
Estelle,7400070,2
Macdonald,7400070,9
Sou,1257745,21
zdo,1257745,21
Maxov,1257745,3
Gargoli,19793983,3
Ami,19793983,12
Williams,27150405,8
Gemini,27150405,19
Nanda,27150405,2
Devarajan,27150405,23
Tati,3859693,16
Crist,3859693,19
Sabapathy,17124064,21
Mudaliar,17124064,17
Ammal,17124064,8
Sivakami,17124064,12
Jannings,2450545,13
Tyler,2450545,3
McAllister,2450545,23
Charlie,2450545,12
Nicolai,2450545,16
Jack,2450545,3
Buchanan,2450545,20
Alex,2450545,7
Evil,241603,6
Kensington,241603,22
Powers,241603,8
Austin,241603,17
Humpalot,241603,23
Mustafa,241603,24
Farbissina,241603,24
Springer,241603,11
Felicity,241603,3
Scott,241603,17
Johny,7950561,16
Yadav,7950561,23
Johnny,7950561,23
Laloo,7950561,6
Prasad,7950561,15
Wanda,7950561,23
Padma,7950561,14
McDaniel,9521170,10
Maxwell,9521170,9
Griffin,9521170,7
Vi,9521170,22
Cramer,9521170,14
Claire,10030316,19
Alex,10030316,0
Cleary,1385251,20
William,1385251,3
Todd,1385251,6
Jeremy,1385251,6
Kathleen,1385251,15
Beckwith,1385251,11
Reinhold,1385251,8
Seymour,1385251,17
Grey,1385251,19
Gloria,1385251,6
Claire,1385251,21
John,1385251,6
Gandhibhai,27009201,14
Sinha,27009201,24
Dixit,27009201,19
Anand,27009201,7
Harcourt,19374272,21
Bennett,19374272,12
Devenish,19374272,9
Judd,19374272,12
Fowler,19374272,2
Martineau,19374272,17
Kalicharan,28069333,4
Singh,28069333,17
Narshima,28069333,6
Jeremiah,21425682,10
Zagar,21425682,6
Deming,22641486,10
Diaz,22641486,9
Hickock,2811692,6
Capote,2811692,14
Lee,2811692,21
Bogart,2811692,11
Dewey,2811692,18
Smith,2811692,24
Earl,26380612,16
Bucky,26380612,16
Vasquez,973155,18
Diane,973155,6
Roselli,973155,18
Hernandez,973155,1
Howard,973155,19
Carmen,973155,13
Groves,973155,12
Jr.,973155,2
Palmieri,973155,16
Wright,973155,18
Shannon,5697483,22
Martone,1296482,21
Brown,1296482,6
Frances,1296482,10
Johnson,1296482,16
Willie,1296482,4
Butler,1296482,5
Eugene,1296482,3
Sanjana,5309887,17
Bulbul,5309887,14
Avinash,5309887,21
Elizabeth,23924255,4
Rivas,23924255,10
Carlson,23924255,21
Jelline,23924255,12
Johnson,8445116,7
Joe,8445116,3
Pain,8445116,7
Gill,11857195,15
Asparagus,11857195,10
Darby,11857195,3
God,11857195,14
Larry,11857195,3
Bob,11857195,6
Madeline,3752653,21
Johnny,3752653,1
Ashley,3752653,2
George,3752653,6
Madeleine,3752653,13
Adams,3752653,11
Wilson,3752653,2
Ivaldo,11216928,24
Cataldo,11216928,24
Romualdo,11216928,24
Fantaghir,11216928,24
Papy,34973243,21
Woody,20518783,6
Paul,31158746,3
Lene,31158746,13
Piyal,10820065,9
Nanda,10820065,20
Gurukkal,31149929,9
Nair,31149929,5
Weaver,9179205,21
Peter,18516420,3
Nina,18516420,2
Moomintroll,4858883,13
Muskrat,4858883,13
Maiden,4858883,24
Snork,4858883,24
Snufkin,4858883,3
Moomin,4858883,3
Valerie,21042990,6
rtner,21042990,22
Kinz,21042990,13
Torresani,21042990,3
Holt,9201848,23
Jett,9201848,19
Doan,9201848,17
Milly,9201848,4
Wilson,9201848,7
Randall,9201848,19
Kaoru,7353520,6
Woody,20533883,3
Willoughby,20533883,1
Philbert,20533883,3
Savary,1693729,16
Nicole,1693729,20
Sophia,5331313,17
Hanz,5331313,17
Marcel,5331313,6
Palmer,5331313,11
Samantha,5331313,3
Samatha,5331313,17
Emily,5331313,17
Carlo,5331313,17
Ion,5331313,2
Stephan,5331313,17
Vincent,5331313,17
Miles,5331313,3
John,5331313,17
Sophie,5331313,7
Linden,23435112,12
Vickers,23435112,1
Bathorly,21193739,16
Helsing,21193739,4
Downey,21193739,18
Countess,21193739,24
Arjuna,1756354,13
Duryodhana,1756354,10
Subhadra,1756354,3
Krishna,1756354,18
Ghatothkacha,1756354,23
Ghatotkacha,1756354,3
Sasirekha,1756354,22
Lingaiah,1756354,2
Abhimanyu,1756354,4
Balarama,1756354,7
Kumara,1756354,13
Revathi,1756354,6
Ware,22089686,12
Dickinson,22089686,7
Christian,22996497,20
Kathryn,2619009,3
Sebastian,2619009,21
Cherie,2619009,6
Valmont,2619009,13
Danielle,2619009,1
Merteuil,2619009,11
Thompson,2619009,11
Bauer,4200912,23
Alan,4200912,16
Wendy,4200912,13
Barnet,4200912,7
Bradley,34502682,19
Khumba,34502682,4
Phango,34502682,15
Nora,34502682,18
Sherman,22462670,12
Whitney,22462670,12
Ron,22462670,7
Giuliani,22462670,5
Mappo,22462670,22
Marvin,22462670,14
Sulochana,31192936,2
Rajeevan,31192936,11
Brady,1847843,15
Silver,1847843,9
Randy,1847843,14
Eric,1847843,3
Nathan,1847843,6
Higgins,1847843,23
Julie,1847843,9
Foreman,1847843,9
Banks,1847843,22
Kevin,1847843,3
Frances,1847843,13
Rod,1847843,21
Jackie,1847843,14
Hong,17368102,1
Gui,17368102,24
Sharma,33962248,14
Mohan,33962248,10
Gauri,33962248,1
Shukla,33962248,8
Nikhil,33962248,5
Sam,31197299,6
Kate,31197299,21
Bill,31197299,21
Unniyarcha,4126394,24
Aringodar,4126394,20
Unnikonar,4126394,21
Chandu,4126394,6
Veedu,4126394,2
Kunjiraman,4126394,13
Unnichandror,4126394,4
Unni,4126394,5
Aromal,4126394,12
Chekavar,4126394,12
Kunjinooli,4126394,20
Payattu,4126394,1
Lenny,35033672,6
Clarence,35033672,16
Emily,35033672,3
Gayle,23817085,21
Diana,23817085,6
Moffit,23817085,24
A.J.,23817085,0
Krueger,2933385,16
Freddy,2933385,3
Spencer,2933385,17
Carlos,2933385,23
Burroughs,2933385,7
Tracy,2933385,23
Maggie,2933385,3
Jacob,2933385,15
Johnson,2933385,2
Doe,2933385,11
John,2933385,3
Doc,2933385,15
Winter,4288725,14
Munro,4288725,20
Bauchau,4288725,11
Friedrich,4288725,22
Oliveira,4288725,9
Amy,15488314,10
Greg,15488314,10
Josh,15488314,17
Chenne,15488314,17
Hamilton,15488314,17
Dani,15488314,17
Devi,20620714,12
Saami,20620714,14
Sarathy,20620714,1
Ganga,20620714,2
Mike,24050095,9
Hagan,24050095,9
Servigo,16731647,13
Loomis,16731647,19
Parker,16731647,4
O'Malley,16731647,0
Haemmerli,10650236,16
Erik,10650236,15
Mary,19290613,8
Duran,5413458,5
Roberta,5413458,3
Chigwell,5413458,11
Volpi,5413458,6
Marion,5413458,5
Weil,5413458,3
Wyler,25192149,20
Lane,4633684,23
Kyle,4633684,23
Hedeman,4633684,16
Clyde,4633684,2
Lambert,4633684,16
Carl,11659396,3
Russell,11659396,4
Fredricksen,11659396,8
Kevin,11659396,4
Muntz,11659396,3
Ellie,11659396,2
Holzendorf,31322926,12
Marthe,31322926,21
ker,31322926,22
Klimm,31322926,4
Anton,31322926,21
Mark,31322926,14
Anna,31322926,4
Zuckman,31322926,6
Howland,1134155,19
Perce,1134155,3
Isabelle,1134155,8
Roslyn,1134155,3
Steers,1134155,16
Langland,1134155,15
Guido,1134155,3
Tabor,1134155,11
Carson,899442,15
Reggie,899442,3
Charles,899442,1
Joshua,899442,19
Bartholomew,899442,6
Lampert,899442,14
Tex,899442,3
Regina,899442,3
Gideon,899442,0
Jean-Louis,899442,12
Canfield,899442,9
Cruikshank,899442,6
Dyle,899442,16
Scobie,899442,13
Dunne,25625475,21
Michael,25625475,14
Anna,25625475,21
Caputo,25625475,20
Huffman,25625475,20
Mullen,25625475,8
Patti,25625475,2
Tsukuyomi,13627477,16
Orochi,13627477,3
Susanoo,13627477,16
Yomi,13627477,13
Takeru,13627477,22
Rinkle,13927420,13
Dennis,13927420,3
Jacop,13927420,21
Willem,13927420,3
Tina,13927420,3
Ignatz,13927420,10
Wheat,13927420,12
Gretchen,13927420,3
Hukley,12674356,19
Harris,12674356,21
Pope,12674356,10
Bishop,27314248,11
Marisol,27314248,5
Womack,27314248,10
Molloy,27314248,9
Frankie,27314248,1
Haynes,27314248,6
Walker,27314248,6
Ahmad,19799767,24
Nilam,19799767,19
Millet,19799767,0
Kun-bong,35367166,11
Man-seok,35367166,8
Nell,5948294,22
Wormwood,5948294,5
Valdez,5948294,11
Blank,5948294,3
Roderick,5948294,21
Raisx,5948294,23
Lajjo,274258,3
Raj,274258,3
Charming,274258,13
Kuljeet,274258,21
Chutki,274258,2
Baldev,274258,6
Simran,274258,20
Ajit,274258,12
Malhotra,274258,10
Ferguson,3771410,4
Hayes,3771410,14
Joe,3771410,17
Dobson,3771410,12
Helen,3771410,4
Jing,30625856,1
Steve,30625856,20
Anna,30625856,6
Hoon,30625856,6
John,30625856,15
Tim,25267846,6
Frances,25267846,3
Mikal,7742723,3
Tobias,7742723,15
Eirik,7742723,3
Jannicke,7742723,16
Pataki,3148613,14
Drake,3148613,12
Dracula,3148613,23
Zoltan,3148613,4
Donald,1166822,23
Daisy,1166822,6
Minnie,1166822,23
Goof,1166822,18
Mickey,1166822,3
Max,1166822,21
Dewey,1166822,17
Bob,1166822,4
Mouse,1166822,19
Scrooge,1166822,3
Mona,1166822,8
Miller,2262672,20
Yoder,2262672,8
Sexton,2262672,8
Levinia,2262672,4
Samuel,2262672,17
Rebecca,2262672,10
Hall,2262672,24
Lachman,2262672,21
Brad,2262672,3
Kleinmann,2262672,9
Bob,2262672,6
Caroline,2262672,3
Henner,2262672,6
John,2262672,12
Sam,2262672,6
Lester,2262672,14
Lerner,2262672,17
Barabbas,16800566,10
Hakeswill,16800566,24
Marie-Angelique,16800566,17
Dragomirov,16800566,17
Beauclere,16800566,0
Joubert,16800566,21
Chitu,16800566,6
Sharpe,16800566,6
Wormwood,16800566,4
Simmerson,16800566,9
Harper,16800566,17
Subedar,16800566,22
Singh,16800566,0
Carver,16800566,10
Blake,24010845,3
Bradley,24010845,16
Rusty,24010845,5
Dennison,24010845,4
Connors,24010845,19
Margaret,24010845,5
MacDonald,7987387,16
Maxim,25714056,7
Tracey,25714056,12
Pauline,25714056,17
Hector,25714056,14
Rodder,25714056,3
Chui-fa,11456006,24
Sai-yuk,11456006,21
Fong,11456006,6
Ka-lok,11456006,24
Si-ngai,11456006,21
Argento,24966098,17
J.T.,24966098,24
Radley,24966098,13
Emily,24966098,3
Stoker,24966098,3
Ricky,24966098,17
Bates,24966098,4
Mary,24966098,3
Shelley,24966098,13
Willy,24966098,17
Maddy,24966098,3
chase,24966098,13
Tim,24966098,17
Johnny,24966098,3
Vincent,24966098,3
King,24966098,15
Jeremy,6438082,12
Jonathan,6438082,17
Isobel,6438082,19
Catherine,6438082,16
Green,6438082,1
Aaron,766887,6
Shipman,766887,15
Torrance,766887,6
Pantone,766887,13
Polastri,766887,10
Cliff,766887,21
Williams,13625218,4
Fox,13625218,10
Blaime,24892602,22
Gibbington,24892602,9
Fuller,24892602,12
Fyodor,615572,3
Mitka,615572,23
Edwards,615572,11
Stepan,615572,13
Bulgya,615572,22
Wayne,615572,11
Tessier,24494541,8
Laura,24494541,24
Joel,24494541,2
Toni,24494541,15
Alex,24494541,15
Mike,35159090,1
Duka,35159090,12
Sledge,5219836,7
Joe,5219836,14
Leroy,5219836,23
Floyd,5219836,23
Tyler,2707573,19
Moon,2707573,23
Sykes,2707573,4
Lee,2707573,1
Thompson,2707573,24
Stone,2707573,17
Holman,21816045,11
Castle,21816045,4
Tollinger,21816045,17
Bain,21816045,3
Nocker,4747767,8
Simpson,4747767,20
ZigZig,4747767,12
Abulbul,4747767,7
Bagshaw,4747767,4
Lady,4747767,4
Howzat,4747767,19
Ponsonby,4747767,16
Bo,4747767,3
Reimers,692652,7
Montgomery,692652,6
Maria,692652,3
Maguire,692652,20
Lecce,692652,18
Garcia,8339172,24
Doesnt,8339172,11
Kurdi,8339172,11
Fernandez,8339172,1
Salas,8339172,21
Curley,8339172,19
Romero,8339172,15
Devi,34188936,0
Linda,24048632,3
Brenner,24048632,6
Conroy,24048632,3
Dan,24048632,3
Barrows,35296215,24
Elinor,35296215,24
Fogelmeyer,35296215,9
Harrison,35296215,9
Wilson,35296215,0
Katie,29085210,5
West,29085210,20
Bonnie,33242772,23
Colby,33242772,6
Fraser,8061503,0
the,8061503,12
Men,8061503,13
Robin,8061503,20
Marianne,8061503,8
John,8061503,17
Fujio,17528498,12
Shishido,17528498,22
Rolf,22787999,6
Ellen,22787999,6
Larsen,22787999,17
Hansen,22787999,6
Lange,22787999,4
Stanley,22787999,16
Pappu,5292955,3
Paapu,5292955,6
Kamat,5292955,6
Parameshwaran,25964824,18
Unnikrishnan,25964824,14
Harikrishnan,25964824,2
G.P.,25964824,21
Unni,25964824,5
Hari,25964824,21
Meera,25964824,19
Winton,105434,0
Begbie,105434,17
Diane,105434,16
Lizzy,105434,9
Allison,105434,11
Tommy,105434,16
Forrester,105434,2
James,105434,5
Swanney,105434,19
Renton,105434,3
Bytes,1956661,21
Sam,1956661,3
Skygraph,1956661,4
Samantha,1956661,6
Fibbs,1956661,6
Loretta,1956661,3
Roscoe,1956661,21
Jessica,33730710,8
Victor,33730710,7
Patel,33730710,20
Reggie,33730710,6
Henderson,33730710,3
Stewart,33730710,17
Ernest,33730710,16
Twelvetrees,33730710,3
Foster,33730710,6
Lee,1830491,16
Fung-Yee,1830491,8
Joshua,2826307,3
Maria,2826307,11
Eli,2826307,4
Gatlin,2826307,22
Porter,2826307,13
Montgomery,29163831,9
Pellerin,29163831,15
Fabian,29163831,4
Rivi,29163831,13
Ahmed,9188909,13
Hoda,9188909,16
Sharif,9188909,10
Hamama,9188909,11
Arthur,931950,21
Alma,931950,2
Marilyn,931950,7
Joe,931950,21
Bess,931950,2
Jack,931950,3
Sara,931950,5
Jocke,16881835,24
Andreas,16881835,1
Oskar,16881835,3
Martin,16881835,18
kan,16881835,4
Erik,16881835,8
Eli,16881835,3
Lacke,16881835,3
Yvonne,16881835,19
Janice,9031647,9
Walden,9031647,7
Stills,9031647,9
Doolan,29558941,20
Loftis,29558941,13
Khan,27713413,15
Souza,1912283,9
Venkatesh,15462809,5
Saraswati,15462809,8
Bhagyaraj,15462809,5
Maria,4129173,6
Erasmus,4129173,15
Tyson,4129173,15
Derek,2997985,6
Molly,2997985,6
Bluesvill,2997985,8
Gilda,2997985,14
Eubie,2997985,6
Bluesville,2997985,6
Curtis,2997985,6
Ram,15558139,14
Munni,15558139,10
Rani,15558139,9
Sukhdev,15558139,22
Kamla,15558139,2
Sarpanch,15558139,24
Starr,28348527,2
Mandel,28348527,4
Susan,28348527,8
Loman,28348527,8
Longbourne,28348527,13
Matt,31963128,15
Eddie,31963128,23
Victor,31713107,24
Quatermain,20836583,8
Raja,36057868,14
Shanthi,36057868,1
Balu,36057868,1
Ranganayaki,36057868,21
Zeka,5406415,6
Woodman,5406415,19
Aysecik,5406415,7
Pua,73423,23
Gardner,73423,12
Weyak,73423,14
Leo,12995896,19
Arlene,12995896,0
Doris,12995896,21
Shipley,12995896,14
Marvin,12995896,15
Henry,9943176,24
Sullivan,9943176,15
Thomas,9943176,6
Jimmy,9943176,12
Bascom,9943176,12
Mary,9943176,13
Leo,9943176,22
Al,9943176,6
Tom,9943176,23
Genevieve,9943176,23
Abel,9943176,2
Eugene,9943176,14
Sy,9846378,24
Thuy,9846378,24
Cuong,9846378,8
Jacobs,171076,3
Bill,171076,0
Gertrude,171076,13
Glenn,171076,3
Cole,171076,15
Holland,171076,18
Iris,171076,13
Lang,171076,12
Lennon,171076,11
Wolfingham,936234,13
II,936234,17
Elizabeth,936234,5
Maria,936234,4
Thorpe,936234,3
Abbott,936234,10
Alvarez,936234,12
Phillip,936234,17
Elizabeth,31087453,2
Holvak,31087453,7
Ratsuda,6167301,18
Albert,6167301,10
Diana,6167301,13
Krabii,6167301,2
Liu,6167301,23
Yai,6167301,10
Nadya,36215175,9
Sukmo,36215175,21
Kemal,36215175,18
Endicott,1715414,14
Purdy,1715414,0
Sam,1715414,16
Wood,1715414,9
Henshaw,1715414,7
Colbert,1715414,7
Ralph,1715414,17
Tibbs,1715414,3
Gillespie,1715414,3
Delores,1715414,2
Nesrin,26525959,13
Sonali,9423251,1
Bijuriya,9423251,21
Hari,9423251,2
Nandu,9423251,2
Vikram,9423251,3
Buzzard,20267161,16
Billy,20267161,4
Bracken,20267161,7
Tamizharasu,16179544,20
Maheshwari,16179544,21
Madhumitha,16179544,4
Sathyaraj,16179544,14
Maheswari,16179544,2
Oliver,6727572,21
Douglas,6172917,21
Danny,6172917,6
McTeague,6172917,14
Laura,6172917,6
Molly,6172917,6
Carl,6172917,24
Frank,6172917,18
Daniel,6172917,12
Joe,6172917,6
Robin,6172917,6
Ed,6172917,18
Nazar,4509510,5
Saratbabu,4509510,5
Takiya,26258656,20
Genji,26258656,21
Narumi,26258656,18
Kawanishi,26258656,4
Suzuran,26258656,14
Radha,13914496,0
Achootty,13914496,6
Mosca,1239627,10
Ryan,1239627,21
Gittel,1239627,6
Craig,9936509,15
Moreland,9936509,16
Brasset,9936509,4
Dorothy,9936509,5
Mason,17367782,14
Regan,17367782,15
Lewis,17367782,19
Rose,17367782,2
Emily,1482794,13
Jerry,1482794,21
Kilbourne,1482794,7
Marion,1482794,13
Minerva,1482794,13
George,1482794,6
Harlan,1482794,0
Ambrose,1482794,19
Kilborne,1482794,12
Wheeler,1482794,20
Grosvenor,1482794,15
Rawlins,1482794,0
Wade,1482794,23
Raj,3041378,10
Khan,3041378,2
Hari,3041378,6
Priya,3041378,3
Vikram,3041378,3
Malhotra,3041378,2
Figaro,10141485,1
Tom,10141485,17
Jerry,10141485,16
Sandy,14237319,15
George,14237319,14
Henderson,14237319,24
Dunlap,14237319,3
Jimah,31142504,12
Rockatansky,255898,17
Johnny,255898,3
Boyle,255898,5
Max,255898,24
Montizano,255898,18
Toecutter,255898,17
Jessie,255898,2
Zanetti,255898,22
McPhee,255898,8
Zelphia,23059277,16
Irene,23059277,22
Marco,23059277,16
Kean,14347945,14
Mila,14347945,0
Alma,29758152,3
Donald,1032266,3
Gregory,1032266,8
Bongo,1032266,3
Isabelle,1032266,3
Sorenson,1032266,6
Morton,1032266,15
Victor,16586995,15
Victoria,16586995,2
Savage,16586995,3
Stone,16586995,9
Hansen,33459100,9
Paulson,33459100,24
Flothe,33459100,18
Halcombe,33459100,10
Jude,3822078,0
Matthew,3822078,3
Jonny,3822078,3
Bianca,2920843,8
Arden,2920843,6
Ellen,2920843,4
Burkett,2920843,12
Fitzherbert,619728,1
Flynn,619728,3
Rapunzel,619728,3
Rider,619728,1
Gothel,619728,3
Enomoto,25743404,4
Kazuya,25743404,6
Tokiko,25743404,6
Grigsby,22097562,1
Johnson,22097562,11
Thompson,22097562,19
Vatmeki,26481708,18
Athira,26481708,22
Raj,26481708,16
Narayanji,26481708,14
George,26481708,0
Syam,26481708,11
Njanum,26481708,3
Raju,26481708,22
Miller,32427135,19
Mo,32427135,9
Meng,32427135,20
Hasegawa,32427135,18
Kevin,27807569,21
Chaplin,67420,18
Palmer,67420,21
Otto,67420,24
Silook,67420,17
Liles,67420,9
Taft,67420,13
Jennings,67420,6
MacGruder,67420,4
Arthur,1134919,21
Richard,1134919,3
Paddy,1134919,21
Rao,5574573,2
Sailaja,5574573,23
Bhadranna,5574573,23
Venkat,5574573,3
Hubert,3693882,1
Arlene,3693882,20
Chadwick,3693882,8
Jean,3693882,2
Carey,3693882,5
Tanya,3693882,6
David,3693882,4
O'Brien,3693882,21
Houston,3693882,6
Lawrence,3693882,15
Terry,3693882,24
Asenov,26104928,17
Georgi,26104928,8
Keri,28893717,23
Hart,28893717,15
Al,28893717,19
Olivia,28893717,17
Wanda,28893717,13
Grace,28893717,3
Rob,28893717,23
Elizabeth,31960682,1
Sullivan,31960682,12
Dodd,31960682,3
Peggy,31960682,6
Doris,31960682,3
Freddie,31960682,6
bank,5632884,11
Penelope,5632884,3
Elcott,5632884,21
Honeysuckle,5632884,16
Gregory,5632884,13
Halliday,5632884,10
rob,5632884,17
Rose,5632884,24
Sabada,5632884,6
Bixbee,5632884,13
James,5632884,3
Ducky,5632884,20
Pi,35249448,14
Cao,35249448,24
Lingju,35249448,21
Jr.,4071544,23
Junior,4071544,3
Mickey,18223613,16
Damian,12213224,19
Gretel,12213224,16
Hansel,12213224,16
Wallner,9009864,3
Mertens,9009864,13
Webster,12561211,19
Savage,12561211,19
McBane,12561211,24
Yayati,29247790,17
Devi,29247790,19
Hanuma,29247790,13
Rama,29247790,6
Anjaneya,29247790,15
Parvati,29247790,6
Kolya,744783,21
Louka,744783,12
Cl,25896181,18
vre,25896181,9
MacRoi,25896181,9
lia,25896181,17
mo,25896181,3
Bernard,25896181,15
Stevens,11875403,14
Kimsy,11875403,15
Taft,11875403,8
Kinney,11875403,22
Bhanumathi,12047781,5
Bhaghavan,12047781,12
Venkataramana,12047781,20
Pierre,13535665,3
Loulou,13535665,12
Hansi,13535665,0
Marius,32405340,2
Cynthia,25371771,16
Sheila,25371771,11
Hart,25371771,18
Rick,25371771,1
Connor,25371771,3
Abila,27381413,13
Buppha,32607519,3
Paul,8138535,3
Bratter,8138535,15
Corie,8138535,3
Ethel,8138535,3
Victor,8138535,14
Velasco,8138535,9
Teresa,9986386,14
Carlton,9986386,23
Osborne,9986386,24
Fatih,12071277,18
Doruk,12071277,14
Beyza,12071277,16
Singhania,2314753,13
Rohit,2314753,11
Jiya,2314753,8
Kajal,2314753,21
Malhotra,2314753,3
Linda,9084256,2
Tom,9084256,13
Victor,9084256,3
George,9084256,6
Ben,9084256,0
Lalaine,9084256,0
Wally,9084256,0
Yamada,16348127,6
Choujo,16348127,6
Miyoko,16348127,21
Okajimo,16348127,6
Okajima,16348127,6
Omura,16348127,6
Tim,32749921,22
Jaw,32749921,18
Lynch,32749921,19
D'Onofrio,32749921,5
Bob,32749921,24
McGee,3570864,4
Jane,3570864,12
Ian,3570864,1
Jones,3570864,11
Rachel,3570864,12
Lulu,3570864,12
Ha-rin,21169981,19
Mahoney,27560130,10
Johnson,27560130,14
Ranaut,17521789,0
Yadav,17521789,3
Deol,17521789,13
Regis,26793028,23
Kelly,26793028,23
Marino,26793028,16
Durai,16490955,20
Karuppu,16490955,3
Dinesh,16490955,0
Irene,16490955,6
Rathnasamy,16490955,21
Pettai,16490955,17
Kishore,16490955,23
Kuruppu,16490955,16
Dhanush,16490955,19
Missy,35473991,3
Melvin,35473991,9
DeAnna,35473991,1
Eva,35473991,22
Marlin,35473991,3
Malik,35473991,8
Juan,12135314,3
Maitland,7416129,6
Marquis,7416129,24
Marco,7416129,22
Pierre,7416129,1
Phillips,7416129,2
Lane,11919313,20
Kenner,29169424,17
Walter,29169424,24
Mitchell,29169424,24
Ravidge,29169424,7
Renata,29169424,11
Slater,2867034,1
Divya,15896980,21
Sandhya,15896980,4
Sriram,15896980,12
McAnn,14979283,15
Stacy,14979283,20
Kessler,14979283,3
Davis,14979283,8
Milo,25734402,3
Martian,25734402,1
Jeevanlal,28074722,14
Dharam,28074722,15
Sharma,28074722,15
Malikram,28074722,5
Meena,28074722,10
Shroff,35808163,11
Natasha,35808163,14
Nirvaan,35808163,24
Reshmi,20361883,10
Balanadin,20361883,20
Ataram,20361883,10
Kunji,20361883,12
Bones,20361883,6
Nedungadi,26822445,17
Kaimal,26822445,24
Pappan,26822445,16
Kutty,26822445,9
Lakshmi,26822445,23
Nair,26822445,4
Sivaraman,26822445,4
Haji,26822445,15
Madhavanunni,26822445,3
Madhavanuni,26822445,21
Abu,26822445,17
Rishi,5536031,16
Shridhar,5536031,6
Ritu,5536031,2
Amrita,5536031,3
Jia,5536031,6
Vijay,5536031,3
Bottoms,20490737,24
Caroline,20490737,24
Paul,2216381,6
Jocelyn,2216381,21
Bennett,2216381,24
Rochester,2216381,15
Paul,3096492,0
Jude,3096492,24
Salinger,3096492,12
Caulfield,3096492,12
Chapman,3096492,3
Lennon,3096492,23
Munro,10069983,20
Larry,10069983,8
Hanford,10069983,9
Keeler,10069983,2
Donny,12431569,20
Mara,12431569,8
Sam,27863458,24
Barbara,27863458,12
Pascale,27863458,17
Sylvie,27863458,17
Robert,27863458,10
Marc,27863458,19
Stones,27802856,23
Dora,19636925,6
Manya,19636925,3
Tony,19636925,6
Barrett,19636925,14
Daphne,19636925,6
Fredrik,19636925,21
Novak,19636925,6
Gamera,4399322,24
Jim,4399322,24
Masao,4399322,4
Viras,4399322,5
Gautama,2399730,19
Sanyas,2399730,9
Sridevi,26015028,8
Thankachi,26015028,20
Thampi,26015028,9
Krishnan,26015028,9
Sukumaran,26015028,15
Sallah,51888,23
Kazim,51888,6
Marcus,51888,4
Hitler,51888,1
Indiana,51888,21
Schneider,51888,1
Jones,51888,9
Elsa,51888,16
Brody,51888,10
Nazis,51888,21
Knight,51888,3
Donovan,51888,6
Kunisada,7940609,3
Ray,7940609,13
Miko,7940609,2
Kaoru,7940609,3
Kiyoshi,7940609,14
Akiko,7940609,3
Randolph,2295321,9
Sullivan,2295321,15
Gold,2295321,18
Evers,10855054,9
Marlow,29790167,6
SARD,36449838,18
Jumonji,36449838,14
Gavan,36449838,13
Geki,36449838,7
Ichijouji,36449838,18
Shaider,36449838,14
Karasuma,36449838,8
Horror,36449838,10
Polo,8408054,24
Hugo,8408054,6
George,8408054,18
Daffy,8408054,3
Anna,11437048,5
Murchison,11437048,20
Miller,11437048,18
Joe,13331336,17
Moe,13331336,4
Bruce,13331336,9
Simon,7513015,19
Ransome,7513015,17
Esketh,7513015,13
Safti,7513015,21
Edwina,7513015,6
Maharani,7513015,12
Lawrence,17475229,7
McQuade,17475229,1
Robertson,17475229,20
Karns,17764658,24
Letty,17764658,3
Adolphe,17764658,1
Mal,17764658,6
Mickey,17764658,23
Trevor,17764658,11
Alyce,17764658,2
Harvey,17764658,15
Jr.,30958947,1
Geisel,4705899,0
Kathy,4705899,3
Lane,4705899,10
Sargent,4705899,11
Hunch,4705899,7
Marco,4705899,6
Seuss,4705899,11
Mulvaney,4705899,2
Maha,5589759,2
Gautham,5589759,2
Sandhya,5589759,6
Kannan,5589759,21
Lane,75270,0
Wales,75270,24
Watie,75270,9
Fletcher,75270,6
Anderson,75270,20
Terrill,75270,23
Wilson,75270,7
Sakhi,4346063,13
Priya,4346063,6
Krishnan,4346063,21
Sakhis,4346063,9
Crane,33214212,9
Brooke,33214212,6
Eric,33214212,23
Johnathan,4742175,6
Rita,4742175,19
Liz,4742175,16
Grady,4742175,6
Jamie,4742175,3
Tina,4742175,3
Howell,4742175,17
Fowler,4742175,20
Leslie,4742175,17
Sara,4742175,3
Kyle,3266309,23
Jeremy,3266309,3
Liddle,3266309,3
Ian,3266309,11
Kelly,3266309,6
A.J.,3266309,18
Frank,3266309,3
Newman,3266309,22
Towns,3266309,4
Rodney,3266309,17
Rady,3266309,16
Brown,3266309,17
Elliot,3266309,17
Davis,3266309,6
Gerber,3266309,13
Cleo,31065037,13
Joydeep,3818512,13
Meethi,3818512,21
Jojo,3818512,8
Barua,3818512,20
Anu,3818512,21
Sandy,23920659,21
Aarush,23920659,6
Hetal,23920659,21
Patel,23920659,1
Rao,23920659,3
Batuk,23920659,5
Dhanno,23920659,19
Samtani,23920659,22
Bob,23920659,21
O'Dell,1110047,12
Hickam,1110047,3
Lee,1110047,5
Riley,1110047,13
Owen,1110047,20
Cooke,1110047,8
Elsie,1110047,6
Cooper,1110047,20
Vernon,1110047,15
Bolden,1110047,7
Braun,1110047,4
Jim,1110047,13
Thunder,20531629,9
Petterson,29582857,22
XV,29582857,17
Grimm,29582857,6
da,20632666,14
Vinci,20632666,9
Lisa,20632666,19
Govardhan,28558429,17
Anjana,28558429,1
Arjun,28558429,3
Ramana,28558429,6
Vicenzo,5278636,16
Avellaneda,5278636,13
Nicole,5278636,17
Kenji,5278636,16
Sonia,5278636,3
Clouseau,5278636,6
Silk,12640256,5
Julius,12640256,21
Mervyn,556241,15
Richard,556241,17
Hood,556241,4
Marian,556241,3
Giovanni,556241,23
O'Hara,556241,18
Ahchoo,556241,21
Lewis,556241,7
Tuckman,556241,2
Robin,556241,17
Sheriff,556241,2
John,556241,13
Blinkin,556241,17
Paco,29223770,21
Francine,6552222,23
Lefevre,6552222,3
Lucille,6552222,6
Morrell,6552222,17
Renee,6552222,1
Lamarte,6552222,12
Ravi,28835025,21
Aakash,28835025,10
Bhattacharya,28835025,9
Sandhya,28835025,2
Prakash,28835025,4
Stuart,839547,12
Todd,839547,13
Armstrong,839547,20
Rutledge,839547,13
Lincoln,839547,21
Booth,839547,11
Abe,839547,7
Aravan,7324939,3
Gautam,7324939,6
Shweta,7324939,6
Lucy,18499806,2
Tyler,18499806,9
Ellen,18499806,9
North,18499806,16
Tommy,18499806,17
Nordmann,18499806,17
Malik,18499806,17
Nina,2510954,19
Mitch,2510954,21
Einar,2510954,3
Gary,2510954,17
Jean,2510954,3
Griff,2510954,3
Curtis,2510954,9
Hughes,23233821,17
Julie,23233821,0
Bruce,23233821,16
Griffin,36465711,21
Diana,36465711,24
Nagara,22740691,6
Ishida,22740691,6
Ryu,22740691,6
Midori,22740691,2
David,22740691,3
Pedersen,600094,14
Young,600094,11
Bath,600094,21
Bush,600094,0
Moore,600094,6
Lipscomb,600094,22
Lee,307080,23
Phillips,307080,0
Holly,307080,23
Valens,307080,3
Bob,307080,3
Morales,307080,17
Valenzuela,307080,20
Ludwig,307080,0
Donna,307080,2
Lee,113445,1
Sonny,113445,21
Dixie,113445,2
Mac,113445,3
Anne,113445,6
Hubbard,113445,8
Scott,113445,2
Lan,10068850,0
Tinung,10068850,1
Liang,10068850,5
Kan,10068850,13
Yoshiyama,6455928,12
Makoto,6455928,6
Kazuko,6455928,6
Konno,6455928,6
suke,6455928,13
Mamiya,6455928,6
Miyuki,6455928,5
Fujitani,6455928,12
Raja,10640941,0
Vijayakumari,10640941,24
Maaveeran,10640941,4
Sethupathy,10640941,17
Magnus,2513887,4
Gustav,2513887,14
Antonio,2513887,4
Gilbert,2513887,5
Christina,2513887,14
Tsubaki,4762648,6
Sakisaka,4762648,14
Hajime,4762648,12
Sarah,17987664,13
Teddy,17987664,6
Morgan,17987664,12
Sean,17987664,8
David,17987664,15
Moran,6973699,22
Tiernan,6973699,21
Shea,6973699,1
Henry,64394,6
Cicero,64394,22
DeVito,64394,17
Hill,64394,2
Jimmy,64394,4
Conway,64394,22
Karen,64394,3
Janice,64394,14
Tommy,64394,14
Batts,64394,3
Paulie,64394,6
Rossi,64394,4
Boxer,25990872,11
Coffey,12759686,16
Shakuntala,19924729,5
Cathy,957818,17
Nelson,957818,0
Laura,957818,2
Molly,957818,3
Sharon,957818,3
Tracy,957818,16
Rick,957818,2
Trumpy,957818,17
Tommy,957818,21
Brian,957818,17
Minton,4753099,24
Fernydel,18358585,23
Ann,18358585,3
Hunter,18358585,19
Dupont,18358585,18
Zara,18358585,5
Bob,18358585,3
Brown,18358585,1
McCall,18358585,4
Vitry,18358585,14
Jack,8407597,3
Esme,3151378,8
Jane,3151378,6
Ross,3151378,14
Abigail,3151378,17
Falbury,3151378,17
Katie,24369142,9
Johnny,24369142,10
Parker,24369142,4
Bert,24369142,22
Pearson,24369142,23
Moore,24369142,24
Luis,33891030,3
Ella,33891030,3
Carmela,33891030,17
Janine,33891030,3
Allan,33891030,17
Greg,33891030,6
Luna,33891030,3
Martha,33891030,3
Brian,33891030,6
Joy,33891030,3
Hopper,16823471,9
Richard,30523766,11
Rani,30523766,23
Raj,30523766,7
Bhai,30523766,17
Sunil,30523766,7
don,30523766,17
Murthy,30523766,1
Nadia,21250095,21
Matthew,21250095,3
Meeks,1790524,14
Boggle,1790524,14
Lugg,1790524,12
Haggard,1790524,9
Fussey,1790524,18
Hawtrey,1790524,18
Potter,1790524,19
Sheldrake,76368,1
DeMille,76368,9
Norma,76368,6
Betty,76368,21
Mayerling,76368,6
Brackett,76368,12
Green,76368,7
Desmond,76368,11
Gillis,76368,3
Schaefer,76368,4
Cole,76368,10
Krsti,3737023,4
Sr.,3737023,24
Jr.,3737023,24
Mij,2576435,4
Mary,2576435,3
Johnnie,2576435,11
Graham,2576435,21
Beth,10037860,5
Jody,10037860,12
Easton,10037860,0
Salerno,10037860,8
Sparky,7305989,3
Halderman,7305989,17
Michelle,7305989,23
Tracy,7305989,23
Otis,7305989,3
Ethel,7305989,3
Hoss,7305989,3
Wilhelm,7305989,22
Karen,7305989,17
Rogers,7305989,10
C.J.,7305989,3
Preston,7305989,3
Amanda,7305989,23
Edwards,10893024,21
Louisa,22787868,13
Burnside,22787868,12
Hammond,22787868,15
Charley,2990847,24
Frank,2990847,16
Chris,2990847,23
Frankenstein,2990847,3
Ryan,2990847,11
Lenore,2990847,23
Davis,2990847,24
Alfred,12569994,23
Danes,12569994,10
Eichmann,28002998,17
Avner,28002998,4
Den-O,16048756,1
Ryotaro,16048756,24
Imagin,16048756,17
Kazuma,16048756,5
Yuto,16048756,4
Urataros,16048756,24
Otoya,16048756,13
Kuroki,16048756,18
Momotaros,16048756,7
Negataros,16048756,4
Zeronos,16048756,5
Kurenai,16048756,4
Sarah,16048756,17
DenLiner,16048756,0
Suzuki,16048756,12
Bayram,17611985,13
Hacer,17611985,6
Servet,17611985,3
smail,17611985,6
Jonny,32449927,17
Ye,15173704,23
Antonci,27691005,21
Manucho,27691005,1
Videgain,27691005,0
Irene,25513116,13
Pawe,25513116,16
Krzysztof,25513116,6
Adonis,20864101,21
Atong,20864101,6
Reddy,30351454,24
Rahman,30351454,0
Thomaskutty,13915390,2
Annamma,13915390,13
Bhagyalaxmi,13915390,1
Varunni,13915390,3
Bhagyam,13915390,13
Breedlove,31197345,20
Robic,31197345,11
Annika,4128830,3
Maria,4128830,10
Sebastian,4128830,3
Vega,4128830,6
Beckert,4128830,14
Tyutchev,286266,10
Morgan,5474325,21
Harris,5474325,1
Trish,5026362,4
Simon,5026362,3
J.,5026362,3
Robbie,3625302,3
Richman,2406870,2
Fred,2406870,6
Suzi,2406870,6
Randy,2406870,3
Stacey,2406870,6
Samantha,2406870,12
Cotton,2406870,18
Julie,2406870,3
Beth,2406870,21
Ensor,2406870,9
Loryn,2406870,6
Tommy,2406870,17
Skip,2406870,3
Pierre,35004515,20
Lucy,241171,1
Chet,241171,22
Donnelly,241171,0
Wyatt,241171,6
Ian,241171,21
Al,241171,21
Deb,241171,6
Gary,241171,6
Max,241171,20
Lisa,241171,6
Wallace,241171,8
Danny,4112484,17
Sloan,4112484,9
Ringa,4112484,4
Regas,4112484,24
S.,4112484,1
Parkson,4112484,17
Mortimer,4112484,4
Travis,4112484,4
Ryan,4112484,20
Tom,4112484,21
Reynolds,4112484,4
Vesari,4112484,2
Sinatra,4112484,22
Nikko,4112484,21
Carla,4112484,21
Harris,1188824,17
Hayes,1188824,9
Nancy,1188824,18
Crewes,1188824,6
Ryan,1188824,24
Jr.,1188824,2
Jack,1188824,6
Ritchie,1188824,8
Mick,8528525,10
Forry,8528525,10
Big,8528525,7
Timmy,8528525,10
Jamie,8528525,10
Roxanne,34506704,14
Scaduto,34506704,7
Hockenberry,34506704,24
Fitz,34506704,15
Shine,34506704,7
Heath,34506704,19
Padmarekha,28723481,6
Bhandagaram,28723481,2
Baxter,9466167,21
Shindel,9466167,7
Tom,9466167,6
Darcy,9466167,17
MacDonald,9466167,6
Jimmy,9466167,1
Bildocker,9466167,2
Betty,9466167,21
Maxford,9466167,13
Casey,9466167,4
Hewitt,21008187,11
Emily,21008187,3
Kate,21008187,23
Ben,21008187,20
David,21008187,12
Sherman,24424839,10
Washington,24424839,0
Madison,24424839,15
Dickinson,24424839,11
Jack,17934960,24
Jamie,17934960,3
Max,17934960,18
Yunus,2146251,12
Ferraro,2146251,9
Selina,2146251,10
Gummer,3307040,3
Juan,3307040,16
Kelly,3307040,5
Betsy,4499305,3
Treadway,4499305,24
O'Brien,4499305,10
Fudd,1377519,3
Elmer,1377519,17
Manuela,10064188,18
Suarez,10064188,8
Valentina,10064188,6
Calderon,10064188,20
Juarez,10064188,0
Diego,10064188,5
Pelon,10064188,2
Yan,437840,10
Ho,437840,20
San,437840,19
Fei-hung,437840,16
Oswald,33182886,3
Denise,24436019,14
Adan,24436019,6
Mastronardi,9760696,5
Laura,9760696,6
Pellegrini,9760696,19
Micky,9760696,18
Marita,9760696,12
Roberto,9760696,6
Blanco,9760696,9
Jorge,9760696,3
Bobby,4118310,6
Jane,4118310,21
Tarzan,4118310,16
Tantor,4118310,15
Andrew,19004390,23
Raffy,19004390,21
Faye,19004390,19
Patrice,14844801,3
David,14844801,6
Cooper,14844801,6
Thomas,14844801,6
Kilgannon,14844801,3
Schmoke,14844801,23
Tessy,14844801,20
Qaasim,14844801,3
Johnston,14844801,1
Jesse,14844801,3
Nat,14844801,3
Bessy,14844801,20
Rosalina,14844801,6
Alex,14844801,6
Jackson,171550,10
Helen,171550,11
Fonda,171550,11
Ulee,171550,16
Rushdi,9268438,2
Hoda,9268438,3
Adel,9268438,23
Mona,9268438,3
Lyn,28788568,21
Pereira,28788568,4
Irene,28788568,6
Lutzke,28788568,0
Mohr,28788568,4
Jennings,28788568,17
Bernazsky,28788568,2
Jenning,28788568,17
Leiris,28788568,19
Hideo,26319686,17
Kumi,26319686,4
Taguchi,26319686,21
Takehiko,26319686,11
Weisser,26319686,5
Utsumi,304692,14
Sugimura,304692,18
Sakaki,304692,8
Nakagawa,304692,0
Kitano,304692,6
Keiko,304692,9
Chigusa,304692,17
Fujiyoshi,304692,2
Noriko,304692,6
Niida,304692,16
Shiori,304692,8
Shuya,304692,21
Kiriyama,304692,17
Mimura,304692,1
Souma,304692,24
Kotohiki,304692,4
Kuninobu,304692,21
Kawada,304692,17
Nanahara,304692,19
William,18311588,6
Jane,28284316,3
Taylor,28284316,6
Grasselli,28284316,10
Van,28284316,7
Maggie,28284316,6
Mr.,28284316,0
Maguire,28284316,8
Nora,28284316,6
Henry,10507423,9
Opel,10507423,9
Janeway,10507423,17
Levy,10507423,18
Szell,10507423,6
Elsa,10507423,6
Doc,10507423,6
Trager,1474328,17
Corbett,1474328,5
Lars,1474328,5
Jonathan,1474328,3
Thomas,1474328,1
Buchanan,1474328,18
Halley,1474328,3
Sara,1474328,3
Ellen,5202494,3
Bobby,5202494,14
Ewing,5202494,5
Ellington,5202494,17
McKay,5202494,13
Krebbs,5202494,7
Jantzen,5202494,14
J.R.,5202494,3
Sneed,14544803,22
Rork,14544803,4
Larry,14544803,20
Bruno,4869378,14
Momo,4869378,0
Tomasi,4869378,12
Alain,4869378,14
Kolchak,23866633,6
Twain,23866633,10
Barry,23866633,16
Vincenzo,23866633,20
Richards,23866633,13
Malcolm,23866633,7
Bertin,25287793,15
Monty,25287793,8
Schubert,3822458,9
Guardia,3822458,13
Wolff,3822458,15
Renard,3822458,11
Schneider,3822458,12
Bond,3822458,8
Robinson,3822458,22
Kassel,3822458,6
Kalong,29172277,21
Qiqi,29172277,13
Zhihao,29172277,19
Feina,29172277,24
Meili,29172277,17
Ma,29172277,22
Qingyun,10435439,17
Ho,10435439,5
Xinyi,10435439,12
Liansheng,10435439,5
Erhu,10435439,13
Wuyang,10435439,23
Jaques,4213599,19
Oliver,4213599,4
Touchstone,4213599,10
Duke,4213599,22
Audrey,4213599,8
Frederick,4213599,7
Celia,4213599,13
Silvius,4213599,2
Phoebe,4213599,2
Rosalind,4213599,8
Niranjan,5360824,4
Pooja,5360824,3
Lilli,10731077,9
Prima,10731077,9
Vignali,10731077,17
Venerd,10731077,12
Chakraborty,30018178,5
Ali,30018178,5
Avtaar,30018178,9
Geetha,24751996,1
Pradhesh,24751996,17
Raja,24751996,2
Bahaddur,24751996,4
Gowri,24751996,6
Nagavalli,24751996,3
Acharya,24751996,6
Shastry,24751996,22
Vijay,24751996,13
Saraswathi,24751996,6
Mario,100274,20
Codex,100274,9
Anna,100274,4
Tommy,100274,17
Bros.,100274,10
Messina,100274,17
Darwin,100274,17
Minerva,100274,21
Mayflower,100274,22
Eddie,100274,16
Alfred,100274,18
Baragli,100274,23
Kaplan,100274,19
Bigelow,22489028,23
Montag,22489028,10
Dorothy,32907382,15
Edward,32907382,9
Marriott,32907382,9
Driggs,1071647,12
Sinclair,1071647,18
Hankel,1071647,21
Heather,4354571,21
Roy,4354571,20
Klein,4354571,17
Frank,4354571,16
Angela,4354571,6
Mercer,4354571,22
Frechette,4354571,22
Chuck,4354571,5
Waller,4354571,3
Snegeryov,24895047,8
Mikhajlovna,24895047,12
Bala,2852763,13
Uthaman,2852763,13
Padayachi,2852763,6
Anbarasu,2852763,22
Sivam,2852763,16
Nalla,2852763,6
Aras,2852763,3
Marx,2852763,5
William,23176116,12
Anderson,23176116,11
Cody,14144273,24
Carney,14144273,17
Morgan,14144273,7
Hachi,15665280,2
Ichi,15665280,22
Chamiel,6242323,6
Simon,6242323,14
Camiel,6242323,2
Nelson,6242323,2
Jong-du,32181593,16
Hayakawa,23195317,18
Terada,23195317,3
Yukiko,23195317,18
Shibusawa,23195317,23
Yoichiro,23195317,15
Kuroda,23195317,9
Izumi,23195317,5
Yukari,23195317,1
Rohan,23195317,6
Gakutensoku,23195317,4
Mori,23195317,13
Kato,23195317,3
Nishimura,23195317,13
Hirai,23195317,8
Mekata,23195317,16
Narutaki,23195317,2
Tatsumiya,23195317,5
Meiji,23195317,18
Peggy,10395434,22
Bellamy,10395434,23
Zax,5875943,10
Dhyana,5875943,21
Dogen,5875943,3
Hurok,5875943,17
Syn,5875943,13
Rhodes,5875943,3
Baal,5875943,23
Bonavia,12896715,24
Richard,22521524,17
Hood,22521524,5
Rowena,22521524,8
Bois,22521524,24
Cedric,22521524,4
John,22521524,11
Isaac,22521524,20
Rebecca,22521524,14
Haim,3528114,12
Hansen,3528114,15
Joan,13604898,13
Dupree,13604898,22
Mason,13604898,8
Fletcher,13604898,3
Paula,13604898,3
Whitney,13604898,17
Meredith,13604898,13
Cheela,13604898,18
Willie,13604898,16
Bob,13604898,14
Flether,13604898,6
Harry,8549241,6
Allen,8549241,9
Keitel,8549241,9
Flores,8549241,2
Capp,8549241,1
Chili,8549241,6
Lovejoy,8549241,9
Ray,8549241,19
Martin,8549241,18
Karen,8549241,10
Momo,8549241,2
Catlett,8549241,6
Leo,8549241,6
Ronnie,8549241,8
Midler,8549241,10
Zimm,8549241,6
Palmer,8549241,6
Faye,8549241,6
Devoe,8549241,6
Weir,8549241,9
Jill,26100183,9
Anthony,26100183,3
Dan,26100183,12
Randall,26100183,3
John,26100183,6
Sarina,18004401,6
Devdas,18004401,18
Pappan,18004401,12
Paul,11977524,21
Clippershears,11977524,24
Ron,11977524,17
Tom,11977524,3
Jerry,11977524,17
Bob,11977524,17
Williams,2099630,9
Roberts,2099630,6
Costa,9020005,0
Luisinha,9020005,21
Silveira,9020005,12
rio,9020005,24
Daniel,9020005,18
Castelar,9020005,8
Sammy,3004194,17
Charlie,3004194,6
Frankie,3004194,17
Sonny,3004194,3
Carly,3004194,17
Sterculius,24486323,16
Beavis,24486323,3
Driessen,24486323,9
Kimberly,7701650,2
Gabriel,7701650,0
Lori,7701650,3
Charlie,7701650,19
Yamagashi,7701650,19
Stein,7701650,1
Billie,7701650,8
Kipp,7701650,3
Stefan,2513971,14
Eric,2513971,20
Duvalier,2513971,10
Knight,2513971,0
Andre,2513971,3
Baron,2513971,17
Helene,2513971,10
Pavenic,29068128,13
Bruno,3150776,6
Rhino,2046012,24
Billy,2046012,17
Laverne,2046012,24
Ray,2046012,21
Spruce,2046012,10
Lansing,2046012,3
Rachel,2046012,14
Sam,2046012,3
Flytrap,2046012,16
Randy,2046012,17
Whitemoon,2046012,3
Wright,2046012,17
Andy,2046012,17
Steve,12096671,2
Larry,12096671,2
Vertov,16727553,8
Vijay,30415422,23
Arasaktchi,9381862,22
Nazar,9381862,20
Karan,9381862,5
Arjun,9381862,6
Dutta,9381862,17
Maharasan,9381862,23
Shekar,9381862,13
Raymond,9936264,17
Edwards,9936264,18
Lama,9796711,19
Lhaki,9796711,10
Rolf,9796711,15
Aufschnaiter,9796711,3
Ingrid,9796711,24
Jigme,9796711,6
Tsarong,9796711,1
Wilecat,21006677,7
Fieldmouse,3469003,6
Grundel,3469003,3
Colbert,3469003,17
Mole,3469003,21
Cornelius,3469003,6
Jacquimo,3469003,3
Toad,3469003,16
Tabitha,3469003,5
Thumbelina,3469003,3
Santa,4845539,2
Samantha,4845539,3
Julie,4845539,16
Daphne,4845539,6
Mollie,4845539,3
James,4845539,6
Claus,4845539,8
Mikey,4845539,3
Cynthia,2534857,3
Cronenberg,2534857,2
Cameron,2534857,23
Brad,2534857,17
Romero,2534857,3
Chris,2534857,0
Kramer,4180278,24
Scolex,4180278,17
Artemus,4180278,5
Sykes,4180278,16
Quimby,4180278,18
Bradford,4180278,2
Brenda,4180278,20
Brown,4180278,22
John,4180278,20
Claw,4180278,8
Salazar,17704856,13
Anthony,17704856,10
Olivia,17704856,10
Shields,17704856,21
Pelon,17704856,3
Gage,17704856,4
Chandralekha,9678972,24
Mustafa,9678972,17
Salima,9678972,14
Rahim,9678972,14
Marquette,9523974,20
Cliff,9523974,4
Piffl,660343,2
Otto,660343,2
Hazeltine,660343,9
MacNamara,660343,5
Scarlett,660343,9
Woody,32078032,1
Ken,32078032,21
Bonnie,32078032,18
Barbie,32078032,21
Jimeoin,2368824,11
Majra,8625702,9
Jagga,8625702,18
Morrison,4277883,11
Bridgette,4277883,22
Gartland,4277883,5
Gar,4277883,13
Perseus,948548,17
Dana,948548,1
Medusa,948548,14
Acrisius,948548,17
Andromeda,948548,4
Calibos,948548,17
Thetis,948548,14
Argos,948548,16
McCarthy,948548,17
Mohanbhai,24868569,16
Kumar,24868569,18
Kamlesh,24868569,3
Somnath,24868569,1
Kazanian,3999425,13
Mark,3999425,3
Elise,3999425,22
Rose,3999425,2
Tenebrarum,3999425,5
Varelli,3999425,23
Elliot,3999425,24
Arnold,3999425,12
Carol,3999425,16
Sara,3999425,3
Dharma,1094668,5
Devi,1094668,22
Asoka,1094668,13
Kaurwaki,1094668,4
Susima,1094668,17
Maurya,1094668,18
Pawan,1094668,8
Arya,1094668,9
Jane,10583724,6
Brady,10583724,21
Lillian,10583724,0
Fox,10583724,7
Matthews,10583724,2
Jim,10583724,15
Perry,10583724,8
Russell,10583724,22
Richardson,10583724,6
Preeti,6701473,19
Ramanathan,6701473,3
Murthy,6701473,14
Santhosh,6701473,17
Santosh,6701473,15
Bobby,27484031,5
Marie,27484031,21
Letty,28896404,23
Stanton,28896404,17
McCleary,28896404,0
Lucy,4120842,21
Ellen,4120842,17
Sedgewick,4120842,6
Alexander,4120842,4
Eloise,4120842,4
Elliot,4120842,6
Jr,4120842,6
George,4120842,23
Frederick,4120842,9
Joe,4120842,14
Bernadette,4120842,9
Robert,4120842,4
Bandolino,430975,6
Carter,430975,11
Cort,430975,9
Morgan,430975,11
Jensen,430975,6
McIver,19590392,18
Molly,19590392,24
Webson,19590392,16
Gunns,19590392,1
Ross,19590392,9
Smith,19590392,21
Longworth,19590392,16
Drummond,19590392,6
Husseini,25917921,22
Hani,25917921,18
Miral,25917921,4
Massacre,25917921,4
Cloiche,885308,22
Abramovitz,885308,1
Audrey,885308,3
Woods,885308,3
Rafferty,885308,12
Chung,9996003,21
Mascarado,30751678,15
Steve,30751678,3
Jimbo,30751678,16
Alphonse,30751678,10
Debbie,30751678,20
Anne,11855663,23
Frederique,11855663,15
Winston,22526086,3
Miller,22526086,20
Tony,22526086,16
Lilly,22526086,23
Marcel,22526086,13
Lilli,22526086,21
Jasper,22526086,23
Kate,22526086,3
Garth,22526086,16
Humphrey,22526086,21
Paddy,22526086,10
Ramesh,9104215,4
Seema,9104215,22
Sandhya,9104215,6
Anand,9104215,3
Dylan,12564335,17
Trish,12564335,19
Paul,12564335,3
Molly,12564335,23
Roy,12564335,6
Sadie,12564335,6
Spindle,12564335,19
Joe,12564335,14
Natalie,12564335,13
Lindsay,12564335,3
Claire,12564335,3
Aidan,12564335,3
Sean,12564335,17
Griffiths,8049233,22
Mildred,8049233,3
Miller,8049233,0
Norah,8049233,6
Athelny,8049233,8
Philip,8049233,6
Rogers,8049233,5
Carey,8049233,6
Miller,24586901,3
Fitzgerald,24586901,3
Havens,24586901,3
Horn,24586901,16
Feck,24586901,23
Antonio,24586901,16
Rodney,24586901,7
Knight,24586901,10
Dhananjay,22683298,12
Radhika,22683298,2
Devyani,22683298,13
Gray,7003043,3
Sam,7003043,6
Baldwin,7003043,9
Charlie,7003043,6
Kelsey,7003043,18
Mahadevan,13872901,10
Sriram,13872901,1
Krishna,13872901,12
Mohan,13872901,5
Swarnalatha,13872901,13
L.B.,13872901,23
Raj,13872901,0
Prasad,13872901,22
Rao,13872901,13
Sujatha,13872901,0
Chalapati,13872901,1
Charulatha,13872901,2
Sen,13872901,2
Narayana,13872901,17
M.S.,13872901,1
Sekhar,13872901,18
Latha,13872901,14
Chitra,13872901,21
Bagga,13872901,15
Bala,13872901,8
Viswanath,13872901,0
Reddy,13872901,7
Narayan,13872901,11
Chandra,13872901,14
Radhika,13872901,14
Balasubrahmanyam,13872901,0
Henry,29881363,3
Cook,29881363,15
Greg,29881363,3
Anthony,29881363,6
Dorothy,29881363,23
Feathersword,29881363,6
Jeff,29881363,6
Murray,29881363,17
Alechem,29881363,9
Anne,16202712,1
Harry,16202712,6
Woody,20532575,3
Nair,27831415,20
Weber,1856185,9
Steve,1856185,19
Diane,3316533,2
Allen,3316533,9
Seaton,3316533,3
Barrons,3316533,18
Scott,3316533,4
Gardner,3316533,8
Steven,3316533,2
Bruce,3316533,4
Tangina,3316533,24
Pat,3316533,3
Anne,3316533,3
Kane,3316533,3
Nathan,3316533,4
Donna,3316533,3
Williams,10192270,19
Fox,10192270,12
Ben,10192270,21
Casey,12421231,3
Porter,12421231,8
Hope,14233418,3
Sam,14233418,3
Willens,14233418,6
Holden,14233418,16
Jesse,14233418,3
Annie,14233418,3
Glen,1010796,3
Al,1010796,17
Terry,1010796,3
Angus,1010796,24
Alexandra,1010796,23
Denning,840058,7
Lawler,840058,21
Jones,840058,1
Marsh,840058,2
Lee,840058,0
Fleming,840058,19
Brock,840058,5
Lorraine,840058,20
Dillon,840058,7
Lowell,840058,9
Ann,840058,6
Sawyer,840058,16
Barry,840058,16
Indu,30710263,12
Surya,30710263,21
Shankar,30710263,4
Nikhil,30710263,17
Jeet,30710263,6
Chatterjee,30710263,9
Margaret,1744708,24
MacNeil,1744708,21
Currie,1744708,17
Winnie,29129627,11
Angie,29129627,21
Jean-Francois,29129627,14
Danny,5569740,3
Conradin,21368886,21
Vashtar,21368886,23
Henrietta,21368886,23
Ropp,21368886,24
Cults,21368886,10
Yan,31438002,17
Chixia,31438002,17
Bing,31438002,16
Hill,31438002,5
Caichen,31438002,10
Xuefenglei,31438002,4
Xia,31438002,22
Hubert,7347460,16
Worthington,7347460,19
Jones,7347460,23
Doris,7347460,6
Edith,7347460,12
Ravi,5045255,1
Anthony,5045255,1
Ajith,5045255,15
Antony,5045255,18
Manilow,1164535,6
Kyle,1164535,23
Tiffany,1164535,3
Mitch,1164535,5
Beth,1164535,6
Jacob,1164535,21
Earl,1164535,3
Edwards,1164535,24
Rubin,1164535,6
Josh,1164535,3
Carver,1164535,5
Singh,17960516,7
Grande,25910532,9
Daas,25910532,2
Nello,25910532,21
Bellows,1796156,13
Harris,1796156,13
Susan,1796156,3
Wheeler,1796156,1
Rathnam,37473592,17
Rathnamhttp,37473592,6
Charlie,10691302,17
Deepak,16167372,14
Ghan,20376703,24
Marion,26093388,24
Betsy,580994,21
Tom,580994,17
Rath,580994,10
Hopkins,580994,24
Mason,4646185,12
Hitler,4646185,1
Ghazi,4646185,18
Ryan,4646185,3
Dressler,4646185,24
Byrne,4646185,15
Olson,4646185,8
Clark,4646185,16
Cabot,4646185,21
Nemerov,4646185,21
Stennis,4646185,14
Muller,4646185,9
Dubinin,4646185,20
Brown,18112074,23
Nagar,10699799,9
Singh,10699799,21
Meena,10699799,7
Shamsher,10699799,15
Lata,10699799,21
Maa,10699799,19
Mitra,26187979,12
Adkins,26187979,17
Wakefield,26187979,10
Jr.,26187979,8
Rosing,12497755,3
Trixie,12497755,21
Nina,12497755,4
Melissa,12497755,3
Carl,12497755,18
Uyayi,12497755,3
Angel,12497755,3
Nestor,12497755,15
Salamin,12497755,21
James,12497755,3
Harry,4217166,22
McKenzie,4217166,18
Gordon,4217166,0
Johnny,4217166,15
Eric,4217166,3
Donna,4217166,11
Grimble,4217166,14
Sara,4217166,9
Quinn,20636989,7
Appleby,20636989,12
Eleanor,20636989,20
Derek,20636989,21
Quinny,20636989,7
Bahadur,1809543,15
Seema,1809543,6
Sohail,1809543,23
Shahid,1809543,14
Najma,1809543,3
Nasir,1809543,6
Taha,3318002,6
Bemamud,3318002,0
Tomaso,3318002,3
Yeti,3318002,8
Lola,3318002,4
Mr,3318002,18
Leito,3318002,24
Montoya,3318002,11
Le,3318002,17
Nixon,4586256,11
Tony,4586256,4
Mantell,4586256,20
Clayton,4586256,18
Monahan,4586256,17
Pete,4586256,12
Rivero,4586256,17
Drake,4586256,20
Larry,4586256,4
Millie,4586256,4
Richards,4586256,3
Dumond,4586256,3
Bobby,8580865,6
Khan,8580865,0
Jasmeet,8580865,21
Bebo,8580865,21
Susan,8580865,19
Charles,8580865,13
Imran,8580865,15
Singh,8580865,8
Bedi,8580865,20
Brown,8580865,17
Malhotra,8580865,7
Hope,5045155,2
Paul,5045155,15
Manners,5045155,8
Harold,5045155,3
Eliot,6713041,16
Tony,6713041,24
Jason,6713041,4
Francine,6713041,17
Tracy,6713041,17
Mary,6713041,10
Debra,6713041,17
Maxwell,6713041,22
Ridley,6713041,17
Samuel,6713041,17
Tereza,4359960,9
Walter,9397371,18
Puzzlehead,9397371,24
Julia,9397371,20
Trier,935425,24
Wilhelm,935425,14
Joseph,935425,14
Geetha,21062952,4
Devi,21062952,13
Yogasanas,21062952,11
Anjali,21062952,6
Kashinath,21062952,3
Tom,11650384,3
Jerry,11650384,3
Goichi,7318083,10
Svensson,7318083,10
Henry,1362608,19
Tanzie,1362608,1
Rick,1362608,20
Brockovich,1362608,15
Ava,1362608,2
Simms,12813383,17
Connors,12813383,6
Ricki,12813383,2
Gras,12813383,23
Chadwick,12813383,4
Woodner,12813383,24
Clark,7287758,20
Abramovic,7287758,10
Mitchell,18896306,11
Lorring,18896306,8
Tyner,18896306,12
Thorpe,18896306,8
Lancaster,18896306,14
Casey,18896306,17
Collins,18896306,20
Clark,18896306,1
Lauter,18896306,9
Clayborne,18896306,0
Stein,18896306,4
Slade,18896306,16
Rachel,29423778,11
Carlos,29423778,11
Doug,29423778,21
Junior,6602433,24
Steinbeck,6602433,11
Marco,6602433,6
Rosie,6602433,6
Larry,6602433,6
Bob,6602433,3
Ahn,2694295,17
Caimano,4916040,14
Berlusconi,4916040,2
Caspio,4916040,11
Pulici,4916040,24
Paola,4916040,2
Bonomo,4916040,14
Jae-hyuk,20529563,1
Soo-jin,20529563,23
Valachi,8356351,6
Maranzano,8356351,6
Genovese,8356351,1
Bender,8356351,20
Ireland,8356351,13
Sam,20348262,3
GERTY,20348262,3
Tess,20348262,2
Bell,20348262,17
Cheng,29747496,9
Yang,10931912,12
Jane,27754332,12
Upton,27754332,16
Sammy,27754332,21
Wainwright,27754332,18
Imhoff,27754332,9
Duguid,27754332,10
Robinson,27754332,21
Said,27754332,20
Henry,15609471,12
MacAllister,2589373,2
Jessica,2589373,7
Luke,2589373,7
Krugman,2589373,22
Royce,2589373,23
Jake,2589373,19
Jinnie,2589373,3
Gordy,2589373,4
Clinton,2589373,0
Sue,2589373,8
Cousin,2589373,3
Dietz,2589373,22
Kumar,32960328,5
Jaye,32960328,18
Nisha,32960328,1
Benedict,32610315,21
Max,32610315,18
William,2357737,2
Chinois,2357737,2
Martine,2357737,20
Natasha,2357737,8
Celia,2357737,13
Isabelle,2357737,22
Petersburg,2357737,7
Xavier,2357737,3
Lloyd,13332421,11
Vanessa,36301648,3
Robbie,36301648,23
Daisy,36301648,0
Roe,36301648,17
Christine,36301648,17
Suzana,15922019,5
Branko,15922019,22
Sandi,15922019,5
Nedeljkovi,15922019,15
Panti,15922019,3
Simi,15922019,10
Sida,15922019,5
Hunt,15922019,21
Japanac,15922019,3
Tony,3663004,17
Fox,3663004,6
Julie,3663004,13
Conway,3663004,8
Mike,3663004,13
Stickle,1416638,24
Limpet,1416638,21
Bessie,1416638,17
Krishna,7062627,24
Emtan,7062627,3
Vadivelu,7062627,15
Janani,7062627,23
Alvin,3222171,3
Hyde,3222171,7
Talbot,3222171,5
Stevenson,3222171,9
Theodore,3222171,3
Eleanor,3222171,17
Jekyll,3222171,22
Dave,3222171,2
Simon,3222171,2
d'Arc,10394962,19
Somchai,13070578,21
Giorgos,25414990,21
Andreas,25414990,7
Maria,25414990,22
Evangelou,25414990,23
Ikonomou,25414990,8
Kent,1456011,16
Stock,1456011,22
Garrett,25687480,17
Burnett,25687480,10
Hollister,25687480,13
Waters,25687480,19
McEwen,25687480,6
Florencio,25687480,4
Selby,443556,3
Wuornos,443556,6
Aileen,443556,21
Corey,443556,15
Dolan,10712737,6
Christopher,10712737,2
Michael,10712737,7
Soprano,10712737,1
Gordon,1564113,17
Lagana,1564113,23
Marsh,1564113,9
Katie,1564113,2
Debby,1564113,3
Chapman,1564113,17
Higgins,1564113,18
Bannion,1564113,6
Duncan,1564113,6
Wilks,1564113,17
Stone,1564113,6
Armstrong,25129197,14
Crane,2798426,11
Carpenter,2798426,5
Tate,1331578,10
Smits,1331578,11
Jonathan,1331578,13
Anna,1331578,2
Sarah,1331578,23
Mary,1331578,24
Rivers,1331578,3
Freeman,1331578,10
Price,1331578,13
Raja,21405106,3
Tiasha,21405106,23
Sumana,21405106,6
Rana,21405106,6
Shekhar,21405106,14
Lecomte,15544513,23
Krampe,15544513,7
Mi-sook,17028085,15
Hye-kyeong,17028085,16
Ananthu,26588890,23
Pierre,33585127,1
Marie,33585127,5
Nina,33585127,21
Toni,33585127,19
Verney,4891218,3
Catherine,4891218,6
Beddows,4891218,9
Rayner,4891218,14
Shiven,6768266,23
Norbu,6768266,5
Manali,6768266,13
Abraham,6768266,11
Kaya,6768266,23
Julien,12757367,3
Mokone,22645212,24
Felix,22645212,16
Tharam,1948742,22
Rajappan,1948742,6
Udayabhanu,1948742,16
Udayabanu,1948742,17
Madhumati,1948742,2
Sreenivasan,1948742,23
Kirby,18388326,20
Alice,18388326,16
Arnold,18388326,14
Singhania,18640799,21
Yadav,18640799,17
Sanjay,18640799,4
Sunita,18640799,6
Ghajini,18640799,3
Alexis,4165797,17
Poudrier,4165797,3
Laloge,4165797,21
Cooper,33031423,15
Pike,33031423,20
Bill,33031423,5
Karan,30005881,6
Bobby,30005881,19
Nilesh,30005881,19
Pandey,30005881,1
Feroz,30005881,17
Vishnu,30005881,19
Pawan,30005881,14
Payal,30005881,12
Akshay,30005881,18
Seema,26617962,21
Deepak,26617962,6
Poonam,26617962,2
Vicky,26617962,6
Munnibhai,26617962,10
Sushma,26617962,23
Ajit,26617962,17
Sylvester,6800298,23
Granny,6800298,17
Young,7756010,19
pez,3816065,21
Carmen,3816065,16
Gerace,3654682,24
Pitagora,3654682,3
Arav,2805992,0
Anna,2805992,19
Dada,6650052,17
Salim,6650052,7
Subbarao,6650052,7
Sharma,6650052,6
Prasad,6650052,9
Utpala,6650052,3
Jaani,6650052,3
Vasanta,6650052,17
Radha,6650052,24
Whitlock,29366077,8
Hemingway,29366077,19
Macklin,11137131,24
Summers,11137131,4
Sylvia,11137131,9
West,11137131,2
Mitra,18760155,9
Chatterji,18760155,21
Thomas,5474385,0
Sandra,5474385,2
Nyman,5474385,14
Alice,5474385,12
Edik,8582101,23
Badalucco,9398346,14
Turturro,9398346,11
Junior,9398346,4
Ellen,9398346,21
Buscemi,9398346,24
Scirico,9398346,21
Jimmy,9398346,12
Head,9398346,16
Kennedy,4765882,7
Ollie,4765882,6
Stan,4765882,2
K.,4765882,16
Hardy,4765882,12
Houten,1329895,7
Pratt,1329895,7
Caligari,1329895,4
Avol,1329895,12
Verona,14708304,16
Dong,14708304,18
Vang,14708304,15
Venus,14708304,6
Kim,14708304,21
Miles,14708304,23
Chelios,14708304,3
Wolfy,860223,17
Minnie,8446174,10
Moe,8446174,6
Mimi,8446174,24
Larry,8446174,4
Tom,25918008,13
Schneider,25918008,2
Carl,25918008,21
Jacobson,25918008,12
Lenny,25918008,10
Kelsey,25918008,22
Alistair,22523378,15
Jamie,22523378,15
Macdonald,22523378,3
Red,27602958,23
Jonah,27602958,21
Hex,27602958,6
Lorraine,27602958,3
Magnus,18427933,13
Wagner,18427933,3
Geller,18427933,10
Reuter,18427933,3
Ida,18427933,1
III,18427933,20
Lincoln,18427933,0
Persham,18427933,13
Delane,18427933,11
Albert,32763008,8
Michael,32763008,21
Tania,32763008,8
Leilani,32763008,16
Sefa,32763008,16
Irene,30683911,3
Billy,30683911,22
Grace,30683911,24
Vasu,27326318,22
Ferchichi,26096080,21
Sercan,26096080,15
Losensky,26096080,11
Selina,26096080,19
Gabriel,4791264,16
Krozac,22275512,21
Talya,22275512,16
Kile,22275512,6
Acey,22275512,17
North,22275512,15
Jr.,22275512,2
Baxter,22275512,24
Roseanne,3377846,21
Dostoyevsky,3377846,10
Vincent,3377846,0
Jimmy,3377846,3
Wright,3377846,18
Embry,1374292,13
Kubik,1374292,9
Tom,1374292,6
Hernandez,1374292,21
Grimes,1374292,18
Chapman,1374292,1
Claire,1374292,13
Marks,1374292,20
Scott,1374292,9
Prem,17890202,22
Shanti,17890202,1
Santosh,17890202,16
Khushi,17890202,2
Cully,29829393,10
Marty,29829393,12
Reeves,29829393,10
Jong-il,23315871,20
Shark,3756621,17
Ji-Hyun,3756621,24
Robocop,3756621,17
Jae-Choi,3756621,2
Nuanman,3756621,6
Tsu,3756621,2
Eun-Jin,3756621,23
Lai,972958,3
Martin,972958,3
Tarconi,972958,6
Frank,972958,3
Iceman,3699931,3
Lewis,3699931,20
Hutchen,3699931,6
Campos,3699931,6
Ripstein,3699931,13
Chambers,3699931,13
Monroe,3699931,3
Leary,23433487,16
Mallory,23433487,23
Doyle,23433487,7
Ross,23433487,4
Deano,23433487,3
Wallace,23433487,6
Hunter,23433487,17
Hannah,23433487,17
Reilly,23433487,6
David,23433487,17
Berzin,548239,12
Kennedy,548239,0
Birdlace,548239,3
Rose,548239,6
Marcie,548239,5
Miller,527414,24
Noon,527414,0
Pry,527414,0
Nutter,527414,9
Packer,527414,3
Larry,527414,14
Humphrey,527414,21
Liane,527414,12
Bell,527414,17
Bogdan,17298593,17
Nath,17298593,0
Hanaway,17298593,11
Julia,17298593,4
Moreau,17298593,4
Hendricks,17298593,0
Brandt,17298593,6
Stickell,17298593,8
Carter,17298593,16
Meade,17298593,2
Hunt,17298593,3
Gram,28966275,20
Christine,28966275,6
Scott,28966275,21
Havisham,10839638,1
Estella,10839638,13
Haasan,11143195,19
Sivakumar,11143195,1
Lindley,2755190,13
Bernhardt,2755190,17
Kessler,2755190,9
Perrot,2755190,17
Lucienne,2755190,13
Barnes,2755190,17
Walther,2755190,10
Nell,1013377,16
Bellocq,1013377,6
Hattie,1013377,21
Hugh,2456645,3
Strangler,2456645,7
Farmelow,2456645,18
Sally,2456645,14
Flint,2456645,6
Eva,2456645,3
Wilt,2456645,3
Maria,6741028,2
Steppers,6741028,10
Lanisha,6741028,2
Dada,20166236,3
Ye,20166236,13
Renmei,34477595,7
Edgar,1335244,16
Madeline,1335244,21
Harding,1335244,15
Bach,1335244,19
Miles,1335244,3
Bill,1335244,9
William,9172170,16
Guillermo,9172170,22
Miao,32111821,6
Xue,32111821,16
Mai,32111821,6
Wu,32111821,6
Zhensheng,32111821,6
Raj,2065224,1
Anshu,2065224,6
Anita,2065224,13
Tia,2065224,3
Jai,2065224,6
Braddock,4410141,0
Evans,4410141,20
X,4410141,7
Annie,4410141,6
Whitman,6238106,19
Rita,6238106,15
Peter,6238106,6
Chevalier,6238106,21
Anderson,6238106,11
Schwartzman,6238106,5
Jack,6238106,21
Francis,6238106,6
Alice,6238106,23
Steward,6238106,18
Portman,6238106,5
Nina,15181224,2
Bethany,15181224,6
Tom,15181224,3
Pearson,15181224,11
Ricky,15181224,3
Hannah,15181224,8
Hoffman,15181224,9
Nana,15181224,6
Kasternak,4396698,24
Stryker,4396698,24
DeVoto,4396698,19
Catherine,4396698,5
Massagi,4396698,24
Luckup,4396698,11
Muntz,4396698,16
Paul,290633,21
Nina,290633,14
Vince,290633,14
Molly,290633,6
Constance,290633,15
Joley,290633,14
Borowski,290633,12
George,290633,21
Hanson,290633,0
Rodney,290633,21
Sidney,290633,1
Louis,290633,18
Robert,290633,16
James,290633,19
Chino,6439404,17
Alexis,6439404,23
Lisette,6439404,7
Linares,6439404,20
Magdalena,6439404,0
Jackson,9293418,4
Waggett,9293418,15
Peggy,9293418,9
Farquharson,9293418,5
Catriona,9293418,12
MacCodrun,9293418,4
Biffer,9293418,2
Campbell,9293418,11
Macroon,9293418,14
Fritzi,11929259,14
Kiffmeyer,11929259,8
Bradley,11929259,4
Gordon,11929259,8
Moonray,11929259,21
Clayton,11929259,6
Frank,11929259,21
O'Brien,11929259,13
Dixie,11929259,5
Jesse,11929259,14
Hartley,11929259,6
Bierd,11929259,13
Madison,11929259,12
Carol,11929259,6
Duke,11929259,6
Gatz,12800555,8
Roberta,12800555,16
Kent,12800555,13
Minnie,12800555,12
Haines,12800555,1
Huck,12800555,6
Voyda,12800555,6
Scharwenka,12800555,5
Ladislaw,12800555,2
Stephanie,12800555,17
Sophie,12800555,13
Grant,6075313,11
Kathy,6075313,19
Sam,6075313,9
Wentworth,6075313,12
Custer,6075313,0
Parrish,6075313,6
Rinty,9609238,18
Ramon,9609238,23
Valdez,9609238,24
Roberto,9609238,18
Dolores,9609238,13
Hadley,22277632,3
Summers,22277632,24
Jake,22277632,3
Madison,22277632,23
Perfilyev,15082206,15
Ilyin,15082206,15
Jennifer,11665498,23
Vidal,11665498,3
Manu,11665498,3
Max,11665498,18
Medeiros,11665498,2
Dunn,31434689,17
Mae,31434689,12
Johnson,31434689,5
Caroline,31434689,2
Pike,32987372,21
Rosa,1267059,24
Sampedro,1267059,22
Julia,1267059,11
Haney,6060651,9
Ann,6060651,21
Wilson,6060651,12
Dave,6060651,20
Deepa,23991832,6
Manju,23991832,14
David,23991832,3
Duane,15871712,16
Balfour,15871712,22
Milton,15871712,13
Smith,15871712,14
Roy,8644317,6
Robosaurus,8644317,4
Darlene,8644317,2
Kirkendall,8644317,8
Reno,8644317,6
Tuley,8644317,15
Orlando,8644317,20
Dodd,8644317,6
Eileen,1141059,21
Hayes,1141059,23
Mack,1141059,12
Arnold,1141059,23
Bansi,11137167,5
Manmohan,11137167,10
Gill,11137167,24
Khanna,11137167,9
Guddu,11137167,12
Singh,11137167,0
Preeti,11137167,10
Haridas,11137167,5
Choudhry,11137167,21
Weller,35325883,18
Flynn,35325883,15
Jimbo,35325883,11
Maguire,35325883,14
McCann,35325883,18
Sophie,35325883,9
Carson,3990450,15
Howard,3990450,18
Stewart,3990450,7
Leno,3990450,20
Brennan,3990450,12
Valerie,3990450,6
Buck,3990450,3
Takei,3990450,3
Arnold,3990450,17
Gable,3990450,21
Springer,3990450,12
Troy,3990450,3
Logan,17390669,24
Eckhart,17390669,9
Gorette,35012675,6
Genest,25227518,17
Evans,25227518,11
Smith,25227518,12
Rebecca,25227518,6
Martin,25227518,22
Crane,25227518,4
Rose,25227518,9
Luther,25227518,13
Jesse,25227518,3
Gino,25227518,6
Terrance,25227518,23
Leeann,25227518,6
Gammon,25227518,24
Brahms,25227518,19
Simpson,25227518,8
Schumann,25227518,8
Stone,25227518,9
Zimzimov,12721325,21
Gayathri,12177593,15
Babu,12177593,21
Bhanupriya,12177593,6
Sunil,12177593,9
Mukherjee,12177593,4
Naresh,12177593,14
Bhagwan,12177593,8
Kani,12177593,14
Franks,12287985,0
Silvy,12287985,4
Sam,12287985,3
Julian,25939183,6
Terry,25939183,6
Sahib,5907962,6
Prithviraj,5907962,21
Jehad,5907962,14
Samira,5907962,20
Anwar,5907962,13
Minieri,22508943,0
Santo,22508943,21
Angelo,22508943,6
Letto,22508943,7
Vinny,22508943,17
Argono,22508943,19
Pete,22508943,17
Paulie,22508943,3
Tommy,22508943,16
Dom,22508943,12
Eddie,22508943,6
Hector,22508943,0
Anders,14375363,14
Sixten,14375363,14
Elsie,14375363,9
Ken,3059526,24
Alan,3059526,4
Dan,3059526,11
Shan,3059526,23
Jacko,1666977,0
Lukka,1666977,3
Sam,1666977,3
Lara,1666977,6
Khan,36317398,7
Janibeg,36317398,15
Taidula,36317398,18
Alexius,36317398,5
Divya,7885300,19
Varadarajan,7885300,18
Sakthi,7885300,5
Dutt,12574857,0
Blue,30528116,0
Howard,30528116,9
Sparky,888336,6
Stitch,888336,23
Jumba,888336,4
H,888336,20
Pleakley,888336,21
msterviel,888336,4
Nani,888336,16
short-circuit,888336,15
Gantu,888336,23
ohana,888336,16
Carolyne,11524447,13
Glinka,11524447,8
Liszt,11524447,21
d'Agoult,11524447,5
Gregory,2075256,9
Bailey,2075256,22
Lee,2075256,8
Nancy,2075256,15
Ted,2075256,6
Burns,2075256,3
Balwant,18850187,13
Chalisa,18850187,8
Kant,18850187,14
Gayatri,18850187,7
Singh,18850187,3
Lisa,18850187,3
Larita,1649228,14
Whittaker,1649228,5
John,1649228,23
Sarah,1649228,8
Dylan,17002077,3
Merlin,17002077,11
Benny,17002077,20
Gwen,17002077,6
Piper,17002077,2
Marnie,17002077,3
Kalabar,17002077,3
Sophie,17002077,3
don,3245137,15
Karan,3245137,6
Sanju,3245137,3
Natasha,3245137,21
Mehboob,3245137,8
Tanya,3245137,14
Tommy,3245137,23
Malvani,3245137,14
Babloo,3245137,17
Murugan,3245137,6
Roeper,3863417,7
Linda,3863417,21
Null,3863417,9
Manganelli,3863417,0
DeVanzo,3863417,3
Salvo,3863417,7
Orndorf,3863417,24
Bradshaw,8428660,2
Panahi,8428660,20
Jim,30232904,19
Mary,30232904,15
Bahadur,31120441,0
Meher,31120441,23
Charlie,32426892,3
Porky,32426892,3
Joshua,20125873,5
Newman,20125873,8
Claudia,9998022,6
Tito,9998022,13
Raul,9998022,3
Rosita,9998022,1
America,9998022,19
Cholo,9998022,6
Ariel,9998022,1
Evaristo,9998022,1
Luisa,9998022,21
II,25547948,19
Ables,25547948,15
Shumberg,25547948,3
Johnson,25547948,21
Gloria,25547948,3
Venus,25547948,23
Lyons,25547948,19
Samuel,25547948,23
Kenny,6449600,3
Sherry,9804175,6
Carson,9804175,16
Jack,9804175,3
Montag,9804175,17
Quackenbush,5465180,24
Slater,5465180,11
Moe,5465180,3
Smythe-Smythe,5465180,3
Larry,5465180,23
Lulu,5465180,21
Crothers,19631398,16
Laura,19631398,10
Dunphy,6809250,17
Joey,6809250,9
Weston,6809250,17
Kaveech,6809250,16
Dunph,6809250,6
Irving,6809250,10
Jane,6809250,8
Dean,6809250,6
Delaney,6809250,12
Pat,6809250,3
bush,6809250,22
Wheeler,6809250,23
Mort,6809250,18
Fu,6809250,23
Funderburk,6809250,6
Jackie,6809250,3
Linda,4491061,19
Machen,4491061,15
David,4491061,8
McClure,3445697,12
Jessica,3445697,2
Tit-fa,669150,9
Lau-heung,669150,2
Sora,31769881,20
Umi,31769881,3
Mizunuma,31769881,6
Hana,31769881,20
Tokumaru,31769881,10
Riku,31769881,17
ichir,31769881,1
Sawamura,31769881,23
Onodera,31769881,14
Kazama,31769881,0
Matsuzaki,31769881,11
Shun,31769881,3
Manor,31769881,9
Ryoko,31769881,2
Hirokouji,31769881,12
Hokuto,31769881,4
Angelica,1507610,17
Stu,1507610,21
Lou,1507610,7
Didi,1507610,21
Chuckie,1507610,23
Spike,1507610,17
Pickles,1507610,11
Tommy,1507610,3
Susie,1507610,13
Phil,1507610,23
Steele,2022395,16
Martin,2022395,24
Silva,26018290,22
Nelida,26018290,3
Paniagua,26018290,12
Justin,13166220,4
Mckay,13166220,8
Lara,13166220,24
Lawson,13166220,23
Federico,27176420,6
Tini,27176420,21
Cecilia,27176420,5
Mastersons,27176420,13
Julieta,27176420,4
Mickey,19799849,21
Mont,12606849,19
Kolp,657159,18
Breck,657159,21
MacDonald,657159,24
Caesar,657159,21
Murray,657159,24
Armando,657159,3
Lisa,657159,9
Bryant,7951528,11
Vince,7951528,23
Howard,7951528,24
Barrymore,7951528,8
Wilcox,7951528,17
Diana,7951528,13
Forrester,7951528,22
Gerhardt,7951528,18
Lane,5172645,3
Biffle,5172645,21
Peters,5172645,19
Sally,5172645,21
Tabitha,2330988,4
Rita,2330988,3
Frog,2330988,17
Whitey,2330988,20
Roddy,2330988,21
Charles,2330988,13
Spike,2330988,20
Sid,2330988,3
Ted,2330988,7
Malone,2330988,19
James,2330988,3
Ana,4915922,13
Jane,1745050,23
Danz,1745050,22
Benjamin,1745050,18
Smith,1745050,17
Eddie,1745050,24
John,1745050,21
Tsukishima,18702599,18
Yabe,18702599,11
Masao,18702599,0
Hieda,18702599,16
Jake,18176131,4
Darren,12706663,6
Franklin,12706663,16
Molly,12706663,21
Eileen,12706663,23
Nadia,12706663,21
Eddie,12706663,21
Alice,12706663,13
Debbie,12706663,16
Bowie,1343178,17
Travis,1343178,6
Fannin,1343178,16
Anna,1343178,20
Crockett,1343178,3
Houston,1343178,21
Dickinson,1343178,4
Spike,7677968,6
Mary,1591874,2
Caswell,1591874,18
Alderson,1591874,11
Tredway,1591874,20
Grimm,1591874,9
Dudley,1591874,1
Shaw,1591874,20
Walling,1591874,2
Bullard,1591874,3
Janne,25943455,2
Sara,25943455,21
Claudia,3672312,13
Robert,3672312,9
Lavinia,3672312,22
Casanova,3672312,22
Babla,11135832,21
Pappu,11135832,22
Hwang,34664477,3
Uhm,34664477,2
Kara,14521896,5
Jane,14521896,15
Matthew,14521896,4
Margaret,14521896,3
Anne,14521896,3
Maslin,14521896,17
Newell,14521896,9
Corbeck,14521896,3
Franklin,6057698,11
Antonio,6057698,24
Beddoes,6057698,3
Mathieson,6057698,13
Ferman,29666067,17
Abbasi,12686515,16
Royce,15671530,13
Susan,15671530,3
Frank,15671530,6
Ricky,15671530,6
Bower,15671530,1
Helen,15671530,6
Maria,23988592,0
Burnside,23988592,3
Eva,23775327,21
Spanky,19398864,16
Waldo,19398864,23
Adam,32683481,18
Chris,32683481,0
Wilde,8414188,11
Paul,5600770,3
Sandow,5600770,3
Elvis,5600770,3
Yolanda,5600770,19
Twyla,5600770,3
Malerie,5600770,4
Valderez,5600770,9
Cruchot,6081561,16
Ahmed,23666206,16
Sukumari,23666206,11
Mohanlal,23666206,10
Nabisa,23666206,15
Kuniyamma,23666206,21
Kent,7660521,22
Murdock,7660521,8
Neilson,7660521,21
Michaels,7660521,9
Jr.,7660521,2
Peary,7660521,16
Wendover,7660521,6
Hunt,7660521,15
Holloway,7660521,21
Douglas,18943073,11
William,3676154,9
Nelson,3676154,17
Romney,3676154,0
Reynolds,3676154,22
Greville,3676154,12
Oswald,3676154,7
Hamilton,3676154,8
Emma,3676154,3
Milano,635989,17
Gant,635989,6
Zarinka,635989,13
Graham,635989,1
Dombrowsky,635989,22
Belkin,635989,3
Monahan,635989,17
Kovak,635989,6
Madison,635989,0
Conway,635989,18
Bai,31985780,10
Sivaji,31985780,4
Nambiar,31985780,9
Ganesan,31985780,15
Benson,1091333,7
Simpson,1091333,21
Gabrielle,1091333,4
Myerheim,1091333,7
Romeo,24035889,12
Moore,24035889,14
Woolrich,24035889,12
O'Brien,24035889,10
Sosa,3032135,8
Heywood,3032135,14
O'Farrell,3032135,6
Macnally,3032135,9
Metrodome,3032135,0
Billy,3032135,6
Ashton,3032135,11
Griffey,3032135,9
Collins,3032135,3
Johnson,3032135,8
Boggs,3032135,22
O'Farell,3032135,0
Jenny,3032135,19
Charlie,163478,18
Goldman,163478,21
Chessocks,29162254,18
Moon,29162254,20
Jeffries,29162254,0
Jim,29162254,19
Cavor,29162254,21
Bedford,29162254,6
Kwok,5284869,12
Kun,5284869,7
Mr.,5284869,4
Lok,5284869,3
Jimmy,5284869,3
Shing,5284869,5
Wai,5284869,1
Fendou,12289850,8
Mulan,12289850,21
Madhavi,11237656,21
Saxena,11237656,2
Kaushal,11237656,16
Munim,11237656,21
Ranimaa,11237656,7
Rajesh,11237656,21
Moti,11237656,21
Johnny,29629615,7
Prince,29629615,17
Bob,29629615,17
Graham,29629615,22
Kosa,443011,17
Hillary,443011,4
Sheridan,443011,17
Lara,443011,17
Lo,443011,15
Sean,443011,6
Bryce,443011,4
Reiss,443011,17
Kuo-liang,3539185,3
Mohan,21860736,19
Vijayshanti,21860736,4
Chiranjeevi,7876732,11
Krishna,7876732,21
Kanakaraju,7876732,24
Kanakraju,7876732,23
Kondababu,7876732,14
Radhika,7876732,2
Vikram,7876732,24
Kunjunni,28725374,24
Connelly,13900328,15
Joe,13900328,12
Kousalya,16166129,2
Ganesan,16166129,14
Diggs,4213204,14
Rick,4213204,6
Marianne,4213204,17
Jarmin,4213204,4
Weyburn,4213204,14
Graves,4213204,13
Sorenson,4213204,17
Diemen,32880046,9
Frawley,32880046,4
Tim,30026786,22
Stokes,30026786,0
Walker,30026786,1
Justin,30026786,6
Zack,30026786,19
Cooperman,30026786,6
Newhouse,30026786,15
Gomes,30026786,17
Mike,30026786,6
Case,30026786,1
McCarthy,30026786,11
Aman,26111450,21
Shreya,26111450,6
Anjali,26111450,17
Aleya,26111450,6
Maglena,26199920,21
Yordan,26199920,21
Bipin,8231128,16
Shibnath,8231128,13
Hemangini,8231128,4
Rice,159171,7
Maggie,159171,3
Ferris,159171,24
Nathaniel,159171,5
Messinger,159171,19
Cassiel,159171,6
Seth,159171,3
Krishna,22785960,3
Naina,22785960,6
Kalyan,22785960,6
Dolniker,9731626,21
Roy,20675539,16
Raju,20675539,16
Riya,20675539,23
Amos,2116395,19
Waldo,2116395,20
Cyril,2116395,13
Lisa,2116395,19
Cooper,241469,3
Bhatti,32580654,6
Chowdhary,32580654,22
Viren,32580654,6
Minni,32580654,11
Mini,32580654,6
Paul,7768616,1
Muro,7768616,24
McDonald,7768616,24
Cesar,7768616,3
Zorro,7768616,5
Stevens,7768616,12
Lola,7768616,17
Isabella,7768616,5
Vega,7768616,24
Robledo,7768616,24
Sebastian,7768616,3
Archduke,7768616,3
Crow,7768616,8
Borusta,7768616,21
Matsado,7768616,3
Dolores,7768616,3
Barbara,29203428,3
Ashtoh-Komi,2977516,13
Amelia,2977516,14
George,9377241,6
Nick,9377241,3
Martha,9377241,6
Dino,6517412,21
Baylor,7321030,8
Halstrom,7321030,8
Gale,7321030,9
Munroe,7321030,23
Deborah,7321030,17
Sheila,7321030,21
Bradshaw,7321030,9
Ironside,7321030,14
Gary,7321030,14
Ballin,7321030,8
Lisa,7321030,3
Shatner,7321030,20
Ranadev,23103066,17
Mitravinda,23103066,8
Bhairava,23103066,14
Khan,23103066,12
Siva,23103066,15
Bhilla,23103066,1
Raghuveer,23103066,24
Singh,23103066,17
Harumi,3654486,24
Mimaki,3654486,6
Walkowiak,31323149,19
Frieda,31323149,21
Damini,13001345,3
Chaddha,13001345,3
Govind,13001345,6
Bajaj,13001345,7
Shekhar,13001345,13
Manchester,11270888,11
Krishnan,2011045,8
Lakshmi,2011045,9
Nandaka,2011045,7
Suman,2011045,23
Vishnu,2011045,22
Laddu,2011045,21
Lord,2011045,16
Timakka,2011045,23
Venkateswara,2011045,15
Sankeertan,2011045,3
Venkateshwara,2011045,3
Tirumala,2011045,2
Annamayya,2011045,21
Prescott,472870,7
Jo,472870,3
Maggie,472870,3
Avery,472870,22
Flostre,472870,3
Dick,472870,3
Stockton,472870,15
Klaus,1749996,17
Sylvester,1283031,3
Porky,1283031,6
Dexter,1241609,24
Siggs,1241609,1
Morgan,1241609,6
Finner,1241609,13
Carter,9803242,4
Mary,9803242,15
Graham,9803242,1
Alasdair,6076089,6
Kate,6076089,6
Foe,6076089,8
Hallam,6076089,3
Porthos,4316523,8
Richelieu,4316523,5
Aramis,4316523,8
Bonancieux,4316523,14
Jussac,4316523,21
Kom,10068547,5
Hyde,10834597,22
Herman,10834597,24
Stevenson,10834597,9
Marilyn,10834597,13
Jekyll,10834597,22
Elsa,10834597,4
Cyberdyne,10934699,8
Chaplin,2553608,11
Purviance,2553608,1
Woody,20518759,4
Woodpecker,20518759,12
Sandhya,25058702,21
Swapna,25058702,3
Balu,25058702,3
Tellier,12606644,1
Ambroise,12606644,16
Mod,12606644,8
Rosa,12606644,18
Hitomu,8279606,17
Sombra,8279606,13
Colt,8279606,11
Janusz,22062835,21
Zoran,22062835,7
Wieszczek,22062835,4
Valka,22062835,21
Irena,22062835,19
Stalin,22062835,0
Tomasz,22062835,7
Integra,18898134,1
Griswold,18898134,23
Suzuki,18898134,17
Cerra,18898134,23
Sara,18898134,1
Rose,5164905,20
Rosie,5164905,3
Kurt,5164905,3
Tommy,5164905,3
Brian,5164905,3
Renee,5164905,23
Luke,27326936,6
Claire,27326936,3
Rease-Jones,27326936,16
Leanne,27326936,3
O'Malley,27326936,4
Lacey,755231,23
Indigo,755231,17
Henderson,755231,16
Bleek,755231,3
Shadow,755231,21
Downes,755231,9
Miles,755231,2
Gilliam,755231,5
Bentancourt,755231,11
Park,7482821,0
Huang,12847616,4
Maru,12847616,17
Barbara,33201358,1
Luke,33201358,23
Tom,33201358,21
Jim,33201358,1
Mia,33201358,14
Graham,33201358,12
David,33201358,2
Averson,22791060,6
Kenobi,22791060,1
Leeds,22791060,22
Kirk,22791060,4
Kern,22540513,1
Wilson,22540513,7
Whitney,22540513,10
Arronaux,14760799,14
Lincoln,14760799,14
Cooper,14760799,7
Conceil,14760799,10
Nemo,14760799,4
Blackwell,14760799,6
Kautz,4550882,16
Tolley,4550882,16
Lengyel,4550882,23
Schroer,4550882,19
Tackett,4550882,9
Dedmon,4550882,3
Matto,2339510,6
Gelsomina,2339510,3
Zampan,2339510,3
Rosa,2339510,23
Rama,34042335,15
El-Carim,29891355,17
Galgo,29891355,4
Jana,29891355,1
Gadapani,10111917,13
Dalimi,10111917,18
Borphukan,10111917,18
Migiwa,24984663,1
Louie,27545105,11
Hogan,2173342,6
Beltran,2173342,10
Nobel,2173342,18
Sara,2173342,4
Sanpeng,26861924,9
Danny,2031778,17
Vic,2031778,21
Paco,2031778,24
Evans,2031778,17
Hopscotch,2031778,4
Frankie,2031778,6
Marty,2031778,17
Colleen,2031778,6
Hopkins,2031778,17
Vernon,29943,7
Reynolds,29943,6
Claire,29943,6
Bender,29943,17
Pendon,9550033,9
Fuller,9550033,10
Hawks,9550033,11
Olson,9550033,15
Bretenheirmer,9550033,24
Adam,9550033,3
Steven,4718224,13
Gold,4718224,12
Lilah,4718224,14
Ewelina,33316176,7
Tom,14565728,6
Edward,14565728,24
Canty,14565728,11
VIII,14565728,17
Hendon,14565728,20
Azmi,9577427,13
Razdan,9577427,21
Bhal,9577427,2
Razhan,9577427,2
Seth,9577427,11
Kapoor,9577427,17
Vachani,9577427,12
Vachchani,9577427,6
Shah,9577427,6
Nadeem,8794664,21
Peerzada,8794664,0
Shaan,8794664,23
Reema,8794664,3
Lucy,18108844,23
Daisy,9667958,23
Anandh,9667958,3
Owen,5105287,7
Jill,2002104,17
Laurie,2002104,3
Brackett,2002104,17
Michael,2002104,23
Mixter,2002104,13
Garrett,2002104,17
Janet,2002104,10
Myers,2002104,17
Loomis,2002104,3
Lloyd,2002104,16
Tramer,2002104,1
Budd,2002104,10
Alves,2002104,19
Strode,2002104,4
Alice,2002104,10
Holmes,3524282,17
Santini,24262344,18
Tony,24262344,16
Lovecraft,2932845,6
Milt,26723623,16
Harry,26723623,2
Linda,26723623,3
Manville,26723623,14
Maadhu,20693306,21
Lucia,17410037,17
Carlos,17410037,16
Alvaro,17410037,23
Betinha,17410037,3
lio,17410037,9
Joe,17410037,13
Eugenio,17410037,22
Luciana,17410037,3
Marins,17410037,3
Julio,17410037,7
Vilma,17410037,21
Sasha,8526620,4
Earl,14429341,9
Thorpe,14429341,0
Zindler,14429341,22
Mona,14429341,3
Ratnam,859131,11
Selvam,859131,13
Kannamma,859131,21
Mani,859131,22
Murugan,859131,13
Sachiko,24372298,4
Mineko,24372298,3
Baker,4936733,7
Martin,4936733,12
Bussi,4936733,5
Petra,4936733,15
Camille,4936733,13
McKellar,4936733,24
Paul,14989417,6
Joan,14989417,6
Rosay,14989417,14
Lavallier,14989417,3
Antoine,14989417,13
Preethi,9127195,23
Rao,9127195,21
Kovil,9127195,1
Sugirtharaja,9127195,23
Vikram,9127195,16
Dunne,5830099,6
Doug,5830099,12
Parrish,5830099,22
Youkilis,5830099,22
Glanville,5830099,18
Griffey,5830099,8
Patel,2654324,8
Rao,2654324,20
Karnad,2654324,5
Kurien,2654324,0
Tom,18060738,17
Elementary,18060738,23
Natalie,29397331,22
Nicole,29397331,20
Mary,29397331,13
Upton,27366091,5
fernandez,18699834,14
Dona,18699834,19
Jesus,18699834,18
Susana,18699834,1
Alberto,18699834,15
Joan,650922,9
Collins,650922,7
Diane,650922,16
Hopper,650922,6
Burch,650922,14
Amanda,650922,2
Edith,650922,10
Curtis,650922,6
Malini,20337153,21
Sanyal,20337153,5
Rajat,20337153,2
Guard,8300648,11
Leo,8300648,11
Redgrave,8300648,14
Alpert,1932260,22
Carpenter,1932260,7
O'Sullivan,1932260,18
Karen,1932260,13
Agnes,1932260,1
Harold,1932260,1
Haynes,1932260,9
Kennedy,33344232,9
Nixon,33344232,0
Johnson,33344232,9
Daley,33344232,13
Lyndon,33344232,15
Frazier,29074804,4
Sonko,29074804,21
Sonoko,29074804,13
Oliver,11577392,6
Cavalleri,11577392,12
Barrett,11577392,3
Jenny,11577392,2
IV,11577392,3
McNair,14679509,17
Tom,14679509,13
Kay,14679509,6
Forrest,14679509,14
Dowling,14679509,13
Bessie,14679509,12
Manning,2155117,3
Rantzen,2155117,14
Marty,2155117,3
Deane,1665752,16
Hoyle,1665752,0
Gloria,1665752,6
Sidney,1665752,6
Clemente,1665752,15
Billy,1665752,16
Joey,1712237,16
Peter,1712237,20
Lang,17796380,5
Madame,15453375,16
Bailey,15453375,6
Bobby,15453375,6
Tiger,15453375,3
Haynes,15453375,21
Sylva,15453375,24
Christina,22832896,11
Patricia,30515,6
Ramon,30515,6
Julie,30515,3
Buck,30515,17
Leech,30515,6
Hannassey,30515,3
Maragon,30515,4
McKay,30515,3
Terrill,30515,6
Harry,23227434,21
Ouseppachan,23227434,17
Varma,23227434,6
Vikram,23227434,9
Johny,23227434,3
Omana,23227434,17
Urvashi,23227434,16
Kurup,23227434,5
Vasu,23227434,6
Annie,23227434,18
Alex,23227434,8
Narayanan,23227434,9
Thomachan,23227434,6
Narayan,23227434,20
Iyer,23227434,6
Devadas,23227434,8
Chacko,23227434,6
Chambers,8931289,23
Rachel,8931289,23
Mara,12163624,9
Patton,12163624,17
DeLuca,12163624,14
Webber,12163624,17
McCauley,12163624,16
Opal,18592099,22
Dad,18592099,13
Ruby,18592099,2
Garnet,18592099,6
Matt,6166728,4
Banting,6166728,2
Ricks,33948002,21
Margit,33948002,12
Turner,11929565,1
T.R.,11929565,6
Kitty,11929565,6
Tom,11929565,3
Cousins,11929565,21
Eadie,11929565,3
Paige,11929565,7
Trudy,30886728,6
Wright,30886728,6
Mason,30886728,20
Stevens,30886728,9
Gizzi,30886728,13
Chippie,30886728,3
Evans,30886728,18
Walters,30886728,17
Granger,30886728,6
Dhara,24283702,13
Sagar,24283702,14
Hood,22453313,5
Kogoro,22453313,5
Yoko,22453313,1
Heikichi,22453313,18
Cherie,27015463,3
Jimmy,27015463,12
Prasad,22204593,6
Shudakhar,22204593,23
Goddard,9129510,12
Python,9129510,23
Leight,9129510,16
Murphy,1107390,0
Jackson,1107390,9
Iacocca,1107390,8
Buckley,1107390,9
Steinem,1107390,15
Spinelli,1107390,14
Jordan,1107390,11
Tanner,1107390,3
Alexandra,1107390,13
Redford,1107390,9
Cavanaugh,1107390,5
Berkoff,1107390,12
Hightower,1107390,19
Buchwald,1107390,12
Dukakis,1107390,24
Conners,1107390,23
Hamilton,1107390,8
Hoffman,1107390,12
Nader,1107390,20
Claybrook,1107390,8
Oddjob,6322029,17
Galore,6322029,11
Jill,6322029,23
Goldfinger,6322029,17
Bond,6322029,24
Tilly,6322029,17
Masterson,6322029,23
Knox,6322029,15
Leiter,6322029,11
Ling,6322029,10
Nasser,35688614,21
Beckett,468293,6
Miller,468293,3
Miguel,468293,8
Wheeler,468293,1
Allende,30330769,0
Pinochet,30330769,0
Folman,17441828,3
Ben-Yishai,17441828,15
Heron,21165146,3
Berci,21165146,24
Jarvis,21165146,24
Anson,1076211,13
Jones,1076211,7
Garrad,1076211,22
Morgan,1076211,24
Rabe,15120787,9
Horace,2384316,8
Heywood,2384316,20
Owen,2384316,0
Golightly,2384316,0
Potts,2384316,4
Sage,2384316,5
O'Brien,2384316,17
Bailey,2384316,7
Clark,2384316,18
Grimshawe,2384316,23
Charlie,2384316,8
Hawtrey,2384316,12
Clavering,25919422,16
Oglethorpe,25919422,12
Amma,24603817,0
Nair,24603817,24
Ravi,24603817,23
Nampoothiripadu,24603817,2
Gopi,25446751,14
Devi,25446751,24
Lalithamba,25446751,24
Babu,25446751,14
Shakuntala,25446751,12
Lalithaba,25446751,2
Susan,34142673,13
Kringle,34142673,22
Hartman,34142673,6
Walker,34142673,6
Kris,34142673,6
Norton,18822912,1
Parvez,1747692,23
Aktar,1747692,10
Kohistani,1747692,16
Irfaan,1747692,22
Khan,1747692,3
Neelima,1747692,21
Altaaf,1747692,3
Hilal,1747692,3
Jackson,20831047,24
Jenkins,20831047,15
Lem,20831047,11
Eloise,20831047,11
Mandy,20831047,2
Smith,20831047,7
Danny,1186616,3
Ullman,1186616,23
Tony,1186616,23
Hallorann,1186616,6
Johnny,1186616,2
Wendy,1186616,17
Lloyd,1186616,9
Grady,1186616,24
Jack,1186616,3
Torrance,1186616,17
Rose,29749526,19
Kite,29749526,18
Ida,29749526,2
Brown,29749526,4
Gideon,68078,13
Paris,68078,11
Jagger,68078,8
Angelique,68078,10
Jeevan,14503463,6
Venkat,14503463,14
Lucy,2064125,23
Teresa,2064125,13
McAnsh,2064125,7
Harry,133480,17
Lansky,133480,13
Tibbett,133480,15
Ben,133480,3
Cohen,133480,6
Mussolini,133480,17
Siegel,133480,3
Raft,133480,0
Dragna,133480,18
Luciano,133480,6
Millicent,133480,13
Greenberg,133480,22
Esta,133480,14
Kunjunni,5229759,6
Kujunni,5229759,2
Meenakshi,5229759,6
White,31072248,17
Stoner,31072248,6
Adams,31072248,6
Drew,31072248,14
Lucy,16612265,6
Jill,16612265,6
George,16612265,6
Jack,16612265,6
Veerabhadraiah,3260061,8
Sujatha,3260061,13
Sooryam,3260061,24
Tony,26461395,7
Fitzgerald,26461395,15
Monica,26461395,3
Michael,26461395,22
Greg,26461395,3
Francesca,26461395,23
Rochet,26461395,8
Johnson,26461395,10
Wolfstein,7275748,4
Daninsky,7275748,4
Mikhelov,7275748,4
Imre,7275748,4
Vijayan,13608130,20
Sundaravadivelu,13608130,1
Lakshmi,13608130,20
Collins,217819,17
Randolph,217819,1
Michael,217819,3
Jones,217819,9
Rosy,217819,6
Charles,217819,3
Doryan,217819,17
Ryan,217819,20
Shaughnessy,217819,12
O'Leary,217819,17
Shankar,11373959,21
Narayan,11373959,9
Parvati,11373959,8
Aarzoo,32930644,22
Kunal,32930644,17
Zakaria,32930644,3
Rosa,32930644,4
Powers,8573342,20
Jackson,8573342,8
Saunders,8573342,9
M.J.,8573342,11
Barham,1888433,7
Emily,1888433,16
Jessup,1888433,3
Cummings,1888433,1
Madison,1888433,7
Todd,13508675,3
Andrea,13508675,23
Terry,13508675,3
Brad,13508675,6
Gregg,13508675,21
Karen,13508675,3
Maddie,13508675,3
Berman,13508675,21
Jackie,13508675,6
Obrist,378213,17
Frane,378213,13
Vale,378213,21
Ruth,378213,13
Pierce,378213,24
Keller,378213,17
Revok,378213,3
Beckett,410832,6
Miller,410832,3
Cirujano,410832,17
Papich,410832,17
Loddon,8288100,13
Wellney,8288100,17
Buckenham,8288100,3
Vidya,15438660,12
Manickavel,15438660,13
Gunasekar,15438660,22
Venu,15438660,16
Gayatri,15438660,14
Ranjitha,15438660,21
Raman,15438660,9
Flemming,1528430,17
Grimes,1528430,19
Bork,1528430,11
Beavis,1528430,3
Anderson,1528430,23
Dallas,1528430,14
Clinton,1528430,0
Muddy,1528430,6
Maureen,23010798,5
Ryan,23010798,15
Caputo,23010798,22
Flanagan,24020300,14
Vasilienko,10241832,13
Avila,31649925,0
Teresa,31649925,7
perfecci,31649925,16
Dubay,31649925,18
Jes,31649925,24
Graci,31649925,2
Roberts,15336744,20
Arnie,15336744,15
Madeline,15336744,3
David,15336744,23
Watson,15336744,21
Jack,15464579,3
Anderson,15464579,15
Mickey,15464579,3
Aimee,5471774,23
Girotti,5471774,18
Delahunty,5471774,7
Riversmith,5471774,7
Kathleen,1563877,1
Galt,1563877,22
Stevens,1563877,10
Stauffer,1563877,10
Foss,1563877,17
Cathcart,1563877,19
Jardine,1563877,10
Brum,30690523,11
Belphegor,30208791,22
Shemp,14746919,3
Dapper,14746919,3
MacDonald,14746919,16
Moe,14746919,3
Larry,14746919,3
Ram,20581119,4
Sharma,20581119,19
Chand,20581119,21
Lata,20581119,10
Hotchiss,30671819,12
Lane,30671819,12
Helen,30671819,3
Kane,30671819,12
Corbett,32978116,7
Darlene,32978116,13
Sandra,32978116,10
Dolph,32978116,21
Morelli,32978116,20
Smithopolis,32978116,7
Jannis,32978116,15
Benoit,32978116,9
Livio,32978116,13
Boop,7489503,16
Miller,3312337,20
Walter,3312337,15
Thomas,3312337,10
Wader,3312337,6
Tommy,3312337,3
Tinkerton,3312337,13
Sara,3312337,15
Harry,5541000,5
Trowel,6029822,17
Kaspar,6029822,16
Ruthie,6029822,17
Noname,6029822,14
Fenzer,6029822,14
Vir,23592729,11
Sturak,576217,5
Ellen,576217,6
Crandell,576217,19
Melissa,576217,24
Carolyn,576217,20
Kenny,576217,15
Lindsey,576217,12
Zach,576217,24
Bryan,576217,20
Aravind,19985540,3
Dhana,19985540,21
guittar,23685888,15
Bejby,23685888,15
Prokok,23685888,20
Sedgwick,8537601,14
Piserchio,8537601,15
Wein,8537601,21
Felix,36236247,3
Burbage,88075,7
Kent,88075,10
Marlowe,88075,5
Romeo,88075,21
Lesseps,88075,9
Elizabeth,88075,5
Ethel,88075,18
Shakespeare,88075,3
Chamberlain,88075,15
Viola,88075,3
Henslowe,88075,8
Juliet,88075,21
Tilney,88075,17
Kumar,21684643,21
Divya,21684643,21
Prem,21684643,21
Thoogudeep,21684643,7
Douglas,6589209,5
Taylor,6589209,18
Weatherall,6589209,20
Russell,6589209,23
Monroe,6589209,11
Richards,6589209,17
Lou,6589209,21
Grey,6589209,12
Walker,6589209,22
Andrew,6589209,17
Welsh,6589209,0
Alex,6589209,3
Sarah,6589209,3
Larry,6589209,3
Hotchner,1158236,18
Rudolph,1227422,21
Donner,1227422,3
Cornelius,1227422,13
Clarice,1227422,10
Moonracer,1227422,17
Crispin,23274964,2
Rosario,23274964,21
Andoy,23274964,9
Masugi,23274964,2
Rago,307604,23
McClane,307604,18
Shakespeare,307604,20
Jack,26178788,8
Moran,26178788,11
Kitty,26178788,21
Viswanathan,25713949,3
Shyama,25713949,9
Ayasegawa,5297549,1
Ganryu,5297549,10
Zaraki,5297549,7
Yamamoto-Genry,5297549,19
Kon,5297549,6
Ichigo,5297549,17
Kurosaki,5297549,19
Madarame,5297549,20
Hitsugaya,5297549,19
Iba,5297549,1
Matsumoto,5297549,8
Senna,5297549,13
Captain-Commander,5297549,17
Shinenju,5297549,19
Kira,5297549,5
Inoue,5297549,18
Kuchiki,5297549,16
Abarai,5297549,20
Kusajishi,5297549,13
Urahara,5297549,1
Ukitake,5297549,24
Blaylock,31641920,18
Carl,31641920,13
Day,31641920,7
Murphy,27843951,24
McGregor,27843951,7
Sumner,27843951,21
Gilbert,27843951,11
Heller,27843951,16
Richardson,27843951,23
Mercedes,27843951,13
Manolo,3043980,1
Severino,3043980,23
Ramesh,24490519,10
Punam,24490519,14
Agnihotri,24490519,1
Lorenzo,18959332,23
Toni,18959332,13
Clarke,16877124,19
Tepe,16877124,2
Wayne,16877124,15
Castillo,2849218,10
Chantal,2849218,3
Manton,25218335,11
Beardsley,25218335,16
Whitman,25218335,14
Victoria,25218335,3
George,25218335,22
Crutcher,25218335,13
Dezlow,25218335,6
Petty,25218335,6
Braymore,25218335,11
Ben,25218335,16
Mickey,3825901,3
Carroll,3825901,18
Aaron,1093860,0
Fosselius,1093860,18
Prager,1093860,7
Mike,1093860,7
Lord,1093860,23
Nomi,1093860,21
McConnachie,1093860,22
Kriegman,1093860,0
Schiller,1093860,2
Coyote,24793352,16
Yi,7201681,24
Sun-sin,7201681,0
Kang,7201681,4
Choi,7201681,17
Jurchens,7201681,14
Kim,7201681,13
Park,7201681,1
Stupendous,24960167,6
Daffy,24960167,3
Pratima,12664320,19
Svennson,12664320,21
Ghote,12664320,18
Lal,12664320,14
Perfect,12664320,10
Finnegan,31052078,14
DeHaan,31052078,18
Ringold,18531659,5
Marlon,18531659,19
Youngblood,18531659,6
Hortense,18531659,13
Bainbridge,18531659,2
Jethro,18531659,24
Grady,18531659,19
Spinner,18531659,7
Stanley,18531659,2
Mills,713375,19
Celeste,713375,21
Brando,7373179,22
Jones,7373179,9
Niven,7373179,9
Hayes,26003401,14
Arthur,2780022,6
Linda,2780022,2
Bach,2780022,1
Johnson,2780022,1
Elliott,2780022,23
Susan,2780022,2
Andrea,10940332,23
d'Este,10940332,19
Camilla,10940332,4
Alfonso,10940332,8
Ferrara,10940332,4
Esteban,10940332,6
Belli,10940332,14
Lucrezia,10940332,19
Duke,10940332,1
Borgia,10940332,13
Verano,10940332,11
Zoppo,10940332,14
Orsini,10940332,16
Luis,12595674,16
Vincent,12595674,8
Elisa,12595674,5
Canby,12595674,15
Vembuli,13553983,15
Vadivelu,13553983,9
Pavadai,13553983,6
Subrahmanyam,13553983,8
Angel,13553983,3
Subramanyam,13553983,21
Lau,9362760,3
Ang,9362760,3
Lily,9362760,13
Sanshou,9362760,24
Figaro,10597070,20
Woody,10597070,17
Bakasura,35877135,24
Garland,1592450,7
Taylor,1592450,9
Peter,1592450,19
Tucker,1592450,15
Sonny,1592450,19
Sally,1592450,3
Raleigh,1592450,24
Annapoorna,5506192,21
Kannan,5506192,6
Delinko,3934285,18
Muckle,3934285,7
Dana,3934285,3
Eberhardt,3934285,21
Leep,3934285,14
Dhammi,12862519,21
Weerasekera,12862519,7
Sugath,12862519,21
Bogoda,12862519,3
Kariyawasam,12862519,21
Nihal,12862519,7
Weerasekara,12862519,14
Warakagoda,12862519,12
Champa,12862519,8
Sarath,12862519,14
Toby,28335313,5
Lawes,28335313,17
Kinross,28335313,22
Janice,28335313,0
Ned,28335313,17
Izabela,26409391,15
Wokulski,26409391,21
Chandu,20657842,10
Chandru,20657842,3
Padmini,20657842,6
Aravindan,20657842,1
Henry,4427791,21
Turner,4427791,17
Linda,4427791,9
Bradley,4427791,10
Sarah,4427791,2
Rachel,4427791,23
Otto,20519199,16
Fritze,20519199,20
Medea,20519199,6
Rudolf,20519199,10
Yarn,20519199,20
Bent,20519199,1
Adolf,20519199,15
Oberoi,32013798,14
Dhillon,32013798,5
Fort,849594,8
Molly,849594,23
Nadine,849594,2
Sullivan,849594,14
Boyle,849594,5
Varrick,849594,21
Everett,849594,12
Zack,2055612,8
Fair,2055612,1
Jenova,2055612,4
Tseng,2055612,7
S.,25846068,20
Billie,25117408,3
Sean,25117408,6
Johnny,1004644,15
Carla,1004644,4
Roy,1004644,6
Alice,1004644,2
Lizzie,13726036,3
Luke,13726036,3
Kochchukurup,26432074,8
Amma,26432074,20
Ananthu,26432074,7
Aswathy,26432074,23
Karthik,26432074,23
Kochukurup,26432074,6
Kurup,26432074,8
Rajakumari,26432074,7
Begum,26432074,23
Houten,21909087,9
Miller,21909087,20
Boatwright,21909087,17
Willy,21909087,6
Mance,21909087,3
Cashen,21909087,21
C.,21909087,18
John,21909087,18
Venu,35742920,0
Pillai,35742920,16
Renuka,35742920,24
Marta,9598213,21
Badalamenti,9598213,21
Vincenzo,9598213,24
Yeong-hee,3972416,15
Kaff,3972416,13
Kim,3972416,13
Hoon,3972416,0
Cheol,3972416,5
Hitler,31322428,1
Mauch,31322428,10
Scholz,31322428,13
Reich,31322428,8
Susana,27037832,14
Ramiro,27037832,4
Guillermo,740830,24
Junpei,23867726,4
Toshiko,23867726,19
Chinami,23867726,13
Kyohei,23867726,18
Simon,30979351,13
Jacob,30979351,21
Anna,30979351,3
Sintai,7244806,24
Yu,7244806,20
Kai,7244806,3
Cho,7244806,17
Joaquim,21487390,4
Veronique,21487390,19
Jerry,11987554,22
Vidya,15758048,19
Dreyfus,44210,18
Picquart,44210,15
zanne,44210,15
Labori,44210,19
Zola,44210,6
Nana,44210,2
Raju,20211517,6
Radha,20211517,24
Anandan,20211517,6
Teske,19290988,0
Dillard,19290988,19
Fox,19290988,4
Brittany,19290988,21
Angel,19290988,21
Barden,19290988,11
Bush,19290988,0
Tiller,19290988,0
Geetha,35715425,13
Ashokan,35715425,0
Sundar,35715425,21
Shanti,35715425,6
Padmini,35715425,9
Adela,34234355,21
Murphy,8476634,12
Roberta,8476634,0
Whetsel,8476634,1
Washington,8476634,24
Mills,8476634,12
Fredi,8476634,21
Ellington,8476634,2
Smith,8476634,15
Black,8476634,19
Duke,8476634,2
Lou,1820344,16
Dolan,1820344,12
Mike,1820344,8
Balkrishna,31155297,11
Narasimharaju,31155297,9
Pantulu,31155297,7
Effigie,10537701,8
Herman,10537701,23
Malet,10537701,1
Hall,10537701,15
Lily,10537701,7
Lewis,10537701,22
Munster,10537701,5
Cruikshank,10537701,10
Marilyn,10537701,3
Moresby,10537701,7
Dawson,10537701,7
Masako,1320563,14
Sugiyama,1320563,21
Tanaka,1320563,19
Takahashi,1320563,12
Aoki,1320563,3
Shakespeare,1320563,20
Mai,1320563,14
Tamura,1320563,10
Kishikawa,1320563,24
Chui,10641551,6
Sheng,10641551,17
Wei,10641551,21
Yu,10641551,3
Kuo,10641551,1
Quiang,10641551,21
Hui,10641551,17
Wang,10641551,3
Feng,10641551,3
Mang,10641551,7
Ella,11543613,19
Gustav,767193,12
Helius,767193,16
Mannfeldt,767193,16
Friede,767193,14
Windegger,767193,21
Garrett,6460984,7
Gondora,6460984,17
Gates,6460984,24
McCracken,6460984,7
Tita,6460984,23
Rainbolt,6460984,3
Olivier,460291,22
Pig,25948781,7
Hoban,25948781,22
Si,34653323,2
Thout,34653323,14
Wai,34653323,13
Harry,1376802,3
Palmer,1376802,6
Newbigen,1376802,3
Stok,1376802,13
Anya,1376802,3
Pirita,21236436,21
Aslak,21236436,14
Emerson,3446942,24
Beatty,3446942,12
Johnson,3446942,1
Diana,3446942,13
Wilson,3446942,7
Bud,3446942,6
Livington,3446942,13
Sereda,16593269,10
Lobanov,16593269,23
Maitland,32895441,4
Lee,32895441,8
Everard,32895441,4
Frederick,17905510,7
Clegg,17905510,6
Miranda,17905510,3
Grey,17905510,15
Dylan,1503607,6
Cash,1503607,15
Doggett,1503607,19
Robertson,1503607,11
Lennon,1503607,6
Malkmus,1503607,23
Lovelace,177783,1
Vernon,177783,11
Sheridan,177783,19
Winsor,31678415,3
Fred,31678415,3
Svankmajor,31678415,3
Randy,31678415,6
Phantosaur,31678415,19
Hubley,31678415,6
Daphne,31678415,6
Vincent,31678415,6
Scooby,31678415,3
Tex,31678415,6
Velma,31678415,14
Gerbino,30857702,10
Dzerzhinsky,30857702,4
Lorenzo,30857702,2
Joan,31163684,6
Lasher,31163684,19
Reasonover,31163684,10
Tom,31163684,6
Crowley,31163684,22
Gleeson,31163684,13
Floyd,31163684,14
Owen,31163684,17
Helen,31163684,21
Curtis,31163684,21
Danny,23984600,2
Peabody,23984600,7
Bates,23984600,12
Judy,23984600,16
Billingsley,23984600,21
Curtis,23984600,19
Bart,3239974,20
Julio,3239974,19
Shooter,518928,6
Amy,518928,17
Karsch,518928,3
Chico,518928,17
Greenleaf,518928,17
Rainey,518928,5
Mort,518928,3
Milner,518928,19
Ted,518928,14
Newsome,518928,17
Durrance,15211311,4
Faversham,15211311,3
Keith,23086136,9
Benson,23086136,17
Killian,23086136,17
Bernstein,23086136,10
Mukherjee,30437684,3
George,7889019,8
Tetsu,6749329,20
Kitty,11728791,8
Ross,11728791,12
Conroy,11728791,19
Swagman,11728791,3
Jim,11728791,4
Smith,11728791,5
Carewe,11728791,11
Anne,33626986,9
Rocket,33626986,17
Falk,33121,19
Marion,33121,10
Ferne,33121,14
Cassiel,33121,3
Jaa,7151411,14
Trish,664496,19
Gregory,664496,1
Bridget,664496,3
Kroy,664496,7
Mike,664496,6
Noll,4406418,3
Turner,4406418,23
Lawrence,4406418,6
Frankie,4406418,6
Dave,4406418,6
Richardson,4406418,9
Madison,4406418,0
Dederich,26553611,23
Zankie,26553611,4
Joaney,26553611,9
Albo,26553611,3
Ben,26553611,18
Robbie,11499843,0
Guitry,11499843,2
Aubert,11499843,4
Joshua,21753206,24
Vivian,21753206,5
Lightman,21753206,13
Cross,21753206,4
Margaret,21753206,4
Eduard,28739065,19
Francigny,28739065,2
Sylvie,28739065,6
Grunbaum,11159206,16
Heggie,11159206,8
Heinie,11159206,18
Zani,11159206,4
Algot,2492199,3
Karin,2492199,21
Tomas,2492199,3
Jesus,2492199,13
Jonas,2492199,6
Persson,2492199,6
Magdalena,2492199,21
Bergman,2492199,20
Malloy,16673113,22
Crain,16673113,9
Jagged,612018,3
Slaghoople,612018,2
Gazoo,612018,7
Wilma,612018,6
Fred,612018,6
Flintstone,612018,8
Barney,612018,3
Betty,612018,3
O'Shale,612018,4
Stephenson,612018,11
Roxie,612018,24
Sivagiri,5246741,3
Sivaguru,5246741,4
Karpagam,5246741,10
Sagada,5246741,17
Shuba,5246741,21
Veluchamy,5246741,18
Ravi,5246741,17
Kannapan,5246741,3
Kannappan,5246741,1
Balu,5246741,19
don,5246741,4
Danny,2229732,4
Katey,2229732,4
Joe,2229732,24
Peggy,2229732,2
Stan,2229732,2
Hobbs,2229732,17
Byron,2229732,12
Ella,29502323,6
Pam,29502323,21
Ward,29502323,9
Sabin,29502323,10
Emily,29502323,13
Gary,29502323,6
Lily,29502323,2
Sean,29502323,20
Cheney,29502323,7
Neeraj,27682014,3
Chandni,27682014,14
Rana,27682014,23
Saritha,27682014,21
Rogers,2866230,11
Diane,2866230,3
Ernest,4616833,20
Tufuti,4616833,10
Andrews,9548445,3
Pam,9548445,16
Ethel,9548445,12
Lodge,9548445,7
Reggie,9548445,22
Betty,9548445,24
Max,9548445,4
Veronica,9548445,8
Robert,9548445,9
Taylor,3384409,10
Ann,3384409,7
Marshall,3384409,4
Xixo,3384409,21
Thorion,3565240,23
Olivier,3565240,4
Stella,10693049,13
Marion,10693049,5
Mirta,10693049,3
Alfea,10693049,2
Faragonda,10693049,17
Oritel,10693049,6
Bloom,10693049,6
Hagen,10693049,6
Mike,10693049,21
Mandragora,10693049,5
Musa,10693049,23
Bartelby,10693049,4
Obsidian,10693049,23
Vanessa,10693049,13
Miriam,10693049,4
Lockette,10693049,0
Daphne,10693049,3
Dhanda,25411910,9
Jin-young,15259992,19
Sol,15259992,14
Tani,15259992,16
Chan,26723671,18
Lee,26723671,15
Cynthia,30868944,21
Christopher,30868944,9
Patricia,30868944,5
Rose,30868944,11
Edward,30868944,6
Chloe,30868944,20
Belle,31094885,10
Rogers,31094885,7
Tessier,7407088,20
Paula,7407088,21
Demarest,7407088,12
Philip,7407088,6
Qureshi,26281666,6
Ted,26281666,14
Zoya,26281666,6
Gul,26281666,6
Ali,26281666,16
Osama,26281666,16
Hassan,26281666,3
Laden,26281666,23
Taylor,3494676,20
Tanaka,3494676,11
Hayes,3494676,21
Cerrano,3494676,4
Phelps,3494676,18
Dorn,3494676,21
Vaughn,3494676,18
Rachel,3494676,3
Brown,3494676,20
Baker,3494676,1
Parkman,3494676,23
McGee,19938041,24
Meyer,19938041,21
Kevin,22971483,3
Muntz,22971483,13
Lawrence,14811627,17
Darius,14811627,21
James,14811627,21
Marlee,14811627,21
Jennie,451877,3
Jong,451877,3
Lee,451877,8
Tsang,451877,17
Sei,451877,6
Hoi,451877,4
Li,451877,24
Aslan,3979884,2
Karkuki,3979884,8
Leyla,3979884,17
Marshall,3979884,17
Ali,3979884,23
Alemdar,3979884,10
Ghraib,3979884,20
Sol,4331430,11
Ramos,4331430,11
Marlene,4320746,19
Calvert,4320746,15
Inverse,4320746,22
Burke,9485983,24
Welland,9485983,7
Diana,9485983,23
Benji,9485983,15
Rajkumar,23740170,17
Mesthiri,23740170,22
Alexander,23740170,9
Shakuntahlam,23740170,11
Kutty,23740170,7
Vijayakumar,23740170,11
Kumar,23740170,24
Vishnu,23740170,3
Sreedevi,23740170,23
Menon,23740170,20
Sam,23740170,21
Drake,13842574,21
Porter,13842574,5
Mike,7185078,3
Susan,7185078,6
Paolo,2380622,3
Bernardo,2380622,14
God,2380622,5
Clare,2380622,2
Giocondo,2380622,12
Pietro,2380622,6
Francesco,2380622,3
Bernardone,2380622,12
Silvestro,2380622,12
Briz,31014861,13
Antal,31014861,13
Kreisl,11680708,19
Kelly,11680708,12
Moebius,11680708,5
Flellis,6530663,13
Roma,21306748,2
Bhai,21306748,8
Jumani,21306748,21
Kapoor,21306748,21
Fernandes,21306748,22
Radha,21306748,19
Sundar,20114060,21
Karthik,20114060,20
Krishnasamy,20114060,3
Yamini,20114060,6
Fuad,10575225,23
Lamply,10575225,12
III,10575225,20
Gypem,17874813,20
Woody,17874813,6
Tiler,3747529,3
Davrow,3747529,13
Frost,3747529,3
Harper,3747529,9
Jake,3747529,17
Sally,3747529,2
Ryan,3747529,24
Jack,3747529,16
Billy,3747529,10
Bailey,27190944,17
Maccone,22787040,17
Ross,22787040,18
Miyazaki,22787040,17
Rooney,22787040,2
George,22787040,17
Reynolds,22787040,9
Wartell,22787040,17
Parrish,22787040,18
Grenier,22787040,4
Davis,22787040,4
Corey,22787040,6
Galiyan,31737525,16
Khan,31737525,11
Agha,31737525,8
Poonam,31737525,3
Rajev,31737525,19
Denzongpa,31737525,20
Sonia,31737525,6
Ali,31737525,14
Singh,31737525,3
Maan,31737525,3
Khanna,31737525,22
Raju,31737525,3
Mann,31737525,0
Wills,1269856,0
Burke,1269856,19
Eswari,22114746,17
Ravi,22114746,3
Nandhini,22114746,2
Raghu,22114746,1
Stevens,74848,22
Jr.,74848,6
O'Brien,4717197,0
Bellamy,4717197,12
Devlin,4711743,18
Barney,4711743,6
Max,4711743,3
Lucia,26112363,13
Marcus,26112363,6
Brad,26112363,3
Boyd,26112363,10
Miguel,26112363,13
Ram,27488355,14
Pooja,27488355,3
Chandrashekar,27488355,22
Mantapa,27488355,22
Shastri,27488355,6
Lumpus,10525221,21
Edward,10525221,3
Lazlo,10525221,3
Raj,10525221,13
Volodya,924101,3
Lilja,924101,4
Andrei,924101,1
Ahab,18082866,4
Melville,18082866,13
Toomey,2623071,3
Theresa,2623071,23
Vendetti,2623071,14
Poole,2623071,13
Provolone,2623071,16
Oscar,2623071,22
Roxie,2623071,19
Lisa,2623071,2
Rossano,2623071,1
Seongjun,31732137,3
Harry,18449579,18
Garmes,18449579,14
Laura,5909788,21
Sam,5909788,21
Conley,5909788,22
Charles,5909788,3
Betty,5909788,12
Richardson,5909788,12
Tyler,18081866,8
Erickson,18081866,2
Abbott,18081866,1
Wasantha,31197814,14
Velayudan,31197814,13
Dillon,27370872,13
Slater,3543676,4
Tavarov,4033849,14
Whitman,4033849,18
Keenan,4033849,17
Norland,4033849,17
Kirilov,4033849,8
Amirev,4033849,2
Gaines,4033849,19
Hill,2910322,23
Rowena,2910322,13
Clayton,2910322,12
Haley,2910322,23
Harrison,2910322,4
Grace,2910322,1
Miles,2910322,6
Price,2910322,6
Hubbard,26360327,19
Cole,26360327,3
Hasumi,34995786,10
Clark,6509690,3
Lewis,6509690,3
Gunther,6509690,24
Xuereb,6509690,13
Michaels,6073447,6
He-Who-Walks-Behind-The-Rows,6073447,4
Gabriel,6073447,3
Jesse,6073447,17
Matt,6073447,3
Jake,6073447,6
Rachel,6073447,6
Cora,6073447,17
Isaac,6073447,3
Hannah,6073447,3
Colby,6073447,4
Paul,1364234,8
Marama,1364234,14
Terangi,1364234,6
Kersaint,1364234,13
Nagle,1364234,4
Laage,1364234,16
Mehevi,1364234,18
Tarangi,1364234,6
Kathryn,3681052,8
Kelly,3681052,8
Rooney,3681052,14
Grayson,3681052,3
Joshua,5787130,18
Hiro,5787130,4
Ashley,5787130,3
Wanda,5787130,10
Jack,5787130,21
Orky,5787130,4
Nina,8589723,23
Don,8589723,24
Martin,8589723,23
Jenny,8589723,17
Jimmy,8589723,3
Cesar,8589723,12
Lita,8589723,10
Jean,8589723,3
Steph,8589723,24
Jane,2030233,3
Hudson,2030233,0
Korn,2030233,3
Dominick,2030233,17
Billy,2030233,0
Blanche,2030233,3
Fred,1570843,6
Bobby,1570843,4
Ethel,1570843,3
Doug,1570843,3
Brenda,1570843,21
Jupiter,1570843,17
Bob,1570843,3
Lynn,1570843,3
Steadman,1570843,11
Aliciano,35897035,12
Cabuena,35897035,7
Judith,17920,17
Parker,17920,12
Jesus,17920,14
Cohen,17920,24
Brian,17920,4
Melodye,11837755,2
Amerson,11837755,10
Geetha,15858518,6
Asokan,15858518,13
Manorama,15858518,13
Lollobrigida,15858518,5
Karnstein,12007271,10
Susan,12007271,3
Mircalla,12007271,16
Kiyoko,2739726,22
Shibusawa,2739726,17
Kuroda,2739726,0
Mitsuko,2739726,3
Murata,2739726,17
Barret,12296019,19
Johnny,12296019,6
Nicholas,12296019,12
Nicko,12296019,3
Wyatt,12296019,19
Shelby,12296019,6
Olga,12296019,2
Eugene,12296019,1
Raksha,11624958,0
Surjit,11624958,7
Madan,11624958,13
Gopal,11624958,3
Singh,11624958,7
Kuldeep,11624958,9
Manoharlal,11624958,2
Ana,4155050,17
Hilbert,4155050,23
Eiffel,4155050,3
Harold,4155050,3
Jules,4155050,13
Pascal,4155050,17
Crick,4155050,13
Dheeran,7792274,3
Ayya,7792274,2
Alanakaram,7792274,11
Maran,7792274,2
Shanmugasundaram,7792274,6
Erimalai,7792274,24
Alankaram,7792274,4
Sundaram,7792274,18
Martel,8486301,23
Magdala,8486301,18
Newton,8486301,9
Connolly,8486301,21
Mira,8486301,6
Magdalene,8486301,13
Aaron,13485985,15
Dylan,13485985,20
Robbie,13485985,6
Ellen,13485985,3
Jem,13485985,21
Bourke,13485985,8
Tom,13485985,21
Peter,13485985,6
Johnson,13485985,15
Rosie,13485985,3
Angus,13485985,18
Lindsay,13485985,6
Jas,13485985,6
Dyer,13485985,6
Dave,13485985,6
Libby,13485985,23
Juan,26650366,23
Venegas,26650366,1
Ramon,26650366,17
Angela,26650366,6
Lorenzo,26650366,3
Ines,26650366,23
Matilde,26650366,6
Agueda,26650366,24
clairs,34557398,14
O'Neill,34557398,18
Jim,34557398,3
Mickey,34557398,16
Paulie,34557398,3
Grant,19048609,5
Jessops,19048609,9
Daviot,19048609,13
Ann,19048609,2
Bradford,19048609,18
Mullens,22642631,10
Kannadiga,24361180,21
Shankar,24361180,3
Shanbhog,24361180,14
Anant,24361180,6
Bangaadi,24361180,8
Kannadati,24361180,6
Tripathi,24361180,9
Bryant,8283109,14
Mota,8283109,24
Fowler,8283109,22
Luis,3630720,1
Chava,3630720,21
Abel,3630720,12
Don,3630720,15
Fidel,3630720,24
Ru,3630720,13
Zacarias,3630720,10
Kotani,7308322,9
Kawakubo,7308322,9
Kanno,7308322,9
Mizuki,7308322,18
Tachibana,7308322,4
Hanazono,7308322,19
Tani,7308322,3
Amakami,7308322,16
Jav,15411235,13
Serra,31678079,21
Bonelli,31678079,8
Vittrio,31678079,21
Gaston,31678079,24
Diana,31678079,16
Adriana,31678079,2
Tecuichpo,16901157,4
Tom,16901157,21
Cort,16901157,10
V,16901157,12
Moctezuma,16901157,18
Diego,16901157,13
Topiltzin,16901157,4
Adrian,2421437,9
Leopold,2421437,15
Maxwell,2421437,19
Ariel,2421437,3
Dulcy,2421437,19
Maki,2250068,13
Tsugumu,2250068,23
Yoko,2250068,20
Yamashima,2250068,0
Lane,28355486,2
Hammond,28355486,5
Nick,28355486,5
Regan,28355486,6
Merritt,28355486,6
Warren,28355486,23
Pat,28355486,21
Bob,28355486,6
Oldchester,28355486,11
Jackie,28355486,13
Cale,18098742,16
Bryant,18098742,19
Hayate,32233292,21
Ginetta,14471796,24
Frank,14471796,21
Dominick,14471796,19
Bertolo,14471796,8
Vinnie,14471796,23
Ida,14471796,2
Amy,25337184,12
Robert,25337184,3
Toby,13289421,3
Costello,13289421,6
Elizabeth,6698438,14
Joel,6698438,15
Emily,6698438,13
Carl,6698438,9
Stephen,6698438,16
Susan,6698438,16
Gromit,896285,3
Wallace,896285,3
Abhay,10235844,24
Singhal,10235844,4
Baksh,10235844,0
Thapar,10235844,12
Martin,5641788,4
Kat,5641788,2
Henry,8854150,15
Gray,8854150,4
Vane,8854150,21
Dorian,8854150,3
Wotton,8854150,24
Gladys,8854150,2
Woody,17907617,12
Karan,5712265,21
Carroll,12953177,18
Morgan,14296848,10
Hitler,14296848,1
Marshall,14296848,17
Lori,14296848,23
Margaret,14296848,4
Jackie,14296848,24
Devereaux,2096043,11
Ellis,2096043,19
Cecile,2096043,2
Luke,2096043,6
Marshall,2096043,18
Jill,2096043,6
Violet,2096043,3
Ben,2096043,6
Caroline,2096043,3
Gault,18865496,15
Yoder,18865496,7
Rebecca,18865496,3
Tsukinojo,24555795,7
Akizuki,24555795,15
Cooper,1811429,11
Agartha,1811429,10
Kate,1811429,12
Thompson,1811429,23
Sanyal,20435658,18
Gopal,20435658,1
Kumar,20435658,18
Veerendra,20435658,23
Pratap,20435658,21
Rai,20435658,5
Prithvi,20435658,6
Thompson,20435658,11
Sooraj,20435658,13
Sarah,20435658,23
Bharti,20435658,2
Chandra,20435658,3
Samar,20435658,24
Tony,15283713,21
Peter,15283713,6
Fiala,15283713,5
Scully,15283713,8
Mouse,17262795,14
Brady,11058754,11
Brennan,11058754,15
Gaillard,11058754,10
Schwensen,3970458,15
Bridget,3970458,9
Liz,3970458,3
Arnau,3970458,21
Calloway,3970458,3
Britt,3970458,9
Belinda,3970458,12
Darius,3970458,3
Kenneth,3970458,5
Miller,31701975,24
Valentin,31701975,3
Clifton,31701975,21
Doris,31701975,8
Peppy,31701975,6
Zimmer,31701975,6
Klodin,1909633,5
Sanderman,1909633,10
Musso,1909633,17
York,1909633,1
Valens,1909633,4
Joanie,1909633,8
Ruston,1909633,4
Willows,1909633,19
Thayer,1909633,24
Knowland,1909633,19
Cody,1909633,1
Cynthia,8683288,16
Roberto,9389794,2
Flores,9389794,0
Ogitani,22306475,17
Taro,22306475,9
Kato,22306475,2
Shizou,22306475,6
Suzume,22306475,3
Katagura,22306475,3
Kugitani,22306475,21
Kujaku,22306475,6
Pinakin,26638009,22
Zala,26638009,4
Gokhale,26638009,22
Holkar,26638009,18
Noi,6971856,10
Yok,6971856,10
Kumar,9993539,5
Kapoor,9993539,5
Chopra,9993539,9
Karamchand,9993539,11
Singh,9993539,1
Jain,9993539,9
Adela,12602864,16
Juan,12602864,17
Isabelita,12602864,6
Sedgwick,577663,2
Fonda,577663,5
Medea,4681267,1
Deianira,4681267,13
Lico,4681267,17
Wilma,9220849,19
Lightcloud,1777408,14
Dominick,1777408,9
Joe,1777408,21
Callahan,1777408,22
Presley,1777408,9
Starr,99948,9
Trina,99948,5
Greybar,99948,6
Mulligan,99948,17
Trini,99948,19
Nathaniel,99948,5
Kenny,99948,6
Mayweather,99948,3
Catherine,99948,5
Calli,99948,10
Elliott,99948,20
Chocki,99948,24
Larkin,3105139,21
Rose,3105139,21
Claire,3105139,3
Morgan,3105139,11
Hannah,3105139,5
Abdu-Hamdi,24160876,0
Khazzan,24160876,8
Yeon,24160876,10
Baron,24160876,9
David,24869148,21
Jason,24869148,3
Baker,3557065,9
Parsons,3557065,17
Gideon,3557065,17
Hayes,3557065,17
Carver,3557065,17
Cumali,12979792,19
Berfo,12979792,0
Sedat,12979792,6
Baran,12979792,23
Demircan,12979792,18
Jamison,7960697,11
Ballard,7960697,19
Barbara,30246289,13
Adrian,30246289,12
Jurek,30246289,3
Julia,30246289,13
Piotr,30246289,5
Anita,30862627,2
Sonali,30862627,14
Rana,30862627,16
Vishnu,30862627,18
Kaka,30862627,4
Amit,30862627,6
Vijay,30862627,3
Birdy,29017966,3
Brigitte,29017966,19
Wemys,29017966,19
Kenny,29017966,3
Paddy,29017966,23
Sims,928593,11
Murray,928593,14
Mary,928593,1
James,928593,14
Taylor,5659888,16
Brooke,5659888,2
Singaravelan,24771652,15
Ramasamy,24771652,15
Murthy,24771652,6
Jeff,4971866,14
Bela,19512369,13
Mijares,19512369,13
Joy,19512369,6
Migs,19512369,21
Myrna,1364751,24
Tucker,1364751,19
Malden,1364751,13
Herrmann,1364751,18
Jim,1364751,3
Brawley,1364751,0
Bowers,1364751,16
Wilson,1364751,6
Joe,17590460,14
Chandpuri,4980155,1
Bajwa,4980155,10
Mathura,4980155,24
Das,4980155,16
Dharamvir,4980155,6
Singh,4980155,12
Kanwar,4980155,19
Bhan,4980155,16
Kamla,4980155,19
Kuldip,4980155,18
Dastagir,4980155,11
Gandhi,4980155,5
Marcy,18943,2
Bundy,18943,22
D'Arcy,18943,11
Rhoades,18943,11
Poe,6940101,8
Boop,7173935,13
Donohue,18956814,14
Donahue,18956814,18
Clark,18956814,15
Jones,18956814,17
Boleslavski,18956814,2
Harry,837494,21
Young,837494,19
Halpert,837494,9
Abbie,837494,23
Marlin,837494,6
Marty,837494,17
Seth,837494,3
Reynard,837494,22
Davis,837494,3
Chris,837494,6
Brantley,837494,14
Varick,837494,20
Weinstein,837494,4
O'Flaherty,837494,0
Antide,24075769,16
Anzerul,24075769,9
Harry,9051776,3
Otto,9051776,5
Barbara,9051776,5
Joy,9051776,22
Turk,2473923,10
Warhol,2473923,0
Sinestrari,2473923,2
Periyar,20722483,6
Yaga,2489108,15
Trent,2489108,3
Clare,2489108,13
Stockard,2489108,19
Brett,2489108,4
Devon,2489108,3
Sean,2489108,17
Morton,2489108,3
Burns,2489108,19
Karam,1644867,7
Sahay,1644867,6
Mashi,1644867,4
Ganga,1644867,2
Manilal,1644867,6
Singh,1644867,21
Radha,1644867,15
Choudhary,1644867,5
Ryoko,5396840,3
Masaki,5396840,4
Yosho,5396840,13
Katsuhito,5396840,3
Mayuka,5396840,3
Sasami,5396840,3
Ayeka,5396840,4
Aaron,35061219,24
Baron,35061219,6
Jerome,35061219,23
Andy,35061219,17
Henry,311935,3
Richard,311935,10
Morse,311935,9
Mark,311935,3
Susan,311935,3
Evans,311935,10
Jack,311935,23
Wallace,311935,3
Tinselina,6102235,10
Robbie,6102235,3
Rob,6102235,3
Christine,6102235,3
Wittgenstein,6102235,6
Ratso,6102235,20
Chris,6102235,20
Weygate,5925262,3
Edgar,12890638,6
Bay,12890638,10
Emerson,12890638,9
Frog,12890638,8
Nicole,12890638,3
Jillian,12890638,12
Sutherland,12890638,7
Evan,12890638,17
Lisa,12890638,17
Chris,12890638,3
Orianna,3096476,3
Chuisle,1287385,22
Fitzgerald,1287385,20
Dunn,1287385,6
Maggie,1287385,3
Horvak,1287385,8
Dupris,1287385,24
Mack,1287385,14
Billie,1287385,17
Little,1287385,4
Rawlings,2241866,24
Harrison,2241866,10
Ashok,28324016,0
Asha,28324016,3
Vijay,28324016,3
Ilija,9517607,13
Jakovljevi,9517607,8
Petar,9517607,3
Danica,9517607,3
Sonja,9517607,13
Perry,17830752,10
Graham,17830752,12
Regan,28963604,5
Cox,10696616,7
Gary,8773991,0
Linda,8773991,16
Bosco,21861929,8
Peter,21861929,6
Vincent,21107874,17
Renchard,21107874,6
Brianna,21107874,4
Marnac,24440474,15
Carrigan,21132353,24
Vic,21132353,9
Casper,21132353,3
Crittenden,21132353,17
Stantz,21132353,13
Snider,21132353,22
Amelia,21132353,6
Sarducci,21132353,8
Lazarus,21132353,10
Harvey,21132353,21
Donnelly,25333857,14
Clan,25333857,23
Ricky,25333857,12
Bhati,28946855,6
Chhotu,28946855,16
Kalam,28946855,2
Ellen,6945089,4
Meredith,6945089,16
Roger,6945089,10
Cassidy,8608738,24
Nico,8608738,22
Tomasis,8608738,22
Theo,8608738,14
James,8608738,0
Harper,28362996,10
Sam,28362996,16
Giri,9522039,3
Narayanan,9522039,21
Nair,9522039,3
Raghavan,9522039,13
Taylor,302757,5
Bell,302757,12
Carlos,302757,19
Brandon,302757,16
Eddie,302757,24
Alexa,302757,12
Kaya,302757,2
Kamli,19609617,2
Dhirendra,19609617,8
Pratap,19609617,12
Dhirender,19609617,14
Dhiren,19609617,3
Janki,19609617,13
Manu,19609617,6
Singh,19609617,20
Jaya,19609617,21
Bhanu,19609617,14
Bhavani,19609617,18
Gray,14614768,22
Jr.,14614768,6
Richard,33166426,3
Danny,33166426,21
Cynthia,33166426,23
Vineyard,33166426,13
Saddie,33166426,3
Seema,8662998,13
Karan,8662998,6
Puja,8662998,4
Liye,8662998,8
Collins,3872285,22
Bailey,3872285,19
Nan,3872285,6
Christine,3872285,17
Travers,3872285,19
Lowry,3872285,6
Norman,3872285,14
Talman,3872285,20
Tse,6484015,11
Fung,6484015,23
Lee,6484015,9
Arthur,7225213,15
Piscis,7225213,21
Beth,7225213,5
Martin,7225213,6
Eagleton,7225213,12
Wiles,7225213,12
Lorna,7225213,6
Podorov,7225213,21
Beaufort,25965217,0
Crowley,25965217,0
Kennedy,25965217,17
Stroud,25965217,19
Coulter,25965217,10
Lincoln,25965217,17
Gibbons,25965217,6
Rachel,25965217,16
Reilly,25965217,23
Pinkerton,25965217,8
Alsop,25965217,23
Jeffers,25965217,17
Ravi,12669668,17
Nita,12669668,17
Vikram,12669668,3
Melmoth,5297163,13
Mary,5297163,21
D.,5297163,9
Ambrose,5297163,3
speak,5297163,6
Sanjana,32977486,13
Shanaya,32977486,3
Dhanraj,32977486,9
Kejal,32977486,1
Agoo,32977486,21
Murphy,32267636,14
Taylor,32267636,15
Jason,32267636,17
Beverly,32267636,18
Bill,32267636,16
Taj,32267636,24
Jones,32267636,12
Akmed,32267636,18
Najah,32267636,24
Desir,32267636,3
Owens,32267636,4
Holdren,3549468,11
Tobor,3549468,22
Kate,34100268,4
Marianne,34100268,17
Duncan,34100268,19
Rosa,34100268,1
John,34100268,17
Moomintroll,26969495,3
Snork,26969495,15
Jimmy,711970,3
Smith,711970,12
Millie,711970,3
Dorothy,711970,3
Graydon,711970,6
Flannary,711970,5
Dillmount,711970,4
James,711970,10
Ho,711970,4
Foo,711970,6
Meers,711970,3
Brown,711970,15
dart,711970,10
Hossmere,711970,0
McAllister,19299353,5
Harry,3511101,3
Fred,3511101,13
Banks,3511101,13
Romero,3511101,22
Angie,3511101,13
Tony,3511101,23
Darlene,3511101,13
Vahanian,3511101,14
Avalon,3511101,0
Nilsson,3511101,23
Preminger,3511101,7
Geetha,32408836,18
Kalimulla,32408836,3
Dharman,32408836,23
J.K.,32408836,6
Akhila,32408836,6
Ambikaratnam,32408836,1
Varma,32408836,3
Sidhardha,32408836,21
Aly,9061009,23
Ramona,9061009,19
Omar,32718826,6
Hassan,32718826,10
McLeod,32718826,17
Paul,21529047,3
Maureen,21529047,8
Carter,21529047,9
Michael,21529047,13
Aubrey,21529047,12
Jimmy,21529047,2
Mary,21529047,16
Lennon,21529047,20
James,21529047,12
Harry,210151,6
Tom,210151,3
Nick,210151,17
Lonsdale,210151,16
Barry,210151,3
Breaker,210151,16
Eddy,210151,3
Gary,210151,6
Chris,210151,3
Shudras,34785727,16
Rishi,34785727,1
Hale,8073502,9
Abby,8073502,12
Swanson,8073502,17
Garth,8073502,3
Holden,8073502,4
Bonnie,35800169,6
Guy,35800169,17
Jefferson,35800169,8
Parker,35800169,20
Darrow,35800169,12
Steel,35800169,17
Chuck,35800169,8
Duke,35800169,17
Tuggle,1811784,14
Andrews,1811784,22
Tolman,1811784,16
Melanie,1811784,16
Frank,1811784,24
Fandango,1811784,15
Thompson,1811784,20
Angie,1811784,23
Danny,33612606,17
Mckenzie,33612606,2
Sharon,33612606,17
Blair,33612606,17
Jen,33612606,17
Niwas,34191167,9
Patekar,34191167,5
Rajaram,34191167,14
Kumar,7832924,3
Vijay,7832924,16
Collins,12835632,18
Johnson,12835632,16
Betty,12835632,2
Tashlin,12835632,24
O'Brien,12835632,0
Burke,5883755,22
Zakir,5064685,24
Vaddi,5064685,18
Kalidas,5064685,13
Raja,5064685,14
Vishwanathan,5064685,13
Rajaraman,5064685,13
Margabandhu,5064685,13
Janaki,5064685,1
Strangler,7660132,13
Rankin,7660132,7
Styles,7660132,4
Galaburri,5600552,13
Rufo,5600552,21
Guevara,5600552,6
Valent,5600552,13
Leticia,5600552,3
Nirmala,8860361,10
Chander,8860361,3
Johnny,8860361,12
Jhangiani,8860361,5
Khan,8860361,10
Garima,8860361,17
Isolde,11316134,3
MacCracken,11316134,6
Augie,11316134,6
Novick,11316134,16
Estelle,11316134,6
Poole,11316134,1
Pepper,11316134,1
Alice,11316134,6
Dick,11316134,6
Jennifer,19890229,2
Pryce,19890229,21
Morris,19890229,0
Gable,19890229,0
Hartman,19890229,20
Morgan,19890229,7
Randall,19890229,0
Meg,19890229,6
Finbar,1934127,6
Molly,1934127,2
Ann,1934127,9
McMullen,1934127,5
Audrey,1934127,11
Barry,1934127,6
Mulcahy,1934127,3
Susan,1934127,6
Pat,1934127,14
O'Shaughnessy,1934127,2
Leslie,1934127,17
Ullman,7023734,3
Doomtrooper,7023734,17
Jean-Claude,7023734,17
Lewis,7023734,3
Johnson,7023734,3
Martinet,7023734,23
Papadakis,7023734,3
Jones,7023734,23
Malloy,7023734,3
Jean-Michele,7023734,7
Carmichael,7023734,20
Potter,7023734,17
Reinhardt,7023734,10
Takeko,12108366,3
Jade,12108366,14
Rawlins,146077,1
Basie,146077,4
Jim,146077,3
Nagata,146077,0
Graham,146077,21
Arthur,2804661,22
Homer,2804661,21
Worthington,2804661,6
Rose,2804661,1
Wells,2804661,0
Larch,2804661,16
Wally,2804661,23
Natalia,9390791,6
Cavour,36291706,10
Jeremy,36291706,1
Martin,36291706,22
Jhilmil,27817644,17
Ghosh,27817644,19
Johnson,27817644,3
Barfi,27817644,24
Shruti,27817644,21
Chatterjee,27817644,20
Gwen,12765279,12
Vernon,12765279,1
Marty,12765279,24
Julie,12765279,13
Hayden,8175422,13
Rex,8175422,18
Knight,8175422,9
Brown,8175422,9
Ally,8175422,1
Sassafras,9895860,8
Lou,9895860,11
Bonnie,1328216,17
Rick,1328216,22
Steve,1328216,24
David,1328216,23
Anis,7451665,16
Ragab,7451665,16
Beal,2877584,11
Irene,2877584,21
Lodge,2877584,10
Margit,2877584,6
Charles,2877584,6
Waldo,2877584,0
Agnew,2877584,12
Rama,28868705,15
Bros,28868705,16
Williams,5083033,6
Smooth,5083033,8
Sally,5083033,13
Albany,5083033,9
Brennan,27998686,18
Ives,27998686,9
Wallace,27998686,11
Ettinger,27998686,10
Connors,4282271,7
Rawlings,4282271,22
Akarenger,30775964,6
Marvelous,30775964,6
Satoru,30775964,2
Amachi,30775964,5
Moune,30775964,4
Oume,30775964,1
Ahim,30775964,20
Barizorg,30775964,8
Hyde,30775964,20
Red,30775964,3
Galleon,30775964,1
Akashi,30775964,2
yama,30775964,6
Kaijo,30775964,15
Navi,30775964,18
Knight,30775964,1
Kodou,30775964,8
Box,30775964,4
Eri,30775964,20
Doc,30775964,20
Gokaioh,30775964,19
Alata,30775964,13
Tani,30775964,6
Dynaman,30775964,1
Gill,30775964,1
Brajira,30775964,1
Sentai,30775964,16
Ryo,30775964,2
Great,30775964,18
Idriss,35196086,12
Akechi,25989167,3
Rampo,25989167,3
Shizuko,25989167,3
Akeshi,25989167,11
Deming,27210300,10
Nwandu,27210300,0
Raymond,27210300,16
Kathy,6352734,3
Dayton,6352734,1
Rachael,6352734,24
Farwell,6352734,3
Victor,6352734,17
Jerry,6352734,22
Tarantino,6352734,1
Rachel,6352734,17
Carroll,6352734,18
Professor,6352734,6
Alice,6352734,3
Dorsey,5977710,24
Armhole,5977710,21
Lance,5977710,6
Claire,5977710,6
Barton,5977710,16
Davis,5977710,22
Mol-Unit,4542637,5
Nozumu,4542637,22
Ozora,4542637,0
Mirai,4542637,23
Hiroshi,4542637,5
Machinegal,4542637,13
Douglas,2926668,24
Weatherby,2926668,3
Zack,2926668,10
Marsh,2926668,18
Helena,2926668,17
Howey,2926668,7
Bayman,2926668,17
Hayate,2926668,4
Max,2926668,19
Tina,2926668,0
Bass,2926668,23
Donovan,2926668,3
Leon,2926668,10
Michael,30891336,21
Venu,30891336,15
Maravathoor,30891336,3
Chandy,30891336,21
Unni,30891336,23
Mary,30891336,2
Maruthu,30891336,5
Calahari,22308889,24
Johnston,22308889,21
Smith,22308889,6
Usher,22308889,23
Lakshmi,30623977,2
Naidu,30623977,2
Gabbar,30623977,23
Singh,30623977,3
Siddhappa,30623977,17
Balachandran,33830782,3
Lakshmi,33830782,2
Panicker,33830782,2
Nair,33830782,16
Rajendran,33830782,6
Varma,33830782,9
Geeta,26675487,10
Sandhya,26675487,3
Chandu,26675487,14
Vijay,26675487,23
Louzier,1645598,14
Marlowe,1645598,3
Carmen,1645598,3
Jones,1645598,1
Sternwood,1645598,14
Rutledge,1645598,13
Mona,1645598,6
Canino,1645598,7
Mars,1645598,6
Agnes,1645598,23
Vivian,1645598,3
Geiger,1645598,18
Lundgren,1645598,24
Regan,1645598,5
Brody,1645598,6
Marian,7643463,6
Lee,7643463,20
Jimmy,7643463,20
Shuko,7643463,4
Billy,7643463,20
Worth,3557194,7
Dix,3557194,0
Cawdor,3557194,4
Michael,5746917,21
Rae,5746917,16
Jelks,28240999,10
Baker,28240999,22
Briggs,28240999,6
Clandon,28240999,8
Barnardo,28240999,13
Mary,28240999,9
Terry,28240999,24
Jim,28240999,6
Doris,28240999,24
O'Mulvaney,28240999,12
Geoffrey,28240999,6
Hampstead,28240999,19
Brady,14655668,13
Mary,14655668,13
Graham,14655668,21
Galloway,14655668,14
Carlo,76627,12
Malfit,76627,13
Walton,76627,13
Thong,12689587,14
Clark,12689587,6
Thammarak,12689587,6
Sargeant,12384049,16
Claire,12384049,23
Weaver,12384049,24
Calvert,12384049,16
Gore,12384049,23
Rita,11335015,21
Sharma,11335015,7
Amar,11335015,3
Margarette,11335015,4
Mansi,11335015,6
White,28557670,5
Ray,28557670,5
Carter,28557670,10
Davie,28557670,10
Enid,28557670,21
Jesco,28557670,3
Presley,28557670,9
Jordan,1405466,3
Giles,1405466,24
Miriam,12509757,1
Emily,12509757,13
Victor,12509757,23
Joe,12509757,3
Belmont,12509757,7
Darrow,12509757,7
Buckley,31941863,17
Silver,31941863,10
Matheson,31941863,6
Bestwick,16782047,18
Johnoe,16782047,7
Oliveira,33370239,9
Garcia,1705452,15
Gomez,1705452,6
Cyclona,1705452,6
Arthur,34639978,9
Brand,34639978,18
Oliver,34639978,9
Higgins,34639978,18
Cecil,34639978,3
Dymba,23633579,6
Maksim,23633579,14
Sullivan,27863892,11
Emerson,27863892,24
Dale,27863892,3
Robertson,27863892,13
Tuld,27863892,17
Cohen,27863892,23
Bregman,27863892,20
Rogers,27863892,3
Reynaldo,24668730,17
butler,24668730,16
Capulina,24668730,13
Viruta,24668730,3
Gloria,24668730,6
Caritino,24668730,24
Cleave,8042486,12
Elsie,8042486,21
Cleve,8042486,7
Evans,8042486,19
Mansfield,8042486,22
Harrington,8042486,24
Hammerdingle,8042486,15
Eddie,8042486,6
Winthrop,8042486,15
Hubert,20952950,3
Palmer,20952950,23
Daisy,20952950,3
Flynn,20952950,4
Geraldo,20952950,17
Matt,20952950,2
Conchita,20952950,6
Spratt,20952950,6
Wilmot,20952950,9
Pius,20952950,6
Marietta,20952950,13
Cain,22606928,15
Florette,1047447,6
Manon,1047447,21
Soubeyran,1047447,13
Delphine,1047447,16
Jean,1047447,2
Galinette,1047447,23
Bernard,1047447,8
Maggie,29636093,21
Vicky,29636093,21
Kanda,10068813,15
Renee,10068813,2
Craig,10068813,12
Scarff,24817139,16
Hadden,24817139,15
Schaffner,24817139,16
Fred,1323106,23
Billy,1323106,17
Katie,1323106,21
Katsuji,1323106,7
Forster,1323106,16
Futterman,1323106,3
Gizmo,1323106,24
Gremlin,1323106,14
Peltzer,1323106,22
Kate,1323106,17
Wing,1323106,7
Bloodstone,1323106,17
Glover,1323106,11
Catheter,1323106,17
Clamp,1323106,23
Chaplin,171058,11
Hayden,171058,0
Sennett,171058,12
Kelly,171058,1
Fairbanks,171058,14
Barry,171058,8
Bowie,25081906,9
Tadao,25081906,7
Chihuly,25081906,0
LeCavalier,25081906,8
Naranjo-Morse,25081906,24
Lichtenstein,25081906,5
Andreani,27215149,2
Carminatti,27215149,16
Jacqueline,27215149,15
Neagle,27215149,19
Marius,27215149,19
Wilcox,27215149,14
Lullaby,848685,7
Jones,5936873,6
Mistoffelees,5936873,5
Bombalurina,5936873,3
Munkustrap,5936873,3
Rama,24969779,2
Janaka,24969779,17
Kalyanam,24969779,22
cuatro,6587401,3
Kent,4186781,7
Tuttle,4186781,7
Mee,4186781,15
Wexler,4186781,0
Jr.,4186781,23
III,4186781,20
Nikitas,22770217,18
Lefteris,22770217,14
Lefteri,22770217,16
Martha,22770217,4
Turanchoks,15828705,15
Dessa,15828705,24
Ivanova,15828705,17
Lebedev,15828705,22
Weaver,23515670,22
Martin,23515670,19
Daniella,15114362,6
Keller,15114362,18
Vincent,15114362,15
Monti,15114362,16
Robbins,15114362,17
Stein,15114362,6
Eastman,15114362,13
Maxmilliam,15114362,17
Chakraborty,33032322,17
Avinash,33032322,2
Payne,7241577,3
Hooper,19703518,15
Perkins,19703518,1
Blake,32880348,12
Mark,32880348,4
Morley,32880348,4
Leslie,25165392,10
Perelman,9701398,3
Sandra,9701398,21
Ariel,9701398,3
Katie,24366494,3
Abrams,24366494,14
Fredrichs,24366494,21
Micah,24366494,3
Amber,24366494,3
Laeken,23576713,1
Leclerc,23576713,1
Pam,22050579,3
McCallister,22050579,2
Dinsmore,22050579,15
Jason,8039370,3
Erica,8039370,3
Tomas,8039370,21
Malek,8039370,21
Pablo,8039370,17
Mamba,8039370,4
Miguel,8039370,23
Lisa,8039370,2
Elena,8039370,3
Devereaux,239532,11
Jarr,239532,18
Cordoba,239532,24
Nicole,239532,13
Juanita,239532,21
Parra,239532,6
Dubois,239532,3
Picard,239532,9
Andr,239532,17
Granville,239532,7
Mich,239532,13
Spencer,1802864,7
Tenor,2051753,1
Bonnie,2051753,21
Cher,2051753,6
O'Reilly,2051753,9
Walt,2051753,21
Leno,2051753,20
Clyde,2051753,21
Bob,2051753,21
Kevin,22351106,6
Corban,22351106,4
Alexis,22351106,3
Darren,12969971,10
Gertz,12969971,11
Arun,34005323,3
Vishnu,34005323,17
Katherine,34005323,14
Booke,3947481,12
Wells,3947481,5
Tolson,3947481,9
Sr.,3947481,12
Fanny,8433150,10
Babu,25034749,10
Lingam,25034749,6
Nambeeshan,25034749,3
Indira,25034749,23
Chandran,25034749,12
Radhika,25034749,2
McFeely,20089025,22
Rogers,20089025,8
Newell,20089025,24
Jones,32967178,20
Grayson,32967178,9
Betty,32967178,4
Baxter,32967178,22
Wiest,5972799,12
Sullivan,534778,5
Cochran,534778,21
Barclay,534778,0
Tyler,534778,6
Ray,534778,24
Shelton,534778,17
DeSilva,534778,19
Chucky,534778,23
Whitehurst,534778,12
Andy,534778,17
Rollison,29254831,10
Gretton,29254831,19
Danny,7190451,6
Miller,7190451,6
Hayden,7190451,19
Corwin,7190451,9
Valerie,7190451,4
Spicer,7190451,22
Jennings,7190451,13
Dani,7190451,4
Julia,17884084,20
Diane,2190622,24
Bunker,2190622,17
Mosley,2190622,3
Nugent,2190622,17
Piaf,10249080,13
Titine,10249080,19
Cerdan,10249080,5
Lepl,10249080,17
Asso,10249080,23
mone,10249080,14
Marcelle,10249080,6
Stevens,3652063,5
Danielle,3652063,5
Baxter,3652063,17
George,3227001,3
Geef,3227001,3
Columbus,3227001,9
Shetty,11481973,20
Chandu,11481973,14
Sharma,11481973,10
Gopichand,11481973,14
Lucy,8057286,4
Peter,8057286,4
Marvin,8057286,4
Alden,18510429,16
Mary,18510429,20
Beekman,18510429,13
Compson,18510429,11
Ken,18510429,12
Reilly,18510429,9
Lee,12994797,12
Karcher,7483011,20
Richards,7483011,18
Lisa,7483011,10
Debbie,7483011,2
Tracey,12976768,17
Sylvia,12976768,6
Robertson,12976768,24
Westlake,12976768,7
Gordon,1847229,22
Schultz,1847229,18
Ellsworth,1847229,4
Clair,1847229,22
Hughes,1847229,19
Luciano,1847229,14
Johnson,1847229,3
Dewey,1847229,18
Anberber,21884311,6
Nico,4369095,6
Dani,4369095,3
Min-Joon,9766869,2
Heiden,9766869,2
Jeeva,6809638,6
Madhavan,6809638,6
Hariharan,6809638,4
Yamuna,6809638,6
Lily,24470766,2
Laura,5600651,9
Angelo,5600651,6
rez,5600651,21
Elena,5600651,19
Tibbs,8114429,6
Ed,8114429,16
Judy,8114429,21
Doris,8114429,3
Donald,17064258,17
Stan,17064258,13
Baines,17064258,3
Christopher,17064258,21
Artemyev,24378824,19
Yulia,24378824,19
Andrei,24378824,0
Tarkovskaya,24378824,16
Stas,24378824,0
Kar-wai,24378824,9
Tarkovsky,24378824,15
Reil,32999017,13
Starbuck,32999017,4
Sendar,32999017,4
Chandler,32999017,15
Omar,32999017,3
Id-Din,32999017,10
Takashimadaira,2075601,0
Mikiko,2075601,23
III,2075601,11
Khurram,3254614,21
Bano,3254614,4
Jahan,3254614,13
Khan,3254614,13
Jahangir,3254614,2
Begum,3254614,5
Mahal,3254614,3
Arjumand,3254614,16
Dalida,26653235,8
Morisse,26653235,19
Dalila,26653235,3
Bowen,7224803,14
Templeton,7224803,20
Pete,7224803,12
Sheriff,7224803,6
Hamilton,7224803,17
Deni,7224803,7
Price,453830,18
Little,453830,11
Kimberly,1594408,2
Yara,1594408,4
Justin,1594408,6
Maligore,1594408,10
Hart,1594408,3
Zordon,1594408,13
Jason,1594408,23
Elgar,1594408,9
Larigot,1594408,4
Kat,1594408,4
Tanya,1594408,4
Kim,1594408,1
Tommy,1594408,4
Adam,1594408,2
Batel,1594408,4
Gale,359571,6
Bloom,359571,2
Harraway,359571,4
Wright,359571,13
Kimberly,3488543,3
Matthew,3488543,3
Bess,3488543,8
Martha,3488543,10
Chester,3488543,6
Cook,25588092,19
Hare,25588092,20
Warren,25588092,0
Alice,25588092,14
Williams,35011257,19
Boop,28207356,23
Bimbo,28207356,3
Ray,14718396,21
Bishop,14718396,20
Endra,14718396,14
Julie,14718396,23
Rook,14718396,20
Vern,87983,17
Lachance,87983,21
Hogan,87983,12
Denny,87983,20
Desjardins,87983,11
Chambers,87983,17
Teddy,87983,18
Brower,87983,18
Duchamp,87983,5
Gordie,87983,23
Pressman,87983,22
Tessio,87983,14
Chalam,10125157,20
Sommai,10125157,3
Khan,10125157,14
Thanu,10125157,4
Kani,16362240,19
Marimuthu,16362240,12
Karungali,16362240,19
Lingam,16362240,15
Theru,16362240,16
Jyothi,16362240,13
Petrocelli,25829108,14
Tremaine,19215615,16
Slocum,19215615,2
Jess,19215615,2
Neville,19215615,4
Jim,19215615,6
Patrice,33335392,17
Silva,33335392,24
Mallory,33335392,2
Tanner,33335392,0
Bond,33335392,17
Kincade,33335392,19
Paul,1126385,15
Connie,1126385,3
Martel,1126385,3
Sumner,1126385,18
Charlie,1126385,20
Edward,1126385,3
Khayyam,1126385,10
Gilpin,20819304,11
Gunsaulus,20819304,19
Brisbane,20819304,1
Chun,8419530,17
Juhn,8419530,3
Danny,8419530,23
Kyuc,8419530,23
Lee,8419530,13
Hee,8419530,6
Kim,8419530,6
Kevin,8419530,2
Park,8419530,13
Roberts,26982554,1
Taylor,26982554,19
Sharpay,26982554,6
Evans,26982554,22
Elliston,26982554,10
Lee,26982554,9
Samms,26982554,19
Adams,26982554,6
Peyton,26982554,6
Emilie,27754718,23
Topthorn,27754718,16
Narracott,27754718,22
Gunther,27754718,20
Friedrich,27754718,22
Joey,27754718,3
Ted,27754718,4
Michael,27754718,20
Rose,27754718,6
David,27754718,15
Andrew,27754718,21
Pieter,27754718,11
Colin,27754718,4
Easton,27754718,17
Nicholls,27754718,4
Fry,27754718,20
Tom,11488359,4
Jerry,11488359,3
Taylor,31092702,8
Lilly,31092702,10
Lawrence,31092702,11
McKinley,31092702,2
Herbish,31092702,20
Basanti,22572873,22
Devi,8718670,7
Soham,8718670,11
Babaji,8718670,9
Shwetambari,8718670,3
Archie,308898,3
Otto,308898,3
Pile,308898,9
Leach,308898,1
Gershwitz,308898,18
George,308898,21
Wanda,308898,23
West,308898,7
Thomason,308898,14
Ken,308898,13
Felix,24386991,6
Clara,24386991,6
Ameer,24386991,6
Joseph,24386991,10
Amir,24386991,8
Kester,2580131,24
Perkins,2580131,10
Terry,2580131,23
Vance,2580131,24
Helga,2580131,12
Langer,2580131,24
Guangsheng,15844986,3
Mardulak,7413271,12
Javier,3931502,3
Mendez,3931502,2
Devon,3931502,10
Denise,3931502,19
Marovingian,3931502,7
Michael,3931502,11
Anderson,3931502,11
Tanya,3931502,21
Dylan,3931502,6
Kiana,3931502,23
Welch,3931502,7
Calveretti,3931502,13
Larabee,3931502,21
Akeelah,3931502,3
Tellier,32854372,9
Laura,32854372,6
Masson,32854372,3
Joiner,32922108,6
Steele,32922108,17
Nadine,32922108,21
Gorrigan,32922108,4
Clanton,32922108,17
Donna,23836054,7
Chris,23836054,6
Nolan,23836054,15
Holly,23836054,3
Belushi,3419072,21
Secundus,3419072,6
Sonia,3419072,6
Murray,3419072,10
Tommy,3419072,6
Daisy,36329272,3
Henk,36329272,3
Ratu,36329272,9
Bob,36329272,22
Estelle,734419,4
Wolf,734419,13
Stefan,734419,16
Saxena,12737417,18
Karan,12737417,3
Shanker,12737417,15
Singh,12737417,17
Babloo,12737417,24
Natalie,18538183,21
Laura,23258338,3
Al,23258338,22
Tom,23258338,3
Lee,23258338,17
John,23258338,8
Henry,35629358,21
Deimata,35629358,4
Dean,35629358,17
Saddie,35629358,4
Skylar,35629358,13
Hugo,34515864,24
Valjean,34515864,6
Bienvenu,34515864,15
Marius,34515864,3
Heather,2580403,3
Klein,2580403,20
Michelle,2580403,3
Jessica,2580403,12
Nadia,2580403,3
Levenstein,2580403,19
Owen,2580403,20
Flaherty,2580403,15
Finch,2580403,3
Vicky,2580403,13
Kevin,2580403,3
Myers,2580403,23
Ostreicher,2580403,9
Stifler,2580403,3
Jim,2580403,3
Joe,35806052,2
Didi,35806052,23
Mel,35806052,14
Jacoba,23290339,15
Junior,23290339,2
Mundo,23290339,7
Evangeline,23290339,9
Burto,23290339,4
Ketong,23290339,17
Cesar,23290339,3
Kuala,23290339,3
Blanco,23290339,22
Sreenath,5908214,21
O'Hanlan,2261864,21
Bannister,2261864,3
Sullivan,2261864,20
Harley,2261864,21
Jenny,2261864,16
John,2261864,3
Mohei,7348608,3
Ishun,7348608,6
Sheela,21176707,2
Patwardhan,21176707,24
Insp,21176707,5
Randhawa,21176707,18
Stethem,12246065,9
Derickson,12246065,16
Castro,12246065,18
Andrew,24180195,0
McCloud,24180195,15
D.,24180195,21
Smith,24180195,15
Katie,4030302,11
Grombeck,4030302,19
Armstrong,4030302,18
Hartwin,4030302,15
Russell,4030302,11
Catherine,25896358,12
Charlie,25896358,1
Rasheen,25896358,21
Annie,25896358,5
Juan,24402423,3
Eileen,24402423,3
Steve,24402423,16
Batemen,24402423,3
Nebraska,9974516,24
Halsy,9974516,14
Rita,9974516,20
Knox,9974516,5
Fauss,9974516,14
Andreotti,17578623,10
Chiesa,17578623,20
Calvi,17578623,18
Moro,17578623,5
Roberta,11792000,21
Rosanna,11792000,3
Carlo,11792000,13
Maddalena,11792000,21
Caremoli,11792000,21
Lascelles,354122,14
Frank,354122,3
Lee,354122,16
Hunter,354122,0
Barton,354122,14
Billy,354122,23
Gardner,354122,20
Mowgli,354122,3
McCann,354122,17
Jack,354122,14
Capa,354122,9
Dunne,354122,21
Les,354122,17
Robinson,354122,6
Archy,354122,3
Hopkins,354122,12
Boggis,3112909,15
Fox,3112909,21
Bunce,3112909,14
Bean,3112909,15
Kylie,3112909,23
Opposum,3112909,9
Vurma,2236468,8
Anamika,2236468,13
Singh,2236468,18
Chang,2236468,5
Prajapati,6764111,3
Aaliya,6764111,1
God,6764111,6
Khanna,6764111,14
Jecko,28960054,2
Bottenberg,28960054,22
Figg,2469205,24
Watson,2469205,7
Emily,2469205,6
Calvin,2469205,23
Tycho,2469205,4
Wheeler,2469205,3
Price,2469205,1
Deniz,30277350,9
Buffett,12766436,12
Asakawa,21081563,21
Takayama,21081563,17
Neboj,5885921,13
Dragica,5885921,2
Jelena,5885921,6
Dragoljub,5885921,1
Ms.,18372339,14
Pandit,18372339,22
Sudha,18372339,2
Kaul,18372339,1
Saxena,18372339,19
Anita,18372339,4
Sharma,18372339,10
Afghani,18372339,6
Neha,18372339,4
Rabhani,18372339,11
Juliet,8987889,19
Wekselbaum,8987889,15
Ryerson,8987889,21
Earl,8987889,24
Hefner,8987889,3
Doyle,8987889,8
Lumbly,8987889,3
Prep,8987889,20
Ben,8987889,6
Heston,8987889,0
Hal,8987889,3
Montgomery,1365310,9
Hugo,1365310,24
Retz,1365310,3
Gagin,1365310,3
Raja,9005101,21
Rai,9005101,19
Shankar,9005101,21
Suraj,9005101,21
Anjali,9005101,21
Chhaya,9005101,1
Aravindan,29050251,24
Butch,6811437,3
Tom,6811437,3
Jerry,6811437,3
Mammy,6811437,3
Svankmajer,18736817,22
Schultz,62689,4
Wagner,62689,7
Garbitsch,62689,8
Napaloni,62689,5
Osterlich,62689,9
Michael,62689,16
Tomainia,62689,21
Hynkel,62689,14
Hannah,62689,3
Amat,12381664,13
Kane,2467316,24
Saro,20167791,21
Burgio,20167791,23
Vito,20167791,20
Kim,34815391,3
Bhanu,15897270,12
Anu,15897270,1
Siva,15897270,12
Lucy,5429993,12
Tyler,5429993,3
Gordon,5429993,13
Carter,5429993,11
Clark,5429993,2
Andrew,5429993,15
Skinny,5429993,15
Brett,5429993,19
Gage,5429993,10
Nora,5429993,3
Farley,21433950,11
Haskell,21433950,4
Ellen,21433950,16
Addison,21433950,13
Clark,21433950,22
Mann,21433950,12
Frank,21433950,3
Rassett,21433950,19
Tommy,21433950,23
Rogers,21433950,17
Williams,15888885,2
Band,15888885,18
Geraldine,15888885,7
Wilson,15888885,3
Clark,15888885,20
McGuire,15888885,19
Earle,15888885,24
Washington,15888885,16
Zandt,15888885,9
Bell,15888885,13
Dennis,592766,12
Vaitkus,592766,9
Bartel,592766,1
Adcox,592766,17
McCaffrey,592766,2
Stephen,592766,23
Krizminski,592766,15
Swayzak,592766,14
Rimgale,592766,16
Helen,592766,23
Brian,592766,13
Sean,592766,8
Dev,27253748,18
Dileep,27253748,12
Sivankutty,27253748,22
Bhaskaran,27253748,4
Karishma,27253748,3
Mohanlal,27253748,20
Rommel,5668453,16
Farid,5668453,7
Mouche,5668453,3
Schwegler,5668453,4
Sebastiano,5668453,19
Bramble,5668453,6
Taylor,7276753,11
Lobo,7276753,15
Naschy,7276753,4
Jekyll,7276753,9
Decker,10202962,9
Bailey,10202962,17
Alfafa,19408705,16
Lawrence,19408705,6
Darbus,3463364,6
Sharpay,3463364,11
Nielson,3463364,3
Bolton,3463364,20
McKessie,3463364,22
Evans,3463364,13
Chad,3463364,6
Gabriella,3463364,3
Danforth,3463364,4
Troy,3463364,6
Miller,8102390,6
Gordon,8102390,13
Morrison,8102390,6
Clarence,8102390,16
Temple,8102390,2
Martha,8102390,9
Benny,8102390,17
Joyce,8102390,22
Tom,10513672,3
Jerry,10513672,17
Spike,10513672,6
Mouse,10513672,12
Katie,33895400,21
Brendan,33895400,5
Rory,33895400,12
Sheamy,33895400,3
Melizza,3803362,15
Daisy,3803362,3
Sordi,3803362,16
Max,3803362,6
Donna,3803362,6
Angelica,1518575,3
Stu,1518575,5
Yamaguchi,1518575,4
Lou,1518575,7
Halliwell,1518575,11
Spike,1518575,16
Pickles,1518575,0
Chaz,1518575,21
Robosnail,1518575,17
Watanabe,1518575,19
Claude,1518575,12
Finster,1518575,23
Phil,1518575,24
Kira,1518575,6
Lulu,1518575,13
Vinay,6963236,2
Neelima,6963236,2
Singh,6963236,0
Prithvi,6963236,4
Vikram,6963236,8
Jackson,13393290,9
Marshall,13393290,9
Avery,13393290,9
Lily,13393290,15
Ramona,13393290,10
Casey,13393290,22
Genevieve,18634533,22
Justin,18634533,7
Pruit,18634533,6
Frankie,18634533,21
Gharjode,25549734,16
Chand,25549734,14
Hoshiyar,25549734,21
Noir,14603950,24
Merryweather,14603950,9
Benjamin,14603950,6
Maria,14603950,3
Loveday,14603950,0
Heliotrope,14603950,5
Robin,14603950,3
Digweed,14603950,1
Henry,10332120,5
Arthur,10332120,3
Stevenson,10332120,1
Susan,10332120,24
Manolo,10332120,4
Foster,10332120,4
II,8864659,17
Gwynplaine,8864659,3
Josiana,8864659,14
Anne,8864659,5
Hardquannone,8864659,4
Rick,13309790,14
Leyton,13309790,20
Brownell,13309790,15
Lee,13309790,24
Ezekiel,9742232,8
Grimm,9742232,21
Simms,5579768,1
Eyre,5579768,17
Jake,5579768,6
Hobbs,5579768,21
Savage,5579768,11
Bob,5579768,6
Bookin,5579768,5
Lewis,5579768,4
Joe,5579768,12
Drew,5579768,3
Brown,5579768,5
rob,5579768,5
Rumsey,5579768,11
Clifford,4923868,6
Al,4923868,6
Webster,4923868,10
Sonora,4923868,21
Carver,4923868,17
Marie,4923868,3
Doc,4923868,3
Whitforth,19205177,16
Ryder,19205177,21
Cragg,19205177,12
Joshua,11637110,3
Lilly,11637110,3
Cairn,11637110,9
Betsy,11637110,2
Matthews,11637110,10
Abby,11637110,6
Brad,11637110,3
Ned,11637110,13
Lanyan,28368552,17
Zhen,28368552,22
Juan,3829690,24
Quintero,3829690,14
Pablo,3829690,6
Tina,3829690,21
Ada,3829690,20
Sean,26069199,15
Casey,26069199,13
Rojas,1524536,18
Kazim,1524536,20
Tuareg,1524536,18
Tombs,1524536,11
Pitt,1524536,5
Sandecker,1524536,21
Dirk,1524536,24
Hopper,1524536,24
Massarde,1524536,6
Eva,1524536,4
Madibo,1524536,16
Jones,2489557,9
Cage,2489557,22
Sally,2489557,23
Salteen,2489557,2
Coughlin,2489557,4
Fergus,2489557,13
LeRoy,2489557,15
VII,11259713,17
Sharpe,11259713,6
Byrne,11259713,14
Napoleon,11259713,2
Harper,11259713,4
Hacha,11259713,24
Ducos,11259713,1
Matarife,11259713,10
Chinna,26625210,16
Lakshmi,26625210,2
Sammy,5344149,3
Mertle,5344149,7
Hayley,5344149,21
Johnnie,5344149,3
Goodfarier,5344149,7
David,5344149,6
Jam,5344149,23
Smalls,5344149,14
Goodfairer,5344149,3
Saul,5344149,3
Durango,5344149,9
Tarquell,5344149,5
Rodriguez,5344149,17
Benny,5344149,15
Jenny,5344149,16
Tyler,14728039,2
Stafford-Smith,14728039,12
Simpson,14728039,6
Belinda,14728039,21
Drew,14728039,17
Marty,14728039,2
Milo,16493989,3
Carter,16493989,4
Hall,16493989,20
March,16493989,22
Noubar,21776050,10
Nahapet,21776050,13
Apro,21776050,12
Patan,161874,0
Angela,161874,21
Cefal,161874,16
Rosalia,161874,14
Ferdinando,161874,1
Carmelo,161874,2
Blake,4501615,17
Loring,4501615,13
Harold,4501615,17
Perry,4501615,17
West,4501615,17
Judy,4501615,4
Helen,4501615,17
Nelson,4501615,3
Farrette,4227563,7
Mason,4227563,17
Simms,4227563,24
Rita,4227563,24
Jody,4227563,17
Ameson,4227563,17
Tucker,4227563,7
Cain,4227563,17
Angie,4227563,17
College,6987295,7
Ee,6987295,21
Lamerciere,22878411,3
Claude,22878411,6
Larnier,22878411,10
Patay,21260903,2
Valsone,21260903,23
Dietz,21260903,6
Sean,33638321,1
Eric,33638321,3
Deon,33638321,3
Pike,32995380,21
Ure,32995380,15
Deol,12261755,21
Nanhe,12261755,3
Singh,12261755,0
Geetha,5218383,17
Swapna,5218383,7
Vallavan,5218383,3
Blades,6478729,10
Maria,6478729,6
Carpenter,6478729,13
Margaret,6478729,3
Scott,6478729,3
Turner,6478729,6
Pete,6478729,17
Willke,6478729,3
Jenkins,6478729,12
Regina,6478729,14
Eldon,6478729,13
Graff,6478729,3
Gandhi,6478729,21
Zarco,12613369,22
Carlos,10707864,24
Nati,10707864,6
Einstein,10707864,6
Norma,10707864,21
Belvedere,10707864,5
Vicky,10707864,10
Nino,10707864,8
Blanco,10707864,9
Elizabeth,9815449,1
Peter,9815449,14
Catherine,9815449,21
Frederika,9815449,15
Orlov,9815449,1
Mickey,19299584,16
Farina,19299584,4
Jackie,19299584,16
Lonchakov,22759151,6
Chamitoff,22759151,4
Finke,22759151,13
Volkov,22759151,13
Fincke,22759151,14
Garriott,22759151,18
Tom,11631970,3
Jerry,11631970,3
Nira,31888284,2
Sammy,30221032,21
Ron,30221032,8
Claire,30221032,13
Syd,30221032,0
Pepe,710822,6
Saleo,710822,3
Lampwick,710822,10
Geppetto,710822,21
Volpe,710822,24
Lorenzini,710822,3
Pinocchio,710822,3
Felinet,710822,6
Leona,710822,17
Gavin,13086330,22
Lamb,13086330,7
Callis,23239491,21
Mitra,23239491,12
Blackman,23239491,8
Elizabeth,15441313,23
Bowlegs,15441313,22
Pinker,15441313,5
Jim,15441313,17
MacDougall,15441313,22
Mendoza,15441313,23
Hawkins,15441313,19
John,15441313,6
Roberta,14740284,5
Carrie,14740284,10
Shemp,14740284,7
Moe,14740284,21
Larry,14740284,23
Wright,14740284,0
Lenore,14740284,21
Tempest,25806977,13
O'Hara,25806977,15
Dukane,25806977,17
Grange,25806977,12
Lucia,24786271,13
Shayn,24786271,6
Nadine,24786271,21
Neumann,24786271,6
Anna,24786271,13
Han,24786271,1
Kemal,24786271,18
Zinos,24786271,6
Schuster,24786271,11
Po,20192551,18
Oogway,20192551,6
Crane,20192551,9
Fu,20192551,1
Ling,20192551,13
Shifu,20192551,6
DeSalvo,2217954,14
Francine,2217954,20
Laila,9683846,2
Anna,9683846,18
Chhainu,9683846,23
Romeo,9683846,3
Charlie,9683846,3
Mini,9683846,6
William,18762498,20
Crane,18762498,24
Ferraby,18762498,7
Isla,18762498,1
Lebanon,18762498,15
Erica,24482536,15
Sarah,24482536,6
Rose,24482536,1
David,24482536,7
Marcoux,26352592,18
Leda,26352592,1
Lateef,1985184,3
Rahmat,1985184,3
SOLTAN,1985184,6
Baran,1985184,6
Polo,15790575,7
Anindya,15790575,23
Aggarwal,15790575,7
Guha,15790575,8
Kumar,15790575,2
Bhowmick,15790575,19
Devi,15790575,5
Mitra,15790575,19
Pakrashi,15790575,13
Pakrasi,15790575,2
Bose,15790575,2
Shankar,15790575,14
Karabi,15790575,14
Sujata,15790575,14
Cash,32511701,1
Barr,32511701,6
Rodin,32511701,18
Reacher,32511701,6
Rosemary,32511701,21
Ernie,24576000,18
Prince,24576000,17
Xar,24576000,17
Vivianna,24576000,13
Gianbeno,24576000,13
Melenka,24576000,10
Fleshapoid,24576000,15
Engels,13362084,12
Mason,13362084,22
Victoria,13362084,23
Ditas,18626340,0
Rodel,18626340,14
Nyla,21174,16
Salazar,15599802,8
Martinez,15599802,8
Millie,15599802,8
Poole,15599802,24
Karew,2056480,3
Braddock,2056480,19
Kirgo,2056480,17
Lyons,2056480,10
Sutherland,2056480,17
Wally,2056480,12
Dave,2056480,3
Klaatu,73422,4
Bobby,73422,17
Carpenter,73422,7
Gort,73422,23
Wise,73422,8
Harley,73422,6
Robert,73422,8
Barnhardt,73422,6
Benson,73422,12
Stephens,73422,17
Helen,73422,3
Jaffe,73422,9
Spencer,8750529,7
Mondstrum,8750529,3
Kelly,8750529,9
Susan,8750529,5
Lenox,8750529,1
Ohlin,8750529,15
Keogh,5986686,8
Shack,5986686,4
Horn,5986686,1
Twala,5986686,5
Wilby,5986686,10
Niekerk,5986686,16
Rina,5986686,17
Barrett,27579935,9
Ryan,27579935,7
Cruise,27579935,9
Lynn,27579935,3
Rebecca,27579935,2
Celia,6500339,6
Grey,6500339,4
Clett,6500339,23
Davis,6500339,4
Chetan,29395410,4
Bhosle,29395410,12
Bhagat,29395410,3
Chauhan,29395410,6
Anthony,29395410,3
Gonsalves,29395410,1
Khushi,29395410,6
Dolly,29395410,10
Pascal,29395410,2
Ryan,13269529,3
Daisy,13269529,5
Petrov,20928705,19
Chaplin,2544108,11
Myona,26368892,11
Lenina,26368892,16
Gibbs,26368892,15
Heath,26368892,15
Hargreaves,16300437,7
Hamp,16300437,16
Grant,31093366,13
Crawford,31093366,24
Banwari,6267056,6
Bharadwaj,6267056,24
Sharma,6267056,9
Haribhai,6267056,6
Chachi,6267056,0
Jai,6267056,3
Walker,6267056,15
Jaiprakash,6267056,3
Laxmi,6267056,6
Rohit,6267056,14
Siraj,6267056,6
Durgaprasad,6267056,6
Janki,6267056,6
Joseph,6267056,10
Ratna,6267056,10
Chaplin,2543813,24
Skeffington,181329,21
Trellis,181329,0
Manby,181329,10
Mitchell,181329,15
Fanny,181329,3
Trippy,181329,22
Job,181329,20
Richard,26363908,7
Healy,26363908,13
Hayes,26363908,15
Gallagher,26363908,6
Warren,26363908,12
Kendricks,26363908,19
Grace,26363908,13
Mary,26363908,18
Yasmin,25098171,13
Munna,25098171,3
Shai,25098171,13
Arun,25098171,3
Noor,25098171,1
Barella,14272403,5
Rizzo,14272403,3
Christine,3641084,23
Betty,3641084,22
Ann,3641084,15
Simhadri,6116997,17
Naidu,6116997,3
Gangotri,6116997,4
Narasimha,6116997,23
Arthur,5195911,17
Dylan,5195911,4
Grogg,5195911,13
Agatha,5195911,13
Goodwin,5195911,6
Aneesa,5195911,12
Periwinkle,5195911,6
Gwen,5195911,24
Marnie,5195911,3
Ethan,5195911,12
Marvin,5195911,5
Hendron,5859950,17
Bronson,5859950,13
Stanton,5859950,6
Hansen,5859950,19
Ferris,5859950,6
Bellus,5859950,10
Drake,5859950,22
Fry,5859950,8
Randall,5859950,14
Toby,8922224,6
Millie,8922224,21
Ray,8922224,3
Han,8922224,17
Law,8922224,14
Pete,8922224,6
Cassie,8922224,6
Pancho,24950437,13
Pugsley,24950437,23
Addams,24950437,0
Kat,24950437,1
Louie,24950437,6
Lafferty,24950437,16
Gomez,24950437,24
Mikey,24950437,18
Weisser,26263414,11
Suwanna,4502702,10
Julian,33172490,12
Stanislas,12545016,23
dith,12545016,18
Bouquet,1908968,5
Molina,1908968,15
Mathieu,1908968,3
Conchita,1908968,6
Jeffery,8859517,4
Jeffrey,8859517,3
Down,8859517,22
Beale,8859517,9
Grayson,8859517,16
John,8859517,23
Magee,8859517,10
Jr.,8859517,10
Amanda,8859517,1
McNab,8859517,11
Beatrice,1269708,0
White,1269708,4
Gomelsky,1269708,10
Lindsay,1269708,9
Quinones,1269708,8
Jean,1269708,16
McDermott,1269708,9
Donald,20979326,17
Brocklebank,20979326,3
Mary,20979326,22
Nancy,20979326,2
James,20979326,3
Kharbanda,5177301,22
Chakraborty,5177301,22
Raj,5177301,9
Patil,5177301,12
Shrvastav,5177301,0
Pyarelal,5177301,1
Dutta,5177301,5
Hai,5177301,3
Choudhary,5177301,18
Roy,5177301,11
Ghulami,5177301,6
Pawan,5177301,0
Shah,5177301,22
George,168571,6
Simone,168571,24
Mortwell,168571,18
Bucky,1384107,6
Jr,1384107,23
Izzy,1384107,3
Minxie,1384107,3
Jenner,1384107,18
Taggart,1384107,23
Sr.,1384107,22
Jr.,1384107,17
Onassis,12551994,9
Monroe,12551994,9
Bucky,2283068,7
Shore,2283068,3
Kinison,2283068,9
Bigot,18458655,6
Sheng,18458655,6
Shadow,18458655,13
Jade,18458655,24
Lohan,18458655,17
Gupta,31744411,15
Franklin,31744411,23
Hanada,22795897,17
Kimie,22795897,21
Hinomura,22795897,5
Freeman,22795897,4
Koh,22795897,17
Rossi,22795897,9
Emu,22795897,3
Shimazaki,22795897,17
Netah,22795897,17
Maria,22799765,11
Hierro,22799765,15
Micky,33145555,24
Leon,33145555,19
Mary,33145555,9
Ellen,26107470,6
Clark,26107470,3
Doug,26107470,20
Rusty,26107470,15
Griswold,26107470,4
Zarro,4539981,12
Sardar,4539981,16
Lachhi,4539981,24
Basant,4539981,18
Khan,4539981,13
Mickey,4539981,9
Neha,4539981,21
Hind,35133703,17
Sami,35133703,21
Nesma,35133703,0
Shawqi,35133703,23
Nai-mou,28385931,13
Gok,28385931,22
Siu-dai,28385931,6
Yeung,28385931,17
Lau,28385931,0
Nishi,875637,3
Mori,875637,22
Moriyama,875637,6
Wada,875637,6
Furuya,875637,18
Iwabuchi,875637,0
Miura,875637,24
Shirai,875637,18
Katie,13172792,16
Nixon,13172792,7
Dooley,13172792,10
Albert,13172792,3
Flynn,13172792,10
Gregory,13172792,21
Jones,13172792,14
Charlie,13172792,24
Jimmy,13172792,23
Gorman,3048950,6
Nicholas,3048950,3
Phillips,3048950,18
Barbara,6779988,6
Tuttle,6779988,6
Phiffier,6779988,6
Quimby,6779988,14
Schulman,28273282,0
Megan,28273282,17
Vince,28273282,6
Nev,28273282,3
Abby,28273282,6
Angela,28273282,6
Ariel,28273282,24
Joost,28273282,12
Pierce,28273282,21
Willmore,28273282,21
Anna,25876137,21
Gorbachev,17110700,24
Emma,5823794,6
Suzi,5823794,20
Theresa,5823794,11
Bobby,5823794,15
Godfrey,5823794,7
Jones,5823794,6
Pete,5823794,6
Emmadel,5823794,21
Stanley,5823794,6
Barton,5823794,21
Winnifred,5823794,20
Sethna,11236137,12
Soli,11236137,21
Mistry,11236137,16
Massa,55447,11
Sidious,55447,22
Kenobi,55447,1
Amidala,55447,8
Luke,55447,15
Vader,55447,4
Windu,55447,4
Obi-Wan,55447,17
Palpatine,55447,4
Skywalker,55447,4
Leia,55447,15
Anakin,55447,3
Dooku,55447,17
Padm,55447,16
Benjamin,2925896,2
Allen,2925896,20
Applezweig,2925896,24
Caruso,2925896,22
Freud,2925896,15
Jaffe,2925896,7
Chloe,2925896,5
Mondragon,2925896,12
Zuckerman,2925896,22
Barker,3866200,12
Segawa,3866200,0
Gale,3866200,9
Guyver,3866200,20
Reed,3866200,18
Lucy,2957178,19
Martin,2957178,8
Alice,2957178,1
David,2957178,15
Akton,3185702,17
Star,3185702,12
Elle,3185702,3
Thor,3185702,4
Ahn,3185702,4
Stella,3185702,4
Arn,3185702,4
Simon,3185702,23
Ae-ri,32357547,1
Krabs,5350083,14
Patrick,5350083,17
Gary,5350083,3
Mamasan,22608584,3
Harry,22608584,3
Yuko,22608584,4
Sammy,22608584,19
Jenna,22608584,22
Eszterhas,5040274,14
Magic,5040274,19
Jonas,5040274,20
Abner,22061565,6
Ludie,22061565,6
Lonzo,22061565,8
Meecham,22061565,0
Choat,22061565,3
Farina,19303143,12
Dylan,20985188,15
Elliot,20985188,6
Sing,7819641,10
Waeng,7819641,14
Amy,34086866,2
Rose,34086866,12
Aubrey,34086866,21
Beca,34086866,3
Chloe,34086866,21
Jesse,34086866,3
Logan,24456623,10
Delgado,16347105,16
Bryan,16347105,6
Dorsey,16347105,12
Celeste,16347105,19
Halgyord,16347105,7
Conroy,16347105,6
Mercier,16347105,12
Pressell,16347105,12
Alejandra,16347105,6
Bright,16347105,9
Zach,16347105,16
Jackie,16347105,13
Alex,16347105,3
Ellen,212981,14
Georgina,212981,2
Meredith,212981,6
Jos,212981,3
Jones,212981,21
Leamington,212981,21
James,212981,6
Georgy,212981,14
Sara,212981,4
Aarav,27635450,20
Rajveer,27635450,20
Anjali,27635450,12
Nikhil,27635450,6
O'Donnell,12447521,15
Rosie,12447521,13
Tuaolo,12447521,13
Gold,12447521,24
Akiko,31335395,1
Mamyia,31335395,2
Mamiya,31335395,23
Kazuo,31335395,16
Asuka,31335395,12
Hu,2121919,17
Gorosaurus,2121919,6
Mondo,2121919,3
Carl,2121919,3
Mechani-Kong,2121919,23
Susan,2121919,3
Nomura,2121919,23
Jiro,2121919,16
Nelson,2121919,6
Island,2121919,19
Watson,2121919,10
Baylor,190423,7
Rudy,190423,3
Keeley,190423,19
Ray,190423,22
Deck,190423,14
Lemanczyk,190423,10
Kelly,190423,6
Kipler,190423,9
Drummond,190423,7
Shifflet,190423,19
Cliff,190423,21
Riker,190423,17
Hale,190423,21
Birdsong,190423,12
Black,190423,23
Karthik,30505726,14
Victor,30505726,17
Saleem,30505726,14
Ashok,30505726,3
Kirikou,2772933,21
Torre,23133966,14
Frank,23133966,23
Jumna,5243087,4
Gungaram,5243087,14
Ganga,5243087,22
Dhanno,5243087,3
Divya,36225757,20
Don,36225757,4
Nazis,14900698,12
Corvall,14900698,16
Fostar,3564660,24
Wine,3564660,9
Motel,3564660,16
Balsam,3564660,22
Pizza,3564660,0
Lily,3564660,9
Youngdeungpo,2889618,9
Ilsan,2889618,15
Shiqiao,34860253,13
Qing,34860253,22
Wei,34860253,9
Ning,34860253,21
Jane,19484455,20
Dart,19484455,23
Keaton,14069661,11
Paley,4771583,7
Paley,14921966,20
Brosloe,14921966,21
Lenox,31715750,5
Saunders,31715750,16
Miller,9652376,9
Johnny,9652376,2
O'Hara,9652376,8
Casar,9652376,3
Reeves,9652376,13
Glen,13325838,5
Don,13325838,15
Winters,13325838,4
Larry,13325838,17
Hayman,13325838,9
Depardieu,16949662,21
Trintignant,16949662,5
Jeanne,16949662,6
Mary,1466210,5
Manchu,1466210,4
Avery,1466210,10
Nayland-Smith,1466210,20
Moe,14739468,23
Nora,14739468,17
Shemp,14739468,6
Larry,14739468,23
Temmink,3729760,17
Humphrey,33161016,16
Gandu,30994952,16
Jung,9990758,8
Pyeong,9990758,7
White,1918494,14
Barrenger,1918494,17
Black,1918494,15
Carla,1918494,22
Price,1918494,4
Hasan,22021525,0
Cynthia,24033849,10
Sharon,24033849,6
Pickett,24033849,6
Harris,24033849,20
Price,24033849,6
Karlin,24033849,18
Porter,24033849,21
Kofei,4306261,21
Ted,4306261,3
Hatton,89272,21
Abbie,89272,14
Rusty,89272,16
Surrett,89272,15
Lee,89272,15
Yancey,89272,23
Irving,89272,13
Babylon,89272,11
Cole,89272,22
Cook,1850265,6
Hazel,1850265,21
Flagg,1850265,13
Stone,1850265,15
Bantayan,22158933,17
Derwin,5203320,16
Derick,5203320,16
Newquist,6612569,20
Chamberlain,6612569,6
Dupas,6612569,19
Patsy,6612569,6
Alfred,6612569,0
Bruna,175693,4
Hall,175693,13
Dashiell,175693,17
Madonna,175693,11
Milo,32636880,5
Daly,32636880,23
Ashton,32636880,4
Maddie,32636880,20
Laughlin,19817565,22
Morales,22222683,22
Marshall,22222683,22
Jake,22222683,11
Singer,22222683,13
Julia,22222683,21
Jaitly,10394241,5
Oberoi,10394241,17
Arora,10394241,5
Fariweath,32873318,22
Fairweather,32873318,4
Bloodgood,32873318,15
Badger,32873318,22
Farley,23813404,9
Tierney,23813404,21
Mickey,9101484,0
Moe,8108210,23
Tahara,4628722,2
Tariq,4628722,1
Roisin,4628722,6
Rukhsana,4628722,2
Dinah,27081302,6
Bernice,27081302,1
Fletcher,27081302,24
Ingram,27081302,9
Andrew,27081302,1
Tom,27081302,6
Sheldon,27081302,1
Eckert,27081302,11
Dan,27081302,6
Lily,27081302,21
Wade,27081302,2
Tom,21660079,24
Bergman,21660079,11
Harry,11407598,22
Milo,2571294,16
Hrma,2571294,19
Freie,2571294,19
Zdeni,2571294,22
Hubi,2571294,7
Brian,24460727,3
Taylor,5315100,6
Pontius,5315100,20
Knoxville,5315100,15
Dunn,5315100,22
Jason,5315100,17
McGhehey,5315100,1
Lacy,5315100,1
Margera,5315100,3
Munn,20991880,18
Ian,20991880,15
Trevor,20991880,6
Kiwako,32496930,16
Erina,32496930,16
Ron,15522364,3
Stephanie,15522364,22
Matu,5377390,18
Rohini,5377390,21
Khan,5377390,6
Mhatre,5377390,17
Krishnamurthy,5377390,5
Bhua,5377390,22
Phatu,5377390,20
Wadhwani,5377390,20
Dhingra,5377390,21
Joshi,5377390,0
Bosco,24013428,21
Sadie,24013428,3
Fong,24013428,2
Buster,24013428,11
Tony,8048017,5
Jennifer,8048017,3
Anna,8048017,23
Vincent,8048017,6
Pang,8048017,3
Sherwood,8048017,21
Khastegi,24466233,6
Paton,29869821,2
Gavin,29869821,23
Hillary,32046760,11
Meredith,32046760,19
David,32046760,9
Burns,32046760,0
Arthur,12694069,17
Lancelot,12694069,8
King,12694069,17
Fay,12694069,18
Bors,12694069,9
Excalibur,12694069,21
Galahad,12694069,22
Bonnie,1213838,21
Woody,1213838,3
Daisy,1213838,23
Lotso,1213838,17
Head,1213838,2
Phillips,1213838,15
Jessie,1213838,24
Ken,1213838,4
Andy,1213838,6
Leo,8475503,11
Sam,8475503,21
Clara,8475503,2
Gus,8475503,1
Ben,8475503,15
Libby,8475503,19
Orlik,25760061,15
Utz,25760061,12
Jeffrey,172008,13
Michael,172008,8
Norma,172008,6
Besant,172008,6
Moore,172008,2
Stanley,172008,17
Gauthier,2525565,16
Spencer,2525565,12
Maria,2525565,19
Victor,2525565,21
Louise,2525565,21
rie,2525565,7
Nolan,3020547,19
O'Shea,3020547,9
Murray,3020547,24
Lenihan,3020547,8
Champa,13487382,2
Balasubramaniam,34257158,4
Ammu,34257158,4
Madhavan,34257158,16
Kitty,183855,12
Miss,183855,12
Scholastica,183855,9
Al,183855,0
Newman,183855,17
Luigi,183855,6
Potts,183855,6
Rossi,183855,3
Margaret,183855,6
Bob,183855,20
Blaine,183855,17
James,183855,12
Masen,183855,6
Marian,11546067,3
Elio,11546067,8
Daniel,11546067,6
Ignacio,11546067,0
Bego,11546067,21
Clemente,26088853,14
Hunter,13021625,7
Hoskins,13021625,12
Min,5541106,3
Choi,5541106,3
Franklin,8581781,6
Dielli,8581781,5
Solo,8581781,15
Jayathi,22016018,6
Balachander,22016018,0
Sowcar,22016018,6
Ganesan,22016018,21
Raghavan,22016018,13
Nagesh,22016018,15
Janaki,22016018,22
Gemini,22016018,6
Ganesh,17289389,11
Nag,17289389,19
Miller,2721095,21
Page,6910004,2
Brock,6910004,14
Max,6910004,4
Bering,6910004,16
Murphy,4442483,3
Isaac,12769985,5
Tony,12769985,20
Gabbar,12769985,5
Raj,12769985,4
Gohan,1012580,6
Frieza,1012580,4
Bardock,1012580,16
Kakarot,1012580,3
Sam,11763661,23
Ashton,11763661,0
Anna,11763661,23
Lewis,11763661,3
Veronica,11763661,6
Enrique,11763661,3
Hawk,30463556,19
Howard,23007411,12
Frank,23007411,6
Ida,23007411,21
Joseph,23007411,6
Eddie,23007411,14
Valentina,35450200,2
Moon,9441798,21
Ponsford,9441798,15
Baird,9441798,18
Clinton,9441798,18
Kasper,23541479,3
Karr,23541479,6
Vijay,9689254,1
Alikhan,9689254,18
Gouthami,9689254,0
Yuvarani,9689254,16
Ellis,8247632,21
Sarah,8247632,15
Elise,8247632,19
Saxena,11270245,4
Bharadwaj,11270245,3
Sabbarwal,11270245,12
Taj,11270245,3
Yash,11270245,6
Nair,11270245,12
Dhillon,11270245,11
Alam,11270245,6
Gaurav,11270245,3
Landreaux,28255978,17
Parker,28255978,6
Reigns,28255978,20
Matheson,28255978,21
Elizabeth,28255978,3
Schow,28255978,1
Max,28255978,3
Huston,28255978,11
Keller,28255978,17
Jenna,28255978,17
Kayla,28255978,11
Mayflower,28255978,9
Beaumont,28255978,13
Eleanor,28255978,4
Martin,33550853,17
Marco,33550853,16
Ganesha,31001536,6
Khan,31001536,16
Vandana,31001536,19
Ganesh,31001536,12
Mallika,31001536,13
Tagore,5871230,14
Ramana,5871230,20
Singh,5871230,5
Badrinaryana,5871230,21
Barbara,3202391,11
Linda,3202391,3
Gale,3202391,2
Martin,3202391,18
Jerry,3202391,19
Frank,3202391,13
Denise,3202391,7
Delgado,28696280,1
Stella,28696280,6
Olivia,28696280,21
Scott,28696280,7
Wen,28696280,21
Picket,28696280,21
Brenigan,28696280,21
Beech,28696280,18
Reznik,28696280,19
Charlie,28696280,21
Carter,20309658,22
Craigie,20309658,8
Rickey,20309658,6
Lee,20309658,9
Jimmy,20309658,23
Barstow,20309658,16
Johanna,20309658,4
Smith,20309658,11
Sarala,5303013,8
Rao,5303013,18
Johnson,5303013,21
Chettiar,5303013,5
Daddu,5303013,11
Haasan,5303013,24
Peter,3328278,23
Stoffe,3328278,3
Kenta,3328278,3
Eva,3328278,6
Tompa,3328278,21
Jojje,3328278,12
Quinn,27525441,11
Mabel,11453506,18
Sharda,15132754,13
Saxena,15132754,14
Raja,15132754,4
Johnny,15132754,5
Jhakha,15132754,19
Shekar,15132754,18
Guinn,2180118,12
Mary,2180118,16
Giordano,2180118,15
Campbell,2180118,18
Jaan,12690499,6
Malhotra,12690499,14
Kumar,5451230,18
Bhanupratap,5451230,20
Heera,5451230,14
Gauri,5451230,21
Singh,5451230,20
Thakur,5451230,13
Radha,5451230,2
Rekha,5451230,6
Vatsala,8103581,20
Vasudevan,8103581,2
Maran,8103581,10
Sam,19093155,14
Danyal,19093155,2
Roshan,19093155,11
Omar,19093155,21
Zilgai,19093155,16
Abraham,19093155,7
Sioffra,1987149,21
Sasha,1987149,3
Tatiana,1987149,6
Aishwarya,26013422,17
Ramanna,26013422,23
Shruthi,26013422,13
Arasu,26013422,21
Shreya,26013422,4
Urs,26013422,3
Darshn,26013422,18
Sruthi,26013422,23
Shivaraj,26013422,21
Karunakar,24838328,23
Malli,24838328,12
Chandu,24838328,6
Santosh,24838328,2
Sprague,18076983,1
Hart,18076983,10
Susan,18076983,3
Patsy,18076983,4
Gramps,18076983,2
Smith,18076983,23
Poole,18076983,6
Vidal,13638133,17
Gauthier,3453263,2
Burgers,3453263,17
Burdick,3453263,23
Sparrow,3453263,19
Howard,3453263,14
Gil,3453263,3
Padmanagham,3453263,2
Bannerman,3453263,17
Fabian,3453263,0
Harvey,3453263,3
Thayer,3453263,7
Tony,26025447,5
Debbie,26025447,3
Janie,2708426,14
Warner,2708426,15
Patch,2708426,17
Gallagher,2708426,10
Newton,2708426,3
Barlow,2708426,22
Maryanne,35537923,14
Jennifer,35537923,16
Aruna,11517618,2
Madhu,11517618,2
Veena,11517618,2
Shankarlal,11517618,17
Gupta,11517618,22
Parvati,11517618,17
Shyama,30519609,21
Collins,26609228,17
Kitty,26609228,2
Boland,26609228,17
Valera,26609228,24
O'Reilly,26609228,6
Wilson,26609228,13
Kiernan,26609228,1
Broy,26609228,17
Griffith,26609228,17
Peretz,21762864,3
Stefan,21762864,17
Sarah,21762864,13
Rachel,21762864,6
Singer,21762864,18
Vogel,21762864,4
Gold,21762864,4
Dale,1523484,4
Rasoul,1523484,23
Mahua,11151489,21
Mehra,11151489,15
Kishan,11151489,3
Khanna,11151489,10
Poojary,11151489,13
Mitchell,928529,3
Livingston,928529,7
Jack,928529,17
Rogers,928529,17
Bill,928529,6
Wu,928529,0
Johnson,928529,3
Ishihara,21747613,13
Tien,20762905,2
Pim,20762905,4
Bua,20762905,4
Bhuti,20762905,17
Sangkha,20762905,4
Rajasena,20762905,20
Naomi,2618881,2
Sekiguchi,2618881,3
Tomoko,2618881,3
Yoshie,2618881,21
Nakamura,2618881,6
Ozawa,2618881,21
Murphy,2949827,17
Clark,2949827,6
Roger,2949827,13
Knox,2949827,6
Angels,2949827,4
Nelson,2949827,7
Flynn,5813191,13
Christine,5813191,20
Nick,5813191,3
Starkey,5813191,6
Ed,5813191,9
Bernadette,5813191,23
Hawkins,5813191,12
Orloff,19873611,13
Moser,19873611,7
Hallen,19873611,10
Nathalie,19873611,3
Ingrid,19873611,23
Francoisis,19873611,3
Morgan,19873611,3
Doudo,19873611,18
Wallace,19873611,24
Barbara,19873611,11
Melissa,19873611,24
Terry,19873611,13
Jenny,19873611,22
Natalie,19873611,3
Falken,24051463,24
Owen,24051463,20
Heden,24051463,4
Fong,17754244,9
Smart,17754244,15
Dylan,3078404,17
Madna,3078404,9
Malti,3078404,2
Srivastava,3078404,24
Kumar,3078404,18
Aurelius,3078404,10
Sen,3078404,2
Ravignac,26974355,4
Chaumontel,26974355,4
Garrett,16768321,21
Lucy,16768321,6
Katherine,16768321,6
Kyle,16768321,6
Carlton,16768321,6
Amon,16768321,0
Paul,2887437,7
Mason,2887437,6
Balboa,2887437,11
Adrian,2887437,6
Dixon,2887437,13
Stephenson,2887437,7
Marie,2887437,12
Robert,2887437,15
Buffer,2887437,14
Beibei,33181037,15
Yifan,33181037,13
rob,33181037,1
Zhu,33181037,19
Zhihuan,33181037,8
Ruixue,33181037,0
Jieyu,33181037,1
Fenyu,33181037,19
Du,33181037,8
Todd,17551895,9
Washington,17551895,0
George,17551895,13
Jeffers,17551895,17
Winsterhammerman,17551895,0
Trenton,27913339,13
Tracey,27913339,2
Amir,27913339,4
Bob,27913339,15
Sanders,6562375,22
Susan,6562375,3
West,6562375,12
Nancy,6562375,3
Baxter,6562375,11
Elliot,6562375,3
John,6562375,3
Melanie,6562375,3
Lisa,6562375,12
Ross,2952825,4
Kleiser,2952825,7
Tom,30211314,24
Neelkanth,10614861,10
Rajesh,10614861,6
McBride,4427932,3
Vince,22125945,18
Dolores,22125945,10
Beauregard,4252062,23
Farquard,4252062,19
Scooby,4252062,9
Bob,4252062,22
Vanessa,19559133,3
Coogan,19559133,12
Heston,19559133,4
Jan,2772791,21
Jacobi,2772791,3
Eva,2772791,14
Holley,32683495,3
Newt,32683495,4
Pearl,32683495,4
Mallory,5119941,3
Valentine,5119941,14
Durand,5119941,10
Cava,5119941,21
Abaddon,5119941,5
pope,5119941,16
Tina,5119941,16
Margie,1348785,21
Judson,1348785,16
Ray,1348785,5
Baba,1348785,14
Noone,1348785,16
Wyle,1348785,11
Carsen,1348785,16
Lisa,1348785,4
Sabatham,19202878,15
Lakshmi,19202878,3
Vidyapati,19202878,6
Brahma,19202878,15
Vishnu,19202878,15
Saraswati,19202878,6
Parvati,19202878,21
Maharani,19202878,2
Greythorne,9482929,24
Will,9482929,4
Stanton,9482929,23
Lyon,9482929,24
Maggie,9482929,6
Tom,9482929,4
Stephen,9482929,23
George,9482929,21
Gwen,9482929,23
Dawson,9482929,24
Max,9482929,6
Barnes,9482929,2
Harry,1853602,6
Clair,1853602,10
Eunice,1853602,17
Torok,1853602,4
Jr.,1853602,6
Dolan,8267557,11
Bart,8267557,19
Vasquez,8267557,24
Sara,17111814,4
Friedman,17111814,2
Burke,17111814,9
Harlan,17111814,9
Bruno,17111814,4
Seth,17111814,4
Iqbal,35876375,18
Merah,35876375,14
Lia,35876375,3
Wulan,35876375,14
Priliyanti,35876375,11
Risa,35876375,17
Gi-dong,4077833,13
Spike,6900319,6
Tom,6900319,3
Jerry,6900319,23
Weisser,24242864,5
Yukie,24242864,14
Bonnie,1597877,2
Myerson,1597877,8
Donaly,1597877,16
Marylin,1597877,6
Espy,1597877,12
Ollie,1597877,10
Miles,1597877,13
Sorkin,1597877,10
Joe,1597877,10
Petch,1597877,12
Donovan,1597877,23
Rexroth,1597877,21
Doyle,1597877,6
Prenup,1597877,23
Bender,1597877,2
Milo,4511738,3
Thomas,4511738,3
Eva,4511738,23
Julia,4511738,21
Anne,4511738,6
Billy,4511738,21
Hal,4511738,15
Reilly,4511738,11
Junior,6970205,16
Asparagus,6970205,15
Tomato,6970205,17
God,6970205,2
Daniel,6970205,3
Frankencelery,6970205,6
Anderson,6970205,19
Archibald,6970205,23
Larry,6970205,3
Bob,6970205,6
Darius,6970205,21
Winklestein,6970205,10
Michelle,22747077,2
Randy,22747077,3
Brianne,22747077,2
Benny,22747077,6
Gloria,22747077,19
Jeff,22747077,20
Denise,22747077,16
Brian,22747077,16
Land,5516824,8
Nemo,5516824,6
Aronnax,5516824,4
Penthe,5516824,4
Ned,5516824,3
Paco,8818806,3
Carlos,8818806,4
Artiguez,8818806,3
Pedro,8818806,6
Vi,8818806,4
Balasubrahmanyam,20794866,0
Coirana,5735181,16
Mortes,5735181,9
Antonio,5735181,4
Vaca,5735181,17
Beamer,12054599,12
Kane,12054599,2
http:\/\/www.imdb.com\/name\/nm0998379\/,12054599,8
http:\/\/www.imdb.com\/name\/nm0000433\/,12054599,21
Ashby,10811795,21
Lena,10811795,2
Lynch,10811795,8
Deth,10811795,3
Wardo,10811795,10
Alice,10811795,2
Jane,17840309,19
Tarzan,17840309,21
Cheeta,17840309,3
Henderson,17840309,9
Haskell,6503294,6
Landers,6503294,10
Ward,6503294,3
McDonald,6503294,9
Beaver,6503294,6
Karen,6503294,21
Wally,6503294,3
Acustis,6503294,10
Adam,27138906,24
Abdel,27138906,21
Lawson,14527014,9
Randeniya,14527014,9
Dhatusena,14527014,17
Mogallana,14527014,16
Kasyapa,14527014,17
Bhanumathi,4184687,6
Banumathi,4184687,21
Shekaran,4184687,14
Nero,12666854,18
Gloriosus,12666854,17
Lycus,12666854,10
Qureshi,26353271,1
Cain,26353271,17
Drachen,9131166,6
meine,9131166,0
Anna,9131166,6
Bach,9131166,8
Benny,9131166,6
Georg,9131166,13
Eva,9131166,16
Czaka,796375,12
Svoboda,796375,22
Heydrich,796375,10
Nazis,796375,0
Novotny,796375,12
Bell,11980800,7
Dolan,11980800,4
Gerry,11980800,1
Noon,11980800,0
Pry,11980800,4
Packer,11980800,3
Adams,11980800,20
McMurphy,11980800,3
Takada,3572019,6
Reeves,3572019,24
Hunter,3572019,10
Fontana,3572019,22
Nora,3572019,4
Miriam,32655954,15
Donald,32655954,8
Burnett,32655954,21
McCormack,32655954,20
Kate,32655954,24
McIsaac,32655954,3
Doraemon,3918152,16
Nobita,3918152,4
Tom,5149870,16
Bletcher,5149870,22
Ahonen,7854008,11
Turhapuro,7854008,12
Salminen,7854008,11
Polster,7854008,17
Tammi,7854008,18
Mutikainen,7854008,6
Loiri,7854008,11
Enkelit,7854008,19
Silberman,34344124,13
Reese,34344124,23
Sarah,34344124,17
Miles,34344124,24
Connor,34344124,17
John,34344124,17
Dyson,34344124,8
Kevin,714358,22
Cooper,714358,3
Dave,714358,9
Davis,714358,10
Steph,714358,5
Jane,1506585,4
Jenkins,1506585,1
Perkins,1506585,16
Isabelle,1506585,14
Sylvester,1506585,10
Sampson,26586461,16
Zapata,26586461,22
Stone,26586461,18
Samantha,26586461,13
Hopper,26586461,16
Canales,26586461,13
Jones,26586461,24
Nagata,26586461,4
Shane,26586461,11
John,26586461,12
Alex,26586461,21
Smith,2294895,16
Andrea,5669008,14
Fox,5669008,8
Tiller,5669008,5
Sofiya,5614464,3
Rao,5614464,1
Immy,5614464,3
Malhotra,5614464,8
Schwabe,5667662,13
Lorenz,5667662,6
Wigottschinski,5667662,3
Veronika,5667662,4
Lubota,5667662,4
Melanie,5667662,3
Frankenstein,2035109,12
Stofel,32997104,21
Lizzie,32997104,8
Liao,5699054,11
Peebles,5699054,9
Shepherd,5699054,19
Chang,5699054,5
Eugene,5699054,10
Angie,5699054,3
Bauer,2155435,0
North,2155435,13
Scotty,2155435,18
Armstrong,34328420,0
Nelson,34328420,19
Duke,34328420,22
Bloom,24532496,23
Ann,30838779,23
Ross,30838779,11
Ramos,30838779,11
III,30838779,15
Ewing,30838779,20
Ken,2076422,22
Wong,2076422,9
Sohail,14101294,21
Bradford,14101294,15
Wahid,14101294,1
Vaishali,13233387,0
Apurv,13233387,16
Etc,13233387,7
Mishra,13233387,16
Pitta,4420794,1
Genevieve,15996858,16
Hugo,15996858,17
Peck,15996858,7
Norma,15996858,16
Perry,15996858,10
Wethered,15996858,14
Hobart,15996858,3
Larkin,15996858,22
J.J.,15996858,3
Callahan,15996858,0
Marta,22335538,20
Ponticelli,22335538,21
Sciabola,22335538,16
Chu,28284724,18
Wuhua,28284724,18
Liuxiang,28284724,20
Nanyan,28284724,21
Brenda,18737084,2
Wen-Kin,18737084,0
Lai,18737084,23
Ching,18737084,3
Li,18737084,3
Gregor,2669274,4
Brady,2669274,23
Lawrence,2669274,10
Marilyn,2669274,1
Johns,2669274,18
Claire,27954017,23
Voronin,4937126,7
Kumar,6170213,21
Karan,6170213,23
Basanti,6170213,14
Shivangi,6170213,16
Joglekar,6170213,18
Mona,6170213,4
Karr,17232982,10
Gielgud,5563951,6
Strickland,11160368,19
Blackwell,11160368,16
Bush,11160368,0
Fisher,11160368,8
Clinton,11160368,0
Bobby,9791480,21
Deirdre,9791480,19
Scott,9791480,6
Hart,9791480,10
Kazumi,1434574,21
Kaijuu,1434574,15
Gunbuster,1434574,20
Ohta,1434574,7
Takaya,1434574,3
Amano,1434574,13
Freud,1434574,13
Smith,1434574,10
Noriko,1434574,21
Toby,5501567,23
Lynch,5501567,4
Soong,5501567,9
Sherwood,5501567,8
Ripley,5501567,6
Lisa,5501567,4
Einstein,2332911,3
Catherine,2332911,6
del,2332911,8
Boyd,2332911,0
Ed,2332911,3
Walters,2332911,14
Moreland,2332911,4
Pratt,19788034,7
Swenson,19788034,7
Pipps,19788034,9
Manulani,151535,22
Thomas,151535,6
Lage,151535,24
Lafleur,151535,9
Gilhooley,151535,11
Haleakaloha,151535,17
Amelia,151535,3
Donovan,151535,11
Dedham,151535,9
Fagan,5303308,5
Redding,5303308,0
Rabbitte,5303308,21
Kalyani,2179113,14
Nambiar,2179113,19
Menon,2179113,12
Kaimal,2179113,12
Revathy,2179113,5
Clay,10332103,7
Russell,10332103,8
Elizabeth,10332103,14
Hall,10332103,8
Harriet,10332103,17
Wentworth,10332103,6
Anne,10332103,8
Elliot,10332103,8
Musgrove,10332103,12
Steranko,6643402,17
Zigesfeld,6643402,10
Grober,6643402,9
Corben,6643402,4
Canasta,6643402,16
Mariska,6643402,10
Creek,8586705,9
Claus,8586705,3
Jeremy,8586705,3
Radulovich,2663129,22
Murrow,2663129,17
Wershba,2663129,14
Speech,2663129,19
Friendly,2663129,8
Moss,2663129,8
Hollenbeck,2663129,24
McCarthy,2663129,14
Beck,16494542,7
Markus,35908823,3
Lemmon,22225351,23
Mastroianni,22225351,12
Nall,27766469,1
Shonda,27766469,2
Jaxx,27766469,11
Mendoza,31025068,15
Rigfort,2080169,15
Strauss,2080169,3
Anita,2080169,23
Jordan,2080169,4
Coulson,2080169,3
Guy,2080169,23
Geller,2080169,22
Prince,2080169,17
Lara,2080169,9
Aldys,2080169,12
Shakespeare,2080169,1
Grossie,2080169,3
Josie,2080169,3
Rob,2080169,6
Castle,22071969,11
Davis,22071969,24
Sabina,28958485,23
Patricia,28958485,3
Alfredo,28958485,17
Owen,28958485,17
n,28958485,17
Lee,30448518,0
Ji-Seok,30448518,20
Aladdin,1620399,3
Popeye,1620399,20
Gangopadhyay,9109203,9
Deepthi,9109203,3
Nathan,9109203,1
Narain,9109203,22
Bella,9109203,12
Alagappan,9109203,9
Turner,28145298,3
Strangle,28145298,15
Crocker,28145298,24
Wanda,28145298,4
Tootie,28145298,4
Magnate,28145298,24
Gordon,18794137,5
Jeannie,18794137,16
Sherman,18794137,6
Allen,18794137,9
Whirling,18794137,16
Harrison,18794137,12
Hank,18794137,23
Zach,18794137,5
Tommy,18794137,17
Helen,18794137,6
Bolton,28299508,4
Blake,11293583,3
Larry,11293583,23
Douglas,1682637,12
Farina,1682637,14
Cooke,1682637,0
Chubby,1682637,7
Crabtree,1682637,9
McGillicuddy,1682637,9
Jack,1682637,3
Dorothy,1682637,23
Jackie,1682637,6
Misumaru,158568,4
Tenkawa,158568,2
Schultz,31638720,17
Django,31638720,4
Candie,31638720,22
Mason,20904748,20
Bokor,20904748,4
Zimmerman,20904748,17
Ali,20904748,23
Yao,20904748,17
Moi,20904748,22
Moto,20904748,6
Weston,20904748,17
Davis,20904748,17
Lucy,5757360,14
Lockit,5757360,7
Polly,5757360,3
Trapes,5757360,12
Peachum,5757360,0
Starkwell,298925,5
Woody,298925,6
White,10546396,10
Gordon,10546396,23
Stanton,10546396,3
Manning,10546396,10
Dieter,23281301,1
Phillip,23281301,1
Kane,8661478,15
Twiller,8661478,23
Angelo,8661478,4
Young,8661478,20
Ahmed,28632301,19
Nura,28632301,19
Kusturica,28632301,19
Achmad,28632301,19
Asha,28632301,19
Alem,28632301,1
Jawid,28632301,17
Arliss,2941812,7
Gordon,2941812,21
James,2941812,21
Stephanie,2941812,15
Murdoch,2941812,4
Smith,2941812,12
Gino,2941812,7
Talia,2941812,6
Lincoln,10711900,2
Jones,10711900,11
O'Hara,5853629,10
Bush,5853629,0
John,5853629,3
Spender,14758750,6
Kowelska,14758750,6
Karin,14758750,6
Margaret,14758750,14
Ganeshi,11373575,17
Munni,11373575,14
Prasad,11373575,19
Shankar,11373575,6
Shah,11373575,14
Lal,11373575,3
Kundan,11373575,15
Bhavani,11373575,16
Kingston,23023062,11
Jironza,23023062,23
Roarke,23023062,15
Parker,23023062,18
McGuire,23023062,18
Lincoln,23023062,0
Joseph,20570658,8
Henry,20226885,3
Taylor,20226885,20
Jason,20226885,3
Nicky,20226885,7
Peggy,20226885,3
Conway,20226885,13
Edward,20226885,21
Socrates,20226885,6
Barnes,20226885,9
Bill,20226885,14
Philip,20226885,13
Bell,20226885,5
Liesl,1748549,16
Felix,1748549,10
Torres,1748549,3
Blackwell,1748549,9
Cruz,1748549,18
Max,1748549,18
Ackerman,1748549,17
Garcia,1748549,4
Strom,1748549,17
Morales,1748549,10
Sarah,1748549,17
Pulovski,1748549,4
Alphonse,1748549,20
Eugene,1748549,22
Kumar,32075975,5
Malini,32075975,19
Chakraborty,32075975,5
Aman,32075975,19
Sharara,32075975,20
Veena,28166320,23
Murthy,28166320,12
Sayuri,5541530,3
Sakamoto,5541530,2
Chiyo,5541530,23
Mameha,5541530,3
Baron,5541530,14
Mother,5541530,6
Crab,5541530,20
Karan,13180230,12
Nadhiya,13180230,12
Murugan,13180230,16
Murthy,13180230,11
Markus,8073610,2
Greff,8073610,2
Kobyella,8073610,22
Oskar,8073610,21
Maria,8073610,20
Jan,8073610,4
Bronski,8073610,10
Bebra,8073610,23
Agnes,8073610,21
Kurt,8073610,16
Roswitha,8073610,19
Matzerath,8073610,21
Hallyday,33235619,22
Henry,2093510,5
Christ,2093510,12
Weitzman,2093510,13
Albert,2093510,3
Rizzuto,2093510,1
Billy,2093510,5
Alvarez,2093510,18
Armado,296997,24
Baalsrud,2440669,4
Ethel,26167528,2
Franklin,11600033,6
Lee,11600033,7
Rutledge,11600033,18
Hancock,11600033,11
Chase,11600033,0
Wilson,11600033,1
Dickinson,11600033,21
Jefferson,11600033,19
Washington,11600033,20
Adams,11600033,8
Parker,24246906,6
Krathong,9795674,18
Lyman,1376589,24
Stinco,1376589,15
Atticus,1376589,15
Vantress,1376589,3
McCracken,1376589,20
Kevin,1376589,4
Barbara,6953611,14
Katy,6953611,19
Collins,6953611,2
Cinta,13910386,6
Ryan,13910386,13
Damen,33179804,6
Stopnow,33179804,7
Nick,33179804,3
Watts,33179804,15
Mitchell,33179804,0
use,33179804,11
Hayden,33179804,11
Satan,33179804,4
Craven,33179804,17
Ethan,33179804,0
Garner,33179804,6
Schnarre,33179804,5
Collins,33179804,4
Erica,33179804,17
Kate,33179804,17
Barrett,33179804,6
Shore,33179804,7
Flanders,33179804,19
Mann,33179804,11
Simon,33179804,3
Ashizawa,18710214,3
Muku,18710214,5
Bunkichi,18710214,20
Susumu,18710214,19
Junko,18710214,2
Akiko,18710214,3
Tucker,18710214,7
Lake,18710214,6
Jiro,18710214,3
Shohei,18710214,22
Hiroshi,18710214,19
Takashi,18710214,3
Grandma,1978686,14
Athena,1978686,6
Grandpa,1978686,24
Nichols,1978686,0
Ed,1978686,6
Grenville,1978686,1
Hallson,1978686,8
Shaw,1978686,6
Minerva,1978686,11
Nyle,1978686,12
Mulvain,1978686,7
Tremaine,1978686,7
Perkins,1978686,9
Bubulina,26400346,6
Kengah,26400346,3
Zorba,26400346,6
Ray,34191129,10
Aindrita,34191129,18
Diganth,34191129,9
Chandrika,34191129,20
Bhaskar,34191129,3
McCormick,2551150,3
Zaara,1223684,6
Siddiqui,1223684,12
Ahmed,1223684,15
Khan,1223684,10
Saamiya,1223684,3
Singh,1223684,18
Shabbo,1223684,6
Bebe,1223684,4
Itke,12677130,13
Arjuna,24054967,17
Duryodhana,24054967,13
Krishna,24054967,3
Meghanathan,24054967,19
Dhritarashtra,24054967,22
Indra,24054967,6
Pandavas,24054967,12
Vrishasena,24054967,15
Subhangi,24054967,8
Karnan,24054967,3
Kunti,24054967,16
Kamla,31533575,10
Jadav,31533575,17
Chandu,1712875,17
Anis,1712875,15
Saeed,1712875,17
Sharma,1712875,9
Singh,1712875,6
Malik,1712875,17
Sreenivasan,1712875,6
Devgan,1712875,6
Jean,3704027,12
Christine,3704027,11
Julie,3704027,19
Henry,3033993,2
Cassandra,3033993,23
Gresham,3033993,8
Wisley,3033993,9
Anderson,3033993,14
Comtesse,3033993,19
Edward,3033993,18
Jane,3033993,3
Austen,3033993,13
Tom,3033993,6
Feullide,3033993,19
Langlois,3033993,21
Lefroy,3033993,18
Bernstein,9180769,6
Tripper,9180769,23
Somers,9180769,6
Silverman,9180769,18
Taffner,9180769,1
Fawcett,9180769,2
Show,9180769,1
Hamel,9180769,24
Chrissy,9180769,22
DeWitt,9180769,22
Bergmann,9180769,22
Spike,19528112,20
Droopy,19528112,3
MacNeil,571383,2
Merrin,571383,21
Spencer,571383,5
Sharon,571383,22
Satan,571383,18
Pazuzu,571383,24
Tuskin,571383,13
Regan,571383,4
Lamont,571383,6
Kokumo,571383,12
Stilwood,32998257,18
Lilian,32998257,23
Dudley,32998257,23
Mo,2356365,2
Fletcher,2356365,10
Evans,2356365,18
Hobbs,2356365,18
Nicole,2356365,2
Vickers,2356365,6
W.,2356365,24
Jason,2356365,13
O'Neal,2356365,11
Spears,2356365,16
Fernando,16908629,8
Felipe,16908629,5
Yan,4139200,10
Joan,952354,8
Caesar,952354,19
Lionheart,952354,16
Merridew,952354,24
Tamora,952354,5
Edwina,952354,17
Imogen,952354,4
III,952354,7
Devlin,952354,14
Lear,952354,17
Homer,12817161,4
Cobb,12817161,4
Keaton,12817161,11
Ogier,33498314,17
Pippo,7668946,11
Titta,7668946,3
Dino,7668946,12
Girolamo,7668946,13
Nostra,7668946,24
Amy,27756811,23
Charley,27756811,3
Jerry,27756811,22
Michael,27756811,7
Peterson,27756811,9
Lee,27756811,17
Brewster,27756811,18
Dandrige,27756811,2
Ed,27756811,5
Vincent,27756811,24
Mayley,2313054,9
Dennis,2313054,4
MacGregor,2313054,22
Marceau,8056688,16
Craig,8056688,21
Andersson,8056688,4
Souvir,8056688,22
Farelli,8056688,14
Stratman,8056688,11
McCarthy,8056688,4
Dumas,26210169,13
Maquet,26210169,20
Port-Marly,26210169,8
Tim,33496154,15
Lasse,33496154,16
Frida,33496154,7
Tengblad,33496154,1
Mia,33496154,7
Corliss,1667210,3
Ellen,1667210,3
Carlsson,1667210,4
Thor,1667210,23
Patricia,1667210,3
Corelli,1667210,5
Roussell,1667210,7
Farren,1667210,12
Tommy,1667210,3
Farraday,1667210,3
Dorothy,1667210,17
Faraday,1667210,20
Taylor,17789616,9
Gable,17789616,2
Alexander,5307150,20
Whittlesey,5307150,13
Charles,20956661,24
Porter,20956661,12
Elizabeth,2236329,3
Sammy,2236329,8
Martin,2236329,5
Chessy,2236329,2
Meredith,2236329,4
Parker,2236329,3
Hallie,2236329,13
James,2236329,1
Annie,2236329,3
Sarli,9993306,9
Alicia,9993306,21
Hire,24198424,22
English,2310118,6
Gloria,2310118,14
Kristen,2310118,12
Derek,2310118,14
Margaret,640651,3
Fuchs,640651,1
Margeret,640651,3
Hessam,5452233,8
Sara,5452233,1
Vishwam,6661682,12
Claypole,4836572,8
Brownlow,4836572,3
Oliver,4836572,6
Sowerberry,4836572,7
Bumble,4836572,12
Corney,4836572,19
Noah,4836572,7
Fagin,4836572,21
Sikes,4836572,3
Nancy,4836572,3
Reardon,34744345,12
Dreiser,34744345,16
Webster,34744345,3
David,34744345,6
Ellen,34744345,2
Paula,34744345,13
Tom,34744345,6
Gilliam,34744345,22
Carol,34744345,18
Ritchie,34744345,14
Sharon,34744345,9
Lustus,34744345,9
Allan,34744345,13
Elliott,34744345,16
Voight,34744345,6
Tatsuo,32631194,1
Kee-chung,32631194,3
Takakura,32631194,5
Jong-dae,32631194,18
Shirai,32631194,5
Menon,36251257,11
Po,6103939,16
Sloan,6103939,21
Smith,6103939,12
Vicky,6103939,4
Laurence,6103939,17
Rediff.com,6774970,16
Nihalani,6774970,7
Liddy,10045894,9
Conrad,10045894,9
Sam,6266691,22
Wessler,6266691,3
Carter,6266691,12
Hummer,6266691,3
Jerry,6266691,20
Dinwiddie,6266691,0
Haller,6266691,17
Jerri,6266691,21
Bob,6266691,16
Buck,6266691,4
Jennifer,2001301,6
Templeton,2001301,2
Bruce,2001301,12
Nelson,2001301,19
Cripps,2001301,7
Hamama,9110018,11
Vic,4697464,6
Turner,4697464,14
Jackson,4697464,10
Rita,4697464,23
London,4697464,1
Flamingo,4697464,12
Parker,4697464,16
Mickey,4697464,6
Falco,4697464,22
Holiday,4697464,19
Giovanni,3201442,20
Francesca,3201442,6
Casanova,3201442,6
Guardi,3201442,22
Paprizzio,3201442,24
Taylor,13243296,4
Abel,13243296,17
Martin,13243296,10
Royce,13243296,23
Matilda,13243296,0
Dexter,13243296,23
Omar,13243296,15
Gary,13243296,2
Garry,13243296,17
Mattie,13243296,24
Jack,28207486,3
Boop,28207486,4
Betty,28207486,24
Raja,1389571,3
Shankar,1389571,3
Gauri,1389571,3
Bindya,1389571,4
Fox,24305984,23
Griselle,20760084,6
Eisenstein,20760084,18
Heinrich,20760084,13
Martin,20760084,3
Friesche,20760084,6
Schulz,20760084,18
Picasso,20760084,12
Max,20760084,21
Elsa,20760084,24
Cantrell,4559105,16
Liston,4559105,3
Metrodome,4559105,0
Huff,4559105,21
Billy,4559105,3
Gus,4559105,3
Anderson,4559105,1
Doc,4559105,23
Dorn,4559105,1
Reynolds,4559105,7
Lance,4559105,1
Jaster,4405535,6
Alvin,4405535,6
Hutchison,4405535,1
Clenteen,4405535,23
Sanders,4405535,18
Lisa,4405535,17
Hammer,22144721,1
Coulson,22144721,5
Rhodes,22144721,24
Potts,22144721,6
Stern,22144721,6
Stark,22144721,13
Vanko,22144721,23
Rushman,22144721,5
Romanoff,22144721,11
Romeo,99025,17
Juliet,99025,16
Laurence,99025,17
Evelyn,9689938,21
Labouche,9689938,10
Dunlop,9689938,23
Silvius,9689938,10
Rosie,9689938,21
Dave,9689938,3
Paula,3978163,6
Al,3978163,13
Tripp,3978163,6
Charlie,1597720,23
Paskin,1597720,10
Michelle,1597720,16
Pavri,903140,13
Asthana,903140,3
Sharma,903140,8
Suman,903140,1
Munna,903140,14
Samet,903140,11
Anand,903140,0
Shergill,10454296,0
Sameer,10454296,0
Naqvi,10454296,1
Ali,10454296,12
Singh,10454296,2
Kaur,10454296,19
Sahil,10454296,22
McKenzie,2317590,7
Everage,2317590,19
Jackson,35795053,5
Cassidy,35795053,6
Weiland,35795053,15
Jim,35795053,3
Brian,35795053,13
Alex,35795053,3
Guerre,1411271,18
Mike,26178764,23
Clark,26178764,0
Qualunque,30537664,23
II,15220459,13
Sofie,17511234,10
Jude,17511234,12
O'Rourke,18571155,15
Kovacs,18571155,4
Lucy,633883,23
George,633883,6
Kelson,633883,19
Carver,633883,19
Wade,633883,23
Paul,20079078,13
Barsac,20079078,16
Rothschild,20079078,6
Madeleine,20079078,13
Dubois,20079078,7
Cellier,20079078,6
Barzac,20079078,16
Granville,20079078,5
Sai,33506916,9
Vera,5251546,13
Conway,5251546,21
Dalmarez,5251546,3
Salles,5251546,1
Blaine,5251546,3
Valentino,5251546,11
Alvarez,5251546,6
William,26985757,3
Emily,26985757,6
Si,26985757,12
Jim,26985757,3
Eva,26985757,3
Kesha,26985757,16
Gajendran,36057884,21
Shenbagam,36057884,24
Marcia,4632649,23
Tanya,4632649,20
Larry,4632649,1
Kelly,28629544,3
Tom,28629544,3
John,28629544,3
Davidge,6276691,3
Zammis,6276691,16
Jerry,6276691,6
Dracs,6276691,1
Mancinis,17734329,4
Konitz,17734329,17
Mancini,17734329,6
Randy,187720,16
Ferris,187720,16
Angel,187720,14
Gary,187720,8
Whitney,187720,1
Egan,25698427,20
Patricia,25698427,0
Victor,25698427,5
Bartolinis,25698427,22
Charlie,25698427,6
Lorenzo,25698427,21
Claire,25698427,6
Bartolini,25698427,22
Smith,25698427,9
Sophie,25698427,3
Debbie,936787,19
Danny,936787,14
Bernie,936787,9
Alvarez,1765938,9
Haskins,1765938,9
Martin,1765938,15
Melissa,1765938,6
Pen,1765938,3
Lyle,1765938,3
Mike,1765938,7
Wallace,1765938,17
Middletons,3724251,9
Lola,3724251,6
Gifford,3724251,2
Hanlon,3724251,10
Middleton,3724251,19
Burns,3724251,9
Martine,32865308,24
Sylvia,32865308,0
Sadry,32865308,2
Dillinger,13167763,7
Glauco,13167763,3
Winston,24576535,3
Mark,24576535,3
Merrit,24576535,3
Howard,24576535,19
Jimmy,24576535,3
Anne,24576535,6
Ed,24576535,19
Cohen,24576535,7
Sherrod,24576535,15
Alby,5633334,5
Chris,5633334,5
Hyun-Woo,7329501,21
Yun-Hee,7329501,1
Bhushan,1582009,6
Siddharth,1582009,22
Seema,1582009,21
Rahul,1582009,5
Bustard,15644279,24
Cowan,15644279,14
Weissmuller,5242523,15
Hepburn,5242523,12
Harry,2889278,3
Nina,2889278,9
Malroux,2889278,20
Harrelson,2889278,21
Barber,2889278,22
Grant,4607159,8
Billy,4607159,0
Patricia,4607159,16
Vera,4607159,6
Stella,4607159,3
Pat,4607159,6
Claire,4607159,14
Jim,4607159,6
Margaret,4607159,23
Mottershead,4607159,3
Ichikawa,3725503,3
Asano,3725503,10
Tigger,18691178,19
Buster,18691178,21
Darby,18691178,21
Zoya,33449567,6
Chauhan,33449567,16
Leyden,28090138,14
Gordon,28090138,17
Linda,28090138,3
Mauribus,28090138,7
Barda,28090138,15
Grahame,28090138,8
Hewitt,28090138,14
Ling,28090138,17
Bellows,28090138,7
Ann,28090138,17
Katherine,13384529,6
Jule,13384529,6
Julie,13384529,6
Greta,13384529,6
Karen,13384529,6
Joseph,13384529,6
Sartoris,22845523,6
Frou-Frou,22845523,21
Victor,22845523,21
Andre,22845523,17
Georges,22845523,13
Arthur,6614818,1
Babar,6614818,3
Rataxes,6614818,17
Celeste,6614818,9
Johan,1567129,6
Abbado,1567129,19
Chablov,1567129,21
Henrik,1567129,21
Karin,1567129,6
Anna,1567129,13
Marianne,1567129,21
Martha,1567129,13
Emma,1567129,6
Rumpert,6590245,12
Ben,6590245,8
Ham,6590245,4
Kirby,6590245,10
Leary,6590245,3
Lundstrum,6590245,4
David,6590245,6
Clark,6590245,10
Ross,6590245,4
Victoria,6590245,7
Fang,6590245,21
Ulf,6590245,19
Mullens,5490080,10
Angus,5490080,3
Jackie,5490080,16
Bradlee,3028248,15
Train,3028248,14
Jeffries,3028248,23
Miranda,3028248,13
Finch,3028248,3
Corinne,3028248,19
Phillip,3028248,2
Thangam,35715631,2
Nagarajan,35715631,0
Williams,709860,15
Stevens,709860,15
Virgil,709860,23
Cornelius,709860,22
MacDonald,709860,6
Aldo,709860,4
Caesar,709860,13
Lisa,709860,5
Lallubhai,11051069,22
Mohan,11051069,6
Jeevan,11051069,6
Champabai,11051069,3
Champa,11051069,21
Rajani,11051069,5
Ma,11051069,21
McLeod,28484547,0
Dougherty,28484547,24
Richards,28484547,17
Scott,18557533,13
E.,18557533,23
Willie,2685258,16
McKay,2685258,21
Canfield,2685258,17
Mather,33010737,9
Delvo,33010737,8
Worth,33010737,17
Dorothy,33010737,15
Mitra,20288726,18
Jagatbandhu,20288726,8
Indranil,20288726,14
Soumen,20288726,19
Sarbani,20288726,14
Amar,20288726,21
Jhantu,20288726,2
Linda,4070671,2
Johnny,4070671,21
Seton,4070671,20
Potter,4070671,12
Ned,4070671,15
Case,4070671,15
Muggs,24121382,3
Danny,24121382,17
Regan,24121382,18
Hank,24121382,16
Butch,24121382,4
Mike,24121382,4
Lincoln,6334811,10
Boland,6613804,4
Stark,6613804,21
Pudgy,17882809,23
Betty,17882809,3
Miller,7541527,21
Hill,7541527,8
Jenny,7541527,14
Brown,7541527,2
Triter,2552557,22
Harlock,2552557,3
Tochiro,2552557,20
Oyama,2552557,4
Kiren,18902771,20
Kieren,18902771,6
Keiren,18902771,3
Zeeshan,18902771,3
Frasier,5113356,15
Harley,5113356,9
Haggis,5113356,18
Vaskov,10723448,17
Parvati,6465444,21
Danny,706861,20
Christ,706861,12
Irene,706861,17
Roach,706861,17
Jeryline,706861,7
Bob,706861,21
Willie,706861,16
Wally,706861,14
Tupper,706861,17
Brayker,706861,4
Joan,32566466,9
Mariana,32566466,8
Shosh,32566466,23
Julia,32566466,4
Magdalena,32566466,11
Knight,19303258,0
Baker,19303258,1
Sprague,3177073,4
Ho-chang,24497330,3
God,20577522,7
Balqis,20577522,5
Solomon,20577522,21
David,20577522,8
King,36353797,9
Tilbee,36353797,15
Skroeder,736266,4
Nova,736266,4
Marner,736266,18
Speck,736266,6
Newton,736266,6
Crosby,736266,18
Stephanie,736266,23
Jabituya,736266,1
Radu,13831741,22
Sung,13831741,6
Samantha,13831741,3
Addams,13831741,4
Cutter,13831741,3
Zach,13831741,3
Max,13831741,24
Gaines,13831741,20
Mulholland,15172647,14
Reisner,15172647,11
Postel,15172647,0
Kennedy,1733453,3
Farina,1733453,3
Ann,1733453,21
Nero,1733453,21
Chubby,1733453,3
Haines,1733453,9
Jackie,1733453,21
Kennedy,1032588,9
Morrison,1032588,23
Gauquin,1032588,12
Richter,1032588,4
Jack,1032588,3
Mike,1032588,6
Jane,173650,8
Caligari,173650,23
Alan,173650,13
Cesare,173650,13
Francis,173650,13
Mathew,30985740,23
Megha,30985740,21
Bobby,30985740,16
Robinson,30985740,24
Flo,3695000,23
Charlie,3695000,6
Peggy,3695000,6
Hawtrey,3695000,12
Hawkins,3695000,18
Gansovsky,23927995,24
Talwar,30746644,21
Bhushan,30746644,2
Patel,30746644,3
Kapoor,30746644,12
Ranjini,30746644,8
Shekharan,30746644,16
Sukumar,3388331,12
Somnath,3388331,21
Jennie,12037272,2
Randolph,12037272,16
Becker,12037272,9
Sousa,12037272,13
Willie,12037272,3
Lily,12037272,5
Little,12037272,21
Farah,35055676,6
Heba,35055676,3
Nihal,35055676,13
Shrivastav,6003182,18
Angre,6003182,17
Gupte,6003182,20
Verma,6003182,17
Sawant,6003182,19
Mahalakshmi,6003182,17
Ansari,6003182,4
Deodhar,6003182,6
Masha,26062159,6
Mather,24038513,11
Pearce,24038513,15
Travers,24038513,10
Bodenham,24038513,18
Greenhill,24038513,9
Dalton,24038513,15
Diemen,24038513,9
Kennerly,24038513,20
Thea,3821533,8
Coles,3821533,16
Sam,3821533,12
Mary,2520368,3
Kirby,2520368,0
Victoria,2520368,3
Allison,2520368,23
Jake,2520368,6
Brave,2520368,13
Paulie,2520368,3
Tori,2520368,3
Moses,12401591,17
Madhav,36024755,8
Menon,36024755,21
Herman,76018,13
Jessica,76018,4
Acme,76018,22
Valiant,76018,11
Teddy,76018,17
Rabbit,76018,21
Maroon,76018,6
Doom,76018,1
Roger,76018,10
Dolores,76018,9
Eddie,76018,3
Snaut,20181213,13
Haris,20181213,18
Sartorius,20181213,17
Hari,20181213,13
Kelvin,20181213,3
Gibarian,20181213,22
Berton,20181213,15
Shyam,26665753,4
Manasi,26665753,4
Varma,26665753,10
Marina,21015273,13
Waldo,21015273,10
Hubie,21015273,3
Rocko,21015273,6
Drake,21015273,3
Danny,32560814,20
Penny,32560814,20
Lee,32560814,20
Jimmy,32560814,4
Laureen,32560814,21
Marcum,32560814,17
Pete,32560814,17
Pearson,32560814,22
Bassett,32560814,8
Trudy,32560814,19
Al,32560814,6
Erica,32560814,3
June,32560814,21
Sam,32560814,8
Barbara,32560814,4
Dale,32560814,21
Hutton,32560814,18
Moore,32560814,10
Susie,32560814,13
Andy,32560814,1
Van,445937,24
Maria,445937,4
Hughes,445937,16
Cornelius,445937,16
Catherine,445937,0
George,445937,2
Conway,445937,3
Sally,445937,24
Chang,445937,8
Lovett,445937,22
Nair,30210647,2
Panicker,30210647,4
Menon,30210647,17
Balan,30210647,3
Panciker,30210647,0
Meenakshi,30210647,17
Sarasa,30210647,4
Eileen,23290290,23
Holroyd,3823023,16
Sam,3823023,20
Stella,3823023,12
Kate,3823023,23
Luckman,3823023,15
Marlene,3823023,19
Joanie,3823023,4
Maly,20147639,6
Kim,20147639,19
Chantha,20147639,19
Joe,16648122,6
Danny,16648122,20
Nick,16648122,1
Betty,16648122,7
Marija,26761606,16
Milo,26761606,3
Petar,26761606,15
Marko,26761606,17
Lejla,26761606,7
Vukmir,26761606,3
Jeca,26761606,17
Murdoch,26800485,14
Hench,26800485,1
Paul,2253390,17
Sam,2253390,4
Jessica,2253390,17
Holly,2253390,4
Beth,2253390,17
Sarah,2253390,21
Juno,2253390,4
Rebecca,2253390,4
Carmello,8968472,21
nica,8968472,2
Qureshi,10722657,17
Gupta,10722657,7
Malhotra,10722657,7
Purnavale,10722657,3
Charlie,7135516,6
Dean,7135516,3
Chris,7135516,6
Frederick,14200012,20
Royce,14200012,18
Jones,14200012,4
Manor,14200012,5
Judy,14200012,19
Abraham,14200012,17
Pollock,14200012,24
Fetchit,19360383,21
Mohanakrishnan,34733330,4
Baburaj,34733330,23
Mayamohini,34733330,16
Balakrishnan,34733330,6
Barten,26301940,10
Bretthorse,13525312,19
Tom,11380927,3
Jerry,11380927,3
Matthew,14740301,15
Beck,14740301,22
Cindy,14740301,0
Hodgins,14740301,4
Springer,14740301,20
Deb,21124360,17
Sisi,21124360,6
Dyer,21124360,24
Sickles,21124360,14
Suzuku,32652766,24
Jubeh,32652766,21
Nakagawa,32652766,23
Ishihara,32652766,6
Musashi,32652766,23
Mifune,32652766,8
Kate,32300689,14
Rollins,12509366,6
Blues,12509366,11
Maitlin,12509366,13
Becker,12509366,9
Baird,12509366,22
III,12509366,17
Burns,12509366,3
Caron,12188026,19
Bridge,2567839,22
Eileen,2567839,24
Rory,2567839,6
Michael,2567839,6
O'Shea,2567839,19
Peter,2567839,6
Siobh,2567839,21
Connolly,2567839,14
Martel,15007384,11
Arab,15007384,12
Muller,15007384,24
Irma,15007384,7
Pierre,15007384,18
Blanche,15007384,22
Srinivasan,10791945,19
Rajini,10791945,2
Ganesh,6574466,6
Sandhya,6574466,3
Kalyan,6574466,0
Cunningham,3847881,0
Leyden,3847881,22
Larsen,3847881,13
Hall,3847881,22
Peter,3847881,6
Francesca,3847881,3
McDermott,3847881,2
Beam,29837644,24
Varen,29837644,3
Powers,29837644,23
Playwell,29837644,17
Fol,29837644,20
Skelly,29837644,6
Ashlar,29837644,10
Hogar,29837644,6
Brick,29837644,16
Fermesk,22743915,7
Junju,2528212,13
Mackenzie,2528212,0
Sarah,2528212,11
Merrit,2528212,9
Kay,2528212,6
Amin,2528212,21
Obote,2528212,22
Garrigan,2528212,6
Eliot,3150618,3
Paul,3150618,21
Joss,3150618,23
Grey,3150618,13
Renard,3150618,15
Zisi,3150618,16
Bullock,3150618,7
Hester,3150618,16
Ohme,14695159,13
Jennifer,14695159,6
Christopher,14695159,14
Doyle,14695159,9
Peters,14695159,0
Pat,14695159,3
Jr.,14695159,9
Bob,14695159,6
Harris,32880497,11
Keane,32880497,24
Murton,32880497,24
McBride,23499575,19
Fitzgerald,23499575,11
Grey,23499575,0
Theodora,23499575,21
Winmarleigh,23499575,15
Brown,23499575,23
Bracondale,23499575,3
Marshfield,2010744,17
Lincoln,2010744,14
Gannon,2010744,22
Purcell,2010744,17
Orbit,2010744,13
Eddie,2010744,13
Cummings,2010744,4
Wade,2010744,23
Heywood,7395236,23
Dobbs,9591329,13
Gillis,9591329,17
Farentino,9591329,11
Dr.,9591329,21
Daniel,15177168,11
Laurie,15177168,3
Howell,15177168,3
Cardell,15177168,4
Shige,846336,3
Tomi,846336,3
Hirayama,846336,0
Atami,846336,1
Kyoko,846336,6
Koichi,846336,20
Noriko,846336,6
Keizo,846336,3
Shukichi,846336,16
Dingledong,20518266,3
Woody,20518266,3
Strongnose,20518266,7
Brittany,17960503,10
Kim,17960503,2
Lussier,17960503,21
Sharon,3763760,13
Jenkins,3763760,16
Barry,3763760,24
Ben,3763760,3
Suzy,3763760,20
Tomi,18587615,21
Tamae,18587615,21
Seki,18587615,6
Tabe,18587615,24
Sachiko,18587615,13
Edkvist,13212536,3
Lollo,13212536,2
Hillevi,13212536,3
Rohit,17576975,21
Natalie,17576975,23
Henry,30827966,3
Peter,30827966,6
Margaret,30827966,6
Ashton,30827966,2
Susan,30827966,2
Lovely,30827966,3
Oddbod,30827966,13
Banger,30827966,9
Schneider,30827966,3
Wrinkle,30827966,0
Babcock,1290721,9
Jane,1290721,17
DeVries,1290721,22
Blair,1290721,17
Gardner,1290721,17
Prince,1290721,18
Finch,1290721,9
Glatman,1290721,17
Novotny,1290721,15
Snead,1290721,10
Alex,1290721,17
Charles,25737451,16
Stoney,25737451,13
Tom,11589635,3
Jerry,11589635,16
Alan,560414,6
Mr.,560414,5
Squier,560414,4
Mantee,560414,19
Gabrielle,560414,21
Chisholm,560414,7
Hertzlinger,560414,24
Harvey,560414,15
Maple,560414,19
Duke,560414,17
Andrews,1443465,9
Sam,1443465,3
Ian,1443465,3
Wyndham,1443465,0
Samantha,1443465,6
Lottie,1443465,3
Nicholls,1443465,15
Savanovi,20795262,7
Radojka,20795262,4
Strahinja,20795262,3
Zaro,20795262,16
Bukowski,747689,10
Hooper,747689,10
Sheila,747689,21
Franklin,747689,18
Berger,747689,0
Johnson,747689,4
Ryan,747689,24
Savage,747689,11
Claude,747689,4
Patty,9130579,4
Alisha,9130579,12
Hezekiah,9130579,3
Cheryl,9130579,23
James,9130579,3
Gilchrist,31863888,6
Ann,31863888,7
Seymour,31863888,1
Church,31863888,2
O'Brien,31863888,1
Johnny,17470934,3
Vera,17470934,21
Mathilda,17470934,0
Matty,17470934,21
Werner,17470934,3
Murphy,689785,11
Tobias,689785,24
Kathryn,689785,7
Sarah,689785,4
Joyce,689785,12
Windham,17642698,23
Moran,17642698,23
Raja,24997872,17
Sugunan,24997872,4
Nair,24997872,16
Haymes,14515699,1
Frankie,14515699,10
Jimmy,14515699,0
Porky,14515699,21
Durante,14515699,0
Gamera,3663383,4
Tom,3663383,16
Zigra,3663383,17
Ishikawa,3663383,5
Kenny,3663383,23
Lee,3663383,10
Helen,3663383,23
Wallace,3663383,23
Walter,10206962,3
Thomas,10206962,7
Monroe,10206962,9
Sara,10206962,17
Emily,10206962,7
Hannah,10206962,12
James,10206962,6
Crabtree,10206962,16
Tripp,10206962,0
Green,10206962,1
Sloviak,10206962,23
DiMaggio,10206962,14
Leer,10206962,1
Gaskells,10206962,2
Miyuki,25157975,23
Makoto,25157975,3
Shizuru,25157975,21
Covington,5513348,16
Micheal,5513348,19
Jerry,5513348,3
Scott,5513348,24
Chris,5513348,3
Robin,5513348,16
Lisa,5513348,16
Brittany,13023948,18
Pascal,13023948,23
Blanc,13023948,5
Sam,28433267,21
Ben,28433267,6
Hayes,5566371,12
Lagrand,6521673,20
Stanton,33192425,17
Mark,33192425,10
Hill,33192425,1
Raynor,2485659,6
Cates,2485659,21
Dodd,2485659,0
Gaines,2485659,24
Chakri,29480522,11
Madhu,29480522,11
Cameron,20827623,10
Kali,20827623,5
Lola,20827623,5
Amber,20827623,5
Riley,20827623,24
Kasi,5230175,8
Babu,5230175,5
Deepika,5230175,1
Aarya,5230175,1
don,5230175,23
Chae-rin,2559661,11
Richard,14080384,18
Smith,14080384,7
Munn,14080384,0
Joe,14080384,23
Wilson,14080384,15
Mary,14080384,19
Tina,14080384,6
Graham,14080384,21
McKenna,13243094,7
Cooper,13243094,15
Colleran,1059238,8
Sullivan,1059238,18
Marilyne,2587696,19
Boris,2587696,20
Beatty,2475962,11
Blanchard,2475962,15
Gates,2475962,20
Bennett,2475962,4
Reeve,2475962,9
Heston,2475962,16
Cox,2475962,11
Mboka,34992048,18
Dennis,6114774,3
Ann,6114774,23
Pitt,6114774,12
Stepenek,6114774,13
Tony,25496318,3
Otto,25496318,14
Steve,25496318,2
Panos,25496318,10
Frank,25496318,16
Karamitsis,25496318,24
Zoe,25496318,19
Tzimis,25496318,3
Pierluigi,25496318,2
Mihalis,25496318,20
Dieter,25496318,14
Pope,345124,22
Albinizi,345124,19
Albini,345124,1
Chun,25780238,1
Cheng,25780238,12
Jimmy,21117005,24
Freddy,21117005,5
Adel,10671108,14
Sancho,10671108,11
Satish,12219143,21
Kamini,12219143,8
Shanti,12219143,14
Beddoe,2371682,16
Boggs,2371682,17
Whitcomb,24559797,16
Sloan,24559797,9
Katy,24559797,16
Yassine,25183229,10
Nassir,25183229,15
Newby,25531893,24
Wanda,25531893,19
Shelby,9176428,20
Hathaway,9176428,13
Yin,9176428,18
Li,9176428,16
Hanka,763725,8
Cecile,763725,21
Hermann,763725,3
Thomas,763725,23
Britten,763725,22
Maria,11966083,9
Bibi,11966083,17
Jos,11966083,12
Purva,4379279,4
Rana,4379279,2
Vincent,4379279,16
Pushkar,4379279,4
Dyer,4379279,7
Cooper,75264,24
Harper,75264,23
Powell,75264,3
Rachel,75264,16
Willa,75264,13
Graves,75264,19
John,75264,7
Reed,28945420,4
Kyle,28945420,23
Clay,28945420,21
Sawyer,28945420,6
Peck,28945420,15
Haskett,28945420,12
Lorraine,28945420,3
Nelson,28945420,12
McCarthy,28945420,13
Tom,35724504,3
Dunn,35724504,17
Paperman,36030847,3
Kahrs,36030847,5
Coyote,13450562,3
Jackson,24051028,20
Pollard,24051028,20
Blanchard,24051028,6
Ben,24051028,6
Stockdale,24051028,6
Demming,24051028,18
Bush,24051028,20
McKinney,24051028,7
Brown,24051028,11
Whitledge,24051028,6
King,24051028,6
Tashman,6773386,14
Pereira,15422381,1
Leardi,15422381,10
Diana,15422381,24
Bruno,15422381,17
Erigaray,15422381,7
Sylvester,2500832,3
Charley,18153847,6
Ray,18153847,10
Felix,18153847,10
Ernie,18153847,17
Appleby,18153847,13
Nettie,18153847,2
Zerney,18153847,6
Pete,18153847,3
Leonora,18153847,2
Willie,18153847,24
Rupert,18153847,24
Jane,8966172,3
Greg,8966172,16
Bauman,4428841,19
Zina,4428841,0
Sabourin,4428841,17
O'Hara,4428841,8
Kelly,4428841,9
North,4428841,12
Ryan,4428841,12
Rensselaer,4428841,9
Wilson,4428841,22
Prynne,22676008,0
Mallory,18632376,12
Daniels,18632376,13
Rita,18632376,15
Anders,18632376,15
Ward,18632376,10
Craig,18632376,14
Walters,18632376,7
Thatcher,18632376,12
Vishnu,24403195,16
Ram,2970602,6
Rosida,2970602,16
Ballu,2970602,4
Roshida,2970602,17
Ganga,2970602,3
Alvin,9781685,16
Spike,9781685,12
Purple,9781685,18
Janine,1004155,2
Ren,1004155,2
Laborit,1004155,18
Jean,1004155,8
Oswald,32503910,6
Tigger,2773221,3
Rabbit,2773221,21
Robin,2773221,9
Roo,2773221,3
Kanga,2773221,17
Nath,2061163,6
Meg,2061163,8
Ellen,2061163,23
Pete,2061163,12
Danny,29119330,4
Hennessy,29119330,24
Kean,29119330,3
McLean,29119330,6
Jerry,29119330,12
Grover,29119330,22
Casey,29119330,18
Nolan,29119330,3
Sy,30684592,4
Filiba,76399,6
Monescu,76399,4
Colet,76399,6
Giron,76399,22
Lily,76399,23
Sally,262770,3
Pablo,262770,22
Bruce,902894,3
Scotty,902894,17
Shelly,902894,1
Ellen,902894,3
Cuqui,32340746,4
Martina,32340746,6
Milagros,32340746,6
Zulu,23438764,21
Rhino,23438764,21
William,23438764,3
Mashebela,23438764,13
Labuschagne,23438764,5
Tinkie,23438764,24
Rowena,23438764,17
Diehard,23438764,23
Charles,23438764,13
Mauchausen-Klarks,23438764,12
Moses,23438764,10
Thandi,23438764,10
Norma,25225101,3
Marty,25225101,10
Noda,17971153,6
Bix,17971153,15
Matsui,17971153,21
Mukai,17971153,13
Rabe,17971153,11
Chang,17971153,1
Vautrin,17971153,19
Morgan,21993773,9
Pomeroy,14454439,20
Louie,14454439,24
Davis,14454439,4
Ray,4106181,6
Leigh,4106181,10
Johannson,4106181,22
Wang,4106181,11
Kumar,33288458,15
Maha,33288458,15
Selva,33288458,3
Deeds,31919884,3
Wilimena,31919884,3
Walter,31919884,3
Wesley,31919884,21
Lindsey,31919884,3
Heidi,31919884,12
Wakefield,31919884,24
Ariel,31919884,6
John,31919884,20
Gopi,26998763,2
Gayathri,26998763,4
Veerakesavudu,26998763,16
Srimannarayana,26998763,3
Prasad,26998763,10
Veerakesava,26998763,17
F.R.C.S.,26998763,7
Jagadish,26998763,24
Narasimha,26998763,13
Janaki,26998763,23
Maheswari,26998763,1
Jacoby,5174138,6
Paul,5174138,21
Lucy,5174138,8
Johnson,5174138,0
Jess,5174138,6
Sargeant,5174138,22
Bill,5174138,3
Woody,20530112,3
Hung,1047827,1
Lee,1047827,12
Miller,10015952,0
Peak,10015952,22
Mason,10015952,20
Ed,10015952,3
Dick,10015952,6
Cliff,10015952,3
Allen,6008226,1
Carter,6008226,15
Dolan,6008226,8
Strauss,6008226,1
Chick,6008226,23
Smith,6008226,18
Shannon,17124686,14
Carter,17124686,13
Mark,17124686,23
Hayes,17124686,23
Stephen,17124686,0
Cheryl,17124686,1
Son,17124686,3
Cleaman,17124686,4
John,17124686,5
Annie,17124686,2
Shore,26470648,23
Perrin,23981586,12
Luis,10561709,1
Antonio,10561709,6
Jos,10561709,4
Carmen,10561709,6
Cinta,10561709,13
Alexandre,3633996,18
Stavisky,3633996,12
Arlette,3633996,2
Talbot,23959320,4
Dicky,23652051,3
Eklund,23652051,14
Ward,23652051,8
Micky,23652051,6
Leonard,23652051,18
Charlene,23652051,6
Lonano,23652051,24
Fleming,23652051,12
Alice,23652051,5
Mitchell,16958933,6
Vern,16958933,20
Lomax,16958933,3
Jesse,16958933,21
Sixtoes,16958933,11
Matt,16958933,6
Reynolds,16958933,20
Dottie,16958933,20
Latura,914988,18
Cooper,914988,20
Tyrell,914988,23
Nord,914988,5
Maddy,914988,6
George,914988,6
Eleanor,914988,13
Grace,914988,5
Thompson,914988,8
Anita,6012834,4
Sunil,6012834,6
Miller,2068139,9
Walker,2068139,22
Tina,2068139,12
I,2571385,15
Prince,2571385,13
Leopold,2571385,13
Uhl,2571385,17
Sophie,2571385,6
Brown,9010968,21
Mitchell,9010968,7
Glover,9010968,5
John,9010968,17
Jacobs,12159269,18
Capone,12159269,22
Bodine,14727566,3
Lucian,14727566,11
Alcott,14727566,3
Ferina,14727566,3
Collier,14727566,13
Harrad,14727566,12
Phillips,14727566,9
Davis,14727566,23
Mellal,35179609,18
Salah,35179609,6
Mason,26790467,17
Eyre,26790467,17
Lowood,26790467,23
Fairfax,26790467,2
Brocklehurst,26790467,24
Rivers,26790467,22
Jane,26790467,3
Ingram,26790467,2
Helen,26790467,12
John,26790467,22
Burns,26790467,0
Bessie,26790467,15
Bertha,26790467,8
Rochester,26790467,6
Reed,26790467,6
Nini,142481,9
Princesse,142481,23
Toulouse-Lautrec,142481,6
Chocolat,142481,18
Zidler,142481,6
Christian,142481,3
Saddam,232795,16
Cartman,232795,4
Marsh,232795,21
Vosknocker,232795,13
Broflovski,232795,23
Hussein,232795,19
Gregory,232795,10
Satan,232795,6
McCormick,232795,6
Wendy,232795,7
Terrance,232795,8
Phillip,232795,24
Mackey,232795,19
Kyle,232795,17
Sheila,232795,17
Ike,232795,23
Clinton,232795,0
Vermas,11255555,24
Munni,11255555,23
Verma,11255555,24
Karuna,11255555,21
Healy,27634924,18
Jesse,27634924,0
Gammon,27634924,24
Stone,27634924,9
Butler,27634924,20
Roy,34787508,24
Arora,34787508,0
Nagar,34787508,7
Chaddha,34787508,2
Ashima,34787508,21
Vicky,34787508,21
Jessica,28934915,0
Brinkley,28934915,20
Max,28934915,16
Scott,28934915,0
Isamar,16099082,3
Carlos,16099082,17
Izzy,16099082,3
Ahmad,16099082,19
Ale,16099082,6
Rob,16099082,21
Kane,20360218,3
Zigrid,20360218,6
Munkar,20360218,20
Gilda,20360218,14
Kandor,20360218,9
Gretchen,20360218,3
Arthur,709510,13
Dagonet,709510,3
Lancelot,709510,16
Pelagius,709510,9
Cerdic,709510,18
Honorius,709510,2
Hill,709510,6
Merlin,709510,21
Alecto,709510,24
Lucan,709510,4
Cynric,709510,15
Castus,709510,1
Saxon,709510,17
Germanus,709510,9
Guinevere,709510,6
Marius,709510,13
Jude,4871592,6
Benjamin,4871592,11
Joe,4871592,6
McPotipher,4871592,7
Larry,4871592,20
Bob,4871592,6
Majajan,21534495,9
Sarwar,21534495,17
Kulsoom,21534495,14
Shah,21534495,15
Bowen,9316735,22
Brentman,9316735,21
Healy,9316735,18
Ashton,9316735,7
rob,9316735,20
Whitey,9316735,3
Hale,9316735,20
Lake,9316735,22
Gwen,9316735,14
Corelli,9316735,13
Elaine,9316735,23
J.,9316735,6
Chris,9316735,16
Savithri,28021043,21
Jaggayya,28021043,21
Vanisri,28021043,20
Vijayalalitha,28021043,15
Jaggaya,28021043,20
Gamera,4399374,16
Watarase,4399374,16
Asagi,4399374,22
Honami,4399374,14
Ku,20442820,20
Sang-yong,20442820,12
Jecheon,20442820,14
Seok,20442820,9
Ruiva,25323148,18
Rafael,25323148,24
Gokumaru,18401762,17
Raiken,18401762,17
Maki,18401762,17
suke,18401762,0
Engine,18401762,2
Daishogun,18401762,8
Ota,12867093,18
Sakaki,12867093,18
Shinohara,12867093,2
Tsuge,12867093,10
Izumi,12867093,16
Clancy,12867093,12
Goto,12867093,11
Shinshi,12867093,18
Arakawa,12867093,11
Shiba,12867093,4
Yamazaki,12867093,0
Jaggannath,24236812,18
Rahul,24236812,6
Roshni,24236812,21
Jaggu,24236812,3
Chhadha,24236812,3
Malhotra,24236812,12
Maitland,27231806,4
Prokop,28088223,3
Carson,28088223,10
Krakatit,28088223,10
Tome,28088223,16
Ji,28088223,6
Joblo,33792752,24
Spencer,13242057,13
Monica,13242057,6
Eric,13242057,22
Dr.,13242057,7
Amanda,13242057,13
Shaw,13242057,19
Raju,12344161,6
Ram,12344161,6
Sadhana,12344161,6
Danny,2821897,4
Garret,2821897,3
Lacey,2821897,3
Burke,2821897,12
Micah,2821897,4
Angela,2821897,3
Frank,2821897,17
free,2821897,11
John,2821897,17
Dublin,21711628,19
Parker,21711628,22
Show,29049040,12
Sam,31232513,21
Lillian,31232513,2
Jerry,31232513,3
Josh,31232513,17
Frankie,31232513,3
Hannah,31232513,6
Davis,31232513,10
Beera,5042396,3
Hood,5042396,5
Jamuni,5042396,4
Munda,5042396,22
Kumar,5042396,1
Sharma,5042396,3
Ragini,5042396,6
Hari,5042396,6
Reiden,22030168,12
Kei,22030168,21
Lee,22030168,11
Brennan,11699160,11
Mari,11699160,19
Grant,7754795,9
Williams,7754795,8
Earl,7754795,23
Hildy,7754795,4
Johnson,7754795,20
Peggy,7754795,14
Mollie,7754795,17
Malloy,7754795,0
Burns,7754795,6
Joseph,23663525,3
Leary,31802616,21
McAllister,31802616,3
Romi,9063572,21
Sikander,9063572,3
Shakti,9063572,21
Singh,9063572,18
Bhanu,9063572,18
Radha,9063572,10
Anand,9063572,13
Zedong,24418098,0
Lan,24418098,7
Jishen,24418098,11
Kai-shek,24418098,10
Soong,24418098,16
Ying,10933452,7
Tiger,10933452,23
Yung,10933452,1
Erh,10933452,12
Young,10933452,24
Sanders,8283339,12
Morgan,8283339,22
Pepe,28293297,10
Blake,28293297,6
Holliday,28293297,2
Davenport,28293297,2
Tom,28293297,6
Kirke,28293297,10
Ruth,28293297,3
III,28293297,7
Kuei,7703893,22
Jian,7703893,15
Cosell,20615416,18
Nelson,20615416,11
Sothern,20615416,13
Dylan,2681577,6
Maria,2681577,2
God,2681577,24
Light,2681577,6
Paun,2681577,9
Allison,2681577,3
Stark,2681577,6
Constantine,2681577,11
Lucifer,2681577,21
Gabriella,2681577,4
Alan,3950296,15
Ben,3950296,1
Richards,3950296,15
Carter,4644909,13
Lawrence,4644909,23
Maldito,4644909,1
Carlson,4644909,7
Larry,4644909,17
Mary,4644909,3
Frenchy,4644909,21
Duval,4644909,9
Parada,4644909,22
Mederes,4644909,17
Alex,4644909,3
soleil,10594712,8
Belle,10594712,3
Audrey,3493786,3
Rick,3493786,24
Townsend,3493786,21
Slocumb,3493786,12
Smith,3493786,0
Slonecker,3493786,19
Frangione,73428,18
Hector,73428,15
Pino,73428,3
Mookie,73428,3
Mayor,73428,3
Vito,73428,2
Smiley,73428,10
Tina,73428,9
Sal,73428,23
Sister,73428,19
Giuseppe,73428,16
Raheem,73428,17
Jade,73428,0
Jr.,73428,17
Beach,73428,18
Sonny,73428,18
King,73428,8
Michal,25539481,6
Anka,25539481,6
Fitzroy,1801710,8
Brendan,1801710,18
Eamonn,1801710,17
God,1801710,6
Patricia,1801710,6
Bridget,1801710,3
Crispina,1801710,3
Rose,1801710,23
Jesus,1801710,6
Magdalene,1801710,21
Bernadette,1801710,3
Una,1801710,2
Margaret,1801710,3
Katy,1801710,20
Asylum,1801710,21
Brooke,13885547,14
Lou,27375080,13
Ford,27375080,0
Finn,12558286,17
Connors,12558286,6
Saunders,12558286,16
Wilson,12558286,17
Jonah,22841607,22
Pam,22841607,14
Saura,22841607,19
Scott,22841607,12
Wendell,22841607,1
Wu,22841607,19
Maggie,28256111,6
Venables,28256111,6
Shand,28256111,6
Wylie,28256111,14
Digges,28256111,0
Tenterden,28256111,8
John,28256111,6
Cardinal,33872912,6
Richelieu,33872912,5
Anne,33872912,5
Rochefort,33872912,24
Sahab,21176332,11
Mujju,21176332,7
Lillian,25917299,2
Garroway,3585135,14
Hamilton,3585135,13
Jaeger,32112949,9
Jaegers,32112949,23
Tyler,17409304,8
Emma,17409304,23
Julia,17409304,14
Deke,1709334,23
Glenda,1709334,6
Markle,1709334,12
Rivers,1709334,11
Presley,1709334,11
Margo,29204234,9
Sheila,29204234,18
Dora,34476865,3
Blake,34476865,4
Lola,34476865,13
Lombard,34476865,22
Seldon,34476865,3
Theresa,1659846,13
Jones,1659846,9
Reggie,1659846,8
Marilyn,1659846,9
Green,1659846,6
Sapna,8476747,6
Oberoi,8476747,14
Vicky,8476747,7
Prem,8476747,6
Guo,26188754,22
Fei,26188754,1
Bowden,15620889,1
Dall,15620889,18
Bowman,15620889,3
Askey,15620889,6
Shiner,15620889,1
Rogers,15620889,18
Astaire,15620889,8
Shelton,15620889,18
Stella,2565848,1
Jones,2565848,1
Poindexter,2565848,15
Margaret,2565848,12
Grossman,2565848,9
Steve,2565848,24
Davis,2565848,1
Roy,2565848,9
Rita,2565848,1
Dale,2565848,9
Whitney,2565848,8
Manas,12595048,11
Charoenkesa,12595048,14
Sirisha,22714346,2
Sirishna,22714346,21
Raghu,22714346,1
Ganesh,22714346,14
Sandhya,22714346,6
Ludovic,3650371,20
Herv,3650371,3
Jubei,3650371,21
Blanche,3650371,12
Corinne,32111330,2
Briggs,32111330,12
Oliver,7972574,8
Ollie,7972574,6
Stan,7972574,10
Stanley,7972574,12
Hardy,7972574,6
Malee,10135050,3
Lee,32896418,11
Charles,5655933,6
Becky,5655933,2
Farley,12044494,8
Cannon,12044494,12
Buchan,12044494,0
Mel,12044494,10
Eisenhower,12044494,0
Peter,7916607,19
Dors,7916607,24
Colleano,7916607,23
Kendall,7916607,15
Georgie,7916607,10
Hylton,7916607,1
Darley,8867686,23
Brendan,8867686,13
Billy,8867686,17
Luke,8867686,17
Nick,8867686,17
Joe,8867686,4
Wallis,8867686,6
Helen,8867686,6
Hume,8867686,15
Kessler,15590234,9
Herb,18902861,9
Danny,18902861,3
Forndexter,18902861,0
O'Neil,18902861,0
Horton,18902861,19
Jackjaw,18902861,21
Lloyd,18902861,3
Peggy,18902861,6
Noble,18902861,9
Kilton,18902861,18
Harold,18902861,6
Michael,15607591,14
Simard,11971266,24
Francois,11971266,22
Cleo,11971266,10
Marc,11971266,3
Montgomery,12004855,9
Laura,12004855,6
Clair,12004855,2
Agnes,12004855,23
Ben,12004855,8
Brockton,12004855,17
Jack,12004855,2
Madison,12004855,23
Marcia,6209086,9
Sally,6209086,16
Noskerova,6209086,10
Blair,6209086,6
Naomi,6704984,14
Hinano,6704984,3
Roy,6704984,9
Roberts,27675540,11
Garth,27675540,0
Kumar,10617098,3
Vaid,10617098,21
Jasoos,10617098,24
Singh,10617098,16
Thakur,10617098,17
Gallo,18774910,5
Manh,18774910,17
Pandorum,18774910,23
Nadia,18774910,10
Payton,18774910,17
Leland,18774910,6
Bower,18774910,6
Foster,18774910,1
Tanis,18774910,9
Boaz,5768434,13
Jay,5768434,3
Walt,5768434,3
Hsiao,2533663,9
Tsao,2533663,13
Yu,2533663,9
Ning,2533663,18
Ames,16038391,8
Joan,16038391,21
Burke,16038391,21
Steve,16038391,2
Dan,16038391,8
Hardesty,16038391,4
O'Brien,16038391,18
Sillas,12481201,10
Noonan,12481201,17
Andrews,15073138,21
Forrest,15073138,16
Woodland,15073138,13
Charlie,15073138,3
Diana,15073138,3
Chan,15073138,3
Watkins,15073138,13
Stanley,15073138,17
Nash,15073138,3
Ravi,35912502,6
Latha,35912502,6
Charu,35912502,3
Sarah,27615444,3
Gary,27615444,3
Derek,27615444,3
Nelly,8476426,6
Antoinette,8476426,18
Walt,8476426,21
Samson,8476426,6
Laure,8476426,3
Jules,8476426,23
Saidi,4407516,16
Rix,4407516,4
Yamashita,4407516,14
Ramal,4407516,19
Adnan,4407516,16
Pompey,4372392,10
Brutus,4372392,10
Caesar,4372392,4
Octavius,4372392,19
Lucius,4372392,7
Julia,4372392,3
Cleopatra,4372392,16
Livia,4372392,21
Tiberius,4372392,3
Octavian,4372392,4
Agrippa,4372392,13
Antony,4372392,7
Antonius,4372392,19
Gaius,4372392,22
Augustus,4372392,3
Scribonia,4372392,2
Iullus,4372392,6
Manu,6748794,6
Jo,6748794,14
realize,6748794,23
Petrov,7576612,17
Winter,7576612,3
Greg,7576612,17
Carver,7576612,4
Drakovitch,7576612,13
David,7576612,3
Paul,12556506,8
Inga,12556506,0
Hamilton,12556506,17
Muto,24519551,21
Pegasus,24519551,17
Yuki,24519551,17
Yugi,24519551,6
Atlas,24519551,23
Hogan,24519551,3
Jatin,12722189,2
Savitri,12722189,17
Sheila,12722189,17
Sunder,12722189,20
Happi,12722189,17
Puri,12722189,21
Sally,12722189,15
Adit,12722189,1
Pasha,12722189,13
Jeet,12722189,7
James,33740115,21
Danny,13253566,6
Augie,13253566,20
Beth,13253566,21
Sweeny,13253566,16
Ronnie,13253566,21
Farcques,13253566,8
Argotron,13253566,17
Jones,13253566,19
Sarah,13253566,13
Shields,13253566,9
Wheeler,13253566,6
Arturo,12593445,8
William,21452659,3
Greenleaf,21452659,15
Emilia,21452659,6
Carolyn,21452659,13
Woolf,21452659,6
Johnny,17172484,19
Neil,17172484,14
Merriman,779536,19
Kathleen,779536,3
Oppenheimer,779536,22
Fuchs,779536,21
Robinson,779536,15
Tatlock,779536,12
Groves,779536,20
Birju,24282238,7
Kishan,24282238,23
Yamraaj,24282238,8
Khan,24282238,18
don,24282238,24
Shark,1022323,21
Gordon,1022323,0
Fields,1022323,6
Ronnie,1022323,3
LeGrand,1022323,17
Evans,1022323,6
Nellie,1022323,24
Mimi,1022323,8
Fisher,1022323,3
Pearson,1022323,7
Maxie,1022323,5
Tara,15945620,19
Devi,15945620,21
Miller,17062684,22
Laura,17062684,14
Dan,17062684,3
Adam,17062684,21
Kuuni,15284862,3
Bila,15284862,6
Tinga,15284862,6
Amos,25920826,6
Fred,25920826,3
Marlon,25920826,18
O'Flannery,25920826,15
Shaggy,25920826,3
Crystal,25920826,6
Marlin,25920826,6
Marlen,25920826,16
Jack,25920826,16
Rumblebuns,25920826,8
Velma,25920826,17
Alma,25920826,21
Madelyn,25920826,3
Daphne,25920826,8
Curdles,25920826,6
Ascalante,1558226,0
Kull,1558226,1
Akivasha,1558226,2
Taligaro,1558226,6
Andre,26322133,3
Shelly,26322133,2
Alex,26322133,16
Rendell,6491387,3
Jennifer,6491387,3
Giggles,6491387,17
Reitz,6491387,17
Evan,6491387,8
Campbell,6491387,19
Jr.,6491387,3
Magruder,6491387,17
Moorehigh,6491387,10
Dean,684771,6
Albert,684771,0
Pintero,684771,9
Brill,684771,18
Zavitz,684771,16
Reynolds,684771,6
Banks,684771,9
Lyle,684771,16
Hammersley,684771,1
Fran,19976618,10
Comtesse,19976618,11
ois,19976618,9
Radiguet,19976618,13
ryeuse,19976618,9
Mah,19976618,7
Woody,18625362,3
Manjiro,28033881,12
Ginko,28033881,17
Maria,28033881,10
Lena,28033881,3
Nene,28033881,17
Jodo,28033881,1
Yudai,28033881,17
Shakespeare.,28033881,20
Jack,13374571,2
Ginny,13374571,21
Khin,15002508,13
Aung,15002508,21
Lone,15002508,14
Thit,15002508,23
Nyo,15002508,21
Khit,15002508,6
Beau,27328338,6
Stanton,27328338,5
Kelly,27328338,21
Chiles,27328338,6
James,27328338,6
Jumbo-Gro,5579795,7
Newmann,23245328,22
Gus,23245328,24
Noah,23245328,4
Felix,23245328,4
Dengler,20200424,2
Mitchell,20200424,10
Ellison,27556523,24
Stroud,27556523,1
Carnes,27556523,11
Isham,27556523,1
Hearn,27556523,2
Elena,27556523,2
Daniel,5079733,12
Eduardo,5079733,21
Cindy,5079733,15
Gilbert,5079733,18
Cowboy,11701,5
Bai,11701,21
Rafterman,11701,22
Lawrence,11701,22
Jay,11701,17
Pyle,11701,17
Hartman,11701,17
Cash,33815540,10
Dracula,9267531,6
Frankenstein,9267531,13
Yamcha,2944826,17
Roshi,2944826,13
Krillin,2944826,6
Goku,2944826,4
Lucifer,2944826,17
Rice,2032945,22
Tom,2032945,19
Alec,2032945,10
Dowd,2032945,8
Terrence,2032945,10
Chris,2032945,6
Eleanor,2032945,8
Nola,2032945,6
Eastby,2032945,12
Chloe,2032945,1
Wilton,2032945,6
Hewett,2032945,24
Nena,11965718,2
Gallego,11965718,23
Fanny,11965718,2
Manuel,11965718,17
Andr,11965718,17
Pelopaja,11965718,17
Palmer,18521491,24
Petrov,18521491,11
Nick,18521491,4
Tatiana,18521491,9
Vestry,18521491,18
Brandy,18521491,18
Petersburg,18521491,7
Yuri,18521491,8
Yarbro,19149206,0
Meredith,19149206,4
Drake,19149206,22
Desiree,19149206,22
McMinn,19149206,19
Jerry,19149206,17
Ryan,19149206,9
Archie,19149206,17
Lindley,19149206,17
Cutter,19149206,8
Maudie,19149206,21
Sam,19149206,18
Gunn,19149206,3
Annabel,19149206,18
Vargas,19149206,8
Cole,19149206,24
Denny,23906190,11
Rusty,23906190,13
Ram,28444122,23
Chico,28444122,3
Rita,28444122,3
Ron,28444122,13
John,28444122,15
Chano,28444122,12
Gillespie,28444122,19
Lily,28444122,21
Stravinsky,28444122,14
Shahrukh,25867629,3
Khan,25867629,19
Laali,25867629,3
God,8745233,8
Taoca,8745233,13
Martin,8340706,6
Weaver,161877,19
Hammond,161877,19
Machin,161877,3
Margaret,161877,23
Dorri,8729170,6
Deloach,8729170,0
Gregory,8729170,14
Lawrence,8729170,19
Mark,8729170,3
Concoff,8729170,3
Dubois,8729170,1
Sue,8729170,19
T.B.,61525,5
Gordon,61525,17
Martin,61525,5
Kay,61525,11
Connell,61525,17
Francie,61525,16
Tommy,61525,3
Burton,61525,15
Jyothi,33446619,0
Bindiya,8193607,20
Karan,8193607,21
Sanju,8193607,21
Rana,8193607,8
Garrison,5651515,12
Minnie,25538958,21
Mickey,25538958,14
Doone,25538958,8
Irene,29138388,3
Joan,29138388,20
Marens,33608328,21
Fazetti,33608328,13
Knef,33608328,21
Makatsch,33608328,11
Jane,12106715,13
Christopher,12106715,21
Addison,12106715,12
Michael,12106715,3
Kelly,12106715,2
Frost,12106715,9
Charles,12106715,3
Hanson,12106715,9
Lisa,12106715,2
Leslie,12106715,13
Grant,1188139,3
Danver,1188139,24
Oliver,1188139,6
Cooper,1188139,20
Ray,1188139,6
Cody,1188139,10
Neal,1188139,6
O.W.,1188139,3
Russell,1188139,18
Lynn,1188139,21
James,1188139,12
Danny,2323962,23
Raphael,2323962,16
Pennington,2323962,3
Splinter,2323962,17
O'Neil,2323962,18
Jones,2323962,17
Yoshi,2323962,14
Saki,2323962,17
Leonardo,2323962,17
April,2323962,1
Kenan,9126846,8
Ranka,9126846,24
Jaimal,19876978,10
Krishna,19876978,15
Akbar,19876978,17
Bhojraj,19876978,9
Biramdev,19876978,14
Vikramajit,19876978,14
Meera,19876978,8
Martin,9877930,22
Gordon,9877930,11
Rollo,28692407,6
Peter,28692407,3
Michael,28692407,17
Carmen,28692407,24
Joe,28692407,17
Drayton,28692407,17
Hansen,10613136,9
Raup,30010383,20
Horner,30010383,12
Blodgett,30010383,6
Peters,30010383,3
Tucker,30010383,17
Ralph,30010383,3
Rod,30010383,23
Reid,30010383,19
Lynn,30010383,3
Richardson,30010383,1
Gouthami,35986782,24
Gowthami,35986782,4
Lilly,265242,13
Daisy,265242,6
Bud,265242,3
Clay,265242,12
Ervinka,9752270,21
Ruti,9752270,18
Tony,6222273,3
Loridonna,6222273,6
Goldblurn,6222273,6
Maurice,6222273,3
Suzzane,6222273,12
Dave,6222273,3
Holmes,1771007,24
Valladon,1771007,21
Mycroft,1771007,6
Hoffmanstal,1771007,12
Shaw,1771007,0
Sherlock,1771007,6
Victoria,1771007,17
Watson,1771007,8
Petrova,1771007,2
Duncan,1771007,2
Varghese,5542667,24
ALICE,5542667,2
Kumaran,5542667,24
Thomas,5542667,2
Samson,5542667,21
Alex,5542667,15
Hilda,5542667,12
Nicholas,20556389,13
Lorena,20556389,1
Heidi,20556389,1
Hector,20556389,22
Saunders,28204833,18
Egle,19498515,3
Lina,19498515,6
Han,20814932,13
Baraguru,12008306,16
Shanti,12008306,16
Hu,25652572,8
Gude,25652572,23
Rouran,25652572,24
Wentai,25652572,6
Mendu,25652572,23
Xiaohu,25652572,4
Mulan,25652572,6
Tommy,33059372,5
Tim,5792097,1
Ron,5792097,22
Emily,5792097,22
Horton,5792097,13
Harrington,5792097,8
Mary,5792097,23
Dawnie,5792097,1
Venus,11490601,9
Bourguignon,11490601,23
Chimmie,15323456,4
Hicks,15323456,10
Murakami,24759927,5
Saori,24759927,21
Kurokawa,24759927,5
Hitomi,24759927,18
Murai,24759927,13
Lila,4673186,6
Rothbart,4673186,23
Ivan,4673186,9
Odette,4673186,3
Kelly,4673186,6
Barbie,4673186,3
Daniel,4673186,3
Erasmus,4673186,12
Odile,4673186,23
Marie,4673186,8
Narayana,34874370,0
Raj,34874370,21
Chaitra,34874370,1
Evie,34000732,7
Ellen,34000732,20
Willy,34000732,6
Peter,34000732,19
Therese,34000732,21
Perry,34000732,0
Forster,34000732,8
Craig,12794862,0
Smith,12794862,19
Waldridge,25708108,22
Marshall,25708108,21
Leslie,25708108,9
Nina,6631279,3
Kate,6631279,3
Adam,6631279,23
Kevin,6631279,4
Rebecca,6631279,3
Kutty,4028796,2
Tasty,10801490,19
Felicia,10801490,6
Ian,10801490,6
Johnson,10801490,0
Alpine,10801490,2
Mary,10801490,10
Lafferty,10801490,16
McBride,32819110,19
Stanhope,32819110,4
Ralston,32819110,3
Eileen,32819110,9
Teddy,32819110,2
Turner,5125270,1
Strangle,5125270,17
Crocker,5125270,7
Magnifico,5125270,4
Hung,5125270,20
Wanda,5125270,23
Timmy,5125270,6
Chester,5125270,21
Norm,5125270,6
McBadbat,5125270,6
Kasparov,1407207,0
Blue,1407207,11
Sakurada,29273458,12
Hanawa,29273458,12
Okazaki,29273458,9
Sawatari,29273458,10
Jeh-woo,22880521,24
Choi,22880521,3
Shi-hyong,22880521,24
Si-hyeong,22880521,0
Dave,2280880,23
Kathy,2280880,10
Woody,2280880,9
Wendell,2280880,4
Angie,32018816,21
Kurosawa,7434119,20
Aikawa,7434119,8
Matsuda,7434119,24
Bascomb,1365735,2
Claypoole,1365735,8
Merwin,1365735,8
Cantwell,1365735,6
Anderson,1365735,1
Hockstader,1365735,6
Russell,1365735,0
Alice,1365735,2
Thiel,667152,18
Chase,667152,1
Scott,4784069,8
Dickinson,4784069,4
Weiss,11039716,7
Pryce,11039716,17
Haden,11039716,4
Stetko,11039716,17
Doc,11039716,17
Nini,25725663,24
Patrick,25725663,2
Kelly,25725663,13
Gil,25725663,8
Chrissy,25725663,6
Farrow,25725663,6
Mary,25725663,24
Vidya,28375513,14
Ajay,28375513,6
Vidhya,28375513,17
Renu,28375513,21
Mamachan,29616771,22
Roberta,19233847,16
Fox,26806844,3
Chaplin,10553349,18
Jackson,10553349,14
Temple,10553349,9
Marilyn,10553349,21
Monroe,10553349,9
James,10553349,10
Madonna,10553349,10
Cruchot,6075725,4
Gerber,6075725,1
Appu,26499601,19
Gowri,26499601,23
Vishwanathan,26499601,6
Revathi,26499601,16
Reddy,26499601,14
don,26499601,17
Lili,5501736,2
Larrabee,5501736,20
Ruger,5501736,12
Smith,5501736,11
Edvard,8808797,3
Kirsten,8808797,14
Kristen,8808797,1
Mother,8808797,5
Paige,8808797,3
Suhani,28221667,3
Romi,28221667,17
Latti,28221667,0
Samarth,28221667,17
Nicole,28221667,23
Suraj,28221667,3
Joseph,28221667,23
Dixit,28221667,15
Bhardwaj,28221667,0
Armand,1273569,15
Blakeney,1273569,22
Marguerite,1273569,13
Baker,7077559,23
Gillis,7077559,20
Rouiller,20705030,17
Bigelow,31845460,21
Ramsey,31845460,13
Journ,31845460,9
Marcia,31845460,6
Daffy,21309110,3
Poe,29664578,3
Fields,29664578,17
Ivan,29664578,3
Emily,29664578,23
Verne,29664578,23
Maurice,29664578,17
Griswold,29664578,0
Hamilton,29664578,8
Shiragami,12000,16
Erika,12000,3
Saegusa,12000,4
Koruki,12000,1
Godzilla,12000,23
Biollante,12000,4
Gondo,12000,10
Mihara,12000,15
Kirishima,12000,13
Brad,32069237,20
Tom,32069237,17
Oliver,13828139,24
Copeland,13828139,6
Richard,10611398,17
Ratcliffe,10611398,17
Clarence,10611398,17
Jasper,10611398,24
Buckingham,10611398,8
George,10611398,22
Edward,10611398,13
Anne,10611398,8
Stanley,10611398,18
Margaret,10611398,8
Duke,10611398,0
Brett,5321349,21
Tash,5321349,12
Khan,4662487,15
Ajith,4662487,23
Ian,3112333,10
Harker,3112333,17
Akemi,22954776,21
Kyoko,22954776,12
Ann,11815331,13
Rusty,11815331,5
Mitchell,11815331,21
Claudia,231829,3
Mackey,231829,3
Linda,231829,6
Earl,231829,13
Gator,231829,6
Stanley,231829,6
Parma,231829,19
Jim,231829,6
Jimmy,231829,6
Rose,231829,6
Partridge,231829,24
Spector,231829,13
Smith,231829,3
Wilson,231829,13
Phil,231829,6
Kurring,231829,21
Felicia,26564947,10
Carl,26564947,13
Renaud,3724539,18
Hugues,3724539,12
Gilles,3724539,3
Anne,3724539,3
Baron,3724539,18
Dominique,3724539,2
Hyeon-gon,27504492,20
Choi,27504492,20
Hee-joong,27504492,23
Harry,1370478,17
Dorothea,1370478,17
Jennifer,1370478,17
D'Amour,1370478,17
Valentin,1370478,17
Inferno,1370478,22
Nix,1370478,17
Quaid,1370478,17
Swann,1370478,17
Butterfield,1370478,23
Desiderio,1370478,9
Amy,2377503,19
Dean,2377503,6
Monty,2377503,16
Mitch,2377503,2
Shenaniganz,2377503,22
Tyla,2377503,20
Naomi,2377503,20
Calvin,2377503,11
Dan,2377503,5
Chett,2377503,0
Sarah,31578945,11
Daniel,17705458,12
Waxling,17705458,8
Mirkhein,17705458,21
Marie,17705458,21
Ulander,17705458,20
Lauren,1305819,21
Stern,1305819,12
A.J.,1305819,3
George,1305819,23
Wilson,1305819,17
Heard,1305819,11
Bosch,1305819,10
Laura,160047,22
Gordon,160047,6
Barry,160047,18
Rob,160047,21
Dick,160047,1
Babu,3558237,20
Kamna,3558237,14
Gia,3558237,12
Chhada,3558237,19
Stephanie,3558237,17
Seema,3558237,21
Ranawat,3558237,6
Tehzeeb,3558237,21
Johar,3558237,22
Malhotra,3558237,21
Hussain,3558237,16
Ramdayal,3558237,0
Rahul,3558237,10
Rohit,3558237,2
Ajay,3558237,22
Khanna,3558237,5
Bakshi,3558237,13
Abraham,3558237,1
Dungarpur,3558237,7
Tachi,34626864,5
Matsuda,34626864,11
Paul,1087895,3
cook,1087895,15
Raoul,1087895,3
Mary,1087895,3
Bland,1087895,17
Soren,21477212,13
Kali,21477212,21
Shankar,21477212,21
Tithi,21477212,21
Raphael,12652556,17
Gabriel,12652556,21
Michael,12652556,6
Sammael,12652556,3
Balan,12652556,17
Baliel,12652556,17
Molloch,12652556,17
Amitiel,12652556,16
Fallen,12652556,5
Uriel,12652556,17
Franck,6872477,6
Valerie,6872477,1
Clara,6872477,21
Gabler,6872477,15
Bruno,6872477,3
Ibsen,6872477,19
Antoine,6872477,1
Manie,6872477,21
Angelique,6872477,2
Buckley,30282734,3
Frank,30282734,15
Fahey,30282734,4
Teresa,7725128,3
Flaco,7725128,6
Casimir,7725128,4
Roca,7725128,4
Mary,7725128,11
Superior,7725128,19
Napoleon,7725128,19
Mother,7725128,15
Madonna,7725128,3
Stuart,7725128,3
Rivas,7725128,11
Mozart,7725128,5
King,7725128,12
Guido,7725128,6
Murphy,12795201,11
Austin,12795201,16
Irene,12795201,16
Wilson,12795201,2
Dorkus,12795201,11
Lemmon,12795201,23
David,12795201,21
Hogan,12795201,23
Miller,11714278,7
Kent,11714278,6
Bozell,11714278,3
Yankovic,11714278,22
Marlowe,11714278,12
Tromp,11714278,6
Walt,11714278,14
Day,11714278,7
Martindale,11714278,0
Lobenick,11714278,14
Mrs.,11714278,10
Zapruder,11714278,4
Wallace,27308175,4
Dewey,27308175,4
Ashish,33599927,14
Priyanka,33599927,13
Khanna,33599927,4
Ajay,33599927,23
Sharda,28067339,9
Saxena,28067339,5
Raja,28067339,14
Sona,28067339,24
Sattarbhai,28067339,23
Dhanraj,28067339,15
Chantal,27694453,11
Tracy,27694453,19
Charlie,19042649,6
Khalil,19042649,10
Harris,25125167,6
Pandey,19246546,23
Chhoti,19246546,23
Neel,19246546,5
Raja,19246546,10
Donald,20138604,9
Jasper,12522561,24
Barnet,12522561,18
Lee,12522561,3
Luis,22751,6
Downs,22751,17
Walter,22751,7
Emily,22751,17
Julia,22751,3
Russell,22751,20
Vargas,22751,13
Zi,3828478,21
da,3828478,12
Takeno,3828478,16
Roy,19076629,18
Arif,19076629,3
Rathod,19076629,17
Jai,19076629,7
Moon,23561477,19
Hart,23561477,13
Emily,23561477,6
George,23561477,20
Jim,23561477,21
Rosemary,23561477,13
Kirby,23561477,24
Howell,23561477,15
Lambert,4949401,13
Lenormand,4949401,21
Napoleon,4949401,3
Nicole,4949401,13
Bommell,4949401,17
Bonaparte,4949401,4
Truchaut,4949401,12
Rocha,5734726,6
Rosa,5734726,2
Manuel,5734726,14
Nisha,4410064,16
Prem,4410064,21
Mona,4410064,19
Withers,31863462,0
Gigi,25703893,9
Sam,25703893,19
Wong,25703893,13
Ho,25703893,22
Kuru,7605708,0
Bradley,7605708,3
Maray,7605708,2
hope,7605708,6
Taima,7605708,21
Karen,7605708,17
Tuan,7605708,15
Luhan,7605708,3
John,7605708,6
Ellen,25615135,8
O'Hara,25615135,7
Miles,25615135,4
Borden,25615135,18
Doolin,25132418,0
Annie,25132418,16
Mark,34741667,3
Christine,34741667,21
Montgomery,4800257,19
Morales,4800257,24
Palmer,4800257,17
Elma,4800257,24
Douglas,4800257,11
Hoffer,4800257,20
Jr.,4800257,6
Shaw,4800257,1
Musgrove,4800257,12
Dunderklumpen,11502661,6
Fattigan,11502661,16
Jens,11502661,3
Chakravarthy,34891696,3
Darla,22542212,3
Stevie,22542212,3
Ocak,6550694,12
Noyan,6550694,24
Asim,6550694,8
Samet,6550694,24
Schwartz,349941,24
Lester,349941,3
Maxine,349941,6
Malkovich,349941,3
Emily,349941,7
Craig,349941,3
Lotte,349941,21
Sheen,349941,18
Palet,22740580,6
Muir,22740580,22
Marguerite,22740580,21
Puzo,17844551,10
Suman,17844551,24
Singh,17844551,22
Ishaan,17844551,21
Alberto,22516246,7
Palma,22516246,24
Rosario,22516246,2
Sirisena,17023814,14
Abilin,17023814,22
Beals,7049779,19
Lipari,7049779,3
Ulysses,7049779,3
Nanni,7049779,6
Pasolini,7049779,5
Gerardo,7049779,4
Moretti,7049779,16
Joyce,7049779,21
Socha,33270910,23
Nicholas,3104623,2
Conchis,3104623,12
Anne,3104623,19
Lily,3104623,10
Betsy,4418263,19
Ayres,4418263,8
Sr.,4418263,15
III,4418263,15
Perino,4418263,19
Lisa,23325791,14
Darius,23325791,24
Maxx,23325791,14
Hydra,226515,5
Jason,226515,21
Acastus,226515,4
Medea,226515,4
Hercules,226515,7
Briseis,226515,13
Phineas,226515,6
Pelias,226515,17
Talos,226515,13
Turman,8417013,12
Wren,8417013,6
Brooks,8417013,4
Proctor,8417013,12
Wappler,8417013,12
Clayton,8417013,24
Stopworth,8417013,4
Bush,8417013,9
Shawn,4121318,6
Pete,4121318,2
George,4121318,2
Karen,4121318,3
Riley,4121318,21
MacGibbon,4121318,6
Nedermeyer,4121318,6
Bryan,4121318,13
Rabinoff,15962218,14
Devil,15962218,0
Ennis,15962218,1
Kesselring,15962218,3
H.,15962218,16
Wallenstein,15962218,11
Kantham,18895115,6
Lakshmi,18895115,14
Sarvarayudu,18895115,22
Nandini,18895115,2
Aakash,18895115,21
Ashok,18895115,6
Quinn,19380534,5
Sara,19380534,8
Sam,23600571,4
Rudolph,23600571,12
Brown,23600571,20
McDowell,2721086,14
Ann,2721086,19
Lou,2721086,2
Warren,2721086,1
Julie,2721086,17
Rose,2721086,24
Thurlow,2721086,15
Scott,2721086,5
Sissi,12500476,3
Elisabeth,12500476,1
Anton,12500476,13
Possenhofen,12500476,4
Ludovika,12500476,1
Joseph,12500476,6
Helene,12500476,14
Sophie,12500476,15
Annapoorni,8265956,16
Monika,8265956,13
Krishna,8265956,15
Kutty,8265956,12
Fernandez,8265956,21
Prasad,8265956,15
Hussain,8265956,22
Das,8265956,11
Napoleon,8265956,13
Menon,8265956,19
Madhavan,8265956,6
Anjali,8265956,3
Napolean,8265956,6
Bai,8265956,6
Rani,8265956,8
Ammu,8265956,6
Vignesh,8265956,23
Annamalai,8265956,12
Rekha,8265956,6
Raj,6795118,5
Vaasu,6795118,15
Uma,6795118,4
Prabhu,6795118,16
Lodge,18654391,9
Morgenhall,18654391,16
Fowle,18654391,12
Brizuela,29562431,14
Allen,35754206,17
Davis,35754206,14
McClure,35754206,17
Blayne,35754206,6
Lydia,35754206,6
Coleman,35754206,2
Marge,35754206,16
Weston,35754206,2
Tex,35754206,6
Suzanne,24110107,23
Bettoun,17792701,13
Pasco,17792701,8
Maurice,17792701,4
Meisner,17792701,15
Roland,17792701,14
Denise,1977174,20
Pep,1977174,6
Tramell,1977174,13
Franks,1977174,18
Gardosh,1977174,6
Glass,1977174,14
Broadwin,1977174,15
Towers,1977174,9
Washburn,1977174,6
Jay,919722,13
Claire,919722,15
Karkhanis,35014287,24
Swati,35014287,7
Raut,35014287,13
Dandavate,35014287,2
Marco,12078778,6
Tisserand,12078778,16
Claire,12078778,2
Bartelli,12078778,3
Jeanne,12078778,13
Jeannot,12078778,16
Junglee,24158389,2
Padma,24158389,24
Ray,24158389,1
Raghu,24158389,6
Vijay,24158389,4
Guruswamy,24158389,24
Sam,3235479,23
Maverick,3235479,19
Bobby,13514560,20
Joel,13514560,21
Connell,13514560,6
Brennan,13514560,21
P.,13514560,3
Emily,13514560,6
Frigo,13514560,17
Lewin,13514560,7
James,13514560,3
Em,13514560,6
Kelly,13514560,6
Bush,13514560,2
Darla,19408460,23
Spanky,19408460,3
Schmidt,563176,18
Demirci,563176,19
Momo,563176,6
Shamir,19091638,5
Koppenol,19091638,14
El-Benini,19091638,5
Jeff,19091638,1
Schakel,19091638,17
Mike,19091638,9
Pim,19091638,1
Dunya,19091638,3
Oedipus,10131472,21
Jones,10131472,7
E.,10131472,23
Grant,21956466,17
Jane,21956466,6
Eloise,21956466,15
Nutley,21956466,0
Amanda,21956466,15
Forrester,23377321,21
Sasha,23377321,5
Dyer,23377321,17
Max,23377321,17
Davenant,10625487,11
Gutierrez,11145424,12
Vicky,11145424,17
Paola,11145424,3
Natalia,11145424,6
Blanca,11145424,17
Esteban,11145424,10
Eliseo,11145424,21
Pozzetto,11145424,10
Sally,2289768,17
Jason,2289768,17
David,2289768,6
Lemke,12239785,9
Prabhu,36057874,24
Vaidehi,36057874,5
YANKE,7094918,21
JOHNSON,7094918,22
MALDONADO,7094918,4
BORCHARDT,7094918,4
Bronwyn,1166394,4
Chrysagon,1166394,21
Draco,1166394,7
Heston,1166394,16
Stockwell,1166394,12
Harris,19204826,24
Freeman,32799797,14
Tallulah,32799797,4
Becker,3100376,19
Rocher,3100376,10
Sang-byeong,3735041,14
Miller,34430482,20
Roxanne,34430482,24
Bonnie,34430482,11
Fuller,34430482,14
Clark,34430482,9
Harmon,34430482,17
Murdoch,34430482,6
Frank,34430482,18
Gurlz,34430482,6
Alison,34430482,20
Chloe,34430482,17
Steven,34430482,17
Ava,34430482,8
Roy,770184,6
Lilly,770184,3
Langtry,770184,6
Justus,770184,4
Jolla,770184,5
Dillon,770184,4
Pai,176762,6
Kahu,176762,12
Koro,176762,3
Yoshikawa,587265,3
Asami,587265,3
Aoyama,587265,3
Frank,19816820,10
Harry,3136520,17
Flynn,3136520,14
Maggie,3136520,7
Cox,3136520,10
Liam,3136520,7
Richard,605198,6
Bob,605198,6
Carmella,605198,19
Gary,605198,8
Pigeon,605198,17
Mike,605198,6
Scott,605198,21
Susan,31101188,14
Annie,31101188,14
Cotten,17491852,6
Jim,17491852,3
Laurie,17491852,6
Osbourne,17491852,19
Corwin,6060093,6
Hanover,6060093,9
Jennifer,6060093,3
Witherspoon,6060093,17
Jonathan,6060093,17
Eloise,6060093,3
Marion,6060093,6
Widow,6060093,19
Carlton,6060093,3
Davis,6060093,24
Boogedy,6060093,3
Alfred,1644858,13
Ang,1644858,20
Howard,10440784,19
Lenny,10440784,6
Carpenter,10440784,23
Carleton,10440784,12
Sydney,10440784,3
Hotchkiss,10440784,22
White,10440784,0
Tyler,10440784,3
Prince,10440784,19
George,10440784,2
Rachel,10440784,6
Gurkin,10440784,23
Terrence,10440784,15
Witchburn,10440784,18
Perkins,3799386,17
Nicole,3799386,23
Armstrong,3799386,16
McGriff,3799386,17
Dix,3799386,17
Madi,3360725,0
Ayoub,3360725,3
Baker,1922815,22
Murtaugh,1922815,12
Tom,1922815,23
Sarah,1922815,13
Bennett,1922815,17
Elliott,1922815,7
Kate,1922815,3
Jimmy,1922815,3
McNulty,1922815,12
Bud,1922815,6
Lorraine,1922815,3
Nora,1922815,6
Jane,9521099,2
Fraser,9521099,2
Sharpe,9521099,21
Ross,9521099,4
Calvet,9521099,20
Zara,9521099,23
Efraim,3514297,1
Rawlings,3514297,24
Ben,3514297,20
Jack,3514297,20
Elizondo,3514297,15
Sal,4306582,14
Levitz,4306582,17
Bernstein,4306582,21
Bernzy,4306582,13
Nabler,4306582,12
Bukowski,1173339,9
Bouchard,1173339,19
Richie,1173339,0
Sandy,1173339,7
Overman,1173339,23
Jack,1173339,6
Mike,1173339,6
Kelly,1173339,22
Morgan,1173339,17
FitzRoyce,1173339,23
Cindy,1173339,7
Brody,1173339,17
Lawrence,30307140,21
Giri,30307140,14
Gowri,30307140,14
Kurup,30307140,9
Banu,30307140,10
Mishal,30307140,16
Nicholas,36233317,7
Lewis,36233317,22
Winchell,36233317,15
Garbo,36233317,8
Herbert,36233317,2
Stokowski,36233317,15
Roy,7680299,5
Sonkaria,7680299,23
Feldman,12177551,1
Lerner,12177551,14
Zeke,12177551,24
Haynes,2820120,20
Shawn,3276167,15
Truman,3276167,13
Dunphy,3276167,23
Capote,3276167,21
Lee,3276167,12
Perry,3276167,6
Dewey,3276167,21
Dick,3276167,10
Jenny,21544454,3
Chrissy,21544454,4
Marty,21544454,6
Rowf,2411105,4
Snitter,2411105,3
Questel,28151197,5
Girasole,16691326,24
Grazia,16691326,7
Barletta,16691326,12
Costantino,16691326,16
Hugo,5830941,3
Waki,5830941,10
Naki,5830941,10
Saki,5830941,10
Haroun,3942986,9
Shaw,3942986,6
Margiana,3942986,14
Marabia,3942986,1
Koura,3942986,3
Sinbad,3942986,3
Silberman,30327,1
Vukovich,30327,8
Kyle,30327,3
Reese,30327,23
Sarah,30327,17
Traxler,30327,10
Connors,30327,11
Connor,30327,11
John,30327,21
Wu,3868432,13
Chaturvedi,14330182,16
John,29511764,16
Ms.,9022958,9
Estella,9022958,3
Maggie,9022958,3
Walter,9022958,6
Finn,9022958,6
Dinsmoor,9022958,6
Plane,9022958,15
Lustig,9022958,3
Joe,9022958,23
Finnegan,9022958,17
Perduto,9022958,3
Rhodes,3032133,14
Mick,21764904,21
Steve,21764904,3
Jones,21764904,21
Kate,21764904,6
Naomi,21764904,0
Jenn,21764904,4
Larry,21764904,24
Bayner,21764904,16
Hungama,29642438,4
Wong,10621311,13
Chin,10621311,6
Hung,10621311,3
Tai,10621311,24
Don,42294,3
Wick,42294,6
Birnam,42294,15
Gloria,42294,14
J.,42294,0
Helen,42294,3
James,42294,12
Nat,42294,3
Nolan,42294,18
Molly,3519835,24
Kei,3519835,4
Lily,3519835,9
Iris,3519835,14
Yuri,3519835,13
Clinton,29214367,0
Shortcake,7286869,23
Long,7286869,9
Land,7286869,23
Vijayan,32087007,2
Shankar,32087007,2
Sujatha,32087007,22
Saritha,32087007,14
Jewell,770066,2
Ivy,770066,18
Otis,770066,2
Fletcher,8603964,3
Berger,8603964,20
Bennet,8603964,21
Joji,31119365,4
James,6478040,9
Nick,5429235,1
Frank,5429235,6
Cora,5429235,7
Smith,5429235,6
Chambers,5429235,24
Nami,26743041,6
Gaffoor,8714658,6
Gita,8714658,18
Marco,8714658,6
Rosie,8714658,3
Raju,8714658,21
Ratnakar,8714658,13
Valmiki,8714658,22
Eldrich,3901979,3
Amelia,3901979,3
Chad,3901979,13
Burton,3901979,12
Robert,3901979,12
Eddie,3901979,12
Mary,1381483,20
Grange,1381483,19
Lavinia,1381483,4
Askett,1381483,9
Puthooran,21104765,15
Thomas,21104765,4
Alice,21104765,2
McAdam,23355005,17
Killigrew,23355005,10
Prout,23355005,17
Angela,23355005,2
Dodds,23355005,8
Mutch,23355005,5
Byres,23355005,9
Queen,6244334,4
Helsing,6244334,17
Hyde,6244334,17
Victoria,6244334,5
Jekyll,6244334,14
Mak,1792743,6
Cyrus,1792743,22
Ajju,1792743,6
Ali,1792743,14
Andy,1792743,16
Marc,1792743,11
Prospera,20475363,20
Caliban,20475363,10
Miranda,20475363,19
Alonso,20475363,17
Nigam,22756444,19
Yadav,22756444,23
Saini,22756444,12
Keswani,22756444,5
Abby,22756444,3
George,22756444,2
Tanya,22756444,1
Maxi,22756444,21
Bren,10909091,21
Salma,22412482,6
Navon,22412482,21
Zidane,22412482,19
Kamal,22412482,0
Daud,22412482,19
Sinatra,757080,21
Hobson,144774,11
Hyde,144774,3
Ivy,144774,3
Lanyon,144774,6
Muriel,144774,6
Jekyll,144774,6
Pearson,144774,2
Carew,144774,20
Poole,144774,11
Hawkins,144774,12
Danvers,144774,6
Giamoro,3333681,16
Nina,3333681,19
Barbi,3333681,13
Katie,27367770,6
Maire,27367770,3
Alec,27367770,3
Tom,27367770,3
Seamus,27367770,3
Nancy,27367770,2
Bell,27367770,11
Saliura,31434827,4
Maciste,31434827,4
Mosab,31434827,21
Lawrence,6768671,1
Geetha,6768671,20
Kalyani,6768671,3
Venkat,6768671,3
Leon,18115086,17
Ron,18115086,16
Mark,18115086,16
Peter,18115086,17
Berger,18115086,5
Giang,18115086,17
Senius,18115086,13
Sr.,18115086,17
Eric,13348116,4
Kay,13348116,13
Marsh,13348116,8
Brooke,13348116,15
Hanz,301314,9
Yubari,301314,1
Nikki,301314,17
Sofie,301314,4
Ishii,301314,0
Vernita,301314,4
Fatale,301314,24
Green,301314,4
Surratt,24709671,11
Lincoln,24709671,2
Aiken,24709671,13
Booth,24709671,11
Dee,6811268,17
Sharkey,6811268,18
Vinnie,6811268,16
Brenda,6811268,9
DeLorusso,6811268,14
Vacari,6811268,15
Fred,23653924,6
Ellen,23653924,4
Bobby,23653924,3
Nancy,23653924,17
Wilson,23653924,6
Cabot,23653924,23
Spencer,594815,9
Cooper,594815,7
Feur,594815,13
Jody,594815,6
Warren,594815,3
Frank,594815,10
Claire,594815,3
Mary,594815,14
Norman,594815,3
Madison,594815,4
Artemisia,17614109,6
Fulvio,17614109,9
Gentileschi,17614109,7
Merlet,17614109,13
Tassi,17614109,5
Leyden,2257827,17
Kishnan,2257827,13
Kishan,2257827,13
Peters,2257827,7
Gupta,2257827,17
Hindus,2257827,15
Bridie,2257827,0
Scott,2257827,3
Sykes,13297418,3
Tom,13297418,17
Neal,13297418,15
Julie,13297418,17
Phil,13297418,21
Dick,8897938,16
Cassie,16101688,3
Hall,32987077,1
Robbie,7051491,21
Diane,7051491,24
Teague,7051491,4
Tangina,7051491,17
Freeling,7051491,0
Dana,7051491,14
Anne,7051491,2
Barrons,7051491,22
Lesh,7051491,4
Cynthia,30874145,3
Gorodish,30874145,12
Alba,30874145,12
Saporta,30874145,5
Jules,30874145,3
Cosma,30874145,12
Hawkins,30874145,19
Garrett,1855172,0
Kane,1855172,6
Leonard,1855172,2
Russell,1855172,17
Dunlap,2851281,6
Maslin,2851281,8
Jared,1983990,16
Max,1983990,13
Tyree,1983990,4
Hannah,1983990,17
McQueen,1983990,11
Schneider,21615815,11
Daniel,21615815,9
Wilder,21615815,12
Kunwal,10699658,15
Lucy,10699658,2
Grasco,10699658,1
Kailash,10699658,6
Tara,10699658,2
Sanjay,10699658,7
Bholenath,10699658,3
Lily,4883476,24
Marshall,4883476,9
Jack,31932717,3
Tom,31932717,3
Julie,31932717,13
Derek,31932717,13
Ward,28250307,8
Hopper,28250307,11
Lovecraft,28250307,22
Dermott,22040622,2
Mary,22040622,8
Gauri,31630129,16
Sanjeev,31630129,21
Govinda,31630129,18
Morgan,26630225,23
Silvia,26630225,3
Bretella,26630225,6
Tayama,24341490,14
Saori,24341490,4
Kosaku,24341490,22
Weisser,24341490,11
Gayathri,9649668,10
Rajasekhar,9649668,13
Prabhakar,9649668,21
Hagnaya,19887951,3
Lana,19887951,1
Nieves,19887951,21
Adonis,19887951,8
Celso,19887951,2
Richard,4661494,3
Herbie,4661494,6
Soz,4661494,3
Mark,4661494,6
Anthony,4661494,10
Sonny,4661494,6
Tuff,4661494,3
Milton,32522302,15
Ochieng,32522302,15
Beaupre,695249,20
Ribbons,695249,10
Pruitt,695249,2
Alex,695249,3
Hess,695249,23
Alice,695249,7
Sa-bin,16419423,0
Hewitt,25147522,18
Kane,25147522,4
Spunn,25147522,11
Allen,25147522,6
Daniels,25147522,13
Elle,25147522,3
Ty,25147522,3
Smirkle,25147522,2
Parker,25147522,19
Kandi,25147522,21
Stephanie,25147522,9
Andy,25147522,23
Venu,30335583,7
Ravi,30335583,19
Ramankutty,30335583,19
Menon,30335583,12
Jennifer,1705347,19
Holmby,1705347,16
Jones,1705347,6
Fortis,1705347,4
Stanley,1705347,4
Rowe,958640,13
McClure,958640,11
Meredith,958640,24
Lancie,958640,19
Ito,958640,9
Crystal,958640,22
Louise,958640,7
Greene,958640,9
Convy,958640,20
Philbin,958640,18
Reed,958640,9
Gainsbourg,22971186,9
Bardot,22971186,18
Birkin,22971186,17
Ayak,2683739,17
Sanna,2683739,21
Tara,2683739,3
Godzillasaurus,12002,4
Saegusa,12002,4
Godzilla,12002,24
Shindo,12002,13
Ghidorah,12002,18
Wilson,12002,17
Mozelle,2159438,17
Cisely,2159438,3
Poe,2159438,8
Lenny,2159438,17
Louis,2159438,0
Roz,2159438,0
Batiste,2159438,2
Mereaux,2159438,9
Tom,4667667,3
Jerry,4667667,3
Funshine,7210029,21
Grizzle,7210029,6
Care-a-Lot,7210029,1
Oopsy,7210029,3
Olivia,28752111,21
Jess,14063136,12
Jesus,14063136,12
Chang,14063136,12
Ross,8586619,6
Pam,8586619,21
Jasper,8586619,12
McGraw,8586619,24
Lucai,8586619,20
Julia,8586619,13
Lee,8586619,6
Mike,8586619,3
Zoe,8586619,2
Joe,32300431,22
Henry,6258743,21
Pompadoy,6258743,2
Tang,6258743,12
Rungraree,6258743,8
Shinawatra,6258743,5
Pussy,6258743,17
Wilson,28643282,13
Azar,14025121,1
Paco,14025121,21
Neppo,27789393,17
Rickman,27789393,23
Natsuki,27789393,4
Zughan,27789393,23
Bardot,27730398,13
Fayol,27730398,9
Jim,27730398,6
Stephens,27730398,10
Judy,27730398,13
Liggott,27730398,22
Patton,2664350,19
Cheryl,2664350,6
Hershey,2664350,22
Milo,2861847,13
Mike,2861847,17
Sridhar,26834344,14
Seetalu,26834344,6
Kondayya,26834344,3
Das,26138280,4
Banerjee,26138280,11
Stanton,28450318,12
Davina,35999328,8
Nyla,35999328,0
Jason,35999328,23
Victor,35999328,5
Tia,35999328,21
Mannie,35999328,23
Tyson,35999328,21
Kirk,145359,21
McCoy,145359,22
Spock,145359,9
Cynthia,23527179,6
Saxon,23527179,21
Pilgrim,23527179,12
Woolsey,23527179,15
Pritchard,23527179,3
Dennison,23527179,5
Varghese,28068896,9
Shigeru,27810077,17
Akiko,27810077,23
Eiko,27810077,7
Dhanush,4409955,23
Abbas,4409955,3
Adhi,4409955,3
Narayanan,4409955,0
Srinivasan,4409955,16
Danush,4409955,13
Gautami,4409955,6
Badri,4409955,17
Anand,4409955,10
Claudia,3383751,12
Plimpton,3383751,19
Eva,3383751,2
Burton,3383751,24
Claridge,2980843,21
Davis,2980843,2
Rao,25495137,7
Clair,1770490,8
Foxhugh,1770490,22
McCoy,1770490,24
Betz,1770490,18
Andrews,24166693,13
Blake,24166693,3
Jansen,24166693,13
Aga,34984992,14
Frankie,2627364,3
Helen,2627364,12
Mary,2627364,21
Mark,163388,23
Schank,163388,19
Borchardt,163388,21
Bill,163388,7
Selim,4430389,11
Alexander,4430389,3
Anna,4430389,5
Solomos,4430389,2
Urania,4430389,1
Chidambaram,9483286,6
Pazhani,9483286,6
Claire,6174018,22
Julie,6174018,22
Johnson,6174018,19
Walter,7301880,4
Adams,7301880,7
Russell,7301880,6
Malena,7301880,15
Alice,7301880,21
Lamb,7301880,5
Normatov,35130250,13
Sotiboldi,35130250,0
Abdullajon,35130250,21
Spielberg,35130250,9
Quint,463153,24
Holmes,22228712,22
Flynn,22228712,21
Doyle,22228712,1
Berry,22228712,13
McMacpherson,22228712,6
Albers,22228712,11
Watson,22228712,13
Ajith,6795123,21
Singh,6795123,16
Rambha,6795123,9
Kedarnath,4612967,3
Kumar,4612967,0
Ravi,4612967,15
Laxmi,4612967,21
Kolilakkam,4612967,15
Prasanta,4612967,10
Dutt,4612967,9
Vijay,4612967,21
Anta,30731803,24
Mory,30731803,4
Throckmorton,13038387,7
Ankrum,13038387,16
Brooks,13038387,9
Plocostomos,13038387,14
Mombo,13038387,6
Horowitz,13038387,23
Mary,13038387,4
Shelldrake,13038387,13
John,13038387,21
Mickey,33573520,3
Mouse,33573520,14
Knaggs,11669596,12
Martense,11669596,17
Haggis,11669596,0
Cathryn,11669596,0
Hiranyakashipu,27874763,17
Narasimha,27874763,8
McKenzie,22933412,1
Marcus,22933412,21
Bridget,22933412,14
Greg,22933412,5
Lenny,22933412,3
Andre,22933412,8
Lamonsoff,22933412,23
Hilliard,22933412,8
Gloria,22933412,15
Chase,22933412,17
James,22933412,4
Higgins,22933412,9
Keithie,22933412,5
Bailey,22933412,16
Deanne,22933412,2
Becky,22933412,6
Donna,22933412,8
Feder,22933412,1
Rob,22933412,3
Stu,21918632,3
Alan,21918632,17
Chow,21918632,6
Tracy,21918632,6
Melissa,21918632,10
Doug,21918632,5
Jade,21918632,9
Phil,21918632,17
Wenneck,21918632,1
Garner,21918632,16
Tyson,21918632,9
Ellen,22056357,4
Frayn,22056357,24
Michael,22056357,14
Dobson,22056357,16
Montgomery,2198959,24
Earl,2198959,3
Charlie,2198959,7
McDuff,2198959,3
Hank,2198959,3
Denise,2198959,6
Rafferty,2198959,18
Reed,2198959,18
Marat,15421821,10
Shortbus,5227184,1
Ceth,5227184,3
Rob,5227184,13
Severin,5227184,23
Bond,5227184,8
Dawson,5227184,15
James,5227184,3
Jamie,5227184,14
Caleb,5227184,16
Beamish,5227184,7
Chawla,29948429,6
Nibhana,29948429,19
Chopra,29948429,11
Tim,2466050,4
Richard,2466050,17
Knight,2466050,22
Brooks,26946990,2
Domingo,9541205,15
Peter,9541205,23
Miranda,9541205,15
Ambrose,9541205,12
Gannon,9541205,15
Vlad,9541205,12
Baker,13577531,10
Landon,13577531,11
Johnny,13577531,15
Kamp,13577531,9
Sarah,13577531,3
Shaw\/Ben,13577531,12
Matt,13577531,24
Woods,13577531,6
Shaw,13577531,20
Lopez,13577531,10
David,13577531,13
Nallathambi,25133251,16
Bhaskaran,25133251,21
Saravanan,25133251,15
Chandrika,25133251,14
Nandhini,25133251,8
Shanmugasundaram,25133251,16
Krishna,24014809,13
Mushtaq,24014809,6
Verma,24014809,6
Sharma,24014809,22
Babban,24014809,17
Nandu,24014809,6
Khalujan,24014809,3
Buffy,1559551,21
Paul,17653406,14
Geraldine,17653406,6
Barbara,17653406,13
Gerry,17653406,6
Cummins,17653406,23
Don,17653406,19
Corrine,17653406,6
Bob,17653406,22
Annalise,17653406,6
Burrel,17653406,19
Sylvester,25825614,3
Lynch,1553297,7
Rostov,1553297,24
Hunter,1553297,17
Laura,20692991,21
Reed,20692991,14
Truman,20692991,23
Michael,20692991,6
Sandra,20692991,23
Joanna,20692991,3
Andy,20692991,12
Alex,20692991,21
Peter,19105706,24
Margaret,19105706,2
Hamilton,19105706,17
Carey,19105706,9
Salinger,1107052,9
Maude,1107052,3
Micki,1107052,2
Guillory,1107052,10
Rob,1107052,20
Spike,11531376,14
Tom,11531376,3
Jerry,11531376,23
Ravikumar,24062674,1
Babu,24062674,14
Manjula,24062674,2
Balaramakrishnulu,24062674,24
Sarathkumar,24062674,23
Kallu,10595471,21
Babi,10595471,15
Kaalia,10595471,4
Franco,669480,21
bellows,6829851,17
Tom,6829851,3
Jerry,6829851,3
Mammy,6829851,13
Handel,6829851,0
Lajobai,11021128,5
Mohan,11021128,22
Dasarath,11021128,2
Joglekar,11021128,8
Lisa,11021128,9
Juliet,10189121,16
Mercutio,10189121,3
Lawrence,10189121,17
Prince,10189121,8
Romeo,10189121,3
Janhvi,4125457,0
Kajal,4125457,3
Nisha,4125457,6
Raaj,4125457,6
Orlok,427989,3
Thompson,427989,10
Weiss,7668793,14
Killian,7668793,4
Laughlin,7668793,14
Amber,7668793,4
Mendez,7668793,9
Richards,7668793,4
Kessler,2664825,23
Alvin,1562677,3
Miller,1562677,20
Seville,1562677,9
Mario,1562677,10
Jeanette,1562677,3
Theodore,1562677,4
Brittany,1562677,3
Dave,1562677,3
Eleanor,1562677,6
Vorstein,1562677,24
Klaus,1562677,20
Simon,1562677,13
Jamal,1562677,3
Holmes,1304986,17
Stock,1304986,18
Rowe,1304986,17
Elizabeth,1304986,4
Rathe,1304986,23
Dudley,1304986,12
Higgins,1304986,1
Lestrade,1304986,15
Nesbitt,1304986,7
Watson,1304986,12
Bobster,1304986,12
Cragwitch,1304986,16
Dribb,1304986,12
Jackson,1564174,8
McClure,1564174,1
Diamond,1564174,3
Susan,1564174,23
Grazzi,1564174,21
Fante,1564174,14
Joe,1564174,6
Mingo,1564174,14
Brown,1564174,6
Dryer,1564174,7
Susan,3213020,3
Garwood,3213020,3
Gilvray,3213020,1
Luca,947450,21
Wilfred,947450,14
Vittorio,947450,2
Arabella,947450,1
Random,947450,7
Rockwell,947450,11
Hester,947450,6
Mary,947450,21
Morganthal,947450,6
Wallace,947450,13
Mussolini,947450,10
Duce,947450,14
Loginov,3557540,18
Petrov,3557540,17
Konovalov,3557540,10
Borodin,3557540,22
Jones,3557540,11
Mancuso,3557540,13
Putin,3557540,18
Ryan,3557540,1
Ramius,3557540,17
Deva,8993240,5
Gita,8993240,18
Azad,8993240,14
Azaad,8993240,23
Mahalakshmi,8993240,19
Anjali,8993240,6
Myaxx,12169608,14
Guy,12169608,23
Omnitrix,12169608,13
Gwen,12169608,4
Azmuth,12169608,5
Tennyson,12169608,1
Animo,12169608,13
Ben,12169608,3
Tetrax,12169608,6
Max,12169608,7
Vilgax,12169608,21
Galvan,12169608,17
Bela,4199428,16
Ashok,4199428,6
Cynthia,20791313,24
Potter,20791313,18
Wainwright,20791313,6
Squeal,25998637,7
Bernard,25998637,6
Zira,18618306,16
Maximus,18618306,13
Taylor,18618306,4
Zaius,18618306,6
Landon,18618306,9
Daly,18618306,8
Galen,18618306,13
Evans,18618306,12
Harrison,18618306,8
Lucius,18618306,8
Murphy,29891121,4
Leverett,29891121,16
Gurney,29891121,12
Brett,29891121,6
Stafford,29891121,6
Jean,29891121,1
Thangam,30640107,4
Kannan,30640107,23
Jane,2649257,21
Georgiana,2649257,0
Elizabeth,2649257,21
Collins,2649257,6
Bourgh,2649257,8
Darcy,2649257,6
Bingley,2649257,7
Catherine,2649257,8
Lydia,2649257,1
Wickham,2649257,3
Lucas,2649257,2
Bennet,2649257,17
Roberts,33408737,15
Franklin,33408737,13
Walter,33408737,15
Grace,33408737,6
Vivian,33408737,13
Smith,33408737,18
Taylor,11894802,24
Pera,27128043,14
Fitzgerald,9384810,23
Graham,9384810,3
Lubitch,2133173,21
Biggs,2133173,20
Gamera,4399341,1
Asagi,4399341,4
Nagamaine,4399341,13
Nagamine,4399341,16
Yonemori,4399341,17
Gyaos,4399341,16
Kusanagi,4399341,5
Perkins,36423660,9
Rivers,36423660,9
Dunlap,36423660,21
Joe,36423660,24
Nola,36423660,4
Stewart,36423660,18
Mike,36423660,9
Glenn,36423660,3
Doris,36423660,8
Myra,36423660,6
Eddie,36423660,2
Nancy,36423660,3
Thorndyke,36423660,16
Yip,7398707,15
Yuen,7398707,20
Fong,7398707,16
Cheung,7398707,18
Rudolph,2011090,10
Richmond,2011090,7
Fran,2011090,6
Norma,2011090,4
Bates,2011090,4
Ambrose,2011090,8
Norman,2011090,3
Manuela,29041460,10
Caicedo,29041460,16
Elena,29041460,13
Zhihua,24551173,3
Hua,24551173,23
Daisy,14321288,19
Tyler,22739948,3
Williams,22739948,5
Womack,22739948,20
O'Reily,22739948,3
Keira,22739948,3
Joanne,22739948,23
Mia,22739948,3
Billy,22739948,21
O'Leary,7693015,16
Hanneford,24061073,21
Kate,24061073,7
Owens,24061073,11
O'Brien,24061073,20
Nixon,2634175,6
Kennedy,2634175,11
Ford,2634175,19
Brianna,22951393,13
Bobby,22951393,24
Ronnie,22951393,12
Bordas,22951393,22
Kalinowski,22951393,20
Freeman,22951393,18
Seth,22951393,17
Burnham,25860938,3
Smith,25860938,19
Wilson,25860938,7
Bill,25860938,20
Prescott,5566204,6
Alverna,5566204,3
Easter,5566204,14
Joe,5566204,6
Woodbury,5566204,12
Victoria,6698176,20
Dan,6698176,3
Rotten,2608675,23
Lane,2608675,8
Fred,2608675,3
Lavonne,2608675,16
Shaggy,2608675,3
Daphne,2608675,8
Cherie,2608675,6
C.J.,2608675,3
Scooby,2608675,3
Travolta,2608675,11
Velma,2608675,8
Meera,28614987,5
Milo,1630107,24
Deuce,1630107,15
Alba,1630107,5
Oswald,1630107,22
Bewick,1630107,18
Sullivan,24132780,14
Jimmie,24132780,6
Gilbert,24132780,14
Betsy,15354287,12
Augustus,902225,3
Grandpa,902225,16
Tom,902225,24
Evans,902225,12
Bigg,902225,16
Little,902225,24
Rita,31323938,3
Seidel,31323938,13
Manfred,31323938,21
Daleks,328284,6
Emma,328284,3
Randy,1623500,8
Samantha,1623500,6
Perkins,1623500,21
Brell,1623500,6
Hogan,1623500,11
Faby,33606762,6
Rockey,33606762,11
Chaplin,1854398,14
Macabee,1854398,9
Tucker,1854398,15
Shadov,1854398,6
Shahdov,1854398,14
Rupert,1854398,13
King,1854398,21
McCarthy,1854398,14
Mitch,13594320,12
Jimmy,13594320,2
Tommy,13594320,5
Norman,13594320,10
Jack,17128706,23
Brachley,17128706,16
Mary,17128706,19
Majors,21870282,1
Dory,21870282,14
Lansing,21870282,19
Froelich,21870282,1
Haley,21870282,13
Taliaferro,21870282,4
Groom,21870282,6
Henry,25011989,4
Don,25011989,1
Andhera,2122364,5
Blake,20318189,6
Mari,20318189,7
Rivera,20318189,24
William,3145964,6
White,3145964,12
Beardsley,3145964,21
Sherman,3145964,12
Helen,3145964,21
Munion,3145964,12
Serafina,24583584,4
Balthasar,24583584,24
Armando,24583584,9
Littlefoot,4118332,3
Petrie,4118332,4
Ducky,4118332,24
Brady,29890957,2
Elsie,29890957,12
Mazia,29890957,20
Matt,29890957,6
Reynolds,29890957,15
Herrick,29890957,17
Amakusa,8883100,21
Muramasa,8883100,4
Kirimaru,8883100,3
Jubei,8883100,17
Hosokawa,8883100,3
Tadoki,8883100,19
Inshun,8883100,8
Musashi,8883100,21
Masamune,8883100,4
Shiro,8883100,21
Tajima,8883100,3
Jenny,12251889,5
Sally,12251889,20
Robinson,12251889,19
Abbott,12251889,9
Francisco,574909,17
Cassandra,574909,9
Fedorchuk,574909,11
Davidson,574909,20
Jabrukha,574909,23
Hubley,574909,20
Bogart,574909,15
Tuggle,574909,0
Harcourt,574909,20
Sykes,574909,10
Perez,574909,20
Strader,574909,17
Siddhartha,6108184,4
Samira,34952964,19
Samir,34952964,14
Nabila,34952964,2
Aggie,33949342,12
Swift,33949342,6
Wattles,33949342,6
Bruno,33949342,14
Henry,3640928,6
Russell,3640928,6
Lingley,3640928,1
Musick,3640928,7
Midget,3640928,12
Thompson,3640928,13
Bergner,3640928,3
Cliveden-Banks,3640928,21
Duke,3640928,14
Genevieve,3640928,21
Ann,3640928,6
Langley,3640928,19
King,3640928,12
Peep,14204108,14
Sam,14204108,23
Wolf,14204108,10
Ralph,14204108,3
Sheepdog,14204108,22
Shalini,30957333,5
Nagar,30957333,4
Ahmedi,30957333,13
Parmar,30957333,0
Krishnan,30957333,19
Shabnam,35634057,2
Nisha,35634057,23
Munish,35634057,0
Anand,35634057,0
Tom,9705581,3
Jerry,9705581,3
Pooja,21820310,4
Kharaj,21820310,9
Arjun,21820310,7
Subhashree,21820310,13
Mukherjee,21820310,22
Timothy,1015585,6
Lilian,1015585,6
Lillian,1015585,6
Roxanne,1015585,15
Rafael,1015585,9
Dice,1015585,3
Louise,1015585,3
Frank,1015585,24
Walker,1015585,0
Billie,1015585,13
Richardson,1015585,12
Roxanne,230536,24
Mr.,230536,15
Otis,230536,6
Burger,230536,21
Dexter,230536,3
Ed,230536,3
Wheat,230536,7
Beaver,20530049,15
Woody,20530049,3
von,1198597,11
Kaeti,1198597,4
Klugermann,1198597,4
Max,1198597,0
Stachel,1198597,6
Richthofen,1198597,12
Heidemann,1198597,6
Howe,781934,7
Johnson,781934,8
Lee,781934,13
Hank,781934,15
Bessie,781934,13
Gaulle,2417736,24
Chevalier,2417736,12
Jane,1974729,17
James,1974729,21
Tarzan,1974729,4
Powell,4744645,4
Slinger,29472852,23
Merritt,29472852,24
Medley,29472852,15
Angie,29472852,14
Joss,27637773,14
McBride,11530657,20
Lila,11530657,6
Tito,11530657,16
Miranda,11530657,3
Consuela,11530657,15
Eddie,11530657,3
Zarma,31504552,22
Hurlburt,31504552,2
Macha,2502451,3
Avi,2502451,6
George,2502451,10
Jake,2502451,21
Zach,2502451,6
Gold,2502451,23
Billy,2502451,1
Green,2502451,11
Mischa,28152060,16
Throat,28152060,2
Bubble,28152060,16
Waldo,28152060,2
Betty,28152060,3
Boop,28152060,4
Lavish,28152060,9
Cornelius,4785973,9
Mistelzweig,4785973,18
Travers,4785973,23
Menil,4785973,22
Mabuse,4785973,13
Bardot,4257310,19
Brigitte,4257310,1
Erasmus,4257310,1
Stewart,4257310,11
Leaf,4257310,7
Lama,27592547,18
Tsering,27592547,14
Woodman,27592547,2
Paul,19389755,15
Alan,19389755,24
Miranda,19389755,15
Milly,19389755,19
Maud,19389755,2
Alice,19389755,2
Antoine,19389755,11
Turlotte,25507665,16
Stevens,25507665,23
Moore,5392223,20
Stone,5392223,11
Kumar,34324430,9
Goud,34324430,6
Chandu,34324430,3
Raj,34324430,13
Aparna,34324430,18
Rajareddy,34324430,10
Vandana,34324430,8
Chandrasekhar,34324430,21
Abhi,34324430,18
Stokes,1017863,18
Sheffield,1017863,15
Dana,1017863,2
Dawson,1017863,24
Nelson,1017863,4
Chet,3812366,3
Craig,3812366,11
Kate,3812366,0
Cammie,3812366,21
Young,3812366,20
Ripley,3812366,15
Buck,3812366,3
Vindhyan,31384712,17
Nair,31384712,19
Shivpal,31384712,3
Neelima,31384712,6
Megan,1915264,4
Gordon,1915264,2
Ron,1915264,19
Chandler,1915264,4
Cassandra,21801192,14
Cassie,21801192,3
Fumiko,1040632,2
Satake,1040632,20
Aya,1040632,24
Manabe,1040632,9
Tamura,1040632,23
Yabe,1040632,21
Noriko,1040632,21
Lowe,52371,18
Rose,52371,4
Dawson,52371,6
Bukater,52371,3
Jack,52371,5
Lovett,52371,14
Calvert,52371,12
Cooper,9169723,20
Ray,9169723,16
Griggs,9169723,21
Sherman,9169723,5
Teddy,9169723,13
Noble,9169723,11
Boyd,9169723,8
Marge,9169723,16
Harriet,9169723,3
Savage,9169723,7
Swope,3692025,21
Rita,15461110,17
McGowan,15461110,5
Angie,22644882,23
Kassada,7192381,9
P.,7192381,10
Allen,7192381,10
Ramona,7192381,18
Berwell,7192381,19
Studi,7192381,17
Ju,21312403,21
Nen,21312403,3
Irina,28839015,10
Kamenev,28839015,10
Stauffer,28839015,22
Semyon,28839015,3
Forell,28839015,4
Anastas,28839015,19
Darren,12918906,24
Roanoke,12918906,0
Pitka,12918906,12
Bullard,12918906,22
Paul,28385470,0
Cthulhu,28385470,4
Charlie,28385470,24
Olaf,28385470,9
Jeff,28385470,17
Philips,28385470,15
Richard,3139727,22
Saladin,3139727,19
Alice,3139727,1
Patsy,24479263,16
Corbin,24479263,17
Max,35352943,18
Palmer,13809726,10
Dwyer,13809726,24
Lambert,13809726,13
Andrea,18008366,10
Cindy,18008366,3
Lewis,18008366,24
Cruze,18008366,21
Moor,10458631,2
Marcus,10458631,15
Karl,10458631,0
McLean,10458631,10
Oshay,10458631,5
Tritan,10458631,9
Ankar,10458631,24
Henry,23432334,24
Ferguson,23432334,21
Shirley,23432334,7
Maggie,23432334,6
Vera,23432334,24
Hotel,23432334,11
Armstrong,23432334,20
Preston,23432334,7
Iceton,20812190,4
Darling,20812190,18
Kath,20812190,10
Sarah,4498688,21
Matthews,4498688,8
Newman,4498688,17
encounter,4498688,17
Chris,4498688,23
Ali,23759482,5
McClane,600235,17
Crawford,600235,4
Graham,600235,3
Lang,600235,9
Francis,600235,7
Kevin,600235,19
Cox,600235,13
Lounds,600235,2
Chilton,600235,12
Patty,14884669,3
Lester,14884669,4
Kate,14884669,4
Matt,14884669,4
Jim,14884669,3
Henley,14884669,19
Weaver,14884669,9
Sheriff,14884669,13
Ethan,14884669,3
Richards,14884669,13
Wong,9362805,1
Damo,9362805,4
Bodhisattva,9362805,6
Lohan,9362805,16
Yin,9362805,5
Alastair,1779669,6
Epifania,1779669,6
Sagamore,1779669,20
Parerga,1779669,1
Bond,1779669,11
Joe,1779669,14
Smith,1779669,0
Kabir,1779669,13
Cockrill,2006607,21
Bates,2006607,23
Barnes,2006607,9
Higgins,2006607,14
Lightfeather,32406514,17
Caldwell,22525391,12
Degan,22525391,18
Muldoon,22525391,2
Luis,5748716,7
Chico,5748716,14
Lorca,5748716,5
Frank,5748716,7
Vin,5748716,19
Manuel,5748716,24
Petra,5748716,16
Chris,5748716,6
Rowe,10587863,19
Sartorius,10587863,12
Clifford,10587863,12
Marion,18067106,2
O'Neil,18067106,2
Morgan,18067106,9
Bertie,18067106,12
Jim,5045608,17
Harold,5045608,15
Mary,5045608,19
Sam,5034380,5
Lilly,5034380,3
Paula,5034380,22
Rachael,5034380,11
Ward,5034380,19
Georgia,5034380,6
Ethan,5034380,5
Rachel,5034380,3
Wilson,5034380,6
Randall,5034380,14
Simon,5034380,6
Arnold,5034380,6
Wilcox,5034380,18
Carmen,26123245,11
Kawamoto,7010485,13
Buddha,7010485,6
Holden,10100595,9
Witkowski,4260440,21
Britney,3585867,6
Allen,3585867,9
Brad,3585867,20
Harper,3585867,9
Rihanna,3585867,1
Heights,3585867,5
Jesse,3585867,19
Camille,3585867,3
Winnie,3585867,6
Tyson,3585867,6
Vassmann,22516313,17
Edelhein,22516313,24
Himmler,22516313,11
Krauzenberg,22516313,15
Reich,22516313,8
Rachel,22516313,2
Vassman,22516313,8
Hans,22516313,8
Dressler,22516313,4
Eichmann,22516313,1
Anderson,4829197,19
Chaney,4829197,11
Shergill,4843251,13
Romi,4843251,16
Karan,4843251,23
Damle,4843251,10
Boop,27960942,14
Turner,8947921,6
Ferguson,8947921,14
Vanzetti,8947921,24
Snakerama,250571,16
Mann,250571,3
Megha,24873475,3
Lingam,24873475,6
Tarun,24873475,10
Nagar,24873475,13
Gopal,24873475,3
Turner,6943287,9
Allison,6943287,17
Stark,6943287,14
Nella,6943287,21
Keegan,17430659,19
Olivia,17430659,21
Melanie,17430659,23
Andrews,33332910,17
Honai,33332910,17
Khote,33332910,23
Raghuveer,33332910,6
Meena,33332910,11
Vijay,33332910,24
Santhanam,12418337,21
Lakshmi,12418337,2
Giulietta,1152156,16
Suzy,1152156,11
William,19032190,10
Gun,19032190,4
Deke,19032190,16
Julian,19032190,18
George,19032190,5
Bullard,19032190,6
Gannon,19032190,10
Mickey,28604095,17
Davis,28604095,22
Fon,12212748,17
Rangiku,12212748,8
Hisagi,12212748,22
Zaraki,12212748,13
Ichigo,12212748,24
Ky,12212748,20
Yamamoto-Genryusai,12212748,19
Kusaka,12212748,16
Madarame,12212748,20
shir,12212748,17
Rukia,12212748,23
Matsumoto,12212748,15
rinmaru,12212748,11
Ishida,12212748,20
Kira,12212748,5
Shihoin,12212748,0
Kuchiki,12212748,13
Borsig,34335079,9
Lane,4429283,15
Johnny,4429283,15
Hondo,4429283,6
Vittorio,4429283,18
Lowe,4429283,7
Angie,4429283,13
Kei,5634338,22
Kamikishiro,5634338,6
Suema,5634338,6
Kimura,5634338,6
Kirima,5634338,3
Shiro,5634338,0
Nagi,5634338,0
Kinoshita,5634338,10
Takeda,5634338,3
Saotome,5634338,17
Boogiepop,5634338,17
Akiko,5634338,4
Miyashita,5634338,6
Manticore,5634338,24
Emir,28072745,9
Cara,28072745,2
Gerard,28072745,17
Fronval,28072745,22
Glysko,28072745,10
Harry,1236447,16
Jessica,1236447,13
Nichols,1236447,18
Toby,1236447,10
Carl,1236447,18
Terri,1236447,8
Collins,1236447,18
Turk,1236447,0
Lewis,1236447,4
Lloyd,1236447,13
Dunne,1236447,22
Washington,1236447,0
Richardson,1236447,21
Grant,8849588,9
Pendelton,8849588,23
Caitlin,8849588,15
Yajulu,28966924,23
Somayajulu,28966924,17
Hema,28966924,23
Gauri,28966924,19
Lingaiah,28966924,2
Costa,772732,21
Soulsby,772732,2
James,772732,5
Hart,772732,9
Matt,772732,3
Asher,772732,3
Illeana,772732,3
Scott,772732,11
Chakravarthy,31089974,0
Lakshmi,31089974,14
Raj,31089974,6
Thampy,31089974,12
Dileep,31089974,0
Kokila,31089974,9
Kalakshetram,31089974,23
Dasavatharam,31089974,24
Mallika,31089974,2
Balasubrahmanyam,31089974,5
McKenzie,16821802,11
Rentro,1458772,6
Rizzo,1458772,4
Tucker,1458772,13
Gonzo,1458772,3
Kermit,1458772,6
Eddie,1458772,20
Hogan,1458772,1
Pierre,24896930,12
Gaby,24896930,19
Albert,24896930,7
Kennedy,164698,9
Creedy,164698,3
Quinn,164698,13
Jensen,164698,16
Jared,164698,6
Abercromby,164698,10
Zan,164698,6
Eddie,164698,8
William,7731090,3
Jessica,7731090,16
Elias,7731090,16
Kurokawa,2621781,19
Mo,2621781,18
Fatso,2621781,3
Mini,2621781,3
Janes,35728312,2
Freddy,26923633,21
Neil,26923633,21
Margret,26923633,13
Rose,26923633,23
Reagan,9959871,1
Walter,9959871,20
Lou,9959871,6
Pitt,9959871,3
Cohn,9959871,15
Joe,9959871,3
Rosenberg,9959871,23
Pellas,21526236,22
Chloe,21526236,4
Rostenburg,9571945,10
Lane,9571945,17
York,9571945,14
Dominic,9571945,17
Alexander,9571945,24
Barashe,9571945,6
Cassandra,9571945,7
Stone,9571945,17
Masami,180785,2
Asakawa,180785,12
ji,180785,15
Yamamura,180785,17
Takayama,180785,15
Reiko,180785,3
Tomoko,180785,17
Starschensky,21757519,2
Sendomir,21757519,20
Kumar,34026052,16
Yadav,34026052,9
Singh,34026052,20
Dum,365905,6
Stan,365905,3
Peep,365905,6
Barnaby,365905,17
Dee,365905,16
Tom,365905,17
Brandon,365905,9
Mouse,365905,14
Stannie,365905,6
Cole,365905,17
Wazowski,197558,9
Sullivan,197558,3
Waternoose,197558,13
Boggs,197558,19
Celia,197558,8
Boo,197558,4
Roz,197558,19
III,197558,9
Randall,197558,10
Vera,33740907,6
Seton,33740907,18
Armstrong,33740907,13
Starloff,33740907,23
Mandrake,33740907,10
Owen,33740907,21
Claythorne,33740907,9
Morley,33740907,21
Rogers,33740907,6
Blore,33740907,6
Quincannon,33740907,23
Brent,33740907,6
Philip,33740907,3
Lombard,33740907,6
Annabelle,5735156,4
West,5735156,8
Crosby,5735156,16
Cecily,5735156,6
Joan,10002175,3
Glen,10002175,8
Ray,10002175,18
Crowder,10002175,15
Clancy,10002175,8
Whitfield,10002175,0
Bobbie,10002175,18
Locke,10002175,19
Cyril,19887961,22
Orestes,19887961,11
Hypatia,19887961,7
Theon,19887961,14
Hayes,24726441,24
Ferrier,24726441,21
Martha,24726441,5
Russell,24726441,11
Oswald,31570145,6
Shannon,9897840,16
Fred,9897840,10
Maxine,9897840,14
Goodall,9897840,12
Faulk,9897840,19
Jelkes,9897840,3
Fellowes,9897840,23
LeBlanc,4232814,3
Jones,74956,20
Zitzkiwitzki,74956,23
Kockenlocker,74956,14
Lakshmi,24828637,20
Akbar,24828637,15
Biryani,24828637,13
Bhola,24281921,0
Nath,24281921,8
Dalaal,24281921,21
Roopali,24281921,10
Clark,33608894,6
Ben,33608894,1
Joseph,33608894,3
Su,213413,11
Li-zhen,213413,23
Chow,213413,3
Suen,213413,12
Hopper,11956773,7
Victoria,11956773,11
Eli,11956773,21
Wurman,11956773,1
Launer,11956773,5
Richman,1757150,3
Marlow,1757150,16
Cliff,1757150,3
Terry,1757150,13
Monteiro,1757150,3
Chase,1757150,13
Burgess,1757150,18
Curtis,1757150,6
Armand,8272243,13
Francisco,29230838,12
Ferguson,29230838,19
McLaurin,29230838,21
Nancy,29230838,17
Margaret,29230838,6
Bob,29230838,17
Menda,29230838,23
Carla,29230838,24
Schaffer,25336781,19
Crang,25336781,17
Betsy,25336781,21
Frannie,25336781,17
Larry,25336781,8
Lynn,25336781,6
Carey,25336781,13
Angie,25336781,18
Jeffords,27365295,23
Jefford,27365295,16
Alexander,27365295,20
Fleming,27365295,0
Yacov,27365295,18
don,27365295,12
Scuba,27365295,14
Shalini,1626038,6
Raja,1626038,21
Aarti,1626038,21
Sehgal,1626038,7
Hindustani,1626038,21
Jai,1626038,5
Mendes,25648285,17
Baxter,12579895,4
Polly,12579895,13
Philip,12579895,4
Beatrice,22791862,3
Huggins,22791862,21
Picky-Picky,22791862,6
Bea,22791862,21
Dorothy,22791862,6
Kemp,22791862,8
Meacham,22791862,3
Quimby,22791862,21
Beezus,22791862,3
Howie,22791862,20
Robert,22791862,3
Ramona,22791862,3
Harry,8386833,3
Marcel,8386833,10
Doonan,8386833,21
Charlie,8386833,23
Perreau,8386833,8
McGregor,1332050,16
Hayes,1332050,0
Jess,1332050,21
Coleman,1332050,17
Wheeler,1332050,9
Fontaine,17816459,8
Michel,17816459,24
Juliette,17816459,6
Lea,17816459,23
Bilal,4366908,1
Nathan,4366908,2
Nabila,4366908,2
Sami,4366908,6
Nadia,4366908,11
Aicha,4366908,3
Antoine,4366908,21
Bowie,25783621,19
Anna,25783621,20
Crockett,25783621,8
Houston,25783621,0
Murphy,264176,10
Cook,264176,15
Pardella,264176,0
Belford,264176,16
Kate,264176,12
Vinci,264176,9
Goldstein,264176,24
Libby,264176,11
Gill,264176,24
Phreak,264176,23
Gibson,264176,7
Dade,264176,6
Sanchez,264176,8
Eugene,264176,15
Lincoln,32841570,2
Hunt,32841570,6
Wilcox,32841570,0
Shige,3325423,6
Nonoko,3325423,5
Noboru,3325423,5
Takashi,3325423,8
Frankie,12048390,21
Dollar,12048390,5
Cimballi,8007011,24
Irene,9502327,21
Jacques,9502327,3
Gilles,9502327,2
Madeleine,9502327,20
Jean,9502327,3
Agn,9502327,3
Johnny,23902011,8
Andrew,23902011,19
Khouri,13001818,6
Knox,13001818,7
Dalia,13001818,10
Toliopoulos,13001818,11
Kate,12642729,2
Lem,12642729,12
Kumar,35790652,21
Poornima,35790652,14
Anandhan,35790652,21
Shanthi,35790652,12
Maheshwari,35790652,2
Cassandra,28225154,6
Kathy,9842327,14
Tomato,9842327,19
Takeda,9842327,9
Louis,9842327,9
Shinsuke,9842327,17
Arthur,25361474,17
Ilene,25361474,4
Thagnar,25361474,15
Gawain,25361474,9
Morgana,25361474,20
Sligon,25361474,16
Grant,33398373,3
McLeod,33398373,9
Sloan,33398373,15
Jed,33398373,23
Nick,33398373,20
Lurie,33398373,5
Diana,33398373,6
Ben,33398373,13
Mimi,33398373,6
Fuller,33398373,18
Shepard,33398373,18
Billy,33398373,14
Rebecca,33398373,13
Solarz,33398373,18
Donal,33398373,5
Marianne,33398373,2
Cooper,33398373,20
Lewis,33398373,12
Mac,33398373,17
Osborne,33398373,23
Cusimano,33398373,0
Jim,33398373,23
Volkan,34543328,12
Zeynep,34543328,22
Ahmet,34543328,14
Hill,3300749,8
Faulkner,3300749,6
Juvenal,3300749,15
Murray,3300749,9
Katie,5614173,11
Abby,5614173,3
Parker,5614173,9
Maddie,5614173,23
Sidney,5614173,4
Travis,23780258,6
Hagen,23780258,5
Morbius,23780258,4
Krazy,34007429,3
Kat,34007429,17
Gregor,9600368,17
Anton,9600368,15
Lussan,9600368,10
Thea,9600368,8
Hassell,9600368,17
Zander,20897294,15
Blake,20897294,17
Willie,20897294,4
Britain,9178343,11
Gill,18227035,4
Aryan,18227035,16
Kapoor,18227035,8
Gadar,18227035,22
Asharraff,18227035,12
Neha,18227035,3
Jayenge,18227035,22
Anand,18227035,3
Marco,4382512,4
Ricky,4382512,6
Romero,4382512,15
Kevin,4382512,4
Richards,4382512,17
Jermaine,4382512,17
Mason,8174590,12
Nazro,8174590,20
Croft,8174590,12
Morgan,8174590,10
Helen,8174590,15
Junior,6721185,6
Daria,6721185,7
Max,6721185,19
Ely,6721185,3
Evy,6721185,3
Bidasari,8382241,3
Brad,5989816,3
Janaki,8625061,6
Ramana,8625061,3
Ferguson,7306824,11
Mackenzie,7306824,16
Scat,1456002,16
Lucia,1456002,2
Vail,1456002,14
Lips,1456002,6
Colonna,1456002,24
Sweeney,1456002,0
Crosby,1456002,22
Barton,1456002,19
Venky,29321958,3
Devi,29321958,2
Ammu,29321958,13
Venkitesh,29321958,10
Ravi,29321958,5
Parvathy,29321958,2
Abraham,29321958,3
Percy,9779574,17
Robespierre,9779574,21
Tournay,9779574,9
Count,9779574,4
Chauvelin,9779574,0
Blakeney,9779574,9
Marguerite,9779574,3
Ffoulkes,9779574,21
St.,9779574,13
Timmy,31361603,6
Kapoor,31361603,2
Rhea,31361603,3
Nanda,31361603,6
Gabriel,7271954,14
Aiden,7271954,13
Vivian,7271954,3
Astrid,7271954,21
Rafe,7271954,17
Colin,2367984,2
Suzette,2367984,8
Hansen,30186271,6
Benny,30186271,23
Kjeld,30186271,23
Shannon,3748842,10
Maurey,3748842,3
Sam,3748842,23
Elkrunner,3748842,2
Lydia,3748842,7
Barrymore,3748842,5
Penelope,31510651,12
John,31510651,4
Kunchacko,26587965,5
Mary,26587965,13
Sreenivasan,26587965,6
Pilgrim,32458813,6
Walker,32458813,22
Paul,1862671,3
Jane,1862671,9
Kwai,1862671,7
Yen,1862671,15
Luke,1862671,3
Ringo,1862671,17
Frank,1862671,3
Sally,1862671,22
Ben,1862671,6
Leong,1862671,6
Shing,1862671,7
Baxter,2542946,17
Talbot,2542946,17
Chamberlain,2542946,6
Manning,2542946,17
Pritchett,2542946,5
Rickman,2542946,21
Sanderson,2542946,20
Lukas,2542946,10
Chelsea,3745527,4
Allison,3745527,0
Mike,3745527,0
Jake,3745527,4
Derrick,3745527,0
Adam,3745527,3
Nefler,1879413,14
Plendor,1879413,18
Herman,1879413,14
Phyllis,1879413,16
Fred,1879413,14
Cleo,1879413,23
Velda,1879413,3
Kincaid,3037946,17
Caulfield,3037946,19
Gordon,3037946,6
Helena,3037946,13
Parker,3037946,1
Joey,3037946,17
Neil,3037946,0
White,3037946,13
Jennifer,3037946,3
Taryn,3037946,17
Anderson,3037946,19
Hills,3037946,17
Thompson,3037946,3
Phillip,3037946,4
Freddy,3037946,17
Crusel,3037946,4
Stanton,3037946,24
Philip,3037946,23
Krueger,3037946,17
Kristen,3037946,3
Gabor,3037946,8
Nancy,3037946,6
Carver,3037946,13
Joan,28432402,17
Pickering,28432402,20
Dodd,28432402,8
Fowler,28432402,23
Strayton,31934326,16
Elliott,31934326,23
Remme,31934326,3
Agent,31934326,11
Eloisa,23632278,23
Turnbull,23632278,23
Melanie,23632278,14
Stephen,23632278,6
Ella,27382757,3
Nickerson,27382757,17
Nicholas,27382757,18
Crystal,27382757,6
Hunter,27382757,6
Finley,27382757,17
Montalvo,27382757,6
Molly,5773944,3
Rinaldi,5773944,8
Shapiro,5773944,1
McIntire,5773944,1
Bennett,5773944,10
Luke,3831954,14
Elijah,3831954,12
Angela,3831954,15
Elliott,23965213,10
Johnson,23965213,11
Hairkutt,23965213,24
Lettie,35978329,14
Varden,35978329,13
Lane,35978329,1
Hortense,35978329,21
Autry,35978329,4
Frog,35978329,12
Seward,35978329,16
Joe,35978329,21
Morgan,35978329,2
Barton,35978329,12
Tex,35978329,6
Shanti,31601544,3
Lalitha,31601544,3
Thangam,31601544,2
Nambiar,31601544,21
Sokkalingam,31601544,14
Ganesan,31601544,3
Sivalingam,31601544,12
Patrick,35735268,7
Esmerelda,35735268,10
Antonio,35735268,10
Matt,35735268,4
Reeves,35735268,24
Cecilia,35735268,10
Ryan,35735268,0
Professor,35735268,21
Humphrey,35735268,4
O'Brien,35735268,3
Ng,13489189,15
Barredo,29111929,3
Garcia,29111929,23
Agnes,29111929,16
Evie,12034233,1
Sultana,12034233,12
Amy,25490826,3
Williams,25490826,19
Mark,25490826,6
McCune,25490826,10
Parker,25490826,12
Dianne,25490826,23
Julia,25490826,13
Tess,25490826,2
David,25490826,22
Yoshiaki,6135756,19
Kagetora,6135756,21
Koizumi,6135756,15
Mimura,6135756,5
Iba,6135756,21
Shingen,6135756,0
Bayles,2949735,8
White,2949735,1
Gabriel,2949735,4
Bridget,2949735,15
McGovern,2949735,16
Hellman,2949735,4
Paige,2949735,19
Lala,24387135,8
Lee,16079090,20
Chi,16079090,20
Chiang,16079090,9
Maria,3796734,2
Christoffer,3796734,3
Annelise,3796734,16
Hagan,27877448,20
Keiko,32722745,2
Mitch,32722745,9
Zak,34630340,23
Seth,34630340,23
Gillom,2400759,21
Beckum,2400759,12
Hostetler,2400759,6
Thibido,2400759,6
Pulford,2400759,23
Victoria,2400759,5
Moses,2400759,6
Sweeney,2400759,9
Rogers,2400759,19
Cobb,2400759,20
Stillman,12575892,13
Blake,594105,3
Emilio,594105,21
Falls,594105,15
Babe,594105,17
Pam,594105,2
Bennett,594105,18
Anderson,594105,19
Cedar,594105,7
Dawson,594105,19
Stingaree,14828868,6
Kent,14828868,3
Mr.,14828868,12
Julian,14828868,4
Bouverie,14828868,22
Radford,14828868,18
Hilda,14828868,3
Annie,14828868,20
Clarkson,14828868,23
Sadler,67415,20
Mason,67415,3
Axel,67415,17
Quentero,67415,18
Felicia,67415,2
Trent,67415,0
O'Malley,67415,10
Andy,67415,6
Laughton,6857245,12
Sam,6857245,3
Nero,6857245,21
Frost,7487699,23
Betty,7487699,2
Cooper,2699610,3
Noonan,2699610,19
Mr.,2699610,13
Gates,2699610,5
Josh,2699610,6
O'Malley,2699610,10
Schrank,2699610,6
Elizabeth,12135919,19
Beck,12135919,22
Neuville,12135919,17
Anne,12135919,8
Margot,12135919,17
Bruno,12135919,22
lisabeth,12135919,16
Alex,12135919,6
Kumar,735240,19
Kenworth,735240,22
Cody,735240,3
Allen,735240,23
butler,735240,9
Emily,735240,24
Banks,735240,16
Duncan,735240,16
Derek,735240,17
chase,735240,16
Diaz,735240,4
Alex,735240,16
Romeo,18195326,21
Nagin,19855417,19
George,19855417,24
Bartlett,4499436,4
Lennox,4499436,10
Anna,4499436,2
Kate,4499436,11
Martha,4499436,9
David,4499436,21
Stylites,6799781,6
Christ,6799781,12
Satan,6799781,6
Tagalog,11770301,3
Trent,11770301,19
Joe,11770301,6
Ryker,11770301,6
Jr.,11770301,23
Dave,11770301,4
Atong,11770301,17
Clark,5525737,2
Harry,451898,5
Harshaw,451898,0
Madox,451898,17
Gloria,451898,12
Harper,451898,2
Sutton,451898,24
Dolly,451898,16
Mike,22290050,11
Emma,22290050,11
Penelope,32959358,4
Oliver,32959358,23
Mason,32959358,17
Enid,32959358,24
Morton,32959358,24
Newell,32959358,1
Jones,8641297,11
Carpenter,8641297,13
MacLean,8641297,9
Walker,8641297,11
Swanson,8641297,15
Anders,8641297,4
Vaslov,8641297,12
Mills,8641297,18
Abhirami,5671546,24
Amutha,5671546,23
Chandru,5671546,6
Padmini,5671546,6
Aravindan,5671546,6
Kelly,5628441,18
Xiaoma,17190300,6
Grandma,17190300,13
Cletus,2624370,24
Jorge,2624370,10
Dagenais,15531705,16
Elena,8078672,14
Albajara,8078672,16
Devi,10640559,4
Karan,10640559,21
Arjun,10640559,24
Kishan,10640559,24
Robin,10640559,2
Lele,10640559,15
Ravan,10640559,0
Varty,13112145,11
Shannon,4893170,6
Richard,4893170,15
Okoye,4893170,5
Michel,4893170,21
Kimba,4893170,20
Terry,4893170,15
Endean,4893170,6
North,4893170,8
Drew,4893170,3
Derek,4893170,15
Zangaro,4893170,10
Bobi,4893170,16
Willingdon,10385898,6
Lane,10385898,17
Peckitt,10385898,12
Ann,10385898,13
Folland,10385898,13
Jones,10385898,5
Adam,10385898,5
Phillips,10385898,5
Mrs,10385898,17
Marienblau,957631,4
Bouchard,6120213,2
Brisset,6120213,1
Ward,6120213,17
Therrien,6120213,24
Joo,11715767,8
Soo,11715767,21
Serena,23601212,17
THRUSH,23601212,16
Wister,23601212,17
Waverly,23601212,13
Coria,23601212,6
Namana,23601212,4
Arsene,23601212,20
Juan,33462689,3
Elizabeth,33462689,3
Maltravers,33462689,2
Stella,33462689,23
Ice,33462689,10
Smiley,33462689,3
Ronny,33462689,23
Smith,33462689,18
Conners,33462689,21
Jeffreys,33462689,1
Kamini,18076569,1
Shergill,18076569,4
Aunty,18076569,12
Rai,18076569,12
Viraj,18076569,3
Denise,18076569,6
Richards,18076569,20
Simrita,18076569,14
Fritton,1381474,21
Fatima,1381474,13
Arabella,1381474,2
Clarence,1381474,21
Gates,1381474,17
Sultan,1381474,19
Bird,1381474,13
Bassett,1381474,24
Boy,1381474,12
Cole,1381474,0
Stella,35229702,13
Paul,35229702,21
Jeff,35229702,15
Linda,35229702,21
Nina,2709182,6
Wright,2709182,17
Regis,2709182,6
Neil,2709182,6
Cash,2709182,11
David,2709182,19
Dylan,2709182,0
Spikings,2709182,17
Cooper,2709182,11
Kyle,2709182,6
Blackburn,2709182,7
Stengel,2709182,4
Foley,2709182,8
Town,2709182,7
Carla,2709182,17
Luchessi,2709182,7
Moreau,11500423,3
Jackson,2069002,3
Patrice,2069002,1
Dee,2069002,22
Dellaplane,2069002,16
Henry,7870124,3
II,7870124,21
Alais,7870124,10
Lionheart,7870124,13
Geoffrey,7870124,13
Eleanor,7870124,3
John,7870124,13
Phillip,7870124,19
Nascimento,25818705,12
do,25818705,15
Padilha,25818705,9
Barreto,25818705,22
Agatha,15253513,12
Mary,15253513,23
Max,15253513,2
Simon,15253513,6
Shanti,8448870,21
Sinha,8448870,14
Suresh,8448870,16
Pammi,8448870,13
Lucia,374885,21
Anatoly,374885,8
Witherspoon,374885,21
Ramirez,374885,11
Vladimir,374885,21
Lomardo,374885,19
Ivanov,374885,6
Denise,35382704,12
Conklin,35382704,22
Sally,35382704,16
Moose,25990814,12
Shawn,25990814,18
Peter,25990814,16
Belle,25990814,6
Pott,25990814,12
Potts,25990814,12
Morris,25990814,12
Nata,2439425,5
Ana,2439425,13
Reina,2439425,24
Lino,2439425,5
Sergei,2439425,4
Jos,2439425,3
Amador,2439425,3
Grasso,18025339,12
Thurber,18025339,13
Hadley,18025339,20
Manchester,919013,12
Jo,919013,11
Dalbret,919013,12
David,919013,15
Ruthie,919013,13
Maurice,919013,12
Ruth,919013,6
Caroline,919013,13
Joanna,919013,6
Wallace,919013,23
Appu,29607136,3
Mukesh,29607136,19
Pillai,29607136,6
Chandran,29607136,0
Meenakshi,29607136,22
Shwetha,35171008,9
Chromatistes,11716156,0
Mark,948784,10
Phreak,948784,6
Gil,948784,24
Jimmy,948784,3
Pushpop,948784,3
Chloe,948784,14
Livingston,948784,12
Tim,1055920,13
Jake,1055920,24
Sylvie,1055920,16
Urduja,16975168,1
Simakwel,16975168,12
Wang,16975168,17
Limhang,16975168,9
Lakanpati,16975168,13
Ganor,24028019,10
Soraya,24028019,24
Sultan,24028019,22
Daikor,24028019,15
Cronenberg,6086348,9
Brandon,6086348,1
Niko,6086348,3
Scotty,6086348,21
Pelk,6086348,3
Purab,22706480,3
Pandey,22706480,24
Kakkar,22706480,0
Jai,22706480,24
Amrish,22706480,20
Malik,22706480,14
Marina,7523896,6
Vorashilov,7523896,21
Selanova,7523896,4
Clark,7523896,3
Semyon,7523896,13
Bigelow,4523010,4
Elizabeth,4523010,4
Newman,4523010,9
Margaret,4523010,8
Steff,454223,6
Blane,454223,3
Dale,454223,5
Jack,454223,14
Walsh,454223,15
Andie,454223,3
McDonough,454223,0
Duckie,454223,3
Sricharan,32160178,20
Raghu,32160178,21
Padma,32160178,2
Hall,5689382,18
Ollie,5689382,2
Stan,5689382,2
Hardy,5689382,7
Rupert,3966684,9
Warne,3966684,17
Bertram,3966684,4
Amelia,3966684,0
Heelis,3966684,3
Beatrix,3966684,21
Millie,3966684,21
Wiggin,3966684,18
Helen,3966684,5
Norman,3966684,21
Potter,3966684,6
Aaron,76383,18
Joshua,76383,4
Nefretiri,76383,24
Seti,76383,22
Bithiah,76383,6
Bush,76383,15
Pharaoh,76383,16
Rameses,76383,21
Jethro,76383,8
Moses,76383,3
Liliah,76383,4
Dathan,76383,17
Yoshebel,76383,1
Baka,76383,23
Dhoonda,17975732,15
Tuk,17975732,14
Wazir,10895416,3
Jawan,10895416,13
Marsinah,10895416,23
Hajj,10895416,15
Lalume,10895416,21
Caliph,10895416,6
Rollo,1643035,19
Monty,1643035,17
Felix,1643035,4
Talon,1643035,1
Gutsy,1643035,17
Girl,1643035,24
Stacy,6507424,1
Nathu,5519614,24
Tom,4032170,3
Jerry,4032170,12
Brad,4032170,6
Waltzer,4032170,3
Betty,4032170,3
Kevin,4032170,21
Valli,21036936,6
Kamalam,21036936,6
Elizabeth,12035515,13
Emily,12848974,3
Bingo,12848974,14
Joe,4684910,11
Schats,4684910,23
Gotti,4684910,11
Rochak,8260298,12
Ramesh,8260298,22
Pranai,8260298,16
Rizvi,8260298,22
Ismail,8260298,13
Geithner,27451979,0
Bernanke,27451979,1
Paulson,27451979,9
Summers,27451979,17
Stearns,27451979,3
Bush,27451979,0
Feldstein,27451979,17
Tyson,27451979,17
Katie,28000552,14
Cruyff,28000552,4
Angelo,28000552,8
Kon,28000552,9
Mark,28000552,9
Vito,28000552,1
Salleh,28000552,1
Charlie,28000552,14
Damon,28000552,8
Lisa,28000552,2
Mathilde,1694467,2
Antoine,1694467,13
Phantasma,4459184,23
Frankenteen,4459184,9
Scooby,4459184,23
Grimwood,4459184,4
Sibella,4459184,20
Tanis,4459184,20
Winnie,4459184,15
Revolta,4459184,19
Yu,10604572,9
Feng,10604572,8
Fei,10604572,7
Jolitorax,30175781,18
Raj,26996441,11
Jeeva,26996441,6
Chinki,32295361,5
Sharma,32295361,9
Baabji,32295361,24
Rathore,32295361,0
Ling,19554890,3
Jane,19554890,17
Evelyn,19554890,3
Kruipen,19554890,9
Bart,19554890,23
Adam,19554890,3
Freddie,19554890,17
David,19554890,6
Peagler,30888235,4
Devereaux,2526868,6
Sam,2526868,4
Melissa,2526868,7
Stanley,2526868,23
Richards,2526868,6
Roscoe,22949552,18
Talia,22949552,19
Aggie,80533,12
Stella,80533,6
McCormick,80533,3
McDonald,80533,12
Belinda,80533,6
Richardson,80533,21
Locky,80533,17
Brooks,464883,6
Craig,464883,3
Herb,464883,21
Myshkin,464883,12
McClanahan,464883,16
McCann,464883,6
Janaszak,464883,24
Michaels,464883,1
Tretiak,464883,24
Johnson,464883,10
Eruzione,464883,11
Christian,464883,10
O'Callahan,464883,23
Schneider,464883,1
Patrick,464883,19
Krutov,464883,12
Jimmy,12525687,3
Thompson,12525687,3
Carmen,12525687,23
Lansing,882893,15
Nelson,882893,22
Scott,882893,3
Penelope,21859735,20
Katherine,21859735,14
Rick,21859735,1
Patrick,21859735,23
Greek-American,21859735,7
Shaw,21859735,9
Yanni,21859735,15
Carol,21859735,2
Simmons,6086631,24
Latroy,6086631,1
Dale,6086631,10
Russ,6086631,4
Richards,6086631,11
Paul,31158330,17
Barthes,31158330,8
Jacques,31158330,12
Gaston,31158330,19
Pierre,31158330,6
Marc,31158330,21
Hoskins,11912430,0
Randall,11912430,16
Andrews,8276181,4
Mickey,8276181,21
Gordon,8276181,12
Ellen,8276181,21
Dez,5906390,3
Turlington,5906390,9
Christy,5906390,24
Jimbo,5906390,12
Mike,5906390,3
Capshaw,5906390,12
Spielberg,5906390,24
Paulie,5906390,22
T.C.,5906390,4
Burns,5906390,18
Chomo,13911381,9
Guy,7625729,3
Minnie,7625729,17
Ellen,7625729,3
Satan,7625729,16
Andrew,7625729,3
Peter,7625729,17
Adrian,7625729,3
Marjean,7625729,6
Woodhouse,7625729,11
Rosemary,7625729,3
Frieben,12976274,0
Heather,19862695,2
Suzanne,19862695,24
Armstrong,19862695,6
Romley,19862695,19
Simon,19862695,19
Nadan,29458938,16
Holden,12404999,9
John,12404999,13
Pran,2241567,1
Gopal,2241567,13
Neela,2241567,17
Arthur,31355057,4
Matlazard,31355057,13
Selenia,31355057,11
Maltazard,31355057,16
Betamesh,31355057,11
Stuart,2394008,3
Monty,2394008,3
Anton,2394008,16
Smokey,2394008,17
Stout,2394008,21
Keeper,2394008,12
Snowbell,2394008,3
Little,2394008,3
baron,6469778,21
Jenny,1223435,23
Isaksson,1223435,0
Hayden,932171,17
Kimberly,932171,3
Michael,932171,3
Hilliard,932171,17
Brower,932171,10
Salvatore,10914021,21
Pietro,10914021,20
Lucy,10914021,2
Louise,5276740,21
Kanichiro,1304346,12
Hajime,1304346,18
Tong,1169305,12
Jenny,1169305,9
Lo,1169305,14
Jimmy,1169305,6
Sato,1169305,23
Seleznyova,30316694,1
Gromozeka,30316694,12
Billy,30778464,21
Socrates,30778464,4
Miller,19953789,2
Carelli,19953789,24
Teddy,19953789,5
Maguire,19953789,17
Alice,19953789,3
Bernie,14734284,13
Terry,14734284,16
Ray,14734284,2
Amma,9107926,9
Achu,9107926,3
Ijo,9107926,3
Vanaja,9107926,2
Bruno,6313273,6
Annabelle,6313273,6
Michael,6313273,21
Christiane,6313273,6
Connelly,2981197,15
Al,2981197,4
Imogen,2981197,3
Linda,34351470,12
Stallings,34351470,1
Terry,34351470,8
Zoe,23335172,6
Stan,23335172,6
Leo,9622584,16
Dee,9622584,4
Wong,9622584,17
Dawn,9622584,3
Virgil,9622584,9
Rimoli,9622584,23
Twiddle,9622584,6
Dom,9622584,7
Katie,33233116,14
Russel,33233116,11
Rock,33233116,21
Corey,33233116,21
Quintin,31026281,3
Soler,31026281,1
Waterson,23752558,21
Greg,23752558,2
Steel,23752558,15
Valerie,23752558,6
Bill,23752558,6
Price,23752558,1
O'Hara,23752558,0
Anne,23752558,6
Lionel,23752558,21
John,23752558,1
Thayer,23752558,8
Faye,23752558,6
Ward,23752558,6
Oliver,5630352,23
Nelly,5630352,4
Brisling,5630352,21
Stan,5630352,3
Paula,1430376,22
Wendy,1430376,3
Patsy,1430376,10
Aubrey,1430376,3
Natalie,1430376,13
Andy,1430376,6
Nicola,1430376,21
Paul,7276187,16
Cyrus,7276187,20
Chandler,7276187,4
Timmons,7276187,19
Gloud,7276187,6
Martin,7276187,16
Button,7276187,17
Tommy,7276187,14
Bob,7276187,6
Molly,7276187,14
Ellen,7276187,3
MacKenize,7276187,3
Clarkie,7276187,17
John,7276187,3
Cathy,7276187,3
Hart,7276187,17
Shore,7276187,4
Rita,7276187,6
Jim,7276187,7
Freemont,7276187,23
n.,420532,11
Carlos,420532,19
Luna,420532,13
Lorenzo,420532,3
Elena,420532,2
Nicks,31060595,12
Burnett,31060595,20
Russell,31060595,0
Taupin,31060595,13
Randolph,31060595,15
John,31060595,18
Crowe,31060595,11
Dussan,15584759,1
Mannheim,15584759,14
Harp,15584759,5
Jack,15584759,21
Robinson,15584759,22
Mother,15584759,17
Wilhelmina,15584759,18
Gibbings,32873351,16
Kerr,32873351,9
Arch,4926508,3
Strobie,4926508,6
Fasken,4926508,9
Jen,4926508,3
Lee,4926508,3
Owen,4926508,23
Daybright,4926508,8
Dick,4926508,13
Kim,34274909,6
DeMille,9215059,9
Russell,9215059,15
Cecil,9215059,5
Rosen,9215059,21
Desaix,9215059,12
Batjak,9215059,9
Arrezo,9215059,9
Schreeven,9215059,21
Loring,9215059,7
Angelique,9215059,14
Sidneye,9215059,6
Ralls,9215059,3
Wayne,9215059,11
Sam,23880,17
Lila,23880,3
Arbogast,23880,17
Mother,23880,2
Loomis,23880,17
Marion,23880,3
Crane,23880,24
Richmond,23880,16
Bates,23880,21
Chambers,23880,22
Norman,23880,17
Adi,31629538,3
Baba,31629538,19
Marlo,31629538,8
Suckru,31629538,23
Sid,31629538,24
3G,31629538,15
Anu,31629538,3
Takechi,27573594,18
Natsuki,27573594,7
Khat,10723069,7
Buntu,10723069,12
Naik,10723069,18
Govind,10723069,6
Franklin,3569329,21
Bailey,3569329,3
Zimmer,3569329,6
Radmonovich,3569329,21
Patton,3569329,2
Johnson,3569329,6
Burgess,3569329,6
Wilson,3569329,3
Eddie,3569329,13
Edwina,3569329,14
Miller,2019404,9
Fuller,2019404,10
DePalma,2019404,9
Jeffries,2019404,6
Rhodes,2019404,3
Nitin,20384046,21
Ruchi,20384046,9
Sassoon,12405261,0
Farahani,12405261,24
Pran,11521879,10
Laaj,11521879,9
Shyam,11521879,12
Aman,15521281,15
Marjan,15521281,13
Atta,15521281,7
Amir,15521281,21
Carl,1432870,18
Joline,1432870,13
Carmen,1432870,9
Jinna,14634586,11
Duwa,14634586,24
Giniwella,14634586,4
Hendershot,21250240,10
Tom,21250240,3
Grady,21250240,17
Boll,21250240,8
Silas,21250240,3
Bluto,1339188,23
Geezil,1339188,0
Popeye,1339188,3
Pappy,1339188,3
Donovan,29270619,23
Mary,29270619,17
Cespi,19933711,3
Nicole,19933711,13
Burton,19933711,10
Nanayakkara,14508032,9
Athukorala,14508032,9
Cyril,14508032,7
Sujatha,14508032,9
Perera,14508032,8
Sarojini,14508032,6
Yongary,30863297,10
Yonggary,30863297,21
Paul,2122517,21
Aragon,2122517,7
Victoria,2122517,1
Sutton,2122517,21
Betty,2122517,6
Pedro,2122517,21
Henry,20867795,4
Pulling,20867795,20
Tooley,20867795,19
Bertram,20867795,22
Crowder,20867795,10
Visconti,20867795,1
Augusta,20867795,3
Modigliani,20867795,9
Zachary,20867795,17
Dambreuse,20867795,22
Wordsworth,20867795,10
Bonnie,30865328,3
Eric,30865328,17
Rufus,30865328,17
Nacho,30865328,10
Drakken,30865328,13
Stoppable,30865328,15
Kim,30865328,3
Dr.,30865328,4
Shego,30865328,17
James,30865328,14
Franco,34140684,12
Ingrassia,34140684,20
Fred,24564971,20
Bridget,24564971,21
Tom,24564971,6
Hegarty,24564971,20
Tara,24564971,21
Maguire,24564971,24
Butler,24564971,18
Malone,24564971,8
Hagerty,24564971,3
Paul,1998691,3
McGregor,1998691,9
Webster,1998691,3
Ann,1998691,4
Joyce,1998691,8
Sinclair,1998691,6
Lorimer,1998691,16
Marvin,1998691,17
Mannon,1998691,17
Hawthorne,1998691,15
Lavinia,1998691,3
Spears,31802969,23
Charlie,31802969,22
Timberlake,31802969,22
Spork,31802969,0
Byotch,31802969,10
Phoenix,548669,24
Spartan,548669,17
Huxley,548669,10
Earle,548669,0
Cocteau,548669,13
Friendly,548669,22
Oblonsky,7364229,15
Karenina,7364229,19
Anna,7364229,3
Alexei,7364229,21
Levin,7364229,1
Scherbatsky,7364229,1
Karenin,7364229,16
Vronsky,7364229,16
Crusoe,12127937,3
Tanamashu,12127937,24
Floyd,12127937,4
Kaboona,12127937,10
Raghav,25493367,23
Bhavna,25493367,6
Madhavi,32669004,5
Mani,32669004,3
Kannagi,32669004,21
Kovalan,32669004,2
Daffy,27869241,3
Porky,27869241,17
Ceel,8250443,24
Balam,8250443,21
Ixchel,8250443,3
Tong,22855953,21
Waan,22855953,1
Johnson,22855953,9
Beaver,22855953,16
Kheaw,22855953,17
Shane,22855953,21
Khaew,22855953,2
Suji,6684715,13
Sarathy,6684715,11
Jo,6684715,14
Vijay,6684715,7
Terako,9065304,9
Hajime,9065304,22
Haruno,9065304,7
Tsuchiya,9065304,19
Miura,9065304,24
Ayano,9065304,16
Banno,9065304,11
Nobuo,9065304,7
Sachiko,9065304,13
Todoroki,9065304,9
Tezuka,9065304,2
Nakajima,9065304,2
Matsuyama,9065304,23
Yoshiko,9065304,6
Gashuin,9065304,16
Akira,9065304,0
Asano,9065304,9
II,31322483,20
Diedrich,31322483,7
Wilhelm,31322483,2
Diederich,31322483,4
Andreea,6273905,19
Langhans,9212687,21
Bockhorn,9212687,12
Obermaier,9212687,7
Jagger,9212687,22
Ponti,9212687,1
Richards,9212687,23
Hugo,12824577,13
Ramirez,12824577,10
Gil,12824577,3
Mendez,12824577,13
Fernandez,12824577,24
Rivero,12824577,15
Carissa,12824577,11
Alicia,12824577,21
Montano,12824577,22
Krishna,34260270,8
Indrajeet,34260270,3
Acharya,34260270,21
Indrajit,34260270,3
Lucy,18953471,14
Allen,18953471,6
Terrence,18953471,18
Carl,18953471,23
Munchausen,18953471,23
Pete,18953471,6
Allison,18953471,13
Bundley,18953471,8
Blondeau,18953471,16
Stephanie,18953471,2
Norman,18953471,17
Norm,18953471,12
Maureen,600320,8
Evans,600320,1
Riley,600320,18
Hallie,600320,6
Stevens,600320,12
Casey,600320,15
Prescott,600320,1
Loomis,600320,7
Randy,600320,17
Salt,600320,9
Cici,600320,4
Derek,600320,11
Weathers,600320,17
Dewey,600320,17
Undersky,24732078,1
Sammy,11275640,21
Fong,11275640,15
Chao,11275640,21
Liang,11275640,16
Low,11275640,21
Wang,11275640,6
Ta,11275640,21
Li,11275640,6
Granmamare,10149834,19
suke,10149834,6
Fujimoto,10149834,6
Brunhilde,10149834,16
Ponyo,10149834,3
Lisa,10149834,3
Coyote,3337648,3
E.,3337648,2
Genevieve,29432361,23
William,29432361,13
Lucy,29432361,13
Michel,29432361,15
Sarah,29432361,23
Jacques,29432361,3
Rachel,29432361,12
Starzynski,29432361,3
Zoe,29432361,17
Julia,29432361,6
Jules,29432361,21
Dufaure,29432361,0
Prysselius,6619702,20
Pippi,6619702,3
Villekulla,6619702,10
Bloom,6619702,24
rob,6619702,21
Longstocking,6619702,0
Spiderwick,3117439,3
Mallory,3117439,3
Hogsqueal,3117439,17
Mulgarath,3117439,17
Jared,3117439,3
Helen,3117439,3
Simon,3117439,3
Lucinda,3117439,13
Miriam,12544749,6
Keane,287404,3
Paradine,287404,14
Latour,287404,17
Douglas,35826303,14
Lorna,35826303,13
Westbrook,1776723,11
Ligeia,1776723,19
Gough,1776723,12
Noonan,2505688,21
Kelly,2505688,1
Fogarty,2505688,21
Nellie,2505688,12
Shunsuke,27758371,1
Kazuko,27758371,12
Rika,27758371,0
Connie,5498784,6
Paco,5498784,6
Doyle,5498784,20
Patricia,5498784,19
Winterbourne,5498784,2
DeCunzo,5498784,17
Hughie,5498784,4
Bill,5498784,6
Oswald,31825026,17
Blake,3346585,7
Hickock,3346585,6
Smith,3346585,6
Wilson,3346585,23
Anita,35785282,21
Mithun,29332575,11
Jeb,2115510,17
Garret,2115510,6
Theresa,2115510,17
Catherine,2115510,6
Osborne,2115510,9
Derrida,12811780,15
Godard,12811780,12
Rivette,12811780,12
Kumar,16005026,16
Seenu,16005026,6
Anjali,16005026,2
Swati,16005026,6
Routledge,14104063,11
Berger,14104063,5
Herschel,14104063,21
Max,14104063,18
Mike,14104063,7
Burton,14104063,1
Mandakini,32230171,5
Sen,32230171,9
Justin,24388963,3
Ivan,24388963,6
Victor,24388963,21
Jimmy,24388963,7
Mireille,24388963,19
Marie,24388963,13
Juliette,24388963,23
Alex,24388963,7
Barbara,33412374,16
Ruth,33412374,16
gore,33412374,15
Butler,33412374,3
Tina,33412374,17
Bigelow,32660977,21
Hanif,26518939,19
Ajrak,26518939,14
Lal,26518939,0
Holden,26518939,18
Hepworth,26518939,3
Hengov,1475531,23
Hussein,1475531,12
Mercado,28800268,16
Rosario,28800268,19
Pangilinan,28800268,22
Jesus,28800268,12
Vicente,28800268,15
Enrique,28800268,24
Priscilla,15841250,2
Blair,15841250,1
Shelby,15841250,16
Bebe,15841250,14
Sacco,8824700,15
Kraft,8824700,10
Caroline,8824700,10
McKeever,8824700,8
Cronenberg,22315325,9
Roberts,3948455,4
Gregor,3948455,6
Deveraux,3948455,21
Scott,3948455,17
Wisdom,13697089,17
Jane,2763180,21
Nader,2763180,10
Peterson,2763180,9
Harper,2763180,1
McCallister,2763180,3
Samuels,2763180,9
Garth,2763180,12
Billy,2763180,21
Bascombe,2763180,16
Dick,2763180,3
William,12080301,9
Sarah,12080301,19
Webber,12080301,10
Jesse,12080301,20
Mal,7494939,19
Ruthie,7494939,12
Matt,7494939,5
Como,7494939,12
D'Amico,7494939,22
Battaglia,7494939,5
Takemoto,1963987,14
Grayson,1963987,3
Michael,10809256,13
Min,10809256,2
Linda,20619866,6
Martin,20619866,17
Stewart,20619866,8
Gevinson,20619866,24
Eden,20619866,12
Deborah,20619866,8
Costa,12466332,15
Fallon,12466332,3
Anna,12466332,17
Donovan,12466332,10
Docherty,12466332,7
Meehan,12466332,6
Massara,15272880,12
Sam,15272880,9
Rico,15272880,6
Flaherty,15272880,6
McClure,15272880,0
Bandello,15272880,22
Olga,15272880,17
Otero,15272880,16
Storch,15272880,14
Marshal,213149,23
Roy,213149,5
Cleef,213149,17
Fong,213149,17
Wang,213149,3
Pei-Pei,213149,23
O'Bannon,213149,6
Wallace,213149,4
Calabrese,1617266,13
Finestein,1617266,1
Kierney,1617266,9
Compagna,1617266,9
Bella,1617266,15
Klandis,1617266,21
DiNorscio,1617266,9
Jackie,1617266,4
Charvet,12244463,9
Allen,17323415,12
Liv,17323415,3
Fletcher,17323415,13
Nate,17323415,8
Claire,17323415,22
Kevin,17323415,4
Lerner,17323415,8
Emma,17323415,3
Thibodeau,5859545,10
Manon,5859545,2
Claudie,5859545,3
Sophie,5859545,22
Michael,2694342,20
Evans,2694342,24
Diana,2694342,19
Stan,2694342,3
Phil,2694342,2
Douglas,3278100,22
Mori,3278100,16
Marino,3278100,0
Koga,3278100,6
Tum-Tum,3278100,23
Miyo,3278100,17
Martin,8626157,6
Andy,8008438,6
Ariel,8008438,23
Moon,24051439,23
Crane,24051439,9
Eddy,24051439,3
Bayliss,24051439,21
Iris,24051439,12
Bhootham,32159835,12
al-Farik,3212555,10
Gayle,3212555,9
Serxner,3212555,19
Al-Sayeed,3212555,18
Russell,3212555,11
Fuller,3212555,11
Devereaux,1591865,21
Joe,1591865,14
Ben,1591865,2
Melvin,18716845,21
Schneider,18716845,19
Flack,18716845,22
Judy,18716845,1
Oliver,798491,22
Gibson,798491,6
Clara,798491,6
Tripp,798491,17
Weir,798491,17
Morgan,798491,20
Drucker,798491,17
Sands,27835872,24
Madsen,27835872,12
Francie,27835872,16
Eddie,27835872,3
Blaine,27835872,24
Callahan,27835872,20
Janet,26499456,12
Harry,26499456,21
Beth,26499456,21
Julian,26499456,21
Anna,26499456,21
Roger,26499456,21
Marnie,26499456,21
Mohanlal,24003057,11
Todd,585172,3
Marcus,585172,23
Ronna,585172,3
Burke,585172,21
Irene,585172,2
Zack,585172,13
Mannie,585172,23
Jimmy,585172,1
Claire,585172,3
Sr.,585172,24
Singh,585172,0
Jr.,585172,24
Adam,585172,13
Simon,585172,3
Gaines,585172,6
Sharpe,26851379,18
Tomkin,26851379,1
Vivian,26851379,13
Stasia,26851379,2
Wright,26851379,6
Schiller,9632379,17
Jo,5566347,3
Granny,5566347,3
Harrison,5566347,20
Riley,5566347,6
Mercer,5566347,12
Jr.,5566347,14
Leslie,5566347,19
Webb,26049342,16
Billy,26049342,16
Hogan,26049342,3
Seymour,26049342,16
Leo,26049342,5
Brown,26049342,4
Helen,26049342,4
Caddo,26049342,15
Caldwell,26049342,12
Cole,26049342,6
Darnay,31189608,6
Mimi,31189608,10
d'Evremonde,31189608,24
Defarge,31189608,24
Carton,31189608,1
Jacques,31189608,15
Manette,31189608,17
Pross,31189608,9
Lorry,31189608,15
Lucy,31189608,2
Barsad,31189608,7
Paul,1025150,6
Gordon,1025150,13
Diana,1025150,5
Jigsaw,1025150,4
Zep,1025150,11
Hindle,1025150,5
Jeff,1025150,24
Sing,1025150,9
Alison,1025150,24
Adam,1025150,3
John,1025150,17
Lawrence,1025150,17
Tapp,1025150,17
Allison,1025150,2
Amanda,1025150,24
Popeye,3574776,16
Pappy,3574776,11
Sadeski,8695,17
Lynn,8695,10
Ripper,8695,11
Mandrake,8695,16
Turgidson,8695,10
Strangelove,8695,20
Muffley,8695,6
Kisov,8695,0
Ivan,7235710,3
Saheba,26687336,13
Paramvir,26687336,18
Banaras,26687336,17
Singh,26687336,21
Mary,26687336,2
Gajodher,26687336,21
Gajodhar,26687336,6
Albie,1370930,16
Dickie,1370930,14
Katelbach,1370930,20
George,1370930,21
Sylvester,32639664,3
Porky,32639664,3
Mey,12221177,10
Nath,12221177,21
Asami,5670753,17
Itt,5670753,3
Daigoro,5670753,15
chamberlain,5670753,5
Janet,19240936,16
Kincaid,19240936,13
Brady,19240936,6
Daisy,19240936,23
Sorensen,19240936,14
Feinman,19240936,14
Whitman,19240936,1
Bolger,19240936,6
Bill,19240936,3
Zimmerman,19240936,9
Anne,19240936,12
Colleen,19240936,7
Brown,19240936,2
Ken,19240936,6
Rothbaum,19240936,17
Fleet,16823746,2
Vita,16823746,8
Reeves,16823746,21
Bud,16823746,2
Gibby,16823746,19
Cook,156641,9
Taylor,156641,4
Dunbar,156641,4
Betty,156641,1
Sefton,156641,3
Manfredi,156641,20
Hoffy,156641,18
Schulz,156641,12
Kasava,156641,21
James,156641,22
Shapiro,156641,6
Grable,156641,19
Christ,14748669,12
Mondo,14748669,10
Godard,14748669,11
Rossellini,14748669,13
Pierce,26068632,1
Heather,7081414,7
Victor,7081414,1
Wolfe,7081414,3
Ariel,7081414,3
Davis,7081414,9
Schiller,7081414,21
Grant,10847572,0
Sherman,10847572,21
Oberst,10847572,0
Theresa,31798610,6
Hillary,31798610,21
Johnson,31798610,19
Watkins,31798610,7
Reed,31798610,20
Hanna,4956346,6
McLaren,4956346,14
Lucy,454718,10
Neil,454718,8
Laura,454718,2
Chet,454718,0
Newman,454718,19
Charlie,454718,21
Calvin,454718,4
Carol,454718,6
Scott,454718,15
Bernard,454718,16
Curtis,454718,16
Paul,180917,3
Carey,180917,22
Carrie,180917,3
Lilli,180917,2
Lili,180917,10
Snyder,180917,18
Howard,180917,11
Digges,180917,12
Wray,180917,11
Nick,19024526,3
Jackson,7892732,23
Peter,7892732,13
Weasley,7892732,15
Silas,7892732,4
Tumnus,7892732,21
Swallows,7892732,23
Susan,7892732,23
Beaver,7892732,22
Edward,7892732,3
Jack,7892732,21
Willy,7892732,6
Wolverine,7892732,5
Borat,7892732,16
Magneto,7892732,22
Granger,7892732,2
Campbell,7892732,9
Lucy,7892732,17
Hart,7892732,4
Ignacio,7892732,3
Potter,7892732,22
Daffy,10195558,3
Porky,10195558,6
Stacy,77744,2
Withers,77744,3
Cassandra,77744,6
Vanderhoff,77744,8
Mike,77744,9
Myers,77744,9
Campbell,77744,16
Kane,77744,22
Benjamin,77744,3
Garth,77744,9
Sharp,77744,3
Finley,77744,6
Wayne,77744,5
Jule,1554502,21
Jan,1554502,3
Peter,1554502,21
Dutschke,1554502,14
Hardenberg,1554502,17
Shawn,1876167,20
Maximus,1876167,21
Christine,1876167,3
Rene,1876167,1
Ganesh,33623286,6
Jayenge,33623286,22
Nixon,3444797,11
Liddy,3444797,9
Valeria,3444797,2
Subotai,3444797,11
Nietzsche,3444797,4
Kira,29133741,17
Ryuk,29133741,11
Light,29133741,6
Takada,29133741,0
Lawliet,29133741,1
Ryuzaki,29133741,9
Amane,29133741,0
Yagami,29133741,13
Misa,29133741,6
Rem,29133741,13
Davayo,11496773,1
Paul,11496773,4
Malzone,11496773,4
Sherman,11496773,24
Hayes,11496773,10
Reiko,11496773,7
Carey,11496773,8
Geetha,20751481,3
Arjun,20751481,17
Kutty,20751481,3
Flynn,4173594,21
Lewis,4173594,13
Melanie,4173594,21
Klein,10153756,17
Silien,10153756,18
Vrinks,10153756,21
Camille,10153756,4
Molu,31145076,5
Thomas,31145076,5
Ravi,31145076,5
Swami,31145076,5
Henry,2039953,0
Doreen,2039953,16
Mehlor,2039953,7
Ray,2039953,17
Kenny,2039953,17
Collig,2039953,3
Karen,2039953,3
Tom,2039953,3
Hank,2039953,3
Phil,2039953,17
Sears,2039953,9
Charlie,2039953,3
Jim,2039953,17
Sheriff,2039953,6
Wayne,2039953,17
Tilson,2920309,13
Raja,32544504,0
Neeta,32544504,12
Suman,32544504,6
Verma,32544504,3
Inder,32544504,3
Rohan,32544504,20
Lerbier,15841116,3
Arletty,15841116,13
Marachek,2332364,5
Sam,2332364,3
Walter,2332364,6
O'Neil,2332364,11
Toni,2332364,6
Masterson,2332364,23
Smith,2332364,19
Ivers,2332364,3
Reggie,2436406,3
Rosalie,2436406,3
Billy,2436406,23
Wong,2436406,9
Polson,2436406,10
Luther,2436406,3
Jack,2436406,3
Algren,2436406,17
Ganz,2436406,3
Haden,2436406,14
Cates,2436406,8
Hammond,2436406,9
Kehoe,2436406,21
VanZant,2436406,17
Bear,2436406,10
Judge,3910144,17
Sam,3910144,4
Sei,3910144,17
Chung,3910144,24
Fei,3910144,17
Ngang,3910144,17
Voz,35818946,0
Sartana,35818946,9
Nishi,3451589,23
Seiichi,3451589,7
Yamamoto,3451589,10
Uchida,3451589,13
Atsushi,3451589,4
Kamio,3451589,3
Kusaka,3451589,17
Asukamaru,3451589,7
Makiko,3451589,10
Nozaki,3451589,6
Cunningham,6394592,24
Scott,6394592,0
Moulton,6394592,21
Harper,6394592,6
Breinard,6394592,0
Srikanth,22114629,21
Sukumaran,22114629,1
Prithviraj,22114629,18
Betty,28207840,14
Boyd,9653698,21
Driscoll,7473588,11
Gogh,16019180,11
Rushdie,16019180,0
Jami,16019180,3
Hirsi,16019180,3
Akbar,16019180,0
Edin,16019180,22
Al-Samarai,16019180,24
Bouyeri,16019180,18
Dag,16019180,24
Muslims,16019180,11
Allah,16019180,6
Samantha,21037,17
Sebastian,21037,6
Bletch,21037,6
Heidi,21037,3
Trevor,21037,24
Robert,21037,17
Justine,43566,2
Marciano,43566,24
Waingro,43566,17
Breeden,43566,4
Gage,43566,2
Zant,43566,17
Drucker,43566,17
Shiherlis,43566,6
McCauley,43566,17
Lauren,43566,14
Bosko,43566,11
Chris,43566,23
Trejo,43566,22
Nate,43566,3
Hanna,43566,3
Eady,43566,6
Darren,14984169,15
Connor,14984169,15
Tomita,33806367,9
Jeong-Mi,33806367,8
Dae-jung,33806367,20
Ashizawa,15708013,13
Risuki,15708013,6
Yanagimoto,15708013,4
Tanaka,15708013,15
Gimo,15708013,21
Dino,15708013,6
Shiomi,15708013,3
Henry,7504062,20
Betty,7504062,3
Biswabasu,21296199,17
Bidayapati,21296199,16
Bidyapati,21296199,8
Indradyumna,21296199,4
Madhaba,21296199,9
Greda,8785217,4
Gerda,8785217,5
Kai,8785217,4
Andersen,8785217,22
Akashi,30809784,2
Kamiya,30809784,19
Etsuko,30809784,14
Robert,31769079,9
Mary,31769079,13
Malone,31769079,2
Cholan,25095660,6
Amavasai,25095660,6
Mani,25095660,24
Annie,10583159,13
Deepa,10615587,5
Prakash,10615587,7
Mackey,31303771,22
Welborn,31303771,17
Jackson,2554065,10
Alana,2554065,3
Kenny,2554065,13
Maxwell,2554065,12
Ed,2554065,20
Hampson,2554065,12
Marx,2554065,15
Manley,2554065,19
Yazhou,28698003,14
Yueyue,28698003,13
Xiaodan,28698003,21
Xiaoying,28698003,6
Dawei,28698003,9
Bryant,10140847,18
Dayton,10140847,1
Lynx,10140847,14
Kellerson,3125976,7
Woodry,3125976,17
Henry,26272116,8
Nicholas,26272116,21
Alexei,26272116,2
Julie,26272116,14
Sandy,15836722,6
Costello,15836722,0
Jerome,15836722,14
Miranda,15836722,18
Porky,15836722,3
Caballero,15836722,1
Smalley,1717500,7
Joan,27652539,13
Wilkes,27652539,1
Lemke,27652539,6
Macy,27652539,6
Bill,27652539,6
Ostrowski-Fox,27652539,18
Dean,27652539,21
Ron,27652539,21
Vanderhei,27652539,12
Ziegler,27652539,14
Tim,27652539,3
Lippe,27652539,21
Bree,27652539,13
Helgesson,27652539,1
Walrus,20530024,6
Woody,20530024,17
Woodpecker,20530024,12
Harry,9315230,22
Houdini,9315230,22
Enano,9315230,3
Lucas,9315230,24
Su-Yeon,3861641,11
Ophelia,3861641,3
Seung-Min,3861641,23
Cho,3861641,17
Michaud,1078863,24
Neville,1078863,11
Mulder,1078863,3
Scully,1078863,21
Kurtzweil,1078863,18
Goodwin,1364205,19
Peter,1364205,3
Sally,1364205,21
Jack,1364205,4
Dillon,1364205,7
Sharma,30116603,14
Chakraborty,30116603,5
Pathak,30116603,9
Issar,30116603,9
Puri,30116603,9
Gorakhnath,30116603,17
Kapoor,30116603,8
Chaudhary,30116603,9
Parna,30116603,19
Shah,30116603,3
Cady,171026,3
Bowden,171026,3
Leigh,171026,16
Elgart,171026,18
Lori,171026,7
Kersek,171026,22
Heller,171026,8
Ben,171026,1
Davis,171026,19
Dani,171026,4
Britt,2935497,9
Edward,2935497,6
Longstreet,2935497,12
Steven,1031588,16
Martin,1031588,3
Agnes,1031588,3
Thompson,1031588,23
Kwok,1367189,22
Cheung,1367189,0
Lau,1367189,6
Kinki,1367189,18
Fiona,1367189,21
Roger,1367189,19
Dan,1367189,22
Pardesi,11188284,11
Govinda,11188284,22
Singh,11188284,3
Williams,18929130,16
Barbara,18929130,21
Spiro,18929130,11
Windsor,18929130,23
Sid,18929130,21
James,18929130,4
Uma,7806593,14
Rees,5524650,24
Anna,5524650,19
Fei,2862848,9
Hsien,2862848,22
Sonozaki,24808130,22
Yonemura,24808130,2
Sokichi,24808130,6
Shijima,24808130,18
Shotaro,24808130,6
Ryuki,24808130,1
Dopant,24808130,17
Gouram,24808130,6
Riders,24808130,17
Zol,24808130,16
Hikari,24808130,2
Cyclone,24808130,16
Narumi,24808130,6
Hidari,24808130,3
Misaki,24808130,17
Phillip,24808130,17
Erika,24808130,23
Kuuga,24808130,17
Shinigami,24808130,20
Kirihiko,24808130,17
Natsumi,24808130,3
Philip,24808130,13
JokerJoker,24808130,9
Eijiro,24808130,23
Kurenai,24808130,5
Mutsuki,24808130,17
of,24808130,13
Yusuke,24808130,3
Rider,24808130,4
Sam,22547607,4
Alan,22547607,13
Rinzler,22547607,24
Flynn,22547607,4
Bradley,22547607,23
Zuse,22547607,5
Ellen,28105466,17
Salvatore,28105466,16
Agnes,28105466,23
Isit,28105466,23
Dench,28105466,11
Goud,7818551,5
Pooja,7818551,12
Shanker,7818551,14
Mohan,7818551,15
Bhallu,7818551,5
Babloo,7818551,21
Moe,14570274,13
Larry,14570274,13
Allieghieri,2465292,10
Angelo,2465292,23
Jennifer,2465292,6
Marcello,2465292,19
Delano,2465292,21
Malatesta,2465292,15
Barrett,2465292,19
Gianni,2465292,15
Bruno,2465292,10
Carboni,2465292,5
Towers,2465292,9
Kip,2465292,19
McPhillip,61483,0
Madden,61483,8
Nolan,61483,9
Porthos,4969126,6
Justine,4969126,17
de,4969126,6
Mazarin,4969126,5
Aramis,4969126,3
Charles,4969126,24
XIV,4969126,17
Raoul,4969126,6
Anne,4969126,5
Edgaar,6712075,17
Horn,6712075,9
George,6712075,3
Garth,6712075,23
Lunna,6712075,3
Kilmer,6712075,7
Robert,6712075,9
Freeman,6712075,15
Babu,5108489,19
Nandu,5108489,21
Pushpa,5108489,19
Bridget,4418072,16
Flay,4418072,6
Ogden,4418072,0
Eddie,4418072,6
Finch,24755786,5
Yuen,24755786,1
Chan,24755786,18
Cabot,24755786,7
Reiner,24755786,7
Andrews,17161827,3
Millie,17161827,6
Ralph,17161827,19
Bassett,17161827,4
Tommy,17161827,5
Gowan,17161827,1
McGonigle,17161827,5
Galloway,17161827,13
Sam,30578319,13
Bailey,30578319,20
Pennington,30578319,14
Marge,30578319,0
Tessa,30578319,10
Po,3248340,16
Ping,3248340,7
Crane,3248340,8
Zeng,3248340,5
Shifu,3248340,21
Vadim,1356628,9
Marianne,1356628,2
Moreau,1356628,19
Merteuil,1356628,24
Weeks,19080460,4
Longstreet,19080460,4
Dennis,8172248,3
Gordon,8172248,21
Doyle,8172248,3
Whit,8172248,3
Jake,8172248,3
Ghoshdastidar,8172248,7
Libby,8172248,3
Lakha,381810,14
Kachra,381810,21
Deva,381810,2
Elizabeth,381810,21
Gauri,381810,14
Ismail,381810,21
Singh,381810,14
Russell,381810,21
Bhuvan,381810,6
Puhov,11543265,21
Shemahanskaya,11543265,19
Alyona,11543265,4
Singh,23790720,18
Thomas,4390553,10
Woodhouse,4390553,4
Bell,4390553,4
Aaron,4788925,3
Chali,4788925,10
Miriam,4788925,23
Krishna,4788925,15
Eliza,4788925,7
Saul,4788925,4
Abulafia,4788925,7
Naumann,4788925,4
Oates,526367,14
Nansen,526367,6
Evans,526367,23
Amundsen,526367,12
Scott,526367,6
Jim,25080361,19
Sheila,12732947,5
Peter,12732947,13
Aiken,12732947,9
Lee,12732947,13
Lady,12732947,17
O'Brien,12732947,18
Garry,12732947,6
Fallin,12732947,21
Madison,12732947,19
Lang,12732947,6
Shudadah,2110936,7
Hawkins,2110936,23
Leary,2110936,24
Shaheed,2110936,8
Varrens,2110936,9
Curran,2110936,17
Claire,2110936,17
Latanya,2110936,12
Ramos,2110936,13
Rexer,2110936,4
Graham,2110936,6
Devan,27860593,7
Seethalakshmi,27860593,12
Nampoothiri,27860593,21
Vasundhara,27860593,3
Andros,1397183,8
Buda,1397183,16
Gritti,1397183,15
Mangrum,1397183,17
Mead,1397183,5
Champselle,1397183,11
Nicolae,3718428,23
Ritz,3718428,9
Hattie,3718428,6
Rayford,3718428,3
Steele,3718428,20
Durham,3718428,17
Todd-Cothran,3718428,22
Cothran,3718428,17
Jesus,3718428,24
Stonagal,3718428,17
Bruce,3718428,6
Thompkins,3718428,17
Chaim,3718428,3
Carpathia,3718428,2
Burton,3718428,5
Rosenzweig,3718428,22
God,3718428,13
Chloe,3718428,3
Barnes,3718428,4
Buck,3718428,3
Oswald,32997171,1
Denver,32997171,24
Wilson,32997171,17
Lorna,32997171,2
Boulanger,6715354,3
Margaret,6715354,19
Amah,22114003,24
Ford,22114003,24
Dutton,22114003,6
Harris,22114003,9
Sandoval,22114003,8
Jenny,22114003,6
Jim,22114003,8
Murray,22114003,21
Maggie,1908729,3
Kelly,1908729,1
Carpenter,1908729,24
Ike,1908729,23
Graham,1908729,0
Ajay,23435148,22
Gor,23435148,9
Joymohan,23435148,14
Anjali,23435148,19
Pope,25008136,22
Henderson,25008136,13
Mills,25008136,9
Estelle,25008136,24
Stone,25008136,16
Price,25008136,24
John,25008136,20
Alex,25008136,13
Jones,24480252,5
Carson,24480252,22
Andy,24480252,22
Jadhav,20903033,18
Srivastav,20903033,18
Amit,20903033,14
Poolarangadu,18562918,23
Prasad,18562918,17
Laxmi,18562918,23
Padma,18562918,23
Rangadu,18562918,14
Veerayya,18562918,4
Tony,13065473,4
Milland,13065473,18
Maria,13065473,14
Ashley,13065473,15
Winterton,13065473,22
Megan,36388033,2
Peter,36388033,8
Sean,36388033,6
Jamie,36388033,15
Lambert,36388033,15
Mahoney,26188661,21
Reese,25283667,9
Pyke,25283667,6
Kubic,25283667,16
Phelan,25283667,2
Leslie,25283667,6
Hulten,16732594,5
Jones,16732594,4
Betty,16732594,11
Chao,2184195,8
Wang,2184195,17
Jen-chieh,2184195,17
Strauss,13672638,21
Marlowe,13672638,8
John,13672638,16
Page,30875502,19
Wood,30875502,11
Talbot,30875502,19
Teresa,30875502,20
Phillips,30875502,17
Marty,30875502,17
Jack,30875502,17
Meter,30875502,10
C.,30875502,18
Doolittle,30875502,4
Caen,30875502,19
Sarah,30875502,3
Terry,30875502,21
D'souza,28429739,19
Nazar,28429739,5
Rajeev,28429739,24
Abel,28429739,13
Raihan,28429739,21
Shankar,28429739,15
Sudevan,28429739,24
Sreenivasan,28429739,14
Finzi,462749,14
Barenboim,462749,12
Jacqueline,462749,3
Hilary,462749,11
Jackie,462749,6
Rolfs,3954720,2
Elizabeth,3954720,6
Meredith,3954720,9
Heckart,3954720,9
Ben,3954720,3
Allardyce,3954720,12
Roz,3954720,23
Arnold,3954720,15
David,3954720,17
Sadaoka,31750495,7
Hayashi,31750495,24
Tom,2856978,17
Sheryl,2856978,1
Daphne,2856978,5
Lionel,2856978,10
McBain,2856978,21
Taylor,22646837,19
Ellis\/Hiroki,22646837,23
Nagino,22646837,1
Walworth,22646837,11
Nanakornpanom,22646837,1
Ellis,22646837,4
Sanders,22646837,19
Bosch,22646837,8
Southworth,22646837,12
Nakamura,22646837,9
Sison,22646837,16
Moore,22646837,3
Josh,2839572,21
Collins,24057003,3
Nerenberg,24057003,0
Ben,2528901,16
Hank,2528901,5
Ellen,2528901,16
Ionesco,75874,18
Picasso,75874,15
Twain,75874,10
Lambrakis,75874,12
Socrates,75874,14
Tolstoy,75874,8
Beloyannis,75874,11
Kammerer,35326709,9
Carr,35326709,5
Ginsberg,35326709,23
Michelet,1008762,21
Gide,1008762,11
Franca,1008762,6
Nicole,1008762,21
Lachenay,1008762,3
Odile,1008762,12
Pierre,1008762,21
Adda,34296281,20
Lilly,5240530,11
Berry,5240530,16
Jones,5240530,10
Frank,5240530,21
Freud,5240530,10
Susie,5240530,3
John,5240530,23
Franny,5240530,21
Sengodan,35319301,15
Baba,10183625,3
Hajji,10183625,20
Ayesha,10183625,24
Fawzia,10183625,4
Aga,10183625,10
Sung,9362958,3
Jenny,9749808,2
Sonny,9749808,2
Neil,9749808,23
Stevie,9749808,2
Luke,1009560,6
Bellucci,1009560,6
Matt,1009560,3
Lisa,1009560,3
Simon,1009560,23
Rebecca,1009560,19
Alex,1009560,3
Sabrina,24027382,23
Jason,24027382,17
Reggie,24027382,6
Webber,24027382,10
Mikey,24027382,12
Caulfield,23984088,0
Justice,23984088,21
Jones,23984088,9
Niven,23984088,11
Jeevan,21543965,6
Dikshanya,21543965,1
Soundarya,21543965,11
Kumari,21543965,15
Meena,21543965,1
Partibhan,21543965,14
LeChaton,20267538,8
Weever,20267538,15
Danell,20267538,0
Miller,24608768,6
George,24608768,8
Crawford,24608768,13
Schmidt,24608768,6
Mary,24608768,21
Jeanine,99545,22
Shrimpton,99545,22
Smalls,99545,13
Ian,99545,17
Faith,99545,20
Jack,99545,17
Tufnel,99545,6
DiBergi,99545,17
David,99545,6
Hubbins,99545,12
Hamner,15907366,1
Tony,15907366,10
Francisco,25924934,15
Alexandre,25924934,1
Pedro,25924934,13
Thom,25924934,14
Berlusconi,27395329,15
Bertolaso,27395329,2
Kae,28718973,10
Yann,28718973,10
Peter,28718973,6
Pythagoras,33422493,3
Hart,32895202,16
Evans,32895202,0
O'Connor,25156889,20
Birdie,25156889,13
Ammu,6894813,3
Mundu,6894813,23
Unni,6894813,16
Marin,29470561,15
Garigny,29470561,24
Ardant,29470561,19
Madeleine,29470561,22
Fernandel,29470561,16
Denis,29470561,22
Jamie,1769207,23
Marcus,4440305,8
Ramirez,4440305,4
Brenda,4440305,12
Blake,4440305,9
Louise,4440305,21
Shakespeare,4440305,20
MacLeod,4440305,0
Connor,4440305,13
Neyman,4440305,13
Katana,4440305,6
Corda,4440305,20
Reno,4440305,20
Chelsea,24204980,20
Madeline,24204980,2
Adrian,24204980,11
Madeleine,24204980,21
Josh,24204980,15
Didier,2643766,23
Martin,2643766,21
Mathieu,2643766,17
Marc,2643766,23
Blake,5334557,16
Utterson,5334557,1
Marlowe,5334557,1
Jane,591309,3
Williams,591309,10
son,591309,5
Lorenzo,591309,3
Sonny,591309,6
Willie,591309,3
Carmine,591309,6
Anello,591309,16
Calogero,591309,3
Rosina,591309,2
Shulgin,5076193,21
Inozemtsev,5076193,14
Solovyova,5076193,20
Olga,5076193,11
Malyutin,5076193,10
Pozdneyeva,5076193,16
Malakhov,5076193,21
Tavington,61184,16
Cooper,61184,20
Benjamin,61184,18
Martin,61184,16
Gabriel,61184,14
Thomas,61184,17
Cornwallis,61184,6
Burwell,61184,9
Villeneuve,61184,18
Wilkins,61184,0
Anne,61184,8
Gordon,1853795,18
Caldwell,1853795,17
Martin,1853795,14
Bradford,1853795,22
Brown,1853795,7
Santos,8484229,15
Peralta,8484229,1
Marlene,13469795,14
Puckle,13469795,14
Hu,10932535,18
Chen,10932535,17
Meng,10932535,3
Tung,10932535,10
Scheck,21978354,5
Taylor,21978354,9
Brow,21978354,8
Rick,21978354,17
Waters,21978354,4
Kenny,21978354,6
Mandy,21978354,6
Brenda,21978354,2
Anne,21978354,21
Coakley,21978354,19
Morgan,28545694,21
Reed,28545694,3
Chad,28545694,3
Jackson,6642278,12
Langtry,6642278,6
Gass,6642278,10
Elena,6642278,2
Bean,6642278,14
Parlee,6642278,14
Jim,6642278,14
Adams,6642278,14
Dodd,6642278,10
kutty,25901276,17
Harikrishnan,25901276,2
Rahman,25901276,7
Flaherty,1059716,6
Clara,1059716,23
Julius,19495315,23
Anita,19495315,10
Ruth,19495315,12
Bird,19495315,12
Baron,19495315,2
Billy,19495315,5
Sparrow,19495315,23
Tennov,35871273,15
Michiel,21858669,6
Erica,21858669,22
Dirk,21858669,6
Bertus,21858669,24
Beusekom,21858669,10
Ben,21858669,6
Jack,21858669,6
Janardan,10593126,13
Kim,10593126,19
Naseeb,10593126,14
Asha,10593126,23
Vicky,10593126,15
Namdev,10593126,4
Kapoor,10593126,5
Raghu,10593126,16
Jaggi,10593126,1
Johnny,10593126,13
Damu,10593126,23
Julie,10593126,12
Dunn,1412408,23
Francine,1412408,17
McGrath,1412408,17
Lily,1412408,2
Dunlop,1412408,14
McCracken,1412408,18
Braden,1412408,8
McCambridge,1412408,10
Rishi,9540203,3
Anju,9540203,3
Akash,9540203,21
Sarro,9540203,7
Girlz,22370434,21
Walden,22370434,6
Wubbzy,22370434,3
Harris,1594929,13
Susan,1594929,6
Gabler,1594929,2
Alex,1594929,6
Wilder,27509330,12
Ripley,27509330,14
Jackie,27509330,19
Nawal,9205739,0
Samir,9205739,19
Hamama,9205739,11
Shanku,29539622,4
Kunjikkavu,29539622,6
Brahmin,29539622,12
Swapna,31239628,10
Mahendra,31239628,6
Mahalakshmi,31239628,23
Ajith,31239628,16
Balu,31239628,24
Bava,31239628,7
Kruge,206879,24
Marcus,206879,4
Saavik,206879,5
Kirk,206879,17
McCoy,206879,23
Spock,206879,1
Singh,206879,0
Grissom,206879,9
Sarek,206879,2
Morrow,206879,17
Vasan,15769804,14
Anandhi,15769804,3
Toby,171070,2
Raymer,171070,10
Sullivan,171070,21
Peter,171070,19
Roebuck,171070,18
Beryl,171070,9
Shen,671455,3
Sam,671455,8
Wai-keung,671455,1
Billy,671455,17
Yeung,671455,17
Lau,671455,3
Lee,671455,13
Chan,671455,3
Mary,671455,13
Cheng,671455,11
Wing-hau,671455,0
Cindy,230483,18
Matrix,230483,16
Henriques,230483,19
Jenny,230483,4
Kirby,230483,16
Arius,230483,10
Bianca,19027655,3
Amy,19027655,11
Hugh,19027655,23
Torrens,19027655,7
Mr.,19027655,4
Lois,19027655,8
Stewart,19027655,20
Pietro,19027655,17
Carroll,19027655,6
O'Brien,19027655,1
Bernando,19027655,10
Peppina,19027655,21
Soldo,19027655,17
Manny,535335,6
Robbie,535335,3
Ray,535335,3
Ann,535335,13
Ferrier,535335,3
Rachel,535335,3
Ogilvy,535335,7
Herman,21848113,21
Fey,21848113,18
Burgess,21848113,14
Fu,21848113,17
Duke,21848113,4
Trask,133648,20
Simms,133648,6
Charlie,133648,19
Johnson,133648,0
Willis,133648,17
Donna,133648,19
Slade,133648,3
Love,30749847,15
Forrest,30749847,17
Frusciante,30749847,11
Bob,30749847,18
Redolphis,2584970,8
Beckwith,1367574,5
DeLaughter,1367574,20
Evers,1367574,12
Cres,18732813,8
Rogas,18732813,3
Vargas,18732813,9
Miho,12742325,6
Kitaoka,12742325,6
Yura,12742325,10
Momoi,12742325,14
Ryuki,12742325,1
Kanzaki,12742325,6
Shinji,12742325,3
Kirishima,12742325,19
Asakura,12742325,17
Kido,12742325,13
Yui,12742325,13
Genocider,12742325,16
Ryuga,12742325,1
Takeshi,12742325,9
Ren,12742325,17
Tian-lu,14634101,11
Narayanan,5210202,8
Adhi,5210202,7
Satya,5210202,24
Kutty,5210202,10
don,5210202,12
Holly,14440848,6
Hughes,14440848,6
Yonggary,14440848,4
Campbell,14440848,23
Sandra,4622516,3
Jennie,4622516,14
Carole,4622516,23
Aham,33446753,22
Siddharthan,33446753,21
Sidharthan,33446753,3
Stroope,11181404,7
Reddell,11181404,12
Webb,11181404,18
Lowrey,11181404,7
Lal,12835282,16
Das,12835282,14
Ulysses,2332610,17
Michelangelo,2332610,17
Venus,2332610,21
Claudia,26367955,13
Adrien,26367955,3
Yvan,26367955,13
Gauri,9650843,2
Siluvai,9650843,9
Jaiganesh,9650843,2
Kamboj,35888695,22
Brar,35888695,11
Ghuggi,35888695,1
Sandhu,35888695,5
Babbar,35888695,0
Shauq,35888695,21
Kaur,35888695,19
Chahal,35888695,18
Singh,35888695,0
Dave,35888695,10
Shergill,35888695,12
Maan,35888695,20
Kher,35888695,12
Dhir,35888695,9
Lee,17574075,2
Scott,17574075,3
Pilgrim,17574075,12
Ingram,17574075,24
Patel,17574075,10
Flowers,17574075,19
Richter,17574075,17
Ramona,17574075,3
Adams,17574075,9
Taylor,221968,2
Kylie,221968,2
Janet,35729649,12
Taylor,35729649,3
Zavala,35729649,3
Hauser,35729649,9
Gabby,35729649,6
Sook,35729649,23
Jr.,35729649,9
Tre,35729649,7
Yata,28159094,10
Kizaki,28159094,24
Benni,1367453,23
Sandra,1367453,23
Marco,1367453,10
Jule,1367453,23
Ricks,1972231,21
Sandy,1972231,6
Flipper,1972231,23
Martha,1972231,17
Chet,7486668,0
Cory,7486668,2
Rita,7486668,19
Des,7486668,6
Vargeese,28318776,15
Balasingam,28318776,17
Thomas,28318776,0
Iyengar,28318776,17
Koshi,28318776,17
Durga,28318776,9
Appan,28318776,21
Susan,28318776,3
Mekkadan,28318776,15
Menon,28318776,21
Dasan,28318776,14
Rauthar,28318776,17
Sulaiman,28318776,8
Vaiga,28318776,6
Nambiar,28318776,15
Kurian,28318776,17
Jitendra,6012723,18
Herman,6759112,12
Sandy,6759112,23
Clayton,6759112,21
Adams,6759112,1
Naples,6759112,2
Carla,6759112,6
Poole,6759112,0
Godard,18405650,11
John,18405650,3
Mary,18405650,3
Radha,5177588,21
Sundar,5177588,6
Gopal,5177588,17
Failan,4357962,10
Douglas,4749539,20
Brandon,4749539,22
Ling,3511710,6
Wah,3511710,13
Mun,3511710,6
Mark,2167778,6
Kelly,2167778,14
Geary,2167778,14
Griffin,2167778,9
Pierce,2167778,5
Lane,4302846,17
Benson,4302846,3
Kent,4302846,4
Superman,4302846,3
Lois,4302846,6
Orsini,2819346,6
Jost,2819346,6
Fontaine,2819346,20
Rogge,25841110,10
Music,32442541,15
Silu,32442541,17
Roberts,3624365,0
Miriam,3624365,13
Pumla,3624365,0
Fela,3624365,6
Aap,3624365,6
Tsotsi,3624365,6
John,3624365,17
David,3624365,9
Griot,20818010,24
Vallon,20818010,11
Ferrand,20818010,14
Kessler,13944412,13
Kraus,13944412,15
Rose,13944412,24
Henry,8223535,20
Horsley,8223535,11
Grey,8223535,11
Jones,8223535,23
Waterman,8223535,4
Nicholls,8223535,4
Henley,8223535,17
Schroeder,8223535,17
Lamb,8223535,20
Beeston,8223535,6
Sayaka,5671088,24
Kurokawa,5671088,6
Itt,5671088,3
Daigoro,5671088,17
Hidaris,5671088,17
Hidari,5671088,17
White,4588632,9
Zipper,4588632,15
Wendy,4588632,13
George,4588632,22
Gogo,4588632,4
Lloyd,23011287,13
Cobb,23011287,6
Penner,801064,18
Porky,801064,6
Ashena,2384098,5
Carson,2384098,15
Gottitall,2384098,19
Gao,2384098,23
Drew,2384098,3
Trevor,2384098,17
Kwan,2384098,4
Ezra,10514354,21
Evans,19158255,12
Aldo,19158255,15
Roberto,19158255,20
Chaplin,19158255,0
Luigi,19158255,2
Jack,19158255,23
Monique,19158255,8
Goff,19158255,10
Vittorio,19158255,6
Jeanne,19158255,6
Sartet,19158255,23
Nicosia,19158255,16
Hanai,10732804,17
Bush,10732804,0
Mong-ryong,33160508,6
Hyangdan,33160508,13
Chunhyang,33160508,23
Bangja,33160508,6
Ma,33160508,7
Shawn,6427576,4
Natolly,6427576,21
Patrick,6427576,4
Allison,6427576,17
Roger,6427576,17
Chloe,6427576,6
Jesse,6427576,3
Tamara,6427576,3
Kisha,6427576,3
Arthur,2189914,1
Harris,2189914,18
Marilyn,2189914,2
Stan,2189914,10
Russell,2189914,2
Pauline,2189914,22
Rosa,2189914,24
Cleo,2189914,16
Desai,18895130,16
Alice,18895130,4
Fatima,18895130,3
Fitch,30780644,8
Kane,675878,2
Conklin,675878,16
Sultan,675878,20
Shabazz,675878,17
Roper,675878,20
James,675878,12
Farnsworth,4298666,5
Newton,4298666,23
Mary-Lou,4298666,21
Bryce,4298666,7
Jehangir,26589218,16
Ayyub,26589218,13
Umar,26589218,22
Rabeya,26589218,10
Henry,15843010,5
VIII,15843010,9
Mary,15843010,23
Boleyn,15843010,13
Peter,19145638,24
Dougal,19145638,3
Rusty,19145638,7
Buxton,19145638,3
Blue,19145638,6
Zebedee,19145638,13
Machenry,19145638,6
vek,8347090,17
Marbuck,273593,21
Joe,273593,17
McMann,273593,21
Slye,6184657,18
Dee,6184657,12
Jennifer,6184657,14
Ravenscroft,6184657,3
McGraw,6184657,10
McCall,6184657,21
Lynne,104916,14
Kaufman,104916,3
Margulies,104916,24
Shapiro,104916,0
Lawler,104916,23
Clifton,104916,7
Zmuda,104916,14
Gravas,104916,10
Joan,11339461,21
Tom,11339461,3
Jerry,11339461,23
George,11339461,6
Spike,11339461,3
Goffredo,11719444,17
Marco,11719444,21
Giulia,11719444,14
Tommaso,11719444,14
Rodrigo,16676489,16
Vishniac,16676489,10
Sanchez,16676489,23
Marineris,16676489,18
Sagan,16676489,16
Lowell,16676489,11
Gabriel,22101232,16
Ponmudipuzhayorathu,31156887,20
Chinna,8252596,21
Ratinier,8991445,16
Glaude,8991445,6
rasse,8991445,12
Hu,30239939,10
Geng,30239939,17
Long,30239939,6
Han,30239939,17
Lo,30239939,24
Niang,30239939,9
Liu,30239939,19
Xia,30239939,8
Brian,36075933,3
Durant,36075933,4
Holly,2318313,6
Adam,2318313,6
Lenny,2318313,4
Ben,2318313,6
Jean,2318313,6
Sanjana,36068268,2
Pooja,36068268,20
Krishna,36068268,1
Bobby,36068268,4
Kaajal,36068268,8
Hockenberry,2243660,21
Harold,2243660,12
Albert,2243660,24
Morgan,11545338,15
Eva,11545338,8
Miller,2351932,19
Mason,2351932,16
Deusen,2351932,3
J.J.,2351932,10
Donaldson,2351932,14
Robertson,2351932,3
Rennie,2351932,3
Jason,2351932,17
McCulloch,2351932,12
Suzie,2351932,16
Voorhees,2351932,24
Jim,2351932,17
Lazarus,2351932,7
Wayne,2351932,17
Velvet,1364770,6
Longdale,1364770,6
Welles,1364770,6
Ann,1364770,13
Mathews,1364770,13
George,1364770,6
Poole,1364770,4
Christian,1364770,2
Will,24971717,14
Javier,24971717,0
Angela,24971717,4
David,24971717,9
Fuentes,9105282,13
Domingo,9105282,15
Portillo,9105282,24
Graciela,9105282,23
Verghese,6631824,8
Singh,6631824,8
Campbell,6631824,14
Anu,6631824,14
Ortiz,3524245,22
Lovejoy,3524245,24
Carlson,3524245,7
Tamblyn,3524245,9
Tom,35321421,16
Quigley,5377861,4
Diane,5377861,19
Ulysses,5377861,4
Hercules,5377861,6
Schuyler,5377861,18
Davis,5377861,4
Mills,33414251,16
Ogden,33414251,3
Khamel,5123756,21
Darby,5123756,6
Verheek,5123756,17
Grantham,5123756,3
Voyles,5123756,13
Morgan,5123756,10
Shaw,5123756,3
Callahan,5123756,17
Mattiece,5123756,6
Spyrus,22246659,3
Mina,22246659,2
Spyros,22246659,3
Pipis,22246659,23
Markos,22246659,3
Jenny,22246659,8
Potis,22246659,14
LEla,22246659,14
Wheeler,3043729,9
Kay,3043729,6
Dilman,3043729,3
Calvin,3043729,0
Eaton,3043729,6
Wanda,3043729,22
Eichman,3043729,1
Watson,3043729,21
Nina,25436908,3
Callie,25436908,6
Noah,25436908,3
Hamilton,25436908,19
Farina,19347806,13
Ann,19347806,23
Mario,17672320,5
Anita,17672320,9
Samantha,17672320,18
Boy,17672320,5
Byron,17672320,0
Sethu,30485890,20
Nair,30485890,17
Sethumadhavan,30485890,5
Jose,30485890,17
Godzilla,570231,3
Yano,570231,13
Ken,570231,6
Collins,8256015,18
Harkness,8256015,20
Barron,8256015,4
Reynolds,8256015,4
Dorrance,8256015,13
Larrabee,8256015,0
Wascylewski,8256015,3
boatswain,8256015,18
Barbo,8256015,20
Nagesh,15059457,21
Raju,15059457,17
Cory,28253090,3
Sal,28253090,3
Sara,28253090,6
Parker,28253090,12
Bruce,28253090,3
Beck,8699587,24
Tom,18707006,3
Jerry,18707006,23
Mazumdar,8743599,5
Chowdhury,8743599,5
Damjee,8743599,17
Raghu,8743599,4
Chaubey,8743599,24
Long,30050789,16
Phil,30050789,5
Philip,30050789,4
Hardwicke,12794951,24
Carlyle,12794951,14
Hardwick,12794951,11
Gridley,12794951,20
Miller,1643411,12
Gladstone,1643411,8
Porter,1643411,3
Douglas,27763708,5
Ferris,27763708,24
Bennett,27763708,0
Skorsky,27763708,1
Benson,25842111,6
Spencer,25842111,3
Sam,25842111,6
Higgles,25842111,22
Nakamura,25842111,21
Kyoko,25842111,20
Carly,25842111,3
Yuki,25842111,20
Gordon,31201599,10
Jones,31201599,21
Ted,31201599,6
Routh,31201599,22
Tami-Lynn,31201599,16
Robert,31201599,3
Collins,31201599,10
Lori,31201599,3
Gehrig,31201599,0
John,31201599,21
Bennett,31201599,5
Lautner,31201599,0
Donny,31201599,4
Blake,1822948,20
Geoff,1822948,15
Gordon,1822948,8
Charles,1822948,3
Gloria,1822948,7
Rachel,1822948,21
DeForest,1822948,10
Samir,10053468,5
Lutfi,10053468,24
Kawthar,10053468,5
Nadia,10053468,21
Hamama,10053468,11
Croyden,36500682,24
Randolph,36500682,22
Liguras,36500682,20
Danzeeger,36500682,18
Henie,3180932,19
Power,3180932,5
Igor,3180932,13
Heiser,3180932,10
Jane,8447225,6
Tolstoy,8447225,19
Radlov,8447225,20
McCracken,8447225,22
Callahan,8447225,8
Ingeborg,9072423,6
Kasper,9072423,3
Undset,9072423,19
Lucy,61522,6
Warriner,61522,3
Leeson,61522,24
Vance,61522,11
Patsy,61522,12
Armand,61522,5
Duvalle,61522,13
Winter,2016450,3
God,2016450,14
Loren,2016450,17
Ben,2016450,23
Costigan,2016450,6
McConnell,2016450,2
Brody,2016450,22
Blackwell,2016450,3
Govinda,34624593,23
Kumar,17489405,18
Inba,17489405,18
Vettrivel,17489405,7
Rajashekar,17489405,16
Brij,20581383,3
Bhushan,20581383,1
Bindu,20581383,22
Pandey,20581383,6
Lajwanti,20581383,20
Whitehead,12151283,7
Sonam,1360465,13
Tashi,1360465,3
Luk,1487971,21
Steele,1487971,3
Balto,1487971,3
Jenna,1487971,13
Rosy,1487971,10
Nikki,1487971,16
Peebles,2743228,9
Sebastian,2743228,15
Malmaison,2743228,5
Yves,2743228,24
Mathias,31905391,17
Harry,31905391,17
Matthias,31905391,1
Cohaagen,31905391,23
McClane,31905391,16
Lori,31905391,2
Quaid,31905391,9
Melina,31905391,4
Hammond,31905391,19
Hauser,31905391,3
Rekall,31905391,9
Heidie,1089233,14
Jeannie,1089233,8
Skolnick,1089233,18
Dudley,1089233,21
Betty,1089233,2
Dawson,1089233,7
Booger,1089233,8
Whitlock,1039414,19
Rodney,1039414,17
Cecil,1039414,6
Warhol-worshiping,1039414,2
Demented,1039414,9
Dominique,26197151,5
Ballard,26197151,5
Hee-won,2891451,13
Ji-hoon,2891451,0
kutty,26723880,0
Sivan,26723880,4
Menon,26723880,0
Meenakshi,26723880,9
Virgilio,32441728,18
Hopalong,4573027,17
Simpson,4573027,11
Deerfield,10594693,19
Morelli,10594693,22
Emily,19205217,1
Annie,19205217,23
Johnson,19205217,15
Orlean,200626,24
Donald,200626,3
Depardieu,200626,7
Kaufman,200626,3
Amelia,200626,6
Charlie,200626,3
Laroche,200626,17
McKee,200626,9
Juan,1252820,21
Lucas,1252820,17
Paulina,1252820,20
Irigu,1252820,21
Mendiluze,1252820,0
Carmelo,1252820,24
Manuel,1252820,0
Cristina,1252820,6
Iligorri,1252820,15
Madalen,1252820,11
Valley,35002567,4
Tom,12597107,4
Seni,12597107,21
Kathleen,18578504,6
Trung,18578504,3
Mitchell,18578504,3
Truman-Paul,18578504,15
Tannen,18578504,6
Marie,18578504,14
India,5028363,7
Harry,5028363,22
Tom,5028363,8
Bijlee,5028363,24
Singh,5028363,2
Celina,5028363,2
Dick,5028363,22
Kittredge,15402213,20
Lamont,15402213,17
Dixon,15402213,3
Sakurai,11988,4
Fumiko,11988,4
Kinsaburo,11988,4
Godzilla,11988,17
Tako,11988,13
Strauss,22063038,9
Hitler,22063038,1
Lohenburg,22063038,12
Zack,670013,22
Aerith,670013,3
Jaganmohini,28442568,4
Raju,28442568,20
Delgado,96893,6
Kristina,96893,2
Fred,96893,18
Jung,96893,21
Foreal,96893,24
Noriega,96893,24
Rosa,96893,22
Dulli,96893,12
Mirtha,96893,6
George,96893,6
Escobar,96893,2
Barbara,96893,11
Derek,96893,24
Sara,18307105,10
Cathy,613518,3
Pete,613518,3
Hamilton,613518,16
Rosalee,613518,17
Giovanni,28953915,16
Ash,28953915,21
Oak,28953915,12
Pikachu,28953915,3
Jessie,28953915,4
James,28953915,4
Neto,6894161,7
Tim,1619872,6
Berwick,1619872,23
Roddy,1619872,21
Hunter,1619872,0
Julia,1619872,8
Mabel,1619872,5
Furinski,30080805,9
Nielsen,30080805,16
Penny,30080805,11
Cuteri,16801641,3
Jason,5082748,1
Ray,5082748,17
Linda,5082748,1
Julian,5082748,3
Sarah,5082748,4
Chris,5082748,18
Sonny,5082748,1
Stevie,5082748,17
Dave,5082748,17
Bill,5082748,1
Eadie,1365621,14
Reles,1365621,16
Joey,1365621,16
Lepke,1365621,23
Buchalter,1365621,8
Robbie,180606,10
Thomas,180606,2
Jones,180606,0
Cis,180606,3
Niobe,180606,13
Koike,180606,15
Scott,180606,23
Rawlins,180606,13
Jue,180606,2
Nakazawa,180606,23
Alexa,180606,3
Dan,180606,13
Watanabe,180606,22
Darrow,180606,9
Morimoto,180606,12
Kawajiri,180606,21
Thadeus,180606,6
Maeda,180606,18
Minowa,180606,23
Mosley,180606,15
Davis,180606,3
Neo,180606,3
Yoko,180606,3
Carroll,180606,18
Alice,180606,3
Chung,180606,19
Lucy,226202,3
Elsie,226202,20
Bacon,226202,9
Peter,226202,11
Saul,226202,6
Jack,226202,4
Moderatz,226202,9
Callaghan,226202,13
Arthur,2993071,4
Huxley,2993071,6
Jake,2993071,21
Sally,2993071,21
Vance,2993071,23
Miyori,2993071,24
Bauman,2993071,22
Forbes,2993071,4
Luz,2993071,21
Beinstock,2993071,0
Berenson,2993071,20
Priscilla,2993071,21
Whistlestick,2993071,10
Willy,2993071,16
Sansone,2993071,18
Brody,2993071,8
Bienstock,2993071,21
Willie,2993071,6
Brown,2993071,4
Drive,2993071,22
Lani,2993071,0
Hays,2993071,17
Beasley,2993071,6
Eugene,2993071,1
Granger,30299444,17
Misun,7362462,23
Sangwon,7362462,5
Turner,1724301,6
Hyde,1724301,18
Carson,1724301,7
Sutton,1724301,9
Reed,1724301,4
Starr,5198820,2
Tate,5198820,3
Tom,5198820,17
Johnson,5198820,6
Gras,5198820,23
Alva,5198820,6
Willie,5198820,6
Legate,5198820,17
Owen,5198820,3
J.J.,5198820,3
Cheung,1346910,14
Barrington,5638224,21
James,5638224,11
Valentino,5638224,20
Jack,5638224,21
Vicky,5638224,4
Billy,5638224,4
Foster,5638224,1
William,15155743,4
Robbie,15155743,3
Garvey,15155743,1
Julie,15155743,10
Ben,15155743,3
Avery,15155743,17
Ezra,15155743,6
Mo,8509794,1
Slater,8509794,10
Deedle,8509794,1
Nemo,8509794,7
Crabbe,8509794,7
Ryan,8509794,10
Mel,8509794,1
Wynn,6051512,9
Geronimo,6051512,16
Amy,6097521,2
Louisa,6097521,13
Elisabeth,6097521,3
Constance,6097521,6
Laurier,6097521,4
Clare,6097521,8
Charles,6097521,3
Imogene,90684,3
Zetterland,90684,6
Monkey,90684,7
Daphne,90684,16
Sofie,90684,23
Grace,90684,4
Sascha,90684,13
Raja,14248418,6
Bhujang,14248418,8
Krishna,14248418,6
Bhau,14248418,6
Amar,14248418,8
Sudhir,14248418,3
Prabhakar,14248418,6
Michelle,16770876,11
Colvin,16770876,9
Trevor,16770876,11
Mona,16770876,17
Sax,16770876,19
Natasha,16770876,17
BB,16770876,19
Payne,16770876,3
Lupino,16770876,17
Balder,16770876,3
Jason,16770876,13
Bravura,16770876,10
Horne,16770876,13
Green,16770876,8
Christa,16770876,24
Hensley,16770876,0
Bhosle,23440490,6
Chandekar,23440490,6
Bhonsle,23440490,6
Sumitra,23440490,11
Shashikala,23440490,13
Usman,23440490,3
Maharaj,23440490,13
Deshmukh,23440490,9
Bhosale,23440490,17
Gosalia,23440490,21
Hart,3031997,21
Dexter,3031997,4
Stewart,3031997,0
Audrey,6305925,2
Farmer,6305925,21
Shepard,6305925,15
Hal,6305925,23
Sophia,689490,15
Alexei,689490,17
Buckingham,689490,11
Nadia,689490,2
John,689490,3
Yuri,689490,9
Horn,8469182,23
Napoleon,8469182,18
Jones,8469182,3
Pilkington,8469182,12
Squealer,8469182,6
Jessie,8469182,3
Boxer,8469182,21
Laida,17778990,3
Magtalas,17778990,3
Brown,17316366,21
Cilman,17316366,17
Dano,1128240,6
Thomas,1128240,5
Shaina,1128240,6
Kalarjian,1128240,4
Frankie,1128240,6
Isabella,1128240,23
Jennings,1128240,8
Nora,1128240,24
Bludworth,1128240,20
Gibbons,1128240,23
Lewis,1128240,24
Corman,1128240,12
Kimberly,1128240,21
Kat,1128240,4
Grindstaff,7026014,3
Sizemore,7026014,4
Mystic,7026014,17
Appleyard,7026014,17
Cottrill,7026014,16
Hubbard,7026014,14
Cleo,7026014,6
Kilfong,7026014,10
Turner,4040311,9
Nora,22644994,0
Jean,15708834,6
Marie,15708834,2
Logan,17444132,14
Decker,17444132,6
Fred,9881899,3
Mastroianni,9881899,5
Elsa,9881899,23
Ekberg,9881899,5
Barber,34825470,4
McGann,34825470,15
Sherry,1380361,6
Christine,1380361,6
Sally,1380361,4
Weston,1380361,15
Donna,1380361,3
Jensen,1380361,2
Finn,4881898,3
Gorsky,4881898,17
Darquandier,4881898,16
Toorop,4881898,3
Rebeka,4881898,16
Johnny,14920398,15
Oakes,14920398,22
Horton,14920398,0
Camille,14920398,23
Chicoy,14920398,21
Terry,13036480,21
Gus,19400450,0
Scotty,19400450,0
Leonard,19400450,7
Spanky,19400450,21
Roberts,2467561,1
Linda,2467561,3
Felix,2467561,3
Casablancas,2467561,11
Christie,2467561,8
Nancy,2467561,22
Bogart,2467561,14
Dick,2467561,13
Bergman,2467561,11
Weinbauer,7212423,3
Eddie,7212423,3
Catherine,7329566,21
Alexandra,7329566,6
Nuytten,7329566,15
Barnes,7329566,18
Vic,26031039,3
Tracy,26031039,16
Dia,26031039,6
Adi,26031039,6
Susan,26031039,3
Pia,26031039,3
Alves,26031039,3
Carol,26031039,3
Keller,3546305,20
Beck,15754616,24
Madhvi,27944820,18
Narang,27944820,19
Anushka,27944820,23
Sarkar,27944820,4
Gungun,27944820,23
Naren,27944820,21
Pinto,27944820,15
Kelkar,27944820,23
Ahuja,27944820,3
Suri,27944820,3
Chris,27944820,20
Milind,27944820,3
Vijay,18621136,9
Masanam,18621136,18
Joan,5257449,6
Melissa,5257449,13
Compton,5257449,3
Joe,5257449,6
Curran,5257449,21
blackmail,5257449,14
Minni,30929424,13
Pappan,30929424,9
Babba,30929424,2
Rin,29268797,6
Kisaragi,29268797,24
Rei,29268797,17
Koshimizu,29268797,10
Yoshie,29268797,6
Donald,23691256,21
Burke,23691256,10
Jerry,23691256,4
Gabby,23691256,0
Peter,31322423,21
Lisbeth,31322423,19
Holl,31322423,11
Mumblethunder,5464002,1
Paco,1373876,19
Mejia,1373876,23
Chucho,1373876,17
Irene,1373876,13
Toni,1373876,1
Sanchez,1373876,21
Martinez,1373876,10
Californio,1373876,13
Guillermo,1373876,11
Ronconi,1373876,10
Ayesha,28256244,12
Carol,28256244,19
Nastenka,8784005,23
Axton,2139989,13
Dennis,2139989,19
Fox,2139989,6
Leighton,2139989,8
Spyros,2139989,17
Hill,2139989,18
Clark,2139989,6
Kelly,2139989,13
Wheeler,2139989,1
Bergleman,2139989,13
Eleanor,2139989,12
Hollis,2139989,3
Mickey,28214796,6
Holmberg,240363,24
Jessica,240363,14
Marva,240363,20
Marilyn,240363,21
Mickey,240363,15
Phil,240363,15
Jessie,240363,6
Marie,240363,5
Potter,240363,6
Tae-woo,7362741,24
Allan,3198884,13
Harglow,343684,17
Linda,343684,3
Johnny,343684,15
Trent,343684,3
Styles,343684,13
Wrenn,343684,13
Pickman,343684,12
Fincannon,654530,3
Decker,654530,17
Alfred,654530,21
Ludlow,654530,20
Tristan,654530,4
Samuel,654530,14
Vallois,5935181,0
Antoine,5935181,3
Kuchisake,13682670,6
Mika,13682670,3
Noboru,13682670,23
Kyoko,13682670,3
Vinny,707808,24
Vinnie,707808,23
Graham,707808,14
Tony,707808,3
Avi,707808,16
George,707808,8
Frankie,707808,11
Tommy,707808,24
Lincoln,707808,5
Boris,707808,17
Reid,707808,9
Franky,707808,23
rob,707808,12
Doug,707808,0
O'Neil,707808,6
Top,707808,17
Tyrone,707808,15
Danny,1367497,23
Pope,1367497,21
Lorna,1367497,8
Annie,1367497,3
Claire,12816415,4
Ozzie,12816415,12
Schmeeler,12816415,22
Gabey,12816415,21
Esterhazy,12816415,12
Ishimura,28859296,4
Rin,28859296,10
Kuttner,28859296,17
Clarke,28859296,9
Noah,28859296,1
Omar,28859296,23
Borgas,28859296,11
Cho,28859296,9
Stross,28859296,3
Vivian,28859296,13
Sergenko,28859296,10
O'Bannon,28859296,4
Campbell,28859296,5
Ruby,2880294,6
Chambers,2880294,12
Johnny,8030277,3
Nick,8030277,6
Ned,8030277,21
Townsend,8030277,15
Helen,8030277,3
Kamina,18549461,12
Ayato,18549461,3
Shitow,18549461,6
Mishima,18549461,4
Spence,271588,0
Monty,271588,6
Waltham,271588,20
Cyrus,271588,6
Lou,271588,3
Adela,271588,3
Betty,271588,3
Norman,271588,9
Lidia,16682049,19
Janet,4329971,23
Roy,4329971,2
Kitty,4329971,6
Hobley,4329971,17
Mary,4329971,6
Cronin,4329971,14
Myra,4329971,3
Deauville,4329971,6
Cain,29084472,1
Pierce,29084472,10
Miller,23150423,17
Hall,23150423,4
Wasnick,23150423,10
Pete,23150423,12
Moulton,23150423,8
Smith,23150423,0
Caroline,23150423,12
Dale,20848381,4
Ratnam,21440868,23
Chandu,21440868,4
Bullabbai,21440868,13
Lanka,21440868,8
Bullebbai,21440868,13
Mally,1732917,17
Josephson,1732917,5
Blakelock,1732917,18
Shockley,1732917,17
Cathy,1965350,3
Michael,1965350,6
Lina,1965350,21
Beckett,12469751,17
Julie,12469751,4
Kellaway,12469751,17
Franks,157481,19
Tiffany,157481,17
Whyte,157481,12
Metz,157481,5
Kidd,157481,7
O'Toole,157481,17
Toole,157481,5
Saxby,157481,20
Leiter,157481,12
Wint,157481,4
Blofeld,157481,24
Bond,157481,17
Chakrapani,2091487,22
Keshava,2091487,18
Manushya,2091487,5
Vicky,5181141,15
Skiles,28236076,19
Hurley,28236076,18
Frank,28236076,4
Josh,28236076,3
McGuire,28236076,22
Elaine,28236076,11
Judes,28236076,23
Ollie,8977977,23
Stan,8977977,3
Maite,1915220,0
Carr,1915220,21
Bernard,1915220,9
Morris,1915220,20
Oates,1506960,13
Dennis,1506960,3
Demetrius,1506960,21
Wong,1506960,4
Landers,1506960,6
Felix,1506960,3
Berke,1506960,20
Kelly,1506960,16
Helena,1506960,22
Allison,1506960,21
Foster,1506960,1
Lysander,1506960,23
Mario,2636543,2
Bette,2636543,0
Tremont,2636543,10
Santana,2636543,10
Billy,2636543,24
John,2636543,3
Annie,2636543,13
O'Halloran,14247287,16
disguise,14247287,20
O'Toole,14247287,12
Moe,14247287,23
Larry,14247287,23
Kidman,35637385,13
Nagase,35637385,10
Lomax,35637385,4
Firth,35637385,5
Sanada,35637385,14
Patti,35637385,17
Mumtaz,3817298,6
Abhay,3817298,4
Potiya,3817298,21
Sawant,3817298,23
Payal,3817298,14
Masry,1241914,18
Ed,1241914,23
Brockovich,1241914,6
Hinkley,1241914,1
Donna,1241914,2
Jensen,1241914,4
Sandy,1377382,4
Woodzie,1377382,13
Tucker,1377382,6
Sorano,1377382,22
Walsh,1377382,3
Channing,1377382,20
Dalrymple,1377382,10
Boop,27960737,1
Saiyan,1410384,20
Turles,1410384,17
Kakarot,1410384,11
Chiaotzu,1410384,4
Gohan,1410384,3
Lakasei,1410384,13
Goku,1410384,17
Saga,1410384,2
Nozawa,1410384,20
Tien,1410384,10
Krillin,1410384,15
Chekhov,14843067,14
Aramaki,4515932,13
Kayabuki,4515932,5
Munei,4515932,21
Proto,4515932,5
Kusanagi,4515932,23
Batou,4515932,16
Saito,4515932,24
Koshiki,4515932,3
Puhto,4515932,17
Goda,4515932,3
Jay,35575593,4
Chet,35575593,9
Addison,35575593,5
Joan,11385169,3
Tom,11385169,3
let,11385169,0
George,11385169,3
Spike,11385169,17
McDunnough,279813,20
Glen,279813,6
Ed,279813,3
Goodman,279813,1
Junior,279813,14
Gale,279813,3
Forsythe,279813,20
Smalls,279813,16
Hi,279813,17
Jr.,279813,14
sneak,279813,9
Arizona,279813,14
Sr.,279813,3
Paul,6542034,15
William,6542034,23
Harry,6542034,23
Blair,6542034,6
Fayed,6542034,16
Charles,6542034,13
Diana,6542034,6
John,6542034,18
Philip,6542034,6
Mother,6542034,21
Campbell,6542034,11
Sirak,3771009,9
Austin,3771009,3
Nelson,3771009,2
Kimberly,1039551,3
Guy,1039551,17
Stone,1039551,9
Harris,1039551,13
Darrel,1039551,21
Mayor,1039551,24
Darryl,1039551,23
Minelli,1039551,23
Jonz,1039551,19
Walker,1039551,11
Blankman,1039551,4
Kevin,1039551,6
Leo,286544,17
Wolf,286544,0
Beck,286544,0
Beth,286544,12
Tanner,286544,11
Biederman,286544,11
Hotchner,286544,14
Lerner,286544,16
Ellie,286544,15
Yelena,3165521,19
Potekhin,3165521,21
Anyuta,3165521,23
ndor,16619779,9
Gajdar,16619779,8
zsa,16619779,7
Tony,22536936,4
Molly,22536936,1
Malakov,22536936,14
Vinnie,22536936,20
Vivian,22536936,13
Joyce,22536936,24
Jr.,22536936,14
Nardella,22536936,1
Monroe,20518467,9
Woody,20518467,3
Woodpecker,20518467,12
Spanky,6169073,3
Phocus,6169073,0
Noah,23935304,20
Nephilim,23935304,14
Samar,22077582,8
Sripriya,11143236,8
Jayalakshmi,11143236,13
Sumithra,11143236,24
Vijayakumar,11143236,7
Haasan,11143236,1
Prendergast,19625929,17
Beth,19625929,23
Torres,19625929,17
Foster,19625929,3
Marianne,4278211,23
Songkram,10064426,6
Dileep,26694308,5
Krishnankutty,26694308,2
Anjana,26694308,19
Sridevi,26694308,2
Archer,2028297,10
Javorsky,2028297,17
Dobson,2028297,10
Chocopie,13248717,19
Cho-Won,13248717,21
LeRouge,8641043,4
Stuart,750694,6
Monty,750694,17
Margalo,750694,17
Martha,750694,4
Little,750694,6
Donovan,9170541,18
Ball,1238914,23
Hulgar,1238914,13
Jenny,1238914,6
Louis,1238914,7
Mary,1238914,6
Smith,1238914,6
Jr.,1238914,6
Arnold,1238914,3
Boles,32107837,11
Hotzfelt,32107837,19
Mahler,32107837,22
Roder,32107837,23
Moose,345105,13
Malvo,345105,8
Muhammad,345105,11
Yi,7467056,13
Tsao,7467056,17
Chito,7467056,20
Loi,7467056,21
Chi,7467056,3
Kin,7467056,6
Fong-Tin,7467056,3
Siu-Hon,7467056,4
Fook,7467056,23
Dua,29740079,5
Arunima,29740079,3
Keith,31079,8
Massimo,31079,6
Steve,31079,3
Edison,31079,24
Fran,31079,3
Geri,31079,9
Mary,31079,21
Eddie,31079,0
Donolly,31079,9
Tuck,625933,5
Foster,625933,8
Archer,4731866,23
Delilah,4731866,21
Bea,4731866,6
Johnson,4731866,18
Peola,4731866,3
Smith,4731866,10
Jessie,4731866,21
Pullman,4731866,19
Thornhill,61168,5
Eldredge,61168,10
Fitts,61168,20
Biddle,61168,6
Dick,61168,14
Scrapper,61168,6
Dorcy,61168,17
Nita,1781284,24
Charlene,1781284,14
Hale,1781284,16
Wilby,1781284,15
Renssalaer,15148739,3
Daniels,15148739,23
Bacon,15148739,18
Peggy,15148739,3
Alvira,15148739,6
Doty,15148739,12
Cartwright,15148739,9
Farina,15148739,10
Guilol,15148739,8
Stevenson,15148739,12
Gillespie,15148739,20
Jackie,15148739,4
Kennedy,8851344,8
Linda,8851344,3
Daffy,25687289,13
Nazim,19267191,18
David,19267191,12
Dougie,35705743,20
Brook,35705743,12
Steve,35705743,18
Kushvinder,35705743,1
Rosie,35705743,24
Lemon,35705743,21
Hasselhoff,35705743,9
Bala,30492267,10
Mukesh,30492267,10
Schiavone,17578316,15
Maria,17578316,12
Iavarone,17578316,24
Roberto,17578316,6
Volturno,17578316,18
Faida,17578316,20
Bernardino,17578316,16
Ciro,17578316,17
Montana,17578316,20
Marco,17578316,20
Franco,17578316,3
Johansson,17578316,21
don,17578316,7
Pasquale,17578316,24
Amato,17578316,5
Vittorio,17578316,3
Segundo,5618260,8
Peltz,5618260,0
Annabelle,5618260,2
DeJesus,5618260,4
Hussain,15930359,21
Khalil,15930359,0
Lobo,15930359,4
Khan,15930359,7
Nazir,15930359,7
Rizwan,15930359,18
Sagar,15930359,16
Vikas,15930359,3
Anjali,15930359,2
Husain,15930359,21
Pettypacker,14157327,11
Lester,14157327,2
Plum,14157327,11
Nassau,14157327,2
Potts,14157327,17
Koslofski,14157327,16
Dodd,14157327,21
Franklin,1357152,3
Bond,1357152,8
Young,1357152,19
Janet,19828161,3
Richard,19828161,12
Franklin,19828161,11
Mickey,19828161,1
Geraldine,19101343,5
Jenkins,19101343,5
Christie,19101343,24
Evans,19101343,21
Shabati,1202005,8
Wakamiya,10794581,21
Ishida,10794581,11
Wakiyama,10794581,2
Kagenuma,10794581,3
Kirishima,10794581,23
Greer,18346225,2
Lee,18346225,4
Eddie,18346225,4
Turner,16757667,20
Carradine,16757667,11
Samuels,16757667,8
Arnie,5696955,10
Mary,5696955,22
Wilson,5696955,12
Kermit,5696955,3
Krassman,5696955,10
Ubermann,18454490,19
Tony,18454490,23
Deranian,18454490,17
Tia,18454490,23
Ben,18454490,16
O'Day,18454490,20
Gersh,24160684,4
Mitamura,12005,5
Okumura,12005,3
Godzilla,12005,17
Maki,12005,4
Hayashida,12005,16
Mihara,12005,15
Ali,3832242,20
Hussein,3832242,3
Starr,23691025,20
Cassidy,23691025,11
Shotgun,23691025,22
Henry,7837396,3
Bishop,7837396,13
Conquest,7837396,17
Thomas,7837396,16
Gilbert,7837396,18
Eleanor,7837396,20
Louis,7837396,22
Becket,7837396,3
John,7837396,11
XV,16148512,17
Voltaire,16148512,4
Sarnac,16148512,4
Calas,16148512,24
Louis,16148512,4
Nanette,16148512,21
King,16148512,2
Great,16148512,12
Malti,20903266,1
Raja,20903266,3
Lala,20903266,20
Sharma,20903266,2
Gupta,20903266,5
Ranjit,20903266,23
Gopal,20903266,19
Suleiman,20903266,4
Rajaram,20903266,4
Nisha,20903266,12
Sulaiman,20903266,6
Jansson,3644779,6
Gertrud,3644779,21
Lidman,3644779,14
Nyman,3644779,5
Kanning,3644779,17
Fosset,210216,3
Ray,276070,6
Abby,276070,3
Visser,276070,17
Marty,276070,17
Loumbardopoulos,21022248,15
Anargyros,21022248,21
Helms,11757037,24
Prouse,11757037,3
Tunney,11757037,5
Channing,11757037,0
Foster,11757037,10
Pitt,11757037,21
Kevin,11757037,23
Phelps,11757037,13
Hennessy,11757037,13
Carolla,11757037,9
Mabline,11757037,21
Mooker,11757037,6
Maxine,11757037,21
Clemins,11757037,3
Cheadle,11757037,24
Leanne,11757037,17
Curtis,11757037,3
Bennet,12386689,11
Forest,12386689,24
Larson,21550540,21
Roland,21550540,17
Leonard,21550540,9
Sebastian,21550540,23
Wally,21550540,3
Mars,21550540,6
Kassie,21550540,3
Tunneler,7154010,4
Thomas,7154010,11
Berke,7154010,13
Garvey,7154010,17
Winsley,7154010,1
Pinhead,7154010,3
Joey,7154010,3
Toulon,7154010,3
Magrew,7154010,3
Robert,7154010,3
Jane,7154010,3
Art,7154010,10
Carp,7154010,9
Matt,7154010,2
Bukowski,7324594,9
Lee,7324594,8
Schroeder,7324594,10
Dean,3124974,22
Shahbandar,3124974,7
Nicole,3124974,14
Chang,3124974,8
Harry,1179278,3
Kennard,1179278,9
Callahan,1179278,17
Janero,1179278,6
Walker,1179278,23
Quan,1179278,4
Butcher,1179278,9
Wheeler,1179278,10
Madison,1179278,17
Squares,1179278,16
Fisher,1179278,22
Rook,1179278,3
Hicks,1179278,7
Bertram,1676093,16
Dreuther,1676093,9
Cary,1676093,23
Herbert,1676093,14
Porter,1676093,2
Flynn,34154485,6
Jonathan,34154485,2
Nick,34154485,5
Denise,34154485,15
Hella,8869015,21
II,18089950,15
Beto,18089950,6
Melo,18089950,9
Ramsey,25581548,10
Tony,25581548,21
Hill,25581548,17
Susan,25581548,21
Becky,25581548,10
Jones,25581548,10
Nathalie,25581548,3
Rod,25581548,3
Lane,6694508,16
Zinthrop,6694508,13
Mark,6694508,14
Hill,6694508,23
Starlin,6694508,4
Mishka,23792846,10
Kate,9244646,3
Morne,9244646,13
Sharifa,9244646,16
Claude,9244646,12
Babs,320527,13
Edie,320527,4
Marble,320527,20
Johnson,320527,11
Channing,320527,22
Raymond,320527,3
Fitzgerald,8447914,3
Hayman,8447914,9
Watson,8447914,11
Orbison,1176717,5
Solomon,1176717,3
Wiggley,1176717,17
Kumar,31149282,14
Gangaram,31149282,21
Verma,31149282,14
Ravi,31149282,13
Laxmi,31149282,20
Vijay,31149282,1
Bobby,8300166,21
Saima,8300166,2
Kohli,8300166,1
Archer,887135,24
Isabel,887135,20
Merle,887135,16
Osmond,887135,18
Hureisenjin,1631700,1
Sakamoto,1631700,3
Inoue,1631700,24
Saigo,1631700,21
Takahashi,1631700,17
Patty,2037852,9
Duff,2037852,3
Warner,2037852,6
Cook,2037852,6
Plummer,2037852,6
Lee,2037852,6
Elaine,2037852,21
Noreen,2037852,21
John,2037852,13
Wolf,680006,19
Baloo,680006,6
Winifred,680006,2
Hathi,680006,16
Khan,680006,17
Mowgli,680006,3
Python,680006,24
Louie,680006,17
Mombi,583407,24
Tik-Tok,583407,4
Gale,583407,21
Pumpkinhead,583407,23
Wilson,583407,19
Worley,583407,13
Jack,583407,17
Billina,583407,14
Dorothy,583407,3
Viras,3576991,5
Guiron,3576991,11
Jiger,3576991,5
Martin,2987486,3
Celia,2987486,14
Andy,2987486,6
Kurti,31759904,4
Selimi,31759904,1
Malcolm,31759904,0
Thompson,2949844,24
Jimmy,2949844,16
Julie,2949844,13
Angeloutsos,20588875,11
Stavros,20588875,10
Jill,17818658,13
God,17818658,21
Ty,17818658,20
Swint,17818658,14
Darlin,17818658,8
Dawson,17818658,24
Rosamund,17818658,2
Griselda,17818658,3
Walden,17818658,21
Hathaway,21136555,12
O'Farrell,21136555,2
Annie,21136555,6
Heather,540654,14
Simpson,540654,13
Tyler,540654,6
Ann,540654,13
Lewis,540654,18
Racine,540654,4
Matty,540654,6
Roz,540654,6
Walker,540654,8
Grace,540654,18
Ned,540654,3
Lowenstein,540654,18
Edmund,540654,17
Wong,5706283,18
Michael,5706283,17
Sharky,5706283,10
Wan,5706283,15
Brandon,5706283,1
Ma,5706283,6
Miller,16375992,18
Clive,16375992,7
Cartwright,16375992,18
Mary,16375992,13
Morton,16375992,18
Swain,6332837,18
Chico,6332837,24
Jessica,6332837,3
Brockie,6332837,22
Bonnell,6332837,17
Spanger,6332837,12
Savage,6332837,17
Wes,6332837,2
Chisolm,6332837,12
Drummond,6332837,1
Shin,12212206,3
Kennedy,20889393,3
Guildenstern,20889393,10
Christopher,20889393,15
Wendt,20889393,1
Christine,20889393,4
Ballantyne,20889393,16
Husack,20889393,19
Wang,20889393,19
Grace,20889393,21
Zeb,20889393,17
Siri,3841831,21
Michael,3841831,4
Burrows,3841831,14
Penny,15759166,13
Gardner,15759166,10
MacKendrick,15759166,14
Ajay,14538458,6
Pooja,14538458,8
Chauhan,14538458,21
Jetley,14538458,3
Lindo,32361069,22
Pastor,32361069,21
Moe,14362599,4
Larry,14362599,4
Adams,14362599,18
Greer,3105804,3
Barbara,3105804,3
Morgan,3105804,17
Marcia,3105804,6
Rudy,3105804,23
Granny,3105804,6
Anderson,3105804,17
Rachel,3105804,6
Schaeffer,3105804,17
Diablo,3105804,23
Cockerell,3105804,17
Maxwell,3105804,3
Canfield,3105804,17
Winston,2987094,7
Jane,2987094,17
Harris,2987094,10
Church,2987094,11
Charles,2987094,3
Dexter,2987094,14
Schine,2987094,22
Boyko,2987094,2
LaRoche,2987094,3
Lucinda,2987094,4
Daniels,8401387,11
Jonathan,8401387,20
Boyd,8401387,24
Knight,8401387,9
Isabell,1348145,2
Haskins,1348145,16
Ronnie,1348145,17
Bill,1348145,21
Frederick,1348145,23
Isabelle,1348145,21
Smith,1348145,12
Emma,1348145,21
Taz,10635999,3
Samia,73467,13
Carl,73467,18
Oost,73467,6
Dupea,73467,3
Rayette,73467,6
Elton,73467,18
Meaulnes,7222376,21
Seurel,7222376,7
Katie,14580484,6
Cynthia,14580484,6
Derk,14580484,17
Marcia,14580484,2
Hagon,14580484,6
Crothers,14580484,6
Marco,14580484,15
Roger,14580484,24
Towne,14580484,3
Colonnas,13213647,12
Porky,13213647,3
Hadley,32573143,3
Portia,32573143,12
Blair,32573143,24
Privet,32573143,6
Emily,32573143,13
Prince,32573143,15
Brock,32573143,14
Isabella,32573143,24
Delancy,32573143,3
Sophia,32573143,23
Gardania,32573143,6
Willows,32573143,19
Devin,32573143,3
Reginald,32573143,17
Nicholas,32573143,5
Harry,225459,13
Edson,225459,10
Jerry,225459,6
Billie,225459,3
Hanley,225459,22
Ida,225459,12
Louis,225459,3
McKay,225459,3
Reg,225459,24
Bernie,225459,0
Nellie,29288654,23
Ware,29288654,16
Denver,29288654,3
Archer,14144087,10
Cody,14144087,18
Black,14144087,5
Paul,17452896,15
Venugopal,17452896,15
Keralareshmi,17452896,18
Vishwathan,17452896,17
Jagratha,17452896,14
Vishwanathan,17452896,17
Nandan,17452896,6
Nandagopal,17452896,10
Kochi,17452896,20
Mohammed,17452896,18
Roy,6790169,3
Alston,6790169,5
Bon-Bon,6790169,10
Bo,6790169,3
Richards,6790169,14
Angie,6790169,10
Percy,3123636,10
Joe,3123636,14
Shelby,3123636,2
Hannah,3123636,24
Nahum,3123636,24
Dev,24328800,19
Harry,24328800,13
Subhasree,24328800,21
Banik,24328800,7
Shah,24328800,12
Choudhury,24328800,5
Biswajit,24328800,24
Covington,8310271,5
Dutton,8310271,20
Mark,8310271,10
Madison,8310271,6
Hockstetter,8310271,0
Donovan,8310271,6
Sr.,24529619,17
Jr.,24529619,9
Elli,22724333,2
Swit,32032279,0
McKay,32032279,6
Galligan,1452866,0
Murray,1452866,0
Daniel,22822894,21
Parks,22822894,1
Christian,22822894,21
Enyatullah,3027029,14
Yusef,3027029,16
Enayatullah,3027029,18
Jamal,3027029,17
Keith,8279668,22
Gordon,8279668,7
Evans,8279668,24
Worth,8279668,9
Shiver,32508126,13
Easton,32508126,11
Sarah,32508126,13
Soni,12354998,11
Kumar,12354998,16
Rehman,12354998,18
Brishti,19284029,1
Tilottama,19284029,20
Lavanya,19284029,23
Rajarshi,19284029,20
Indrajeet,19284029,23
Sam,20563678,3
Buddha,20563678,21
Finkel,20563678,13
Spudnick,20563678,21
Rosebud,20563678,23
Stinkle,20563678,13
Yuri,20563678,4
Morten,31143044,6
Johanna,31143044,23
Far,12864134,1
Miranda,12864134,9
Villanueva,12864134,2
Norat,12864134,6
Castillo,12864134,13
Lugo,12864134,24
Garth,35743450,5
Valerie,35743450,2
Marie,8821499,5
Konrad,8821499,15
miller,8821499,12
Kyle,30846475,23
Jason,30846475,16
Tarasov,24605781,9
Angela,32559889,14
Lina,11845883,16
Sam,12204434,23
Maggie,12204434,12
Snow,12204434,1
Bodnar,12204434,19
Roberts,22835254,16
Adams,22835254,21
Slade,22835254,3
Peter,5657109,7
Zhang,10270532,7
Liu,10270532,13
Erming,10270532,21
Paul,4913880,6
Christianson,4913880,22
Sam,4913880,6
Randy,4913880,3
Johnny,4913880,10
Bobby,4913880,20
Train,4913880,19
Annette,4913880,3
Julie,4913880,3
Howard,4913880,8
Jim,4913880,3
Jennings,4913880,21
Esther,4913880,14
Gold,4913880,15
Helen,4913880,8
Malli,6680122,23
Venkateswarlu,6680122,17
Reddy,6680122,18
Devudu,6680122,17
Seetaram,6680122,13
Hartounian,600820,2
Cynthia,600820,23
Chandler,600820,16
Kate,600820,23
Young,600820,3
Jack,600820,21
Webb,600820,21
Everett,600820,17
Sam,1438595,17
Holly,1438595,3
Rubin,1438595,10
Revelle,1438595,9
Gloria,1438595,3
Scully,1438595,3
Body,1438595,5
Sharma,28300499,0
Asha,28300499,2
Ashok,28300499,3
Chotu,28300499,10
Choudary,28300499,13
Shah,28300499,7
Choudhry,28300499,12
Muggs,28192059,13
Danny,28192059,6
Spider,28192059,17
Larry,28192059,10
Glimpy,28192059,14
O'Brien,28192059,9
Jouenne,32186653,9
Fonfrin,32186653,3
Bindiya,16435377,2
Daamchand,16435377,5
Billu,16435377,21
Chacha,16435377,9
Khan,16435377,21
Kelly,20985242,3
Lee,20985242,19
Halsey,20985242,0
Kiriyama,7724545,24
Jinbo,7724545,13
Yabuike,7724545,6
Baker,3296177,3
Mason,3296177,0
Hiko,3296177,24
Volkov,3296177,24
Nadia,3296177,3
Richie,3296177,17
Woods,3296177,17
Vinogradiya,3296177,18
Foster,3296177,3
Island,3296177,23
Dawkins,2216322,8
Bandini,2216322,2
Sasha,2216322,19
Sinclair,2216322,17
Vicious,2216322,4
Boggs,2216322,17
Sean,2216322,3
Kidman,2216322,22
Gordie,2216322,3
Goldberg,2216322,15
King,2216322,3
Bouchard,25129766,4
Roger,25129766,23
Stoddard,25129766,1
Elizabeth,25129766,6
David,25129766,4
Cooper,25129766,5
Winters,25129766,11
Loomis,25129766,9
Victoria,25129766,3
Hoffman,25129766,13
Angelique,25129766,3
Pres,25129766,4
Carolyn,25129766,22
Barnabas,25129766,3
Murphy,735291,24
Pratt,735291,7
Jones,735291,18
Riley,735291,9
Pollak,735291,4
Dolittle,735291,11
Wilson,735291,9
Potter,735291,9
Silika,2164242,7
Wilma,2164242,14
Fred,2164242,16
Rockula,2164242,6
Betty,2164242,16
Frankenstone,2164242,6
Nicky,30469517,15
Balham,30469517,6
Kate,30469517,23
Anderson,30469517,3
Helen,30469517,17
James,30469517,22
Henry,27995999,10
Francine,27995999,14
Nick,27995999,14
Teresa,27995999,12
Salazar,27995999,9
Aldo,27995999,21
Karen,27995999,2
Emmit,27995999,1
Camilla,27995999,10
Silk,7839959,23
Danny,7839959,6
Theresa,7839959,15
Harding,7839959,21
Rockefeller,7839959,12
d'Angelo,7839959,16
McClanahan,7839959,10
Marie,7839959,10
Spikes,7839959,23
Davis,7839959,10
Leroy,10333936,18
Fleetwood,12733257,0
Stafford,12733257,11
Hicks,12733257,14
Beardsley,30559230,9
Clarke,30559230,15
Bowe,30559230,23
Poe,30559230,8
Anderson,30559230,17
Celine,805120,3
Simone,805120,17
Jesse,805120,3
Silva,24554391,14
Pessoa,24554391,22
Veloso,24554391,18
Nunes,24554391,8
Yuko,8094043,3
Kiyomi,8094043,2
Yamazaki,8094043,3
Kondo,8094043,18
Mami,8094043,3
Sato,8094043,12
Yuki,8094043,13
Judas,16760642,21
Ana,16760642,21
Mateo,16760642,9
Maria,16760642,23
Jesus,16760642,13
Pedro,16760642,3
Pablo,16760642,8
Lucas,16760642,9
Magda,16760642,2
Skye,34931488,3
Sienna,34931488,17
Rotter,34931488,18
Bell,34931488,16
Leo,34931488,6
Brigg,34931488,6
Nathan,34931488,3
Nico,34931488,23
Charlie,34931488,13
Brynn,34931488,3
Ami,34931488,12
Alex,34931488,3
Pandit,5165771,11
Kunal,5165771,3
Vishwas,5165771,13
Riya,5165771,4
Hussain,5165771,2
Rahul,5165771,23
A,5165771,17
Varsha,5165771,21
Hai,5165771,11
Satish,5165771,10
Chakravarthy,5165771,3
Khanna,5165771,9
York,17475150,14
Millington,17475150,10
Faulkner,17475150,14
Drake,17475150,18
Scarlett,17475150,12
Porky,32639786,17
Buster,13991161,3
Salim,10411269,4
Sharif,10411269,3
Haji,10411269,23
Pacino,945305,10
Keeler,945305,11
Carlyle,945305,18
Clark,945305,1
Byrd,945305,3
Penny,945305,8
Patricia,945305,17
Resartus,945305,16
Colbert,945305,17
Chuck,945305,23
Barris,945305,6
Watson,945305,19
Valarmati,7237349,6
Shanmugam,7237349,13
Balu,7237349,3
Judge,24378337,8
Kikushima,24378337,20
Lewis,24378337,9
Murayama,24378337,14
Weisser,24378337,11
Brando,2967126,16
Fletcher,2967126,2
Medina,2967126,15
Trini,2967126,19
Matt,2967126,3
Chuy,2967126,19
Laura,9693719,2
Galt,9693719,11
Jacob,9693719,1
Kirkpatrick,9693719,17
Adam,9693719,4
David,9693719,6
Phoenix,20899724,19
Griffin,20899724,14
Hsiao-Kang,21376937,3
Emma,21757558,3
Donne,21757558,9
Sheean,25080850,15
Clare,25080850,20
Barney,25080850,5
Elsa,25080850,14
Zarkan,25080850,18
Brinkmann,25080850,11
Malcolm,34350686,10
Raj,16166356,8
Arjun,16166356,21
Abhirami,16166356,19
Andersen,7784737,3
Joan,9407480,3
Tom,9407480,3
Jerry,9407480,3
Scorpio,301798,17
DiGiorgio,301798,3
Gonzalez,301798,14
Callahan,301798,7
Priyanka,6715844,17
Pukazhenthi,6715844,3
Aarthi,6715844,3
Raghu,6715844,14
Sanjay,7305656,23
Shah,7305656,19
Lisa,7305656,12
Marc,8695943,1
Lise,8695943,2
Anna,8695943,19
Hans,8695943,13
Alex,8695943,22
Thompson,3577967,17
Frank,3577967,3
Moffatt,23430023,24
Evans,23430023,10
Morgan,23430023,6
Watty,23430023,15
Brassel,2021700,16
Gormley,2021700,12
Musgrave,2021700,17
Julia,2021700,4
Ethan,2021700,3
Dunn,2021700,20
Davian,2021700,4
Meade,2021700,19
Hunt,2021700,11
Manuela,6446062,13
Dufour,6446062,16
dart,6446062,10
Goodhead,6446062,4
Dolly,6446062,14
Drax,6446062,2
Bond,6446062,3
Chang,6446062,20
Danny,2188611,6
Allen,2188611,16
Maggie,2188611,3
Rawlings,2188611,23
Brice,2188611,17
Riley,2188611,6
Ray,2188611,3
Fay,2188611,12
Frankie,2188611,12
Jack,2188611,6
Dillon,2188611,21
Eddie,2188611,6
Burns,2188611,10
Power,2188611,8
Drummond,2188611,11
Anders,2188611,22
Samantha,2188611,3
Nathan,2188611,4
Cindy,2188611,22
Nikki,2188611,3
Charlie,2188611,13
Chacha,4058835,21
Kamla,4058835,12
Bhelu,4058835,21
Belu,4058835,3
O'Shea,686213,19
Randazzo,686213,4
Madhavi,26692905,13
Kumaran,26692905,3
Kunjappan,27482712,21
Sreekandan,27482712,10
Kaimal,27482712,21
Vasu,27482712,3
Chacko,27482712,3
Dennis,8891457,11
Vera,8891457,21
Peter,8891457,8
Charles,8891457,12
Lee,8891457,9
Sally,8891457,21
Preston,8891457,9
Ito,8891457,14
Gloria,8891457,21
Burnside,8891457,19
Babcock,8891457,20
Cato,8891457,15
Beau,8891457,17
Upson,8891457,21
Agnes,8891457,6
Pegeen,8891457,14
Fan,8891457,9
Mame,8891457,6
Patrick,8891457,6
Gooch,8891457,23
Gard,25945345,22
Marta,25945345,1
Ingvild,25945345,14
Lillemor,25945345,2
Geirr,25945345,2
Art,25945345,16
Tori,25945345,6
Gerry,599963,3
Shirl,599963,6
Johnson,599963,3
Morris,599963,10
John,599963,3
Mulvaney,599963,19
Arundhati,31427945,15
Williams,31427945,1
Sethulakshmi,31427945,8
Varma,31427945,16
Blake,8594699,9
Cassidy,8594699,20
Sleerik,8594699,22
Stewal,10951762,17
Morgan,10951762,10
Alman,10951762,19
Evelyn,10951762,17
Lasky,10951762,6
Mendoza,10951762,17
Sartana,10951762,6
Khaled,28703812,16
Vasanth,2478633,6
Saami,2478633,3
Ellen,3873332,10
Colahan,3873332,21
Cohalan,3873332,15
Jeff,3873332,20
Young,3873332,9
Guiles,3189413,22
Dante,3189413,15
Hardy,3189413,18
Cameron,16299503,13
Bhanu,5888145,6
Bhanumati,5888145,3
Katamraju,5888145,9
Cassim,358688,3
Aladdin,358688,16
Jasmine,358688,3
Sultan,358688,21
Razoul,358688,2
Abu,358688,16
Punk,5024913,5
Velayudham,27590677,4
Vaidehi,27590677,9
Santhanam,27590677,16
Kaveri,27590677,10
Ibrahim,27590677,23
Velu,27590677,23
Khan,27590677,6
Ulaganathan,27590677,5
Bharathi,27590677,21
Musafir,27590677,17
Speedu,27590677,24
MacFarlane,13924582,12
Sington,13924582,21
Hughes,13924582,20
Gonin,13924582,23
Johnston,13924582,6
Hardman,13924582,9
Tonya,21275560,4
Sarah,21275560,17
Anna,21275560,17
Stacie,21275560,16
DeMarco,21275560,19
Phoebe,21275560,21
Eva,21275560,3
Haley,21275560,4
Rachel,21275560,16
Tommy,21275560,11
Stephanie,21275560,13
Lily,21275560,17
Brianna,21275560,6
Cayla,20053892,9
Jordan,20053892,24
Chapman,20053892,4
Spektor,20053892,13
Gretzky,20053892,9
Bergerac,31423765,24
Danny,2296528,15
Claire,2296528,19
Welsh,2296528,19
Wilson,2296528,24
Howl,2296528,16
Chaykin,2296528,5
Kamini,30959201,18
Jaisingh,30959201,14
Devi,30959201,8
Balwant,30959201,18
Seema,30959201,4
Ravi,30959201,15
Gupta,30959201,7
Sulakshana,30959201,13
Kher,30959201,12
Gordon,9382558,20
Carter,9382558,10
Winters,9382558,3
Hunt,9382558,19
Smith,9382558,3
Rierdon,16154245,0
E.,12103810,3
Vadinho,5269453,6
Teodoro,5269453,13
Flor,5269453,13
Blackstone,30250668,8
Laura,30250668,2
Marlowe,30250668,6
Victor,30250668,0
Angel,30250668,10
Parker,30250668,9
Kalicharan,11353416,16
Malini,11353416,2
Seema,11353416,5
Champa,11353416,3
Radha,11353416,23
Vijay,11353416,3
Alexei,24570525,13
Shantaram,25429292,0
Apte,25429292,18
Mandroid,27550497,23
Smith,27550497,4
Zimmer,27550497,1
Ayla,1462414,18
Hannah,1462414,5
Hyde,20653920,22
Beck,20560403,13
Radley,20560403,21
Sadie,20560403,19
Ren,20560403,9
Richards,20560403,7
Peppino,16263909,19
Giuseppe,16263909,4
Sampson,6646087,3
Ralph,6646087,13
Betty,6646087,3
Dwight,6646087,18
Estabrook,6646087,10
Fraley,6646087,4
Fay,6646087,3
Graves,6646087,6
Claude,6646087,4
Taggert,6646087,6
Miranda,6646087,14
Harper,6646087,3
Elaine,6646087,21
Eddie,6646087,13
Troy,6646087,4
Martin,33188670,13
Anderson,33188670,19
Andersen,33188670,2
Amy,14570681,3
Duckett,14570681,6
Childers,14570681,17
Louise,14570681,11
Ferrell,14570681,17
Charlie,14570681,3
Agnes,14570681,17
Hovis,14570681,1
Pinky,14570681,3
Cox,14570681,18
Bill,14570681,6
Reed,14570681,23
Hughes,503161,19
Plath,503161,16
Tucker,27047934,12
Burns,27047934,17
Angelica,176489,24
Graynamore,176489,1
Ellison,176489,13
God,176489,19
Patricia,176489,3
Marshall,176489,8
Waturi,176489,6
Joe,176489,6
Banks,176489,14
Waponis,176489,14
Jack,5905476,21
Kristen,5905476,12
Priscilla,5905476,2
Wayne,5905476,9
Ana,13817550,17
Muro,13817550,13
Makantasis,13817550,17
Makantatis,13817550,3
Alejandro,13817550,3
Devereaux,818002,15
Green,818002,15
Elizabeth,818002,2
Travis,818002,17
Parsons,818002,17
Nick,818002,5
Angela,818002,4
Matty,818002,11
Lehman,818002,18
Libby,818002,3
Marvin,869607,10
Mazas,2428970,0
Lamar,9877310,4
Jack,9877310,23
Morgan,9877310,18
Helen,9877310,12
Sam,8407529,6
Bugs,8407529,3
Louie,8407529,10
Pierre,8407529,16
Geeta,35584608,6
Rajan,35584608,21
Anand,35584608,0
Ram,22113189,14
Nilo,22113189,16
Romo,22113189,1
Bianchi,16686744,10
Marsh,16686744,16
Horace,16686744,8
Horatio,16686744,22
Anna,16686744,12
Gilbert,16686744,0
Guildenstern,16686744,17
Vince,16686744,12
Carlo,16686744,9
Stoppard,16686744,17
Rosencrantz,16686744,22
Marley,8638701,22
Paul,8638701,2
Cratchet,8638701,12
Elizabeth,8638701,6
Francine,8638701,23
Rita,8638701,6
Dobson,8638701,7
Scrooge,8638701,1
Elizabeth,1412382,16
Kitty,1412382,2
Carter,1412382,5
Johnny,1412382,3
Michael,1412382,16
Brooke,1412382,12
Pritchard,1412382,14
James,1412382,9
Spanish,1412382,15
O'Kelly,1412382,1
Diane,9646347,19
Felix,9646347,20
Maria,9646347,21
Tigre,9646347,7
Olimpo,9646347,9
Sun-dong,29203494,10
Stanford,15445885,9
Alec,15445885,10
Harker,15445885,2
Graham,15445885,21
Cole,15445885,9
Jane,5101743,17
Brooks,5101743,3
Marshall,5101743,13
Vialo,5101743,6
Lewis,5101743,9
Atwood,5101743,16
Smith,5101743,6
Mills,10851094,13
Rogers,10851094,22
Marcel,25595854,4
Linda,25595854,21
Gunderson,25595854,8
Nico,25595854,23
Nigel,25595854,6
Monteiro,25595854,1
Pedro,25595854,10
Fernando,25595854,6
Luiz,25595854,19
Rafael,25595854,10
Blu,25595854,4
Mace,31229320,4
Infuriated,31229320,8
Emilie,31229320,4
Warnock,31229320,0
Marion,31229320,15
Frank,31229320,4
Hydell,31229320,17
Armstrong,31229320,11
Hock,31229320,2
Shaw,31229320,3
Langral,31229320,24
Alex,31229320,3
Dave,2839068,3
Andrew,2839068,6
Miller,2839068,21
Foley,10943786,21
Bundy,10943786,22
Gorman,10943786,19
James,10943786,13
Cheryl,10943786,4
Dempsey,10943786,4
Billard,2728419,5
Odile,2728419,19
Danielle,2728419,21
Faso,35014449,0
Jacob,17954693,21
Rosegod,17954693,1
Vibeke,17954693,5
Sophie,17954693,10
Susanne,1044981,4
Anders,1044981,7
Karen,1044981,23
Stoffer,1044981,8
Sugiyama,1059630,22
Masako,1059630,21
Kaneko,1059630,6
Shoji,1059630,21
Wiliiams,32438698,22
Fisher,32438698,18
Lucas,32438698,15
Snootles,32438698,17
Moe,8380456,3
Linda,5511248,12
Livingston,5511248,12
Hector,5511248,3
Katherine,5511248,5
Lou,5511248,13
Zeroni,5511248,12
Morengo,5511248,17
Kate,5511248,20
Pendanski,5511248,19
Stanley,5511248,3
Sir,5511248,6
Sam,5511248,16
Barlow,5511248,4
Trout,5511248,11
Yelnats,5511248,23
Daisy,2810158,10
Beady,2810158,12
Otis,2810158,6
Maddy,2810158,10
Ben,2810158,3
Miles,2810158,17
James,2810158,4
Bessy,2810158,10
Thorne,3745444,21
Nick,24811418,20
Thigo,24811418,6
Sandra,2315614,9
Heller,2315614,12
Kelly,1852926,21
Miho,3137571,20
Tsugomo,3137571,17
Tsugumo,3137571,13
Saito,3137571,6
Omodaka,3137571,24
Chijiwa,3137571,8
Kingo,3137571,22
Chijiiwa,3137571,23
Yazaki,3137571,2
Kawabe,3137571,15
Paula,3770679,6
Craig,3770679,19
Stephen,3770679,17
Jeff,3770679,12
Mike,3770679,6
Lambert,3770679,21
Ammaal,18849345,4
Karuppiah,18849345,6
Poonkothai,18849345,11
Kareem,18849345,21
Arumugam,18849345,17
Mudaliar,18849345,19
Kumaraveeran,18849345,15
Ammal,18849345,18
Veerarajan,18849345,4
Kaathavarayan,18849345,7
Prynne,26070363,4
Fikret,2720682,24
Varupa,2720682,9
Hamid,2720682,2
Magnus,30951480,15
Deveraux,30951480,16
Scott,30951480,15
John,30951480,3
Natthu,35515238,12
Lachhi,35515238,13
Labbhu,35515238,24
Shah,35515238,17
Guy,145445,3
Emery,145445,16
Genevi,145445,23
Jenny,145445,10
Madeleine,145445,21
Cassard,145445,8
Elise,145445,19
Venkatappa,34344764,18
Krishna,34344764,3
Nagineedu,34344764,9
Satya,34344764,21
Essenbeck,684018,12
Elizabeth,684018,2
Bruckmann,684018,21
Hitler,684018,12
Dietrich,684018,19
Martin,684018,11
Aschenbach,684018,14
Sophie,684018,1
Thalmann,684018,4
Friedrich,684018,14
Konstantin,684018,1
Vanessa,3069423,19
McGrath,3069423,14
Dantley,3069423,6
Lowry,3069423,9
Burke,4393011,22
Patrick,4393011,3
Victoria,4393011,24
Juno,4393011,16
Denby,4393011,17
Bracken,4393011,9
Annie,4393011,17
Pradeep,17030868,6
Lee,33042027,4
Keye,33042027,8
Shinkuro,512235,16
Kibagami,512235,16
Shijima,512235,13
Tessai,512235,21
Kagero,512235,17
Dakuan,512235,17
Gemma,512235,4
Koga,512235,1
Kimon,512235,4
Himuro,512235,19
Hyobu,512235,4
Jubei,512235,1
Beretti,8868907,17
Louis,8868907,17
Blake,18964723,24
Stella,18964723,3
Maris,18964723,7
Louise,18964723,3
Risca,18964723,5
John,18964723,6
Gladys,18964723,12
Ozox,33675964,13
Maximus,33675964,17
Dreamzone,33675964,14
Badmess,33675964,15
Lauwereyssen,6095024,13
Kamp,6095024,7
Laarmans,6095024,3
Frans,6095024,20
Boormans,6095024,6
Lena,26051540,21
Dawn,8863185,18
Jones,8863185,12
Ruth,8863185,7
Zeller,36534509,18
TJ,781629,1
Fuller,781629,0
Street,781629,17
Gamble,781629,20
Boxer,781629,22
Harrelson,781629,17
nchez,781629,14
Sanchez,781629,7
Montel,781629,4
Hitler,26978561,12
Mitya,26978561,17
Nadia,26978561,21
Maroussia,26978561,3
Kotov,26978561,8
Stalin,26978561,13
Martin,13678738,11
Evers,13678738,17
Slade,13678738,18
Sebastian,14969461,16
Scorzayzee,25418096,10
Nigel,25418096,17
Hawking,25418096,23
Olivia,25418096,24
Barlow,25418096,16
Donk,25418096,6
Meadows,25418096,10
Vince,14771682,11
Tropp,26164090,10
Lowe,26164090,17
Trilling,8191093,0
Emily,8191093,6
George,8191093,0
Ivory,8191093,7
Agnes,8191093,2
Edward,8191093,3
Obama,29206417,16
Johnson,29206417,17
Bush,29206417,17
Martin,23551760,18
Tegan,23551760,12
Stoney,1596589,16
Matt,1596589,2
Robyn,1596589,21
Morgan,1596589,6
Dave,1596589,21
Brown,1596589,8
Lapus,13735294,11
Gabito,13735294,18
Mariano,13735294,5
Gabrhin,13735294,4
Kazemi,13735294,8
Braulio,13735294,22
Reyes,13735294,7
Dolly,13735294,21
Maria,13735294,16
Sandoval,13735294,13
Young,13735294,14
Dulalia,13735294,13
Antonius,13735294,10
Limson,13735294,6
Eugene,13735294,4
Haten,13735294,15
Vasquez,13735294,22
Celis,13735294,14
Cruz,13735294,9
Dalton,13735294,12
Bato,13735294,18
Boy,13735294,21
Villaseuor,13735294,15
Hitler,13735294,24
Kapt,13735294,1
Blasco,13735294,13
Narissam,13735294,5
Lindayag,13735294,22
Ligaya,13735294,11
Hunt,13735294,20
Everley,13735294,8
Koda,4118248,6
Nita,4118248,6
Thomas,4118248,10
Bennett,4118248,3
Shane,28062973,21
Dylan,28062973,3
Kylie,28062973,3
Murphy,5698271,24
Paul,5698271,6
Ralph,3096943,6
Roger,3096943,3
Lytton,3096943,3
Thompson,3096943,5
Strachey,3096943,3
Brenan,3096943,6
Pryce,3096943,17
Gertler,3096943,2
Partdrige,3096943,10
Marshall,3096943,4
Carrington,3096943,21
Bell,3096943,22
Chico,1871602,1
Frannie,1871602,19
Patty,13610020,8
Cooper,13610020,3
Scoggins,13610020,9
Bobby,13610020,3
Rita,13610020,6
Love,13610020,2
Potter,13610020,22
Pinfield,13610020,6
Rosalina,13610020,6
Alex,13610020,3
Deepa,12562361,10
Chameli,12562361,23
Sunil,12562361,17
Saikia,12562361,9
Durga,12562361,21
Sanjay,12562361,21
Warner,27277176,15
Dar,27277176,15
Shada,27277176,10
Morgana,27277176,10
Flower,683122,10
Faline,683122,24
Ronno,683122,1
Bambi,683122,6
Mittelheim,22448229,1
Desir,22448229,22
Anne,22448229,16
Egerman,22448229,13
Harry,26362054,5
Roy,26362054,5
Gary,26362054,1
Morse,73475,9
Tucker,73475,15
Guy,3288825,12
Blackman,3288825,5
Jerri,3288825,14
Blank,3288825,16
Sucarnaputri,3288825,21
Littlenut,3288825,20
Beekman,3288825,10
Flatpoint,3288825,16
Noblet,3288825,21
Christini,2293029,11
Dobermann,2293029,22
Giallelis,68119,9
Kazan,68119,2
Topouzoglou,68119,0
Mann,68119,15
Stavros,68119,21
Raimunda,4927911,3
Emilio,4927911,9
Paco,4927911,23
Irene,4927911,21
Paula,4927911,21
Agustina,4927911,6
Soledad,4927911,23
Justine,24889160,4
Marquis,24889160,9
Pompero,24889160,24
Colin,24889160,3
Titane,24889160,24
Sade,24889160,24
Preaubois,24889160,24
Henry,61074,21
Parr,61074,5
Seymour,61074,8
Howard,61074,8
VIII,61074,9
Anne,61074,4
Culpeper,61074,18
Boleyn,61074,22
Binta,9724748,8
William,18798887,6
Charlotte,18798887,3
Andrea,18798887,6
Pam,18798887,23
Nick,18798887,21
Bennett,18798887,20
Evans,18798887,2
Jillian,18798887,8
Abby,18798887,13
Dexter,18798887,9
Cartwright,18798887,9
Ben,18798887,3
Blanchett,18798887,15
Alice,18798887,13
Chris,18798887,6
Steve,3476119,19
Bill,3476119,6
Howard,33041511,6
Boriska,1411169,13
Yefim,1411169,13
Durochka,1411169,23
Michael,1411169,4
Andrei,1411169,3
Jesus,1411169,12
Kirill,1411169,6
Vladimir,1411169,12
Danil,1411169,21
Rublev,1411169,6
Grant,32635381,10
Collins,32635381,6
Thomas,32635381,20
Nancy,32635381,21
John,32635381,3
Jocko,32635381,6
Pussky,23452645,13
Subrahmanyam,6099029,8
Jaanu,6099029,14
subrahmanyam,6099029,14
Dekker,2613497,20
Porter,2613497,17
Allcom,2613497,10
Jennings,2613497,4
Rethrick,2613497,21
Donald,29812050,17
Huey,29812050,4
Louie,29812050,4
Dewey,29812050,4
Madhavan,27160128,21
Sachin,27160128,6
Sushma,27160128,3
Sood,27160128,23
Armina,14788012,1
Sinatra,14788012,24
Aladdin,14788012,3
Kohir,14788012,4
Hadji,14788012,18
Kofir,14788012,17
Novira,14788012,6
Sultan,14788012,14
Abdullah,14788012,20
Abu-Hassan,14788012,5
Gator,17456689,19
Woody,17456689,2
Kara,28880159,24
Tes,28880159,17
Ronny,28880159,4
Billy,28880159,17
Mel,28880159,17
Buckley,3600824,7
Lee,3600824,15
Jake,3600824,13
Roark,3600824,12
Nunley,3600824,15
Willard,3600824,12
Diehl,3600824,11
Cooper,3600824,20
Tonya,3600824,17
Ellen,3600824,18
Noose,3600824,1
Wilbanks,3600824,9
Mouse,3600824,14
Cobb,3600824,22
Vonner,3600824,12
Hailey,3600824,13
Brigance,3600824,6
Azman,18657094,23
Maria,18657094,12
Awie,18657094,3
Wati,18657094,22
Maykov,32516277,4
Romantseva,32516277,0
Elizarov,32516277,21
Kuptsov,32516277,3
Max,32516277,18
Dmitry,32516277,3
Perepelkin,32516277,2
Svetlova,32516277,4
Nastya,32516277,23
George,32798214,24
Lee,32798214,21
Slogger,32798214,10
Lait,2685969,6
Caesar,2685969,5
Parks,2685969,12
Daniels,2685969,24
Bruce,2685969,18
Fortrero,2685969,13
Jr.,2685969,7
Keyes,2685969,17
Brown,2685969,19
Feather,2685969,7
Williamson,2685969,8
Robinson,2685969,20
Ding,6063167,19
Qiang,6063167,9
Shangang,6063167,6
Liam,13987477,8
Pique,33775289,23
Vallois,33775289,16
Bellstratten,5812638,8
Dorfler,5812638,11
Moscone,5812638,6
Lorna,5812638,17
Walsh,5812638,0
Vega,5812638,5
Page,3153023,5
Haru,3153023,3
Tanley,3153023,17
Jones,3153023,24
Washington,3153023,9
Sally,3153023,17
Walters,3153023,0
Alison,3153023,6
Joey,3153023,3
Gobei,3153023,3
McNeil,11517368,2
Channing,11517368,4
Wayne,11517368,21
Dileep,26205694,5
Pappachi,26205694,8
Madhavan,26205694,6
Pillai,26205694,5
Pappan,26205694,13
Rukmini,26205694,13
Heather,7844547,6
Vince,7844547,16
Cindy,7844547,3
Blo,7844547,23
Clea,7844547,6
Brigitte,33267370,21
Franke,33267370,18
Marseille,33267370,0
Donne,15861151,11
Doel,15861151,20
Hanff,15861151,13
Woody,4158045,6
Molly,4158045,4
Eileen,4158045,3
Jerry,4158045,3
Becky,4158045,3
Slausen,4158045,6
Tina,4158045,17
Ella,1051653,7
Rollerball,1051653,13
Beck,1051653,11
Jonathan,1051653,21
Bartholomew,1051653,20
Daphne,1051653,8
E,1051653,17
Wayne,32862378,16
Wong,25737146,19
Audrey,25737146,24
Lok,25737146,22
Andy,25737146,3
Kashiwagi,3833665,6
Goro,3833665,4
Kawamura,3833665,3
Kitamatsu,3833665,16
Aso,3833665,8
Yoshi,3833665,9
Kiyo,3833665,3
Rodan,3833665,3
Linda,1525944,23
Tigger,3699869,3
Gopher,3699869,13
Robin,3699869,21
Roo,3699869,13
Kanga,3699869,5
Kessie,3699869,3
Jane,17858693,1
Kala,17858693,16
Tarzan,17858693,1
Greystoke,17858693,15
Clayton,17858693,11
D'Arnot,17858693,15
Porter,17858693,8
Malini,13261540,10
Mathur,13261540,10
Hollis,13299171,21
Josie,13299171,13
Woods,13299171,15
Cahill,13299171,18
Fawn,28195052,13
Peri,28195052,19
Silvermist,28195052,9
Milori,28195052,3
Vidia,28195052,19
Periwinkle,28195052,3
Woods,28195052,7
Dewey,28195052,3
Gliss,28195052,6
Lennon,28195052,21
Lord,28195052,19
Dobbs,19011948,4
Dolan,19011948,9
Wynkowski,19011948,12
McGraw,19011948,12
Doris,19011948,18
King,19011948,12
Mickey,28951480,14
Alex,28951480,21
Knut,33051426,15
Eerik,33051426,10
Toklas,5215498,2
Stone,5215498,15
Hart,5215498,12
O'Connor,5215498,22
Ville,5215498,24
Carter,1635428,7
Maggie,3879782,23
Nick,3879782,12
Jimmy,3879782,11
Bryce,3879782,3
Laudi,13938940,2
Fitzgerald,13938940,20
Pelham,13938940,13
Masterson,13938940,8
Grizel,13938940,3
Miles,13938940,19
Lark,13938940,13
Roland,13938940,6
Selina,13938940,21
LaMotte,549902,15
Bailey,549902,2
Ash,549902,15
Michell,549902,8
Jane,7767292,22
Mun-hee,7767292,20
Jung,7767292,22
Kruno,28424860,12
Paice,175668,15
Gerald,175668,9
Fletcher,175668,4
Carter,175668,3
Albert,175668,11
Eric,175668,3
Swift,175668,6
Anna,175668,9
Glenda,175668,2
Frank,175668,15
Brumby,175668,6
Jack,175668,17
Doreen,175668,5
Margaret,175668,4
Kinnear,175668,3
Markham,19036635,6
Gillian,19036635,2
Betterton,19036635,24
Vining,19036635,20
Hanlon,19036635,6
Mickey,29586434,19
Lane,4983711,18
Jo,4983711,21
Clitterhouse,4983711,6
Keller,4983711,14
Samson,2401490,6
Hercules,2401490,13
Delilah,2401490,2
Spots,5115267,17
Gillis,31718365,2
Herrington,31718365,23
Cathleen,31718365,2
John,31718365,16
Gladys,31718365,1
Guy,21881879,21
beg,21881879,20
McFie,21881879,12
Welk,21881879,18
Montford,21881879,13
Parker,21881879,5
Bert,21881879,6
Fran,21881879,13
Sol,21881879,12
Larry,21881879,21
Mosley,21881879,0
Kelsey,21881879,17
Margaret,21881879,21
Skrzetuski,1832887,24
Helena,1832887,6
Albert,3185575,20
Harris,3185575,24
Nettie,3185575,11
Johnson,3185575,6
Grady,3185575,16
Olivia,3185575,21
Avery,3185575,3
Harpo,3185575,15
Adam,3185575,21
Celie,3185575,6
Timandahaf,4724834,16
Vikea,4724834,22
Doublehelix,4724834,13
Cryptograf,4724834,17
Getafix,4724834,6
Asterix,4724834,6
Justforkix,4724834,16
Vitalstatistix,4724834,18
Olaf,4724834,15
Abba,4724834,13
Obelix,4724834,3
Nita,20012069,10
Biresh,20012069,3
Hiren,20012069,12
Olenska,5836236,19
Narasimha,6635718,8
Bhiksham,6635718,14
Salome,5003046,13
Herod,5003046,6
Baptist,5003046,11
John,5003046,3
Heather,25741529,10
Kelli,25741529,10
Bradley,25741529,3
Bridget,25741529,6
Emily,25741529,12
Riggs,25741529,10
Ravi,25741529,17
Andy,25741529,18
Parker,25741529,23
Jack,25741529,23
Miles,25741529,10
Tommy,25741529,23
Kurtis,25741529,6
Bernard,25741529,4
Monica,3132815,16
Marni,3132815,20
Greg,3132815,3
Sebastian,3132815,14
Derek,3132815,19
Tina,3132815,6
Henry,27725910,6
Alfonso,27725910,12
Enrique,27725910,1
Margaret,27725910,13
Putnam,936196,0
Jimmy,936196,3
Haley,936196,6
Barton,936196,16
Corey,936196,3
Gopi,26513602,16
Gowri,26513602,8
Ramaraju,26513602,22
Gopinath,26513602,21
Radha,26513602,21
Rajendra,26513602,15
Clovis,4286886,18
Brady,4286886,12
Simpson,4286886,4
Charles,4286886,4
Tanya,4286886,3
Mary,4286886,17
Robertson,4286886,19
Brigitte,9429327,12
Garbo,9429327,8
Wolfgang,9429327,3
Erwin,9429327,3
Annie,9429327,23
Bauer,5949759,9
Velez,5949759,24
Camarena,5949759,11
Ferrer,5949759,11
Drameh,23983874,16
Linguere,23983874,5
Ramatou,23983874,8
Choon-woo,5220533,15
Bong-Choon,5220533,12
Bok-bun,5220533,8
Amin,5474642,16
Bloch,5474642,1
Tilak,22911386,8
Prasad,22911386,14
Jayalakshmi,22911386,12
Kavitha,22911386,6
Tillie,3567688,9
Seltzer,3567688,12
Robbie,3567688,15
Gert,3567688,23
Pete,3567688,3
Bert,3567688,24
Schlaine,3567688,6
Jimmy,3567688,10
Siham,8874926,2
Waheed,8874926,14
Woodward,1452377,0
Dupree,1452377,6
Frigid,1452377,0
Cry-Baby,1452377,21
Vernon-Williams,1452377,5
Allison,1452377,21
Baldwin,1452377,1
Malnorowski,1452377,5
Walker,1452377,1
Wade,1452377,11
Tim,29215735,5
Stuart,29215735,19
Nick,29215735,22
Dan,29215735,14
Corinne,29215735,19
Chakraborty,33406468,5
Babbar,33406468,0
Lizewski,21282769,10
Williams,21282769,5
Hit-Girl,21282769,17
Rasul,21282769,10
Mindy,21282769,20
Macready,21282769,12
Kick-Ass,21282769,17
Nicholson,21282769,23
Dave,21282769,14
Deauxma,21282769,6
D'Amico,21282769,16
Chris,21282769,17
Ana,24228775,21
Uxbal,24228775,6
Tito,24228775,15
Mateo,24228775,7
Bea,24228775,24
Ekweme,24228775,12
Marambra,24228775,18
Nele,33447540,9
Jens,33447540,0
Carolin,33447540,16
Alex,33447540,16
Charles,11223,21
Banks,11223,14
Auden,11223,0
Henrietta,11223,17
Gareth,11223,21
Matthew,11223,21
Scarlett,11223,21
Hannah,11223,11
David,11223,13
Tom,11223,23
Fiona,11223,14
Callow,11223,19
Carrie,11223,3
Hamish,11223,2
Atkinson,11223,11
J,29329648,6
Mascara,29329648,23
Lovebell,29329648,13
Julius,29329648,3
Pretty-Eyed,29329648,17
Ho,29329648,18
Willy,29329648,17
Chaka,29329648,3
Peart,6697503,17
Frylock,6697503,6
Linda,6697503,10
Walter,6697503,23
Bittle,6697503,17
Weird,6697503,13
Carl,6697503,2
Melon,6697503,17
Lincoln,6697503,17
Meatwad,6697503,3
Althea,2735755,3
Gerber,2735755,6
Kadar,21566139,1
Juliet,31978798,16
Laura,31978798,3
Trask,31978798,1
Anders,31978798,9
Patrick,31978798,4
Rodney,31978798,6
Marsden,31978798,23
Lorimer,31978798,14
Raymond,31978798,10
Christopher,4269125,11
Alec,4269125,4
Sarah,4269125,3
Dave,4269125,21
Holmes,25793288,17
Simza,25793288,3
Rene,25793288,10
Hoffmanstahl,25793288,10
Morstan,25793288,13
Mycroft,25793288,17
Moran,25793288,10
Moriarty,25793288,17
Adler,25793288,1
Meinhard,25793288,18
Mary,25793288,21
Watson,25793288,17
Stuart,9811946,10
Gill,5930384,7
Rae,5930384,3
Ronnie,5930384,21
Tehronne,5930384,4
Angela,5930384,22
R.L.,5930384,16
Lazarus,5930384,6
Colfer,24896183,5
Lestingois,2639712,11
Boudu,2639712,1
Shamu,33899408,21
Jaanwar,33899408,4
Babu,33899408,16
Hotel,33899408,0
kasam,33899408,9
Kavita,33899408,6
hoon,33899408,8
tere,33899408,6
Sharda,33899408,6
Sethji,33899408,13
Yun,33899408,5
Ashok,33899408,6
Fernandes,33899408,3
Jijaji,33899408,3
Sheila,33899408,21
Chandu,33899408,13
Decruz,33899408,3
Karamchand,33899408,8
Tim,29086431,4
Richard,29086431,3
Boyde,29086431,13
Ron,29086431,6
Jonathan,29086431,3
Madero,4246153,19
Armstrong,4246153,18
Palooka,4246153,21
Cagney,4246153,5
Miller,871658,19
Leeman,871658,12
Clemmens,871658,19
Vilmes,871658,12
Rebecca,871658,3
Gladys,871658,6
Atkins,871658,9
Jenelle,871658,3
Rose,871658,4
Tammy,871658,17
Curry,871658,0
Hank,871658,2
Betz,871658,10
Leslie,871658,1
Sarah,871658,18
Annette,871658,22
Sawyer,871658,16
Rothman,11247078,21
Fulci,21375200,15
McCray,25248296,10
Fisher,25248296,1
Desantis,34660676,21
Albert,34660676,5
Riley,34660676,22
Jill,30665001,6
Kesselman,30665001,21
Jordan,30665001,14
Moran,30665001,18
Evans,30665001,13
Kilpatrick,30665001,3
Slip,30665001,2
Eddie,30665001,17
Higgins,30665001,3
Annie,30665001,22
Miller,11984768,9
Spiro,11984768,22
Gras,11984768,23
Emma,29004017,21
Aron,29004017,12
Marcus,29004017,14
Drummy,11670299,24
Hall,11670299,5
Markham,11670299,15
Eloise,11670299,1
Osbert,11670299,6
Crandall,11670299,24
Sorenson,11670299,6
Lynn,11670299,21
Rawlinson,11670299,11
D'Souza,25972529,11
Ghosal,25972529,5
Chor,25972529,14
Babushah,25972529,18
Ghoshal,25972529,20
Paul,15281528,15
Woodward,15281528,20
Briany,15281528,21
Tony,15281528,21
Vera,15281528,2
Godfrey,15281528,15
Mary,15281528,3
Barton,15281528,14
Barbara,22147898,11
McCluskey,22147898,21
Newman,22147898,2
Evan,22147898,3
Bonner,22147898,4
Deidre,22147898,3
Ikoy,11849222,20
Magnifico,11849222,10
Devi,10699428,16
Sardar,10699428,9
Sharma,10699428,10
Munna,10699428,19
Gupta,10699428,16
Gopichand,10699428,24
Francis,10699428,8
Maanav,10699428,3
Moll,13956956,17
Giovanni,13956956,3
Carl,13956956,4
Heidegger,13956956,18
Sebastian,13956956,16
Sylvia,13956956,5
Pyncheon,13956956,17
Hannah,13956956,6
Cabot,13956956,16
Rappaccini,13956956,23
Alice,13956956,3
Alex,13956956,3
Bucky,8833565,3
Kay,8833565,3
Gerda,8833565,3
Angel,8833565,13
Andersen,8833565,0
Corax,8833565,6
Boy,8833565,10
Henrietta,8833565,10
Cocci,1116298,9
Fletcher,2920790,14
Dakin,2920790,14
Matthews,2920790,18
Jude,4329444,24
Otis,4329444,11
Mamie,4329444,6
Gil,4329444,7
Frank,4329444,24
Arnold,4329444,17
Tyler,1164551,3
Fitzgerald,1164551,3
Jeremy,1164551,3
Barbara,1164551,6
Brigitte,1164551,23
Monkshood,1164551,4
Johnson,1164551,15
Alice,1164551,3
Denton,9647695,17
Palmer,9647695,18
Dzoni,22799564,3
Dolan,2294770,23
Skouras,2294770,23
Scotty,2294770,19
Bruno,2294770,10
Pulver,2294770,24
Morton,2294770,13
Doc,2294770,18
Amanda,876872,4
Pubert,876872,20
Jelinsky,876872,9
Pugsley,876872,17
Buckman,876872,9
Addams,876872,22
Becky,876872,4
Glicker,876872,3
Gary,876872,4
Gomez,876872,14
Granger,876872,2
Debbie,876872,6
Geoff,939670,18
Norwood,939670,13
Liz,939670,3
Horwood,939670,22
Martyn,939670,3
Frankie,939670,3
Mike,939670,3
Jin,1970853,17
Fay,1970853,6
Keung,1970853,5
Jeff,1970853,10
Tai,1970853,17
Yip,3034844,6
Wong,3034844,0
Hsien-Wu,3034844,8
Wen,3034844,1
Tung,3034844,0
Miguel,32329400,14
Diego,32329400,11
David,32329400,9
Henry,2687974,10
Marlon,2687974,14
Fei-Hung,2687974,21
Fei,2687974,10
Lam,2687974,22
Wong,2687974,13
Hing,2687974,16
Tsang,2687974,14
Ling,2687974,21
Wen-Chi,2687974,1
Tang,2687974,16
Hung,2687974,17
Chan,2687974,7
John,2687974,17
Ying,2687974,3
Chi,2687974,1
Fu,2687974,6
Johansen,17388211,7
Anders,34986758,22
Helene,34986758,9
Svensson,34986758,12
Murugan,35040850,14
Chihiro,24664347,22
Michio,24664347,24
McDonald,26114073,17
Haribo,26114073,23
Stephenson,26114073,17
Terry,884742,3
McKay,884742,19
Ferrante,884742,9
Nickie,884742,3
Stuyvesant,5159792,11
Gates,5159792,1
Leppenraub,5159792,9
Lulu,5159792,13
Ledbetter,5159792,0
Romulus,5159792,6
Nils,25397747,6
Bea,25397747,23
Susan,25397747,13
Johnson,25397747,12
Sally,25397747,6
Gladys,25397747,6
Goodson,25397747,15
Philip,25397747,8
David,25397747,6
Jennings,28278653,22
Heydrich,28278653,10
Starr,12017390,19
Stuart,12017390,5
Hardin,12017390,12
Clay,12017390,6
Legare,12017390,17
Sacha,12017390,18
Charlie,12017390,17
Jeanne,12017390,21
Bell,12017390,5
Mason,1858358,17
Gallagher,1858358,15
Harumi,24417113,22
Ichij,24417113,1
Mayil,4709385,14
Chappani,4709385,23
Svenden,6661678,14
Juan,28757535,16
Sally,28757535,2
Geoff,28757535,14
Rina,28757535,9
Herbert,6735519,14
Gilligan,6735519,3
II,6735519,23
Ford,6735519,19
Ainsworth,6735519,5
Nixon,6735519,7
Dean,6735519,23
Glligan,6735519,3
Minnow,6735519,0
Ann,6735519,6
Cindy,6735519,21
Howells,6735519,23
Silvestre,1526741,10
Whitley,18418582,17
Taylor,18418582,0
Hodges,18418582,18
Xavier,20944359,12
Jaime,20944359,17
Gregorio,20944359,21
Aldrich,16198836,4
Wilson,16198836,15
Griffiths,16198836,4
Scott,16198836,7
Yamadori,24658454,13
Goro,24658454,6
Pinkerton,24658454,3
Suzuki,24658454,6
San,24658454,3
Barton,24658454,6
Henry,12746952,0
Janet,12746952,14
Taylor,12746952,2
Madvig,12746952,6
Sloss,12746952,8
Varna,12746952,6
Opal,12746952,23
Jeff,12746952,17
Beaumont,12746952,3
Farr,12746952,9
Nicole,10915095,13
Ben,10915095,5
Walewska,2361036,2
Josephine,2361036,2
Napoleon,2361036,6
Louise,2361036,5
Malachowski,2361036,0
Bonaparte,2361036,6
Henderson,10202660,12
Ryan,10202660,11
Lowe,10202660,18
Brant,10202660,11
Flint,31294054,2
Brazil,31294054,24
Agatha,13728669,23
Taran,13728669,0
Biswas,13728669,5
Hunsdorfer,24633376,0
Matilda,24633376,16
Ruth,24633376,24
Andronescu,27070483,6
Neagu,27070483,8
Espandi,1400465,15
Cooper,5823121,12
Ed,5823121,13
Javi,8635248,14
Rahul,29640756,3
Hungama,29640756,8
Karan,29640756,3
Geethika,29640756,6
Varma,29640756,1
Preeti,29640756,2
McHill,32884037,24
Joan,32657739,24
Blake,32657739,12
Thorton,32657739,12
Thornton,32657739,24
Burbridge,32657739,12
Claire,32657739,23
Woody,20520639,3
Dooley,20520639,6
Vera,4954616,3
Victor,4954616,24
Sergei,4954616,3
Andrey,4954616,6
Kolya,4954616,3
Gennosuke,3654603,21
Daizaburo,3654603,3
Taka,3654603,17
Gundayu,3654603,10
Jurota,3654603,24
Misa,3654603,17
Lemmya,31867069,17
Arti,31867069,3
Jeremy,31867069,23
Zack,31867069,22
Sonny,31867069,5
John,31867069,6
Cecily,31867069,3
Varma,24872954,5
Jerry,24872954,13
Annapurna,24397761,6
Devi,24397761,13
Hamvira,24397761,24
Raya,24397761,10
Krishnadevaraya,24397761,2
Prataparudra,24397761,17
Gajapathi,24397761,17
Vic,33144614,20
Philippe,33144614,19
Penelope,33144614,9
Poupette,33144614,20
Mxyzptlk,1059701,20
Superman,1059701,3
Kent,1059701,17
Vera,1059701,17
Salkind,1059701,11
Lang,1059701,12
Lane,1059701,13
White,1059701,10
Gorman,1059701,17
Mr.,1059701,16
Gus,1059701,16
Ricky,1059701,17
Webster,1059701,17
Smallville,1059701,24
Mister,1059701,1
Clark,1059701,16
Lana,1059701,3
Ambrosia,1059701,5
Moore,1059701,12
Ragab,9232940,16
Hamidah,9232940,14
Mamdouh,9232940,12
Goldberg,10113483,6
Nichols,10113483,0
Lulu,10113483,6
McCann,10113483,6
Stanley,10113483,14
Shaw,10113483,9
Petey,10113483,6
Meg,10113483,6
Lawton,23731502,9
Wright,23731502,8
Patricia,23731502,3
Marshall,23731502,7
Scarpa,23731502,3
Horton,23731502,7
Medi-Date,23731502,14
Maurice,23731502,6
Gabrielli,23731502,21
Mike,23731502,3
Caroline,23731502,6
Melvyn,23731502,3
Orton,23731502,7
Wiggins,28063569,15
Audrey,28063569,21
Ted,28063569,6
O'Hare,28063569,4
Aloysius,28063569,0
Moore,24611218,11
Marshall,24611218,20
Ward,24611218,19
George,24611218,16
Sutcliffe,24611218,2
Corrinne,24611218,21
Agutter,24611218,8
Wynne,24611218,3
Morris,24611218,0
Chandru,31664578,14
Sudhir,31664578,12
Siddesh,31664578,21
Citron,2711278,23
Collins,2711278,0
Thylo,2711278,4
Annesley,2711278,3
Jerboa,2711278,6
Sharp,2711278,21
Olga,2711278,4
Donny,2711278,21
Kaas,2711278,1
Stella,12781074,21
Jenny,12781074,21
Munn,12781074,18
Dallas,12781074,2
Mahesh,24020423,3
Lenin,24020423,14
Nadheera,24020423,3
Shamsudeen,24020423,3
Markov,7902455,11
Udre,7902455,17
Nika,7902455,13
Whittier,7902455,17
Belicoff,7902455,17
Diana,7902455,17
Ovie,7902455,10
Smith,7902455,17
Rani,27877174,24
Dhari,27877174,9
Bhai,27877174,18
Banga,27877174,23
Sheth,27877174,11
Mehta,27877174,19
Danny,2130880,17
Strangler,2130880,23
Putnam,2130880,15
Nick,2130880,17
Jimmy,2130880,16
Emily,2130880,17
Puglisi,2130880,24
Morris,2130880,9
Hardy,2130880,17
Tom,2130880,3
Harper,2130880,15
Eiler,2130880,17
Chicanis,2130880,1
Detillo,2130880,16
Sarah,2130880,13
Nirmal,19423428,6
Brojen,19423428,3
Anita,19423428,3
Shyamol,19423428,6
Bimal,19423428,6
Sunita,19423428,6
Ayse,26613802,5
Ahmet,26613802,5
Nazis,6298640,16
Roma,8614136,6
Mukherjee,8614136,20
Banerjee,8614136,2
Alok,8614136,21
Lata,8614136,21
Hary,32943041,14
Kelly,32943041,24
Sheritt,32943041,22
Ned,32943041,17
Fitzpatrick,32943041,17
Kunjumon,25418242,10
Alby,25418242,3
Brubeck,23181686,10
Camargo,2060664,0
Incza,2060664,6
Jarnac,2060664,6
Diego,2060664,19
Gerard,2060664,17
Rougon,2060664,10
Santana,2060664,24
Dubois,2060664,0
Graham,22507815,22
Ellen,22507815,21
Lorraine,22507815,21
Farris,22507815,21
Loraine,22507815,22
Mehra,33415486,9
Kapadia,33415486,23
Chakraborty,33415486,5
Baad,33415486,11
Paul,19610978,15
Longstocking,22637361,18
Khatri,34341976,3
Kale,34341976,6
Ayesha,34341976,14
Pandey,34341976,6
Gofle,34341976,3
Ben,657797,23
Karla,657797,3
Ray,657797,3
Olga,657797,0
James,657797,19
Brookes,657797,20
Benson,657797,24
Tyrell,657797,3
Hawkes,657797,11
Dave,657797,17
Brown,657797,11
Estes,657797,17
Julie,657797,3
Willis,657797,21
Nancy,657797,23
de,28042211,14
Carlos,28042211,17
Ellis,28042211,17
Conseula,28042211,24
Delacroix,28042211,10
Moroni,28042211,3
Anne-Marie,28042211,10
Consuela,28042211,23
Bath,28042211,16
Anna-Maria,28042211,6
Leandro,28042211,12
Henry,142224,24
Monica,142224,6
Mecha,142224,23
Martin,142224,4
Teddy,142224,3
Joe,142224,4
Swinton,142224,9
Spielberg,142224,9
David,142224,3
Sisodiya,3920769,9
Rao,3920769,2
Anamika,3920769,1
Sisidoya,3920769,7
Hampton,26985873,13
Paula,26985873,14
Lola,26985873,21
Montrose,26985873,24
Irwin,26985873,6
Chester,26985873,22
David,26985873,22
Kelvaney,8313888,6
Eddie,8313888,16
E.,23617806,3
E,23617806,4
Coyote,23617806,16
Taggy,12590208,0
Shaduzup,12590208,16
Bannister,12590208,3
Chandler,12590208,10
Merrill,12590208,6
Frank,12590208,20
Eleanor,12590208,17
Kolowicz,12590208,3
Stilwell,12590208,17
Stockton,12590208,10
Lucho,12752377,24
Cepeda,12752377,17
Bonilla,12752377,3
Tyrell,30244564,0
Angel,30244564,3
Rich,30244564,6
Henry,2177800,19
Lucy,2177800,17
Simpson,2177800,19
Poe,2177800,21
Gandil,2177800,6
Chaney,2177800,21
Daffy,20385413,3
Gregor,637256,7
Helen,637256,16
Hu,3258591,12
Art,3258591,3
Wayman,3258591,9
Lee,3258591,13
Chew,3258591,24
Shi,3258591,1
Helen,3258591,6
Wolf,18807836,3
Grandma,18807836,23
Ames,5447784,20
Harding,5447784,5
Edwards,5447784,3
Harris,5447784,9
Michael,5447784,3
Kelly,5447784,3
Susan,5447784,3
Grady,5447784,19
Jay,5447784,17
Sean,5447784,8
David,5447784,3
Jackie,5447784,4
McAdam,164411,6
Peron,164411,6
Carter,164411,6
Quinn,164411,4
Rosen,164411,6
Gallagher,164411,3
Wells,164411,20
Waddell,164411,17
Diaz,164411,9
Rosa,36745727,6
Jafar,8708215,23
Khan,8708215,24
Karaca,25527959,9
Devran,25527959,10
Osman,25527959,14
Murat,25527959,23
Ken,4657647,5
Chandru,16166591,5
Rekha,16166591,6
Gianna,30797258,19
Howard,30797258,11
Curran,30797258,24
Hordern,30797258,14
Purdom,30797258,15
Bain,30797258,11
Ralph,4317070,20
Pete,4317070,12
Lee,4317070,10
Luanne,4317070,3
Thompson,172534,13
Cobretti,172534,6
Knudsen,172534,11
Monte,172534,17
Robinson,172534,21
Gonzales,172534,17
Phelps,2421467,10
White,2421467,10
Polly,2421467,12
Allen,2421467,19
Bea,2421467,12
Green,2421467,8
Soledad,16382735,2
Toni,16382735,10
Gaston,16382735,12
Jeannie,23949922,23
Flynn,23949922,6
Disney,23949922,1
Pinky,23949922,13
Thompson,23949922,2
Brandt,23949922,10
Windsor,8068230,11
Williams,8068230,21
Barbara,8068230,3
Arthit,24455599,23
Nuch,24455599,24
Pey,24455599,8
Pauk,24455599,11
Ward,24455599,14
Morell,4669663,6
Brass,4669663,23
Romeo,4669663,0
Gavin,4669663,0
Elsie,29200545,4
Blythe,29200545,17
Heffer,29200545,9
Louise,29200545,17
Bullock,29200545,7
Dewar,29200545,19
Louis,27433395,9
Marykutty,27433395,11
Ray,12731136,21
Armstrong,12731136,18
Jim,12731136,21
Freeman,12731136,15
Billy,12731136,24
Morris,12731136,9
Guilain,28893425,3
Sami,28893425,21
Djamila,28893425,13
Stanislas,28893425,16
Charles,28893425,16
Chazelle,28893425,24
Malik,28893425,4
Marie,28893425,2
Lambert,28893425,1
Michael,3528415,6
Switt,3528415,12
Zoret,3528415,2
Randall,3394852,6
Rahim,3394852,21
Quintz,3394852,20
Bernoulli,16839388,7
Allinol,16839388,20
Axlerod,16839388,19
McQueen,16839388,7
Shiftwell,16839388,3
McMissile,16839388,6
Hudson,16839388,15
Mater,16839388,22
Finn,16839388,3
Carrera,16839388,15
Sarge,16839388,23
Guido,16839388,18
Bull,1832025,4
Lasek,2883438,17
Lou,2883438,9
Man,2883438,9
Margera,2883438,7
Wilson,2883438,6
Rivers,2883438,3
Matt,2883438,3
Jamie,2883438,1
Gagnon,2883438,24
Melody,754323,17
Daly,754323,10
M,754323,6
Wyatt,754323,17
Valerie,754323,23
Josie,754323,3
Fiona,754323,24
Brown,754323,11
Jour,754323,15
Hendra,33653136,3
Soleh,33653136,14
Doni,33653136,1
Rika,33653136,3
Menuk,33653136,21
Jesus,33653136,21
Sun,33653136,23
Abi,33653136,15
McGregor,2918585,1
Jiang,2918585,15
Lin,2918585,24
Fun,2918585,4
Wilkes,2918585,20
Johnson,2918585,19
Frank,2918585,4
Rhodes,2918585,16
Scott,2918585,14
Lyman,7594242,13
Audrey,7594242,6
Rebecca,7594242,6
Schramm,7594242,19
Geary,7594242,7
Cobb,7594242,6
Jackson,20049035,10
Breedlove,20049035,4
Keith,1619604,8
Lloyd,1619604,17
Dougherty,1619604,22
Hamaguchi,6678455,11
Inya,6678455,8
Basa,6678455,24
Julia,6678455,0
Iba,6678455,1
Edilberto,6678455,2
Clark,6678455,1
Laurel,6678455,0
Manalang,6678455,24
Mabel,6678455,12
Berto,6678455,15
North,9547922,13
Pisakhov,9547922,23
Shergin,9547922,8
Billy,4613833,22
Dean,4613833,21
Harry,4613833,3
Ghislaine,4613833,3
Wajnarowicz,35811707,17
Gamba,35811707,14
Haring,35811707,23
Ginsberg,35811707,9
Sharon,6320542,2
Joseph,6320542,7
Vermeil,6320542,21
Papale,6320542,21
Sandi,14021789,7
Bosambo,14021789,20
Mofolaba,14021789,17
Lilongo,14021789,12
Providence,11535233,4
Blackbeard,11535233,3
Anne,11535233,4
LaRochelle,11535233,6
Geetha,32169124,15
Culenberg,12120876,9
Jayamanne,12120876,24
Van,12120876,1
Sumana,12120876,9
Ananda,12120876,21
Bandara,12120876,23
Gunatunga,12120876,2
Abner,25215748,18
Saul,25215748,13
Asrod,25215748,17
Samuel,25215748,21
King,25215748,15
David,25215748,10
Roya,916576,13
Ali,916576,3
Zahra,916576,3
Mackenzie,24904539,0
Splinter,24904539,8
Mariano,2145301,12
Mark,2145301,7
Jordan,2145301,16
Johnson,2145301,7
Lee,2145301,3
Wonka,2145301,7
Marino,2145301,7
Richter,2145301,4
Gonzales,2145301,10
Durjan,1629631,17
Saxena,1629631,17
Bindiya,1629631,8
Ajay,1629631,3
Karan,1629631,6
Munim,1629631,4
Sonia,1629631,23
Singh,1629631,14
Durga,1629631,6
Thakur,1629631,22
Shamsher,1629631,6
Vijay,1629631,3
Nexhepi,1266575,18
Laborie,1266575,11
Brando,19278544,19
Catchpole,32895002,4
Barry,32895002,10
Weinraub,2642154,22
Ruso,2642154,12
Klauzner,2642154,4
Zipper,2920404,15
Marianne,2920404,6
Sutwell,2920404,12
Dolores,2920404,22
Driss,35004945,15
Djibril,35004945,15
Moussaid,35004945,15
Sheherazade,21236198,18
Zafir,21236198,1
Amdar,21236198,4
Baba,21236198,14
al-Walid,21236198,14
Walter,12576598,16
Phineas,12576598,15
Lucius,12576598,15
Heydrich,3959961,10
Gordito,34339863,8
Wetherby,34339863,1
Gopi,29769827,11
Sahasranamam,29769827,15
Ishkq,35438297,21
Spider-Man,612052,24
Jane,612052,6
Jameson,612052,11
Harry,612052,6
Osborn,612052,12
Peter,612052,3
Parker,612052,19
Ock,612052,6
Octavius,612052,4
Norman,612052,8
John,612052,23
Watson,612052,13
Juliana,13005395,21
Paco,13005395,6
Brenan,13005395,6
Geraldo,13005395,24
Woolsey,13005395,19
Fernando,13005395,24
Lytton,13005395,22
Carrington,13005395,14
Elena,13005395,9
Paheli,11142691,15
Balachander,11142691,0
Malvo,24595240,8
Muhammad,24595240,11
Sreykeo,25784942,19
Benjamin,25784942,0
Roger,24491136,10
Nilkanth,29384463,20
Kaate,29384463,2
Phulgaon,29384463,23
Goert,29529433,4
Niklas,29529433,17
Sinterklaas,29529433,20
Frank,29529433,12
Pieten,29529433,5
Brennan,9782939,6
Lois,9782939,13
Herlihy,9782939,3
Elizabeth,35610105,5
Roosevelt,35610105,0
VI,35610105,0
Suckley,35610105,15
Rick,24199899,23
Darvel,24199899,19
Villa,24199899,24
Bancroft,24199899,2
Tyree,3171944,19
Franklin,3171944,6
Portia,3171944,9
Marcus,3171944,21
Swift,3171944,8
Baptiste,3171944,9
Banks,3171944,24
Zora,3171944,6
Cassandra,19740679,2
Jorge,19740679,24
Lola,19740679,10
Amy,3513144,3
Nick,3513144,4
Melissa,3513144,5
Rosemary,3513144,22
Lucas,3513144,17
Mi-na,7406163,8
Mara,15867408,6
Falliere,15867408,13
Liebenheim,15867408,13
Zhang,28809555,6
Yi-shan,28809555,4
Chan,28809555,21
Jackie,28809555,6
Woody,2055701,12
Kien,2055701,3
Lan,2055701,6
Bui,2055701,20
Hager,2055701,21
Dao,2055701,21
An,2055701,15
Hai,2055701,6
Huy,2055701,6
Rae,3496672,2
Sukeforth,3496672,21
Mack,3496672,15
Rickey,3496672,4
Robinson,3496672,21
Dave,20624798,3
Peck,20624798,10
Kane,26106991,20
Woods,26106991,20
Loc,26106991,0
Crespin,142822,9
Raja,142822,21
Traherne,142822,6
Watkins,142822,21
Lucilla,142822,6
Valk,28581444,9
Hellboy,5837972,4
Sherman,5837972,24
Sapien,5837972,16
Corrigan,5837972,11
Thorne,5837972,11
Dean,10430845,10
God,10430845,19
Steve,10430845,3
Terry,10430845,3
Rose,10430845,3
Bealeman,10430845,6
Barton,10430845,8
Garner,10430845,9
Harry,667368,4
Fred,667368,17
Dursley,667368,18
Lockhart,667368,14
Weasley,667368,4
Hermione,667368,6
Gryffindor,667368,0
Riddle,667368,13
Aragog,667368,19
McGonagall,667368,6
Hagrid,667368,6
Vernon,667368,16
Dumbledore,667368,23
Dobby,667368,5
Ron,667368,3
Tom,667368,17
Draco,667368,6
Voldemort,667368,15
Slytherin,667368,1
Nicholas,667368,6
Kumar,6981645,22
Kota,6981645,5
Rao,6981645,9
Venkatesh,6981645,11
Ashok,6981645,6
Vijayashanti,6981645,11
Si-yeong,27504596,8
Yo-han,27504596,17
Min-woo,27504596,11
Si-hoo,27504596,16
Dong-soo,27504596,15
Gritt,18520248,21
Clara,3963744,5
Valentin,3963744,1
O'Meara,13455499,6
Lee,13455499,9
Kincaid,1605227,5
Westrum,1605227,17
Coslaw,1605227,23
Zinneman,1605227,10
Sturmfuller,1605227,17
Red,1605227,3
Marty,1605227,17
Knopfler,1605227,8
Fairton,1605227,22
Jane,1605227,17
Randolph,1605227,24
Haller,1605227,3
Lowe,1605227,6
Michaelson,3689613,24
Barret,3689613,6
Esteridge,905188,17
Jim,905188,3
Ryder,905188,6
Halsey,905188,3
Nash,905188,17
Charlie,10691210,23
Thelonious,21471797,17
Pitt,21471797,8
Melanie,21471797,17
Kung,949958,6
Turner,22354044,17
Fletcher,22354044,17
Garrincha,22354044,17
Lewis,22354044,5
Barrett,22354044,7
Jr.,22354044,18
Margaret,22354044,6
Blood,22354044,24
O'Brien,22354044,24
French,675213,20
Chisum,675213,6
Chavez,675213,1
Billy,675213,5
O'Folliard,675213,17
Rudabaugh,675213,16
Robert,675213,0
Bill,675213,3
Doc,675213,17
Garrett,675213,3
Greathouse,675213,16
Wallace,675213,19
Roberts,675213,0
Mabry,675213,9
Carlisle,675213,19
Timothy,32683873,3
Morse,32683873,11
Cindy,32683873,21
Jerome,32683873,2
Reggie,32683873,4
Jim,32683873,18
Brenda,32683873,13
Green,32683873,19
Vanessa,12206655,3
Bianca,201448,4
Nero,201448,8
Rufus,201448,10
Snoops,201448,23
Orville,201448,10
Mae,201448,15
Brutus,201448,8
Medusa,201448,16
Bernard,201448,17
Ruselsky,214783,13
Morritz,214783,6
Williams,214783,21
Fountain,214783,9
Duval,214783,3
Thackeray,30637069,10
Winn,7235116,22
Gregory,7235116,9
Ellie,7235116,2
Keegan,7235116,16
Claire,7235116,3
Hockings,7235116,17
Venza,7235116,17
Steinhart,7235116,17
Juan,2166828,24
Sandler,2166828,16
Marcos,2166828,6
Valeria,2166828,15
Gandolfo,2166828,6
Tenny,1708039,19
Claverling,1708039,11
Longworth,1708039,12
Drummond,1708039,4
Leung,13377058,13
Bingo,13377058,3
Sanatan,9489056,5
Sarah,31981616,11
Stang,31981616,3
Forst,274097,18
lle,17739132,8
Worms,17739132,13
Pelleveau,17739132,2
Camille,17739132,16
Zidane,19549905,2
Khodaiji,19549905,4
Pressvala,19549905,12
Liana,19549905,14
Sheela,24634376,13
Mohan,24634376,23
W,1790113,23
Sapt,7850702,20
Rudolf,7850702,4
Antoinette,7850702,10
Michael,7850702,4
Henzau,7850702,9
V,7850702,21
Flavia,7850702,1
Frewin,7850702,21
Robertson,18529816,20
Barker,2991978,3
Cox,2991978,24
Glen,2991978,6
Dahmor,2991978,10
Washington,2991978,13
Gary,2991978,16
Jeffy,2991978,16
Stavi,2991978,6
Lynn,2991978,6
Douglas,19875689,20
Montgomery,19875689,18
Aissa,19875689,5
Moreau,19875689,5
Heather,1470810,3
Ball,1470810,17
Evie,1470810,23
Teresa,1470810,4
Barb,1470810,4
Stevens,1470810,20
Cortland,1470810,11
Molly,1470810,14
Swanson,1470810,17
Anne,1470810,4
Cortlin,1470810,11
Sharp,1470810,6
Zaine,1470810,6
Emma,1470810,4
Silk,27737554,17
Mo,27737554,22
Debbie,27737554,6
Santo,21070824,16
Ganesh,6795090,21
Subramani,6795090,18
Nandini,6795090,6
Jack,28618942,21
Silverman,28618942,5
Tess,28618942,13
Claire,28618942,23
Isahak,11219515,16
Velankani,11219515,13
Devi,11219515,15
Bava,11219515,4
Elisa,10882693,6
Cristobal,10882693,3
Adan,10882693,3
Dolores,10882693,23
Ssipak,11287808,15
Freak,11287808,16
Woody,20533088,24
Daniels,3660668,9
Ruben,3660668,24
Lee,3660668,18
Karen,3660668,4
Brent,3660668,10
Murdoch,19420139,23
Nesmith,23621133,0
Stewart,23621133,14
Gladys,23621133,16
Presley,1136163,2
Nixon,1136163,13
Elvis,1136163,0
Tony,2476100,24
Grasping,2476100,7
Dithering,2476100,4
Cholena,2476100,4
Fievel,2476100,21
Tanya,2476100,19
Brecht,7941624,11
Bucquoy,7941624,6
Mertens,7941624,1
Giri,11320510,3
Arjun,11320510,8
Allison,11292083,22
Anthony,10836632,3
Marina,28015079,6
Karin,28015079,7
Sedikh,28015079,16
Juan,35736458,6
Eduardo,35736458,21
Sebas,35736458,16
Baena,35736458,6
Dina,35736458,6
Diana,35736458,6
Charo,35736458,6
Marcos,35736458,6
Rusty,1663422,22
Gilda,1663422,20
Charlie,1663422,18
Lee,1663422,24
Wilson,1663422,17
Virginia,1663422,16
Dada,35645737,3
Judge,15532008,6
follow,15532008,20
Farnsworth,15532008,6
Lanfranco,15532008,11
Guzm,15532008,6
Pinochet,15532008,0
Donoso,15532008,24
Castro,15532008,5
Rathnavel,27719912,23
Raja,27719912,14
Pandian,27719912,23
Divya,27719912,16
Kaatupoochi,27719912,7
Devi,24478633,8
Baldy,33808833,23
Kien,14147634,8
Ray,14147634,19
Quoc,14147634,0
Hai,14147634,9
Dev,2748374,13
Saritaji,2748374,6
Nimmi,2748374,8
Khanna,2748374,10
Shalu,2748374,21
McLane,3782101,9
Dolan,3782101,19
Sheridan,3782101,21
Eckstrom,3782101,10
Lona,3782101,0
Stewart,3782101,11
Wheeler,3782101,22
McAllister,3782101,14
Trent,9595260,11
Martin,9595260,24
Littlefoot,4248608,6
Bron,4248608,3
Pat,4248608,19
Shorty,4248608,0
Lawrence,11413995,2
mez,11413995,22
Chen,31591508,18
Bishop,31591508,23
Ty,31591508,3
Lei,31591508,4
Janessa,31591508,17
Tasker,8425973,3
Ariel,8425973,6
Belitski,8425973,3
Magee,8425973,8
Jr.,8425973,9
Byron,8425973,3
Owens,8425973,3
Belle,481293,6
Potts,481293,6
Adam,481293,13
Forte,481293,23
Fife,481293,16
Angelique,481293,6
Madigan,16687535,18
Nadon,16687535,12
Stanfield,16687535,0
McLaughlin,16687535,17
Lavigne,16687535,5
Velentzas,25933772,2
Stella,25933772,20
Kerani,25933772,13
Miliadis,25933772,4
Joe,30882696,14
Mary,30882696,13
Finley,7513147,6
Bauer,4956438,11
Stevens,4956438,16
Brooks,10621212,15
Denny,10621212,24
Angela,10621212,7
DeMille,10621212,2
Bob,10621212,16
Black,10621212,0
Sty,1607895,3
Baylor,8621468,20
Norsythe,8621468,4
Derna,8621468,24
Cindy,8621468,17
Lee,8621468,23
Jim,8621468,13
Mike,8621468,17
Chuck,8621468,20
Harvey,8621468,17
Dandy,13893715,14
Jacki,13893715,6
Ahmed,5083422,23
Etsuko,5083422,3
Katsumiya,5083422,6
Iwomura,5083422,23
Di,24870003,3
G,24870003,3
Fiamma,24870003,3
G.,24870003,17
Coronna,24870003,10
Sharon,31176,3
Mitch,31176,13
Maggie,31176,13
Susan,31176,6
McKendrick,31176,15
Evers,31176,1
Vicky,31176,14
Robinson,31176,0
Ruth,19234425,13
Brown,19234425,16
Harris,19234425,6
Barberini,1005660,19
Paventi,1005660,16
Anna,1005660,19
Gino,1005660,2
Lina,1005660,19
Christa,33597212,2
Mackowiak,33597212,13
Muniyandi,14903707,8
Ayyanar,14903707,2
Savitri,35194737,14
Surendra,35194737,9
Winter,1259785,3
Maxim,1259785,17
Fontaine,1259785,8
Hopper,1259785,9
Jack,1259785,6
Rebecca,1259785,6
Danvers,1259785,6
Xiaosheng,30330044,2
Xunhuan,30330044,5
Li,30330044,13
Tony,24155310,20
Ellen,24155310,13
Carter,24155310,1
Linden,24155310,5
Rodd,24155310,5
Aparna,18906738,14
Abbas,18906738,2
Trachtenberg,18906738,16
Subhramaniam,18906738,12
Venkat,18906738,6
Perci,18906738,6
Shantanu,18906738,6
Vikram,18906738,4
Patti,18906738,11
Francke,4091030,17
Michael,4091030,17
Gordon,33355587,10
Nabokov,33355587,1
Mendoza,33355587,15
Tony,33355587,0
Poe,33355587,8
Anna,33355587,23
David,33355587,3
Toni,33355587,5
Bruno,33355587,24
Vernia,33355587,23
Raymond,33355587,16
Sender,33355587,17
David,33951849,9
Fisher,33951849,14
Spoon,23737134,6
Maggie,23737134,10
Parker,23737134,22
Jake,23737134,16
Newt,23737134,3
Clara,23737134,21
Gus,23737134,6
Dobbs,23737134,1
Boot,23737134,9
Johnson,23737134,6
McCrae,23737134,15
Eye,23737134,2
Lorie,23737134,21
Roscoe,23737134,1
F.,23737134,4
Joe,7987214,8
Moe,7987214,17
Larry,7987214,17
Bosko,25671946,3
Lahari,8587833,3
Ajay,8587833,22
Kamakshi,8587833,6
Demichev,43307,16
Loktev,43307,4
Mayen,43307,22
Suslov,43307,21
Polenin,43307,6
Vostrikov,43307,17
Zubachev,43307,16
Jane,12813606,16
Tennay,12813606,17
Klein,1952159,9
dart,1952159,10
Ross,1952159,6
McCune,1952159,2
Susan,1952159,21
Joe,1952159,17
Jimmy,1952159,6
Ricci,1952159,1
Lang,1952159,0
Dell,1952159,12
Tagore,29552360,14
Bhanu,29552360,18
Vikram,24489244,23
Raghu,24489244,5
Padma,24489244,10
Gordon,1571951,20
Heera,1571951,8
Pandey,1571951,4
Gandhi,1571951,12
Bobo,27580012,4
Thornby,3371111,6
Buckingham,3371111,13
Harold,3371111,3
DeVore,3371111,21
Mary,3371111,3
Meadows,3371111,13
Hall,2259669,20
Dev,6301209,21
Rohit,6301209,6
Prasad,6301209,23
Durga,6301209,3
Sanjay,6301209,13
Stephanie,9280011,19
Mark,9280011,19
Falen,9280011,24
Aadhi,25112884,12
Yuvan,25112884,12
Iniyan,25112884,0
Prabhu,25112884,12
Ramana,25112884,12
Podberyozovikov,4114160,18
Detochkin,4114160,12
Bharti,33326747,23
Plimpton,21794578,19
Queenie,21794578,23
Gwen,21794578,22
Nora,17811609,23
Hennessy,17811609,24
Forbes,17811609,12
James,17811609,2
Tom,17811609,16
Eva,17811609,12
Arjun,21606896,17
Ammayappan,21606896,23
Meena,21606896,2
Anu,21606896,17
Ted,7693761,0
Doug,7693761,19
Angie,7693761,3
Jackie,7693761,19
Monty,105406,16
Chang,105406,1
Ingrid,105406,14
Arbuckle,105406,9
Shakespeare,105406,20
Scalus,105406,18
Cappy,105406,3
Juliet,105406,6
Ness,105406,11
Capulet,105406,23
Lawrence,105406,8
Benny,105406,9
Rosie,105406,19
Murray,105406,22
Tyrone,105406,4
Chollie,396282,3
Fresh,396282,1
Tracy,396282,23
Ramon,396282,3
Domingo,396282,2
Carmen,396282,9
Kenny,396282,3
Carlson,396282,21
Kirkland,396282,24
Davis,396282,12
Uuno,3405396,21
Tuura,3405396,1
Judy,12450050,7
Darshan,24605417,22
Yoshir,25859284,4
Zaid,15438705,12
Jaleel,15438705,21
Chandrakant,15438705,21
Henry,4235653,15
Slevin,4235653,6
Kelevra,4235653,22
Lindsey,4235653,23
Fischer,4235653,17
Boss,4235653,13
Max,4235653,2
Fisher,4235653,15
Brikowski,4235653,17
Goodkat,4235653,6
Moten,4235653,24
Harrigan,35740068,20
Mack,35740068,12
R,35740068,11
Anderson,35740068,19
Talmadge,35740068,11
Blinn,35740068,9
Belasco,35740068,9
Waxse,26069176,9
Josie,26069176,0
Bo,26069176,10
Scott,26069176,16
Taff,26069176,9
Bholu,2856257,15
Jeetu,2856257,21
Raja,2856257,17
Anil,2856257,21
Tiwari,2856257,2
Anjali,2856257,6
Seth,2856257,13
Nandu,2856257,12
Gokulnath,8332992,18
Karan,8332992,12
Velu,8332992,4
Ranjith,8332992,2
Menon,8332992,17
Billa,8332992,22
Rajesh,8332992,15
Jagdish,8332992,15
C.J.,8332992,14
Rahman,8332992,18
Sasha,8332992,2
Williams,1625009,18
Bobby,1625009,17
J.T.,1625009,5
Tanya,1625009,3
Dresser,1625009,20
Johnson,1625009,0
Jr.,1625009,19
Eddie,1625009,3
Sawyer,1625009,24
Boy,1625009,13
Potter,1625009,6
Tyler,30124574,1
Erica,30124574,8
Lovecraft,30124574,20
Scarano,30124574,15
Blake,21757059,14
Lee,21757059,23
Griffin,21757059,16
Fisher,21757059,12
Rogers,21757059,20
Fudd,7260653,10
Elmer,7260653,6
Susanna,7260653,5
Murphy,1192675,6
Dennis,1192675,4
Maureen,1192675,3
Sullivan,1192675,15
Jimmy,1192675,6
Fencie,1192675,2
McQueen,1192675,15
Katleen,1192675,23
Lukey,1192675,22
O'Brien,1192675,9
Nolan,1192675,3
Johhny,1192675,17
Tom,1192675,8
Tober,1192675,12
Maudie,1192675,23
Kathleen,1192675,3
Johnny,1192675,3
Serrano,32329697,18
Jenny,15550664,23
Mackie,15550664,22
Reuban,19877803,21
Andy,19877803,6
Aham,26511699,22
Bhranthan,26511699,15
Unni,26511699,13
Vararuchi,26511699,8
Kristin,23817664,19
Kenny,23817664,11
Guthrie,23817664,1
Butch,11487560,17
Tom,11487560,3
Jerry,11487560,13
Isabel,1583660,6
Ana,1583660,3
Fernando,1583660,2
Teresa,1583660,3
Keith,9222319,21
McKenzie,9222319,9
Mau,9222319,9
Holly,9222319,6
Peter,9222319,2
Newton,9222319,1
Kimani,9222319,4
Romeo,34944530,9
Zina,34944530,7
Shakira,34944530,8
Lauraline,23605553,17
Lorca,23605553,3
Eric,23605553,3
Divoletto,23605553,3
Borisoff,23605553,19
Caitlin,23605553,3
Butterfield,23605553,17
Attack,23605553,23
David,23605553,3
Romita,17226530,2
Jhinuk,17226530,24
Palash,17226530,17
Rukmini,33269878,6
Raja,33269878,6
Arnold,8695018,20
Razak,19799518,0
Bahram,19799518,21
Maimun,19799518,12
Baruta,24147198,14
Stephan,24147198,16
Bromley,24147198,12
Zofia,24147198,21
Whittredge,24147198,21
Orwid,24147198,4
Kasam,32191033,11
Chakraborty,32191033,5
Nick,17365387,17
Cydney,17365387,3
Gina,17365387,3
Cleo,17365387,6
Cliff,17365387,17
Rick,1769928,16
Danny,1769928,20
Richards,1769928,20
Kohana,1769928,20
Yarnell,35784845,1
Beasley,35784845,6
Donald,35784845,17
Pike,35784845,6
Christina,35784845,15
Roy,5644502,5
Ann,5644502,23
Nowak,5644502,7
Paul,6833084,6
Dora,6833084,9
Pegg,6833084,19
Anna,6833084,10
Cruz,6833084,15
Freeman,6833084,11
Shaller,6833084,16
Mel,6833084,7
Roberts,1592906,8
Marcel,1592906,2
Finlayson,1592906,22
Ollie,1592906,3
Finn,1592906,24
Lola,1592906,11
Stan,1592906,16
Mary,1592906,21
Shiro,34866660,21
Kay,11692389,3
Gerda,11692389,3
Janet,4015205,21
Taylor,4015205,10
Maroni,4015205,12
Paul,935847,3
Michelle,935847,3
Brooks,935847,12
Thomas,935847,9
Parker,935847,3
Wexler,935847,6
Riley,935847,12
Brenda,935847,3
Massacre,935847,13
Sasha,935847,17
Gardener,935847,19
Hall,935847,13
Guaneri,935847,16
Mary,935847,4
Mancini,935847,15
Wilson,935847,24
Reese,935847,6
Damon,935847,3
Natalie,935847,3
Adams,935847,17
Simon,935847,19
Bipto,7761830,2
Kathy,7761830,16
Blaznee,7761830,4
Wrenchmuller,7761830,24
Ziplock,7761830,5
Brian,7761830,4
Sahak,1821202,2
Christ,1821202,4
Nero,1821202,16
Barabbas,1821202,3
Peter,1821202,14
Jesus,1821202,8
Rachel,1821202,21
Julia,1821202,20
Yau,35870724,8
Nunemarcher,35870724,23
Mercier,35870724,13
Picasso,35870724,24
Cross,35870724,21
Brookwell,35870724,17
Kane,35870724,17
Ashe,35870724,11
Stanley,31719642,21
Khadoos,31719642,6
Rosy,31719642,5
Haruko,25846391,15
Daines,25011340,23
Gaynor,9264334,12
Drexel,9264334,9
Norton,9264334,5
Bang,9264334,13
Morton,9264334,12
Nam,12430435,8
Levy,30717626,0
David,30717626,9
Craig,30717626,17
Alicia,30717626,12
Lucifer,30021572,18
Mark,30021572,3
Fuori,21699468,10
Sperandeo,21699468,12
Krell,54999,3
Quinn,54999,18
Robby,54999,17
Ostrow,54999,4
Robot,54999,18
Altaira,54999,16
Adams,54999,13
Morbius,54999,16
Francine,65436,17
Peter,65436,17
Stephen,65436,17
Roger,65436,17
Romero,65436,21
Umut,26092506,15
Ersin,26092506,12
Pettybone,7421383,3
Morgan,13138495,22
Sagramore,13138495,9
Arthur,13138495,17
Lucy,26554437,16
Fred,26554437,3
Gerry,26554437,16
Maggie,26554437,6
Rick,26554437,3
Leigh,26554437,21
Griffin,26554437,2
Gary,26554437,3
Coakley,26554437,6
Grace,26554437,6
Meg,26554437,3
Paige,26554437,14
James,32476076,14
John,32476076,15
Yanka,16636044,2
Penny,4753649,9
Loxy,4753649,3
Little,4753649,21
Locky,4753649,20
Letty,27361225,14
Montgomery,27361225,4
Gordon,27361225,9
Pendleton,27361225,5
Evans,27361225,12
C.,27361225,8
Johnny,6994182,6
Appleseed,6994182,3
Foy,10088120,22
Madeleine,10088120,8
Molly,26318071,14
Murphy,11698816,11
Emily,11698816,6
Resse,11698816,17
Arthur,28410965,9
Murdock,27170576,8
Jacobs,27170576,15
George,27170576,8
Seth,27170576,21
Wilson,32871914,14
Sempler,18541564,17
Cadwallader,18541564,7
Edwards,18541564,6
Hoyt,18541564,8
Hannah,18541564,21
Ethan,18541564,21
Reena,15809123,16
Hale,15809123,7
Goodnight,15809123,5
Minger,15809123,11
Bonzo,36304862,5
Edwin,36304862,22
Albert,417744,3
Stuhr,417744,0
Max,417744,7
Manuel,16158652,24
Miller,25932547,15
Walker,25932547,4
Harlow,12054679,22
Zhen,12054679,12
Macavoy,12054679,8
Reza,5351389,4
Marmoulak,5351389,21
Yost,22644547,6
Oliver,22644547,3
Breaks,22644547,14
Dexter,22644547,3
Burns,22644547,12
Katherine,1829909,11
Lakshmi,1829909,2
Sima,12275048,21
Amit,12275048,14
Neeta,12275048,10
Katie,2260022,11
Cordell,2260022,6
Sullivan,2260022,10
Kate,2260022,4
Susan,2260022,13
Jessup,2260022,4
McKinney,2260022,17
Kupfer,243064,23
Buddy,243064,12
Grimbridge,243064,22
Guttman,243064,5
Currie,243064,14
Cochran,243064,16
Challis,243064,4
Rafferty,243064,20
Ellie,243064,18
Hal,22983782,6
Mac,22983782,24
Vinni,22983782,14
Ted,22983782,12
Petula,22983782,6
Southmere,2391447,23
Emily,2391447,6
Susan,2391447,19
Truscott,2391447,13
Castlebury,2391447,15
Hyde,17366863,16
Barbara,17366863,6
Tanner,17366863,17
Chakravarthy,10791989,21
Sangeetha,10791989,2
Radha,10791989,19
Santosh,10791989,15
Saxon,10193,11
Williams,10193,3
Lin,10193,23
O'Hara,10193,21
Han,10193,3
Kelly,10193,19
Lee,10193,3
Tania,10193,13
Braithwaite,10193,4
Roper,10193,17
Ling,10193,17
Buford,9913770,4
Orville,9913770,17
Clarence,9913770,3
Loyce,9913770,22
Marlene,9913770,21
Lee,9913770,6
Jimbo,9913770,6
Wheelis,9913770,2
Sue,9913770,19
Lurlene,9913770,3
Thomas,13527119,21
Yvonne,13527119,20
Schilling,13527119,11
Melanie,13527119,17
Arden,6202854,15
Tony,6202854,6
Barbara,6202854,17
Sussman,6202854,8
Angela,6202854,6
Parker,6202854,20
Bootsie,6202854,23
Edith,6202854,6
Lance,6202854,8
Moody,3659506,24
Bridges,3659506,6
Alice,3659506,2
Andy,3659506,8
Sasha,18568161,6
Santoshi,18568161,4
Leo,10318067,8
Molly,10318067,2
Anna,10318067,5
Dunlap,10318067,19
Brian,10318067,1
Malti,13457412,8
Bai,13457412,2
Shantidevi,13457412,21
Gupta,13457412,7
Sushil,13457412,2
Shah,13457412,15
Rukmini,13457412,21
Made,4155619,15
Blalock,4155619,4
Thomas,4155619,3
Taussig,4155619,3
Hopkins,4155619,18
Sarah,24700816,18
Jacques,24700816,20
Reich,24700816,8
Jean,24700816,12
Mogi,3951878,23
Despard,2219632,22
Carmichael,2219632,0
Tarkovsky,3371849,8
LaTour,10581336,20
Carson,10581336,1
Reynolds,10581336,14
West,10581336,22
Billy,10581336,17
O'Brien,10581336,0
Wolf,21856079,22
Jake,21856079,24
Nicki,21856079,20
Hamza,29251729,16
Kerim,29251729,5
Adis,29251729,5
Sidran,29251729,13
McNiel,20927886,20
Kaplan,20927886,12
Durga,8624023,21
Chandana,8624023,2
Hari,8624023,6
Devi,8624023,6
Logan,10691372,11
Steve,10691372,9
Kittles,532618,7
Hanson,532618,4
Brenda,532618,6
Ray,532618,17
Tommy,532618,8
Oldman,532618,4
Campbell,532618,2
Alex,532618,2
Kane,532618,22
Cindy,532618,3
McFeely,532618,3
Voorhees,532618,4
Shorty,532618,24
D,9752369,20
Silverstein,9752369,15
Henry,33592211,16
Gulch,33592211,9
Tuffy,33592211,21
Gale,33592211,2
Tom,33592211,3
Jerry,33592211,3
Butch,33592211,17
Dorothy,33592211,23
Glinda,33592211,6
Nonato,19208267,3
Giovanni,19208267,20
Cynthia,4048011,20
Miller,4048011,21
Patty,4048011,19
Barbara,4048011,19
Bobby,4048011,21
Ronald,4048011,3
Cindy,4048011,3
Quint,4048011,3
Mancini,4048011,19
Kenneth,4048011,12
Richilieu,1582661,18
Richelieu,1582661,5
Buckingham,1582661,15
Francesca,1582661,0
Febre,1582661,20
Sushanth,31569602,0
Pim,10198223,23
Garth,5568119,20
Daddy-Long-Legs,3834043,14
Jun-ho,3834043,20
HEROLD,16672074,2
Howard,5777938,14
James,1415904,14
Fassbender,1415904,24
Werner,1415904,5
Wollman,3938481,13
Rogers,19299698,24
Elsie,31968558,21
Jo,31968558,15
Nana,31968558,3
Tony,31968558,20
Debu,15877215,14
Verma,15877215,13
Kapoor,15877215,13
Hindustani,15877215,19
Maureen,16675752,21
Liddy,16675752,2
Donald,16675752,21
Bianchi,5028092,13
Armstrong,5028092,10
Schmidt,5028092,10
Hubbard,5028092,19
McQueen,5028092,1
Michel,5028092,14
Andrenyi,5028092,8
Debenham,5028092,9
Arbuthnott,5028092,0
Ohlsson,5028092,7
Dragomiroff,5028092,1
Poirot,5028092,21
Hardman,5028092,23
Toad,5886750,6
Reggie,5886750,8
Badger,5886750,23
Pamela,15462344,23
Nicolette,15462344,12
Estelle,15462344,12
Kitty,15462344,21
Beatrice,21036286,16
Theodor,21036286,1
Melchior,21036286,9
Creven,21036286,5
Reuther,21036286,23
Beate,21036286,2
Tamm,21036286,19
rnberg,21036286,5
Duke,21036286,2
Tilden,6503634,5
Hoffmann,3511104,18
Walker,3511104,23
Alan,3511104,7
Peter,3511104,14
Anna,3511104,3
Prince,3511104,19
Funshine,3511104,23
Tchaikovsky,3511104,2
Romola,14603523,8
Diaghilev,14603523,8
Pulszky,14603523,13
Elsie,32943728,23
Harding,32943728,15
Henderson,32943728,21
Natra,33052656,19
Francine,33052656,13
Talumpati,33052656,23
Gimo,33052656,6
Alex,33052656,22
Maxine,2973132,19
Ganguli,2973132,6
Moushumi,2973132,8
Khan,2973132,15
Ashoke,2973132,6
Gogol,2973132,3
Sid,25396255,0
Prakash,25396255,9
Sonam,25396255,3
Margoli,7999199,11
Beaupre,7999199,24
Pauquet,7999199,16
Bradley,7999199,11
Halliday,7999199,11
Duval,7999199,24
Snape,667371,7
Rosmerta,667371,8
Harry,667371,8
Fred,667371,6
Buckbeak,667371,4
Marge,667371,5
Hermione,667371,4
Pettigrew,667371,10
Trelawney,667371,5
George,667371,6
Malfoy,667371,14
Hagrid,667371,23
Vernon,667371,7
Dumbledore,667371,6
Ron,667371,3
Lupin,667371,6
Voldemort,667371,15
Black,667371,17
Potter,667371,22
Waldo,1550562,21
Daninsky,7277391,4
gore,7277391,19
Buddy,13346488,16
Tappan,13346488,15
Arthur,13346488,15
Cawthorn,13346488,14
Mitchell,13346488,17
Hanson,13346488,11
Marge,13346488,5
Blake,13346488,18
O'Neill,13346488,9
Peggy,13346488,21
Rogers,13346488,18
O'Brien,13346488,18
Jenkins,13346488,9
Sharpe,13346488,16
Rito,13346488,22
Clayton,13346488,5
Powell,13346488,1
Cornell,13346488,2
Wheeler,13346488,8
Maxim,21199699,3
Fank,21199699,18
Zef,21199699,18
Guy,21199699,23
Rudolf,21199699,10
Sikorski,21199699,21
Kammerer,21199699,6
Veper,21199699,18
Gaal,21199699,20
Rada,21199699,4
Strannik,21199699,3
Khonti,21199699,2
MacTeam,2460646,4
Gerald,2460646,24
Kitty,2460646,3
Arjun,27253597,14
Tinu,27253597,16
Dileep,27253597,5
Gulliver,18785623,2
Jennifer,18785623,19
Shujuan,3142178,2
Tietou,3142178,6
Shaolong,3142178,1
Li,3142178,21
Boone,29345237,16
Joey,29345237,8
Littlejohn,25074145,19
Wesley,25074145,3
Xenobia,25074145,3
Leanne,25074145,3
Drax,25074145,8
Ackerman,25074145,0
Restituta,26180347,23
VII,26180347,9
Santos,26180347,18
Araceli,26180347,14
Gabriel,26180347,16
Requejo,26180347,24
Agnes,26180347,12
Ines,26180347,18
John,26180347,3
Stubel,1234079,22
Kornblow,1234079,0
Rusty,1234079,0
Reiner,1234079,4
Corbaccio,1234079,3
Parton,6585829,16
Matthew,6585829,3
Bartilson,6585829,17
Diamond,6585829,5
Sarah,6585829,6
Peter,6585829,21
Ruby,6585829,21
Bly,711102,0
Maggie,711102,6
Hodges,711102,19
Spike,711102,17
Cappie,711102,21
Alise,711102,9
Roew,711102,16
Bruno,711102,3
Lucas,711102,3
Rina,711102,21
Svengarlic,14436334,18
Mary,14436334,16
Ritter,27376044,18
Woodfield,27376044,6
Joan,20699587,6
Anglicus,20699587,19
Arnaldo,20699587,9
pope,20699587,9
Aesculapius,20699587,21
II,20699587,15
Matthew,20699587,21
Gerold,20699587,23
Odo,20699587,4
Lothair,20699587,3
Leo,20699587,8
Arn,20699587,6
Sergius,20699587,22
Arighis,20699587,1
Benedict,20699587,15
John,20699587,4
God,20699587,8
Arsenius,20699587,10
Richhild,20699587,23
Pontificalis,20699587,1
Lukas,20699587,23
Anastasius,20699587,22
Yasothon,4995737,3
Tong,4995737,3
Toh,4995737,22
Yam,4995737,3
Joei,4995737,3
Janie,17212834,15
Callista,17212834,10
Sam,957792,11
Mason,957792,4
Mr.,957792,21
Lou,957792,4
Tinkles,957792,17
Hayes,957792,8
Pinscher,957792,22
Brody,957792,7
Butch,957792,6
Doberman,957792,23
Scott,957792,15
Sophie,957792,17
Jane,30859718,3
Winters,30859718,17
Hide,30859718,14
Dominick,30859718,21
Line,30859718,19
Ava,30859718,13
Gilbey,30859718,14
Caleb,30859718,13
Bugs,1972230,4
Lola,1972230,15
Blake,5589674,17
Creighton,5589674,17
Grogan,5589674,22
Shaw,5589674,3
Slade,5589674,6
de,14866242,2
Tito,14866242,2
Bardi,14866242,10
Bardo,14866242,12
Melema,14866242,18
Tessa,14866242,10
DaVinci,2937356,24
Smith,2937356,11
Colette,2937356,11
Bradley,9620929,15
Tom,9620929,3
Jerry,9620929,3
Geronimo,5019937,2
Grant,2706065,0
Stuart,2706065,11
Cristina,2706065,4
Kuroda,2706065,4
Link,2706065,16
Michelle,21781488,18
Burridge,21781488,23
Craig,21781488,8
Terry,21781488,21
Chris,21781488,24
Garfield,21781488,24
Jack,21781488,6
Wilson,21781488,4
Philip,21781488,3
Rana,17702782,4
Yan,2435343,16
Clan,2435343,23
Tieh,2435343,8
Morin,23891073,18
Tarayre,23891073,21
Weissmuller,23891073,10
Ruttgers,890812,8
Kalenin,890812,5
Harrison,890812,13
Cuthbertson,890812,9
Muffin,890812,15
Willoughby,890812,9
Database,9170426,7
Johnson,9170426,19
Haley,9170426,20
Erwin,9170426,11
Quadri,20345291,22
Cristina,20345291,4
Elisa,20345291,5
Simha,30789590,22
Ramamani,30789590,6
Paapu,30789590,23
Parameshi,30789590,21
Ganesh,10792059,19
Janardhan,10792059,21
Lo,10604153,24
Spearman,10604153,17
Feng,10604153,20
Arthur,2793610,6
Graham,2793610,3
Simpkins,2793610,4
Maggie,2793610,6
Bloom,2793610,12
Ebbers,2793610,11
Woods,2793610,9
Miles,2793610,3
Abbott,2793610,1
Amanda,2793610,13
Iris,2793610,3
Sophie,2793610,4
Georgie,4562945,3
Troyer,4562945,20
Richie,4562945,17
Bush,4562945,24
Dave,4562945,17
Desiderio,4562945,2
Boll,4562945,8
Laden,4562945,3
Sang-hun,34145294,16
Eun-young,34145294,12
Myung-ho,34145294,14
Sang-gil,34145294,18
Morlar,3978358,3
Zonfeld,3978358,10
Baker,702506,3
Mrs,702506,12
Rachel,702506,24
Max,702506,3
Judy,702506,6
Solomon,702506,19
Baron,702506,12
Nora,702506,6
Taylor,28194651,22
Harris,28194651,9
Kelly,28194651,12
Donnelly,3907857,3
Callie,20693171,17
Evans,20693171,22
Chanault,20693171,24
Jehu,20693171,17
Conrad,20693171,24
Lat,20693171,6
Owens,20693171,0
Egan,20693171,7
Tom,20693171,6
Jen,20693171,0
Ping,20693171,17
Murray,20693171,24
Joyce,20693171,6
Lemieux,9340076,4
Delon,9340076,23
Burnham,12733053,5
Magiz,12733053,24
Mikapopoulis,12733053,9
Mary,12733053,22
Hal,12733053,8
Dingle,12733053,5
Max,12491178,7
MacArthur,7906552,14
Phillips,7906552,4
Wallace,7906552,3
Montgomery,5480364,20
Donahue,5480364,4
Thomas,5480364,15
Parker,5480364,6
Lota,5480364,3
Moreau,5480364,6
Ruth,5480364,4
Khalid,8671919,16
Suhair,8671919,8
Rowan,2547451,22
Decker,2547451,24
Milton,2547451,11
Copen,2547451,6
Dan,27375211,20
Oona,27375211,6
Steph,27375211,21
Mikey,27375211,21
Collins,13468494,13
Ann,13468494,23
Muller,7818947,14
Zetnick,7818947,0
Joe,7818947,4
Anne,7818947,17
Cavaldi,1393739,3
Will,1393739,13
Grimm,1393739,0
Jake,1393739,6
Angelika,1393739,4
Delatombe,1393739,13
Sasha,1393739,10
Mick,1933671,6
Danny,1933671,6
Sapphire,1933671,14
Tony,1933671,3
Kate,1933671,3
Woods,1933671,15
Dave,1933671,6
Ken,1933671,14
Baileygates,1145800,18
Dickie,1145800,24
Irene,1145800,3
Whitney,1145800,6
Whitey,1145800,10
Waters,1145800,10
Charlie,1145800,3
Hank,1145800,7
Cox,1145800,20
Layla,1145800,3
Shont,1145800,10
Eidelman,32151409,19
Alika,32151409,13
Chernavsky,32151409,24
Gagarin,32151409,12
Tsoi,32151409,21
Bananan,32151409,6
Bravo,32151409,13
Grebenshchikov,32151409,8
Krymov,32151409,3
Rebyata,32151409,10
Jackson,4760936,17
Clement,4760936,18
Eckhart,4760936,17
Stetz,4760936,8
Kay,4760936,0
Connell,4760936,1
Finch,4760936,6
Dormer,4760936,3
Burr,4760936,17
Elizabeth,3021304,14
Beck,3021304,8
Sherman,3021304,23
Lloyd,3021304,3
Jack,3021304,8
Leo,29344186,5
Poplar,29344186,8
Kyle,29344186,21
Flaherty,29344186,21
Cindy,29344186,6
Stella,29344186,7
Abby,29344186,7
Mike,29344186,0
Jackie,29344186,14
Bristol,1968110,11
Ward,1968110,11
Bagley,1968110,18
Wilson,1968110,7
Robinson,1968110,12
Leroy,5369896,6
Simpson,2860057,14
Clarke,2860057,11
Fowler,2860057,11
Daryl,2244939,14
Richard,2244939,6
Dirks,2244939,7
Poynter,2244939,22
Standers,2244939,5
Martin,2244939,21
Craig,2244939,18
Lenny,2244939,1
Els,9246776,7
Edison,9246776,6
Powell,9246776,20
Taggart,9246776,24
Bunt,9246776,16
Henry,561315,16
Marvel,561315,10
Gulch,561315,23
Gale,561315,2
Dorothy,561315,3
Em,561315,12
Glinda,561315,17
Hildur,19389089,9
Jolli,19389089,4
Weber,4944673,19
Melissa,4944673,17
Leone,4944673,17
Drumgoole,4944673,6
Frank,4944673,3
Wiley,4944673,17
Braden,4944673,6
Chink,4944673,4
Meissner,4944673,4
Castro,4944673,15
Jae-Wu,23653214,21
Seema,22217327,16
Raja,22217327,17
Reshma,22217327,13
Rana,22217327,23
Amar,22217327,1
Rajesh,22217327,18
Singh,22217327,9
Lorna,6299060,4
Jim,6299060,23
Eastland,5801352,23
Janet,1609729,24
Moon,1609729,3
Michael,1609729,17
Juanita,1609729,6
Edna,1609729,10
King,1609729,23
David,1609729,3
Daniels,955409,16
Shaw,955409,2
Patrone,955409,7
Grey,955409,17
Garber,955409,6
Blue,955409,17
Longman,955409,13
Green,955409,7
Kipper,23628615,14
Sullivan,23628615,1
John,23628615,13
Dick,23628615,20
Stone,2350185,9
Bunny,24938584,3
Sam,24938584,17
Vanessa,19552121,16
Chrysella,19552121,21
Myron,19552121,16
Barbie,19552121,6
Lola,19552121,9
Evan,19552121,16
Ashlynn,19552121,12
Violet,19552121,6
Janessa,19552121,24
Poofles,19552121,10
Emma,19552121,18
Thumbelina,19552121,6
Amy,31223331,3
Rory,31223331,3
Heather,20580702,3
Sam,20580702,2
Harry,20580702,6
Samantha,20580702,23
Emily,20580702,8
Nikki,20580702,3
Eva,20580702,19
Francisco,34657171,3
Lillian,34657171,2
Brooks,34657171,5
Mouch,34657171,19
Galt,34657171,22
Daniels,34657171,16
Rearden,34657171,6
d'Anconia,34657171,8
Dagny,34657171,6
Danagger,34657171,9
Taggart,34657171,2
Tophet,15525072,11
Bobby,15525072,6
God,15525072,6
Shelton,15525072,6
Wayne,15525072,22
Burns,15525072,11
Throckmorton,8574921,21
Snively,8574921,3
Smith,8574921,8
Cindy,8574921,4
Bear,8574921,22
Dingwell,8574921,7
Doggie,8574921,8
Boo,8574921,7
Sophie,8574921,12
Yogi,8574921,24
Tony,12187735,6
Whitman,12187735,19
Allan,12187735,16
Poe,12187735,3
Maria,12187735,19
Graham,12187735,0
Sam,129619,3
Molly,129619,17
Mae,129619,6
Carl,129619,17
Bruner,129619,18
Willie,129619,23
Floyd,129619,4
Brown,129619,5
Lopez,129619,21
Wheat,129619,15
Jensen,129619,1
Rafi,35863355,19
Arthur,16262723,6
Kelton,16262723,6
Fay,16262723,3
Dilling,16262723,1
Cheyney,16262723,19
Charles,16262723,3
Witherspoon,16262723,18
Viswanathan,5350092,4
Vishwanthan,5350092,17
Aarumugam,5350092,6
Reddy,5350092,5
Maha,5350092,12
Bob,18089720,6
Duska,18089720,23
Maggie,11388323,14
Preyde,17233268,21
Collyer,29213267,4
Clegg,29213267,4
Marsh,29213267,2
Keith,22637647,17
Megan,22637647,6
Tyler,22637647,3
Kyle,22637647,3
Regina,22637647,2
Mark,22637647,3
Ashley,22637647,23
Jenna,22637647,3
Eddie,3311144,6
Lawrence,14418816,11
Narasaki,3356058,20
Negadon,3356058,16
Falcon,9103839,15
Seagull,9103839,10
David,25562673,21
Achu,25562673,16
Kochukunju,25562673,13
Kowl,25562673,18
Venjarammood,25562673,11
Vijayaraghavan,25562673,11
Penny,3017440,8
Budget,3017440,9
Rochester,3017440,20
Henderson,3017440,13
Whalen,3017440,20
King,3017440,20
Simha,29833420,22
Dechen,29833420,17
Cissy,34604303,16
Jean,34604303,12
Verdi,34604303,24
Reg,34604303,16
Wilf,34604303,16
Harper,32654062,11
Dzerzhinsky,32654062,17
Knight,1605019,15
Dow,26726831,2
Bishop,26726831,19
Matt,26726831,3
Swenson,26726831,15
Morgan,26726831,6
Davey,26726831,17
Helga,26726831,22
Jackson,25747499,0
Cooper,25747499,11
Anderson,25747499,17
Clifford,25747499,1
King,3476903,3
Morpheus,3476903,17
Camille,3476903,1
Jim,8605084,21
Melissa,8605084,3
Jordi,8605084,6
Fernack,1353062,18
Cullis,1353062,11
Webster,1353062,18
Dyson,1353062,17
Damme,1429988,3
Daffy,18620635,3
Jerkyl,18620635,3
Chloe,18620635,17
Ho,7048628,20
Mindy,7048628,3
Yee,7048628,4
Lee,7048628,13
Zulkifli,12339056,22
Faizal,12339056,16
Nora,12339056,14
Boyz,29733028,22
Radhika,29733028,14
Jerry,29733028,6
Patel,29733028,6
Nick,29733028,1
Sharma,29733028,19
Suresh,29733028,8
Awasthi,29733028,14
Abraham,29733028,15
Salwa,25625802,4
Mostafa,25625802,11
Fleck,2477367,21
Harry,2477367,23
Rory,2477367,6
Macheeba,2477367,19
Suki,2477367,21
Linus,2477367,21
Neytiri,4273140,24
Selfridge,4273140,6
Quaritch,4273140,17
Pandora,4273140,16
Chac,4273140,7
Jake,4273140,6
Hometree,4273140,16
Grace,4273140,4
Tsu,4273140,18
Grant,68485,3
Murphy,68485,4
Gennaro,68485,17
Nedry,68485,4
Hammond,68485,13
Malcolm,68485,17
Tim,68485,17
Sattler,68485,3
Muldoon,68485,23
Blackie,5697939,23
Ling,5697939,3
Sonachalam,36003936,21
Perundevi,36003936,6
Thangam,36003936,24
Kannan,36003936,21
Varadarajan,36003936,6
Veeramuthu,36003936,3
Radha,36003936,4
Perundhevi,36003936,23
Snoodleburg,4870829,4
Hyde,4870829,7
Butterbun,4870829,24
Akmetha,4870829,9
Jiggle,4870829,6
Sly,4870829,6
Larry,4870829,6
Doo,4870829,3
Bob,4870829,16
Poole,4870829,10
Snoodle,4870829,13
Ye,5318353,13
Yiru,5318353,13
Prince,5318353,7
Yu,5318353,17
Wan,5318353,17
Chan,5318353,2
Jai,5318353,14
Man,5318353,11
Shi,5318353,19
Ram,11217759,23
Devi,11217759,6
Madhav,11217759,10
Nature,11217759,19
Karuna,11217759,14
Gupta,11217759,13
Naresh,11217759,14
Kapur,11217759,6
Singh,11217759,3
Chandramukhi,11217759,21
Madison,14069401,7
Vishal,31361599,6
Malvika,31361599,6
Rahul,31361599,21
Jackson,14737005,10
Larry,14737005,23
Calvin,24322105,6
Tate,24322105,14
Frannie,24322105,6
Clive,9630679,18
Nick,9630679,2
Anna,9630679,3
Ritter,25724666,11
Missy,25724666,17
Yandle,25724666,8
Vicki,25724666,23
Chandler,25724666,21
Weaver,25724666,15
Clinton,25724666,0
Flaco,19836341,3
Escobar,19836341,15
Gibbs,27876056,18
Caldwell,27876056,4
Oswald,34396217,3
Ah-piao,19661752,5
Kensington,4446490,19
Barrows,4446490,21
Diane,4446490,7
Vincenzo,4446490,15
Roger,4446490,3
Lemmon,4446490,9
Alyssa,4446490,3
Clarice,4446490,6
Amanda,4446490,3
Callaway,4446490,5
Nixon,13617056,7
Bartholomew,13617056,10
Littletown,13617056,11
Gary,13617056,14
Mabuser,13617056,22
Povey,6196919,17
William,6196919,17
Fallsworth,6196919,4
Dunstan,6196919,13
Blayne,6196919,1
Mercy,6196919,17
Lorenzo,6196919,6
Anne,6196919,3
III,6196919,20
Kidd,6196919,4
Shadwell,6196919,18
Wiggs,7818764,12
Jackson,6097745,23
Danner,6097745,1
Jason,6097745,23
Maggie,6097745,3
Maria,6097745,24
Liebnecht,6097745,15
Jacques,6097745,20
Pete,6097745,5
Walsingham,6097745,8
Walsh,6097745,17
Mountolive,6097745,16
Highcliff,2910952,9
Jacqueline,2910952,3
Ward,2910952,2
Mary,2910952,21
Judd,2910952,13
Gaynor,15726899,5
Long,15726899,12
Boo,15726899,7
Philippides,4873690,4
Hippias,4873690,9
Miltiades,4873690,16
Charis,4873690,11
Andromeda,4873690,6
Sandy,2276474,3
Rice,2276474,10
discover,2276474,15
Eric,2276474,16
Parsons,2276474,11
Nick,2276474,3
Bert,2276474,17
Ida,2276474,3
Donna,2276474,24
Carla,2276474,16
Redl,2866335,6
Kubinyi,2866335,6
Izzie,5254729,2
Nature,5254729,19
Rosie,5254729,18
Adam,5254729,2
Walter,4885828,24
Mark,4885828,4
Lisa,4885828,1
Kate,4885828,4
Bullfincher,23691144,17
Lee,23691144,24
Bates,23691144,0
Lancaster,23691144,0
Madison,23691144,8
Chet,5273390,14
Ray,5273390,23
Laurie,5273390,6
Sanders,5273390,7
Tanner,5273390,19
Lori,5273390,3
let,5273390,0
Spike,5273390,2
Perry,5273390,23
Heidi,5273390,0
Judy,5273390,17
Max,5273390,3
Jarret,5273390,17
Desiree,12112395,24
Chandling,12112395,10
Jordan,12112395,3
Wells,12112395,0
Bettencourt,12112395,14
Griffin,12112395,17
Wade,12112395,7
Shay,12112395,3
Ren,7425934,0
Liang,7425934,1
father,5353344,16
Kat,34031163,5
Buckner,30497863,13
Khan,26146275,3
Drake,26146275,5
Poppea,26146275,21
Gillespie,30676896,22
Kildare,30676896,6
Murnau,45488,6
Jannings,45488,13
Monen,45488,10
Wolf,11901968,14
Bucky,11901968,15
Sanchez,11901968,16
Sugar,11901968,7
Radcliffe,9378574,6
Palmer,9378574,6
Ross,9378574,6
Courtney,9378574,12
Carswell,9378574,6
Dalby,9378574,6
Rosie,26188630,4
Emma,26188630,1
Hicks,26188630,11
Sorge,29672995,17
Bock,29672995,12
Hitler,29672995,6
Scheliha,29672995,10
Pavlov,29672995,24
Zhukov,29672995,0
Yelnya,29672995,4
Kosmodemyanskaya,29672995,4
Stalin,29672995,6
Rakutin,29672995,1
Robbie,600807,3
Hall,600807,6
Kate,600807,3
Wheeling,600807,0
Pardieu,600807,20
Sheppard,31061078,11
Fane,6456053,11
Eloise,6456053,24
Charles,6456053,24
Davich,6456053,6
Jenkins,6456053,5
Paolo,6456053,18
V.,6456053,0
Millett,6456053,6
Bomba,6456053,9
Friedlander,6456053,9
Stefano,6456053,15
Masetti,26358383,21
Marisoni,26358383,15
Mangano,26358383,5
Rossi,26358383,10
Kathryn,20195915,7
Ward,20195915,1
MacDonald,20195915,9
Reynolds,20195915,2
Russ,20195915,6
Brown,20195915,15
Bacos,20195915,10
Ellie,20195915,3
John,25340063,11
Premavati,7541099,23
Banavasi,7541099,10
Vedas,7541099,3
Vishnugopa,7541099,13
Chandravarma,7541099,19
Kanchi,7541099,9
Jetti,7541099,14
Mayura,7541099,21
Raja,35790656,14
Coll,6789650,6
Amasatou,6789650,16
Ibrahima,6789650,13
Joe,4163253,21
Jo,4163253,23
Spike,11250662,3
Tom,11250662,3
Jerry,11250662,3
Genevieve,3375353,13
Morane,3375353,3
Delphine,3375353,24
Suel,31935306,10
Cledir,31935306,23
Maiquel,31935306,13
Didi,5427514,10
Thatcher,32828021,23
Murdoch,32828021,9
Grumbach,28558061,7
Melville,28558061,13
Wolfman,25886080,10
Sam,25886080,21
Jerry,25886080,19
Hearthrob,25886080,15
Mandy,25886080,22
Skritch,25886080,18
Skrich,25886080,18
Alex,25886080,21
Kensington,444267,12
Warner,444267,16
Windham,444267,7
Elle,444267,21
Paulette,444267,1
Stromwell,444267,12
Richmond,444267,0
Brooke,444267,5
Woods,444267,15
Vivian,444267,21
III,444267,8
Taylor-Windham,444267,5
Callahan,444267,13
Sam,36036213,6
Goodman,36036213,14
Clint,36036213,3
Eberly,36036213,9
Owen,36036213,5
Joanna,36036213,3
Sloan,30639653,13
Mackenzie,30639653,19
Lena,30639653,12
Philips,30639653,7
Mullan,30639653,18
Kavik,31076868,21
Evans,31076868,21
Hunter,31076868,4
Walker,31076868,6
Lotte,35320691,17
Ove,35320691,3
Roger,35320691,3
Diana,35320691,23
Clas,35320691,3
Greve,35320691,2
Brown,35320691,8
Aung-Thwin,21875594,4
Inuuvunga,21875594,7
Cross,21875594,12
Paul,1367539,2
Howard,1367539,21
Michael,1367539,12
Hay,1367539,8
Bob,1367539,4
David,1367539,6
Cassidy,1367539,11
Caffrey,1367539,23
Willy,1367539,3
Sean,1367539,3
John,1367539,22
Campbell,1367539,19
Alberto,1367539,15
Lillie,1367539,12
Lisa,1367539,16
Preiti,21787356,13
Rohit,21787356,8
Ranjit,21787356,23
Allen,1397120,19
Maggie,1397120,21
Peter,1397120,13
Patterson,1397120,7
Kovak,1397120,11
Woodward,3876620,17
Sloan,3876620,22
Bernstein,3876620,18
McGovern,3876620,24
Mitchell,3876620,9
Ford,3876620,0
Bradlee,3876620,3
Colson,3876620,11
Nixon,3876620,13
McCord,3876620,10
Throat,3876620,11
Muskie,3876620,20
Wills,3876620,24
Jr.,3876620,14
Haldeman,3876620,9
Hunt,3876620,18
Yank,5982397,14
Moe,5982397,3
Larry,5982397,21
Tug,5982397,13
Mitch,29717684,3
Dan,29717684,8
Reed,29717684,13
Adam,27261334,23
Noelle,27261334,3
Hamza,31433025,3
Pul,31433025,14
Mirza,31433025,13
Iqbal,31433025,0
Arsalan,31433025,21
Maria,33446226,13
Michael,33446226,17
Ben,33446226,3
David,33446226,3
Rossi,33446226,12
Nisha,1654450,13
Ajay,1654450,3
Pooja,1654450,21
Chongo,28370864,17
Chet,28370864,3
Travis,28370864,3
Nick,28370864,3
Kate,28370864,17
Sandra,28370864,23
Dwayne,28370864,3
King,28370864,10
Rodin,760738,9
Claudel,760738,5
Marina,1997332,18
Nicolas,1997332,19
Elsie,1997332,21
Nicholas,1997332,6
Prince,1997332,6
V,1997332,0
Charles,1997332,12
Tom,9435892,3
Newman,9435892,4
Cohen,9435892,22
Tura,76389,3
Schultz,76389,22
Maria,76389,3
Hitler,76389,21
Sobinski,76389,3
Ehrhardt,76389,13
Siletsky,76389,6
Bronski,76389,6
Greenberg,76389,22
Shetty,8817989,6
Welankar,8817989,18
Puri,8817989,16
Jyotsna,8817989,17
Anant,8817989,3
Ali,8817989,14
Gokhale,8817989,3
Desai,8817989,4
Subramanian,8817989,9
Cynthia,23691846,6
Drexel,23691846,22
Allen,23691846,6
Rienne,23691846,7
Petroff,23691846,6
Bob,23691846,6
Saga,3645450,13
Ingemar,3645450,3
Arvidsson,3645450,12
Sandberg,3645450,16
Patterson,3645450,14
Ulla,3645450,2
Ramel,3645450,12
Johansson,3645450,1
Fransson,3645450,15
Gunnar,3645450,21
Liao,8443094,24
Jing,8443094,18
Sung,8443094,21
Long,8443094,7
Pao,8443094,3
Taylor,27953573,15
Laura,27953573,6
Marcus,27953573,3
Arkadiusz,27953573,17
Lidia,27953573,3
Dariusz,27953573,23
Carmen,27953573,17
Henryk,27953573,3
Aleks,27953573,24
Sara,27953573,3
Freddy,23780420,2
Charlie,23780420,18
DaVito,23780420,4
Gerrard,21581927,17
Gill,21581927,1
Mead,21581927,23
Hector,25926314,23
Sylvester,25926314,23
Granny,25926314,10
Hall,14661244,13
Romney,14661244,5
Hitler,12336355,2
Gersdorff,12336355,12
Bussche,12336355,5
Stauffenberg,12336355,4
Lipski,30488499,20
Kiler,30488499,21
Ewa,30488499,3
Szakal,30488499,23
Agartha,228519,1
Nagamine,228519,3
Noboru,228519,17
Terao,228519,23
Mikako,228519,3
Simos,24955248,9
Manuela,61664,6
Nina,61664,13
Huma,61664,13
Almod,61664,13
Lola,61664,21
Rojo,61664,19
Esteban,61664,15
Cruz,61664,19
Agrado,61664,6
Cassavetes,61664,11
Rosa,61664,13
DuBois,61664,19
Sapic,61664,11
Myrick,3190223,17
Guy,3190223,4
Morse,3190223,11
Luthan,3190223,22
Daffy,7100124,3
Porky,7100124,6
Moose,906737,8
Leo,906737,6
Julius,906737,6
Gloria,906737,15
Bruno,906737,17
Lily,906737,2
White,26187961,16
Susan,26187961,21
Brecker,26187961,19
Slade,26187961,2
Sampson,2666222,1
Elsie,2666222,21
Wanzer,2666222,11
Benjamin,2666222,6
Blacks,2666222,18
Clyde,2666222,5
John,2666222,6
Green,2666222,23
Steve,3822568,6
son,3822568,19
Hallet,3822568,17
Elaine,3822568,6
Armitage,3822568,20
Billy,3822568,12
Rex,3822568,18
Rikke,24668912,7
Benson,14143498,14
Lane,14143498,0
Jack,14143498,0
Cortez,9609271,8
Lester,9609271,19
Mademoiselle,11379588,13
Manou,11379588,16
Jhoomri,13579288,21
Rani,13579288,2
Ravi,13579288,3
Khote,13579288,15
Krista,24228929,5
Fergie,24228929,19
Frawley,24228929,16
Claire,24228929,13
Colm,24228929,4
Doug,24228929,3
Stephen,24228929,3
Coughlin,24228929,17
Keesey,24228929,10
Turner,25830343,12
Greer,25830343,21
Carrie,25830343,1
Kress,25830343,0
Nancy,25830343,2
Jack,25830343,6
Jr.,25830343,14
Askins,8170692,11
Sanders,8170692,6
Marie-Lou,24479826,0
Steph,24479826,16
Rose,24479826,24
Babu,24044720,4
Jeeva,24044720,3
Nadesan,24044720,17
Pragasam,24044720,3
Mika,6211560,23
Ferdeleh,9083492,1
Powers,789903,13
Bast,789903,9
Laurel,789903,2
Hedare,789903,9
Slavicky,789903,13
Phillips,789903,8
Margolin,12585204,0
Sandy,12585204,21
Sandi,12585204,21
Holly,12585204,6
Dunlap,12585204,13
Davis,12585204,4
Lucy,10513897,12
Ruth,10513897,0
Aileen,10513897,7
Gino,10513897,15
Ray,20926377,3
Mary,20926377,6
Embrey,20926377,18
Hancock,20926377,3
Daniel,25326806,21
Clemens,25326806,19
Paul,25326806,19
Hardy,4765472,20
Butch,10960492,3
Tom,10960492,3
Jerry,10960492,3
Ross,7577684,11
Bourman,26624119,12
Trirene,26624119,1
Kruse,26624119,20
Allison,26624119,0
Markova,26624119,4
Christ,9271112,12
Robledo,9271112,6
Marquis,9271112,17
Fontenoy,9271112,24
Pirovani,9271112,21
Anderson,9271112,9
Manuel,9271112,5
Manos,9271112,14
Duras,9271112,15
Osborne,9271112,9
Elena,9271112,6
Jayadev,32117410,1
Fl,29346238,5
Arabella,29346238,8
Parju,29346238,24
Blaireau,29346238,24
Rawnsley,586023,18
Dubois,586023,1
Yamamoto,586023,8
Whitman,586023,11
Patricia,586023,5
Mays,586023,6
Justice,586023,21
Newton,586023,23
Searle,586023,1
Ponticelli,586023,21
Ware-Armitage,586023,10
Dyke,586023,9
Courtney,586023,11
Skelton,586023,9
Demoiselle,586023,17
Tony,11194174,3
Shaan,11194174,0
Khan,11194174,9
Bhasin,11194174,16
Singh,11194174,20
Rumana,11194174,21
Bakshi,11194174,15
Abraham,11194174,2
Murdock,11160859,6
Drake,11160859,3
Mora,11160859,21
Gregory,10249232,6
JoJo,10249232,10
Lightner,10249232,7
Brown,10249232,2
Dell,10249232,6
Waldorf,33025390,14
Martin,33025390,4
Finch,33025390,18
Alice,16487646,3
Hare,16487646,20
Wood,217835,15
Layla,217835,14
Norwood,217835,0
Imlach,217835,8
Brown,217835,22
Henry,6098808,3
Ashen,6098808,14
Ella,6098808,3
Taylor,6098808,9
Lipton,6098808,17
Marion,6098808,6
Mary,6098808,21
Jamie,6098808,3
Shaw,6098808,3
Billy,6098808,5
Lisa,6098808,3
Ron,3223514,1
Kenny,3223514,21
Croker,3223514,17
Feather,24518351,1
Gill,24518351,4
Gutshall,24518351,18
Madonna,24518351,3
Jeanine,11094192,23
Robbie,11094192,6
Luther,11094192,8
Charlie,11094192,17
Harman,11094192,17
Neil,144415,6
Laura,144415,17
Miller,144415,13
Charlie,144415,6
Calvin,144415,15
Scott,144415,3
Bernard,144415,6
Joe,2532751,4
Bonnard,2532751,3
Dita,2532751,21
Billy,9574476,24
Ruth,9574476,21
Bora,25824989,10
Pritom,25824989,14
Torali,25824989,8
Baruah,25824989,1
Malati,25824989,2
Tarali,25824989,20
Mohen,25824989,20
Pabitra,25824989,20
Cluck,1194084,2
Buck,1194084,1
Mallard,1194084,9
Little,1194084,23
Kotobuki,30174288,6
Inoue,30174288,13
Nanase,30174288,17
Amano,30174288,20
Miyazawa,30174288,3
Takeda,30174288,12
Miu,30174288,6
Tohko,30174288,21
Asakura,30174288,24
Hegde,13386113,0
Ram,13386113,6
Nirmala,13386113,14
Mythilli,13386113,16
Maggi,13386113,15
Mythili,13386113,3
Sardar,13386113,24
Maragadavalli,13386113,14
Nair,13386113,0
Reddy,13386113,0
Iyer,13386113,3
C.M,13386113,14
Patel,33435278,5
Chakraborty,33435278,5
Garewal,33435278,5
Galactus,3654271,16
Johnny,3654271,4
Victor,3654271,4
Grimm,3654271,1
Doug,3654271,17
Evans,3654271,15
Glacier,3654271,11
Richards,3654271,17
Reed,3654271,13
Matsumoto,6076402,15
Jameson,6076402,5
Alexander,6076402,17
Conway,6076402,17
Doc,6076402,17
Peter,11788641,18
Susan,11788641,21
Prasanth,25157043,15
Saravanan,25157043,3
Ravi,25157043,12
Kavitha,25157043,20
Armstrong,25157043,18
Carter,23229518,0
Randolph,23229518,17
Warren,23229518,4
Howard,23229518,23
Tanya,23229518,16
Alyda,23229518,4
Winthrop,23229518,22
Blake,8526754,20
Carrie,8526754,3
White,8526754,0
Desjarden,8526754,24
Ross,8526754,17
Tina,8526754,17
Snell,8526754,0
Norma,8526754,2
Margaret,8526754,6
Hargensen,8526754,9
Chris,8526754,17
Nolan,8526754,4
Brazos,12272453,14
Elizabeth,12272453,6
Cotton,12272453,1
Varner,12272453,13
Johnson,12272453,8
Hearn,12272453,1
Nelson,12272453,7
Walter,3189853,21
Maryam,3189853,24
Edward,3189853,17
Bayan,3189853,15
Chiranjeevi,10791992,4
Iyengar,10791992,24
Rajini,10791992,21
Sridevi,10791992,11
Kusumawati,33725922,10
Durgi,33725922,23
Rajadhyaksha,33725922,21
Raghu,33725922,2
Sanjay,33725922,9
Sabina,4436565,19
Luca,4436565,24
Ray,12049835,3
Dirk,12049835,14
Tuckby,12049835,21
Eddie,12049835,6
Merl,12049835,10
Nora,12049835,13
Whittle,3700174,12
Pelt,3700174,7
Sam,3700174,16
Alan,3700174,3
Sarah,3700174,3
Carl,3700174,21
Peter,3700174,23
Shepherd,3700174,19
Bentley,3700174,18
Parrish,3700174,3
Judy,3700174,17
Nora,3700174,12
Myeong-suk,20837938,8
Jae-woo,20837938,23
Chico,1213595,6
Bond,1213595,16
Ishigami,1213595,3
Ryo,1213595,17
Bagi,1213595,3
Edgar,5927555,23
Bergen,5927555,17
Driscoll,5927555,20
Mortimer,5927555,7
Kathryn,5927555,12
Charlie,5927555,22
Disney,5927555,21
Beaumont,5927555,11
Alice,5927555,13
Snerd,5927555,17
McCarthy,5927555,3
Tom,20536322,20
Denice,20536322,20
Jon,20536322,6
Kim,20536322,3
Tess,20536322,12
Idella,129444,10
Daisy,129444,3
Boolie,129444,21
Werthan,129444,13
Colburn,129444,20
Hoke,129444,21
Anna,1632580,21
Harrison,1632580,21
Ben,1632580,21
Jackie,1632580,6
Simpson,9620276,4
Anderson,9620276,2
Smith,9620276,3
Maizie,9334416,24
Phroso,9334416,6
Anna,9334416,6
Crane,9334416,3
Doc,9334416,16
Beckett,22713372,3
Koven,22713372,13
Herrmann,22713372,7
Edward,22713372,3
Cassie,22713372,23
Alathea,24490517,13
Suzette,24490517,8
Thormonde,24490517,1
Richard,20444120,17
Ballard,20444120,22
Bennie,20444120,10
Valliant,20444120,23
Alan,4121272,3
Robbie,4121272,3
Caine,4121272,15
Wilkes,4121272,7
Brooke,4121272,3
Bev,4121272,3
Feinstone,4121272,6
Jamie,4121272,20
Burns,4121272,13
Taylor,31096685,0
Carter,31096685,19
Haley,31096685,10
Carey,31096685,21
Adman,22182775,19
Aniruddha,32493869,3
Krishna,32493869,15
Chitralekha,32493869,13
Usha,32493869,13
Banasura,32493869,11
Parinayam,32493869,16
Ganesh,5746900,6
Raghava,5746900,17
Anthony,5746900,14
Philippe,26391644,12
Ester,26391644,8
Scheider,3556701,5
Backlinie,3556701,1
Scott,3556701,17
Kittridge,3556701,8
George,3556701,9
Stober,3556701,10
Hooper,3556701,22
Vaughn,3556701,20
Kelly,3556701,6
Corwin,3556701,5
Quint,3556701,15
Brody,3556701,18
Franco,15895549,22
Ciccio,15895549,4
Todd,36405666,16
Steve,36405666,5
Brad,36405666,22
Claire,36405666,4
Julia,36405666,4
Phil,36405666,11
Savithri,1979586,21
Mahalakshmi,1979586,2
Reddy,1979586,8
Mary,1979586,9
Kumari,1979586,15
Roberts,9476203,12
Maggie,9476203,17
Hunter,9476203,24
Hathaway,9476203,24
Wonder,11639973,13
Ferring,11639973,16
Harry,11639973,17
Inez,11639973,17
Liane,11639973,14
Sabrina,11452604,3
Rita,11452604,13
Summers,11452604,23
Joe,11452604,6
Jimmy,11452604,1
Masterson,11452604,19
Tina,11452604,3
Ellie,11452604,4
Rimbaud,803786,16
Isabelle,803786,2
Dormeur,803786,2
Verlaine,803786,21
Brady,13239722,15
Carrie,13239722,6
Samantha,13239722,3
Steve,13239722,6
Lewis,13239722,9
Miranda,13239722,6
Louise,13239722,6
Goldenblatt,13239722,6
Blahnik,13239722,5
Lily,13239722,10
Natwarlal,10617974,13
Gridharilal,10617974,18
Vikram,10617974,22
Mason,31643324,6
Bliss,31643324,14
Anthony,31643324,12
Martindale,31643324,6
Valle,31643324,11
Caroline,31643324,6
Martin,1376794,4
Hando,1376794,3
Gabrielle,1376794,6
Davey,1376794,6
Scott,1376794,16
Woodly,909940,13
Paul,909940,7
Penelope,909940,2
Christ,909940,22
Harper,909940,20
Ryan,909940,6
June,909940,2
Tyrrell,14503554,11
Adam,5478827,9
Patricia,5478827,12
Kousalya,16166225,15
Satyaraj,16166225,3
Rambha,16166225,23
Munjal,30523147,8
Mohandas,30523147,8
Achu,30523147,16
Boban,30523147,5
Vijayan,30523147,15
John,30523147,4
Sreekumar,30523147,12
Anikha,30523147,4
Aaron,3028833,21
Matthew,3028833,16
Kurtz,3028833,11
Purnell,3028833,9
Gray,1105307,4
Geronimo,1105307,4
Parker,1105307,24
Pauline,1105307,16
Clarke,7147117,3
Mary,7147117,3
Emmanuel,7147117,15
Malaika,27683146,23
Mara,27683146,17
Kali,27683146,3
Fang,27683146,3
Layla,27683146,3
Juan,15408925,3
Rodrigo,15408925,24
Pym,33437103,12
Larry,33437103,15
Megan,1129009,4
Gale,1129009,9
Rufus,1129009,16
Gruber,1129009,17
Hill,1129009,13
track,1129009,24
West,1129009,17
Dan,1129009,3
Cain,1129009,4
Halsey,1129009,4
Bunta,16987257,4
Frankie,16987257,3
Banks,16987257,0
Maston,16987257,4
Kawamoto,16987257,17
Rex,16987257,15
Chuck,16987257,3
Wade,16987257,16
Bryant,4679340,23
Archer,4679340,7
Arnie,4679340,13
Ellie,4679340,6
Dunbar,4679340,21
MacNamara,4679340,6
Rachel,4679340,4
Davies,4679340,14
Brown,4679340,9
Stanwick,4679340,17
Threthewey,4679340,12
Amalia,11077335,4
Strelnikov,11077335,17
Komarovsky,11077335,6
Zhivago,11077335,22
Tonya,11077335,23
Lara,11077335,21
Stalin,11077335,14
Yuri,11077335,13
Antipova,11077335,19
Gromeko,11077335,13
Antipov,11077335,17
Danny,6954370,21
Ernie,6954370,5
Tate,6954370,4
Elizabeth,6954370,13
Radley,6954370,17
Daniel,6954370,3
McMann,6954370,12
Carla,6954370,21
Aaron,1055633,6
Lila,1055633,22
Montagne,1055633,15
Markelli,1055633,22
Julie,1055633,6
Ryder,1055633,6
Farron,1055633,11
Davis,1055633,11
Christian,1055633,21
Samantha,28069887,4
Matt,28069887,13
Claire,28069887,16
Brody,28069887,24
Smith,28069887,13
Thompson,28069887,9
Jensen,28069887,0
Lucy,28785017,22
Richard,28785017,6
Elizabeth,28785017,6
Diane,28785017,16
Hall,28785017,1
Seymour,28785017,6
Fordyke,28785017,6
Tom,28785017,6
Wentworth,28785017,17
Mary,28785017,1
Anne,28785017,23
Judd,28785017,19
Warner,97732,9
Moffatt,97732,11
Tom,97732,14
Western,97732,24
Bridget,97732,22
Jones,97732,8
Waters,97732,17
Thwackum,97732,7
Bellaston,97732,1
Partridge,97732,7
Sophie,97732,23
Blifil,97732,11
Allworthy,97732,21
Chitrasen,9265338,23
Rehman,9265338,22
Eiji,5320667,11
Kawamura,5320667,11
Fuji,5320667,22
Oishi,5320667,21
Higaki,5320667,16
Hadokyuu,5320667,11
Kaidoh,5320667,3
Egate,5320667,23
Seigaku,5320667,14
Tezuka,5320667,3
Momoshiro,5320667,6
Nanjiroh,5320667,7
Inui,5320667,3
Kikumaru,5320667,0
Shioin,5320667,16
Ryoma,5320667,11
Echizen,5320667,21
Fox,23370311,10
Carrington,23370311,16
Bridger,23370311,0
Gardner,14500944,19
Julie,14500944,4
Carston,14500944,5
Bradford,14500944,18
Hope,1622296,17
Todd,1622296,24
Shorty,1622296,10
Crosby,1622296,22
Team,2784636,23
Bravo,2784636,3
Frank,2784636,3
Fujiwara,449731,16
Nimura,449731,21
Shinichiro,449731,4
Arita,449731,22
Douglas,4059223,17
Pollard,4059223,3
Gramm,4059223,6
Coates,4059223,3
Parks,4059223,17
Katie,4059223,17
Doherty,4059223,12
Forster,4059223,6
Morris,4059223,0
Doc,4059223,5
Stempt,4059223,9
Lauren,4059223,3
Johnson,4059223,12
Cummings,4059223,20
Shelly,4059223,17
Carol,4059223,24
LaForge,4059223,17
Sarah,2819995,2
Michaelson,2819995,18
Eli,2819995,5
James,2819995,20
Mariner,2819995,6
Murphy,18793990,10
Chun,2323824,3
Janet,2323824,17
Ko,2323824,19
Yee,2323824,17
Tanaka,2323824,13
Kam-Sing,2323824,6
Justin,21366745,13
Eric,21366745,16
Sullivan,21366745,11
Sarah,21366745,3
Lynch,21366745,15
Patrice,11440374,18
Sheridan,11440374,6
Margaret,11440374,12
Johnson,11440374,0
Ed,11440374,9
Young,11440374,6
McCrea,11440374,4
Perry,11440374,10
Strull,11440374,6
Alex,23731682,13
Stockmar,12932741,12
Albert,12932741,21
Conroy,12932741,11
Victoria,12932741,21
IV,12932741,16
Leopold,12932741,17
Peel,12932741,9
Ernest,12932741,13
Britney,25185963,3
Brooks,25185963,24
Rick,25185963,19
Ashley,25185963,6
Robyn,25185963,5
Mike,25185963,6
Frankin,3117366,0
Meeper,3117366,3
Ale-E-Inn,3117366,23
Sudha,30476775,17
Dinesh,30476775,0
Tara,30476775,8
Akhilan,30476775,6
Anjali,30476775,14
Ramachandran,30476775,21
Ashok,30476775,18
Vimalan,30476775,21
Energion,30476775,23
Doli,24165554,3
Acharya,24165554,4
Ramgopal,24165554,3
Edgar,10501623,14
Tracy,10501623,3
Bobby,10501623,21
Wesley,10501623,3
Stifler,10501623,12
Erik,10501623,21
Ashley,10501623,2
Coozeman,10501623,18
Cooze,10501623,6
Levenstein,10501623,4
Denise,10501623,12
Kelner,30960410,18
Nichol,30960410,15
Stanley,30960410,19
Simon,30960410,7
Andy,30960410,3
Pelt,3204413,24
Lucy,3204413,17
Snoopy,3204413,3
Spike,3204413,17
Brown,3204413,13
Rerun,3204413,6
Barou,34953122,5
Clark,17557442,15
Sheen,17557442,18
Joun,17557442,20
Forouzesh,17557442,22
Cowan,17557442,10
Bunny,165106,1
Cutler,165106,23
Sumner,165106,3
Watson,165106,13
Coder,5103449,10
Reiko,5103449,24
Sneed,14734277,4
Rork,14734277,4
Larry,14734277,20
Gizmo,382387,4
Peltzer,382387,21
Hanson,382387,2
Beringer,382387,11
Stripe,382387,24
Billy,382387,16
Nene,6090730,6
Angel,6090730,13
Noriega,6090730,9
Fontana,6090730,3
Vivi,6090730,20
Nando,6090730,23
Randall,7264941,17
Bennett,7264941,5
Bl,442647,21
Igor,442647,4
Elizabeth,442647,6
Kemp,442647,5
Frederick,442647,24
Inga,442647,10
Frankenstein,442647,6
Bill,36245129,3
Monique,36245129,21
Cerina,14737225,19
Shemp,14737225,17
Flint,14737225,5
Scot,9430272,24
Susan,9430272,24
Bruhl,9430272,5
Webster,9430272,10
Chino,18118843,16
Isabel,18118843,1
Encarna,18118843,23
Fuentes,18118843,22
Antonio,18118843,13
Jos,18118843,0
Carmen,18118843,8
nez,18118843,6
Amadeo,18118843,17
Antonia,18118843,23
Luciana,18118843,23
Jose,18118843,11
Jer,18118843,17
Christian,879006,3
Sam,31462588,14
Bishop,31462588,20
Britten,31462588,11
Shakusky,31462588,6
Sharp,31462588,4
Ben,31462588,1
Suzy,31462588,6
Pierce,31462588,15
Yalda,35734905,1
Reza,35734905,15
Ehsan,35734905,21
Farideh,35734905,16
Jenifur,610832,18
Oxenberger,610832,11
Haight,610832,17
Tallent,610832,21
Dick,610832,24
Randy,12495446,16
Mike,12495446,21
Jong-Xhan,11380361,3
Milyang,11380361,4
Fazackalee,1362026,14
McKenna,1362026,11
Hardcastle,1362026,6
Matt,1362026,13
Robin,1362026,5
Kinema,1362026,13
Quill,1362026,7
Jean,1362026,21
Hogg,1362026,19
Kamegoro,34814175,3
Kompira,34814175,5
Hachizo,34814175,2
Gorosuke,34814175,2
Sankichi,34814175,6
Paul,13681543,3
Leo,13681543,24
Shepherd,13681543,16
Virginie,13681543,9
Vivek,26319701,3
Saranalayalam,26319701,23
Akhila,26319701,23
Hitler,21395172,6
Furtw,21395172,21
Karajan,21395172,15
Goebbels,21395172,5
Wills,21395172,10
Arnold,21395172,6
Sykes,2510385,17
Swofford,2510385,3
Fergus,2510385,17
Fowler,2510385,5
Troy,2510385,21
Rotzinger,1834015,14
Grimm,1834015,3
Loomis,1834015,17
Phyllis,1834015,2
Janie,927401,12
Polly,927401,3
Fred,927401,17
Bunce,927401,7
Charles,927401,13
Lizzie,927401,21
Cronin,927401,24
Bobby,34053515,24
Prasad,34053515,14
Ramappa,34053515,17
Deepu,34053515,2
Ramakrishna,34053515,24
Leo,15547337,6
Bill,18192574,17
Jesse,18192574,6
Johnson,18192574,21
Shannon,28297691,14
Leung,28297691,23
Vanessa,28297691,17
Chen,28297691,23
Manny,28297691,3
Lin,28297691,6
Wilee,28297691,17
Henry,15856289,9
II,15856289,0
Burke,15856289,15
Brown,15856289,15
Durie,15856289,17
Mendoza,15856289,4
Arnaud,15856289,4
Durrisdeer,15856289,8
MacKellar,15856289,24
Alison,15856289,5
Steel,15856289,1
Jamie,15856289,24
Cash,1641890,21
Ray,1641890,5
Carter,1641890,15
Johnny,1641890,16
Smith,1641890,8
Liberto,1641890,15
Jack,1641890,23
Phillips,1641890,6
J.R.,1641890,6
Shep,2932836,15
Watson,2932836,23
Henry,5071341,3
Denning,5071341,4
Wolf,5071341,19
Budderball,5071341,7
Bartleby,5071341,3
Livingston,5071341,6
Billy,5071341,3
Tander,5071341,6
Niggles,5071341,3
Bob,5071341,17
Framm,5071341,12
Molly,5071341,23
Mudbud,5071341,7
Selkirk,5071341,6
Grim,5071341,4
Guizi,33643112,19
Yingzi,33643112,6
Zhen,33643112,1
Jesperson,1894535,23
Bullen,1894535,17
Smith,1894535,14
Kumar,29008008,17
Saroja,29008008,2
Lakshmi,29008008,2
Johnny,29008008,17
Seshagiri,29008008,18
Narahari,29008008,13
Kumari,29008008,8
Joginder,29008008,6
Murthy,29008008,17
Foster,20548047,8
Singhania,28212300,18
Verma,28212300,6
Chhotte,28212300,15
Tha,28212300,21
Priti,28212300,6
Mungalam,28212300,0
Skelton,5192298,10
Mildred,13391536,23
Harold,13391536,3
Skinner,13621743,19
Heidi,13621743,15
Gulk,1915087,13
Milad,15132280,1
Tonya,2233108,20
Julius,2233108,8
Paul,36273764,15
Varderman,36273764,5
Dileep,34259469,18
Santanu,34259469,8
Anuradha,34259469,14
Sanjay,34259469,19
Peter,28559069,6
Bobbit,561350,9
Hamed,8982712,3
Elham,8982712,6
Subhi,8982712,24
Fareed,8982712,16
II,18906833,5
John,18906833,21
Julie,18906833,21
Justine,34592130,16
Juliette,34592130,21
Ark,22321588,6
God,22321588,6
Muffet,22321588,13
Noah,22321588,16
s,22321588,20
Lunt,22321588,7
Muskie,22321588,16
Larry,22321588,3
Julia,22321588,9
Bob,22321588,3
Wicker,22321588,24
Gourd,22321588,6
Dhawan,33374163,21
Ke,33374163,9
Kapadia,33374163,5
Jayapradha,33374163,5
Holm,8202728,19
Muldoon,8202728,17
Jenny,8202728,16
Walt,8202728,17
Duncan,8202728,21
Garp,8202728,23
Fields,8202728,19
Helen,8202728,12
James,8202728,4
Jae-Goo,15263353,9
Cheol,15263353,15
Bowie,12165318,9
Hall,12165318,22
Cavell,32943502,0
Devreaux,32943502,4
Zaya,14922755,9
O'Hara,14922755,6
Dale,14922755,16
Norma,14922755,6
Burns,14922755,24
Henry,187095,12
Mason,187095,7
Robbie,187095,21
Williams,187095,14
Stephanie,187095,9
Rawlins,187095,18
Tony,187095,15
Palfrey,187095,8
Harrison,187095,15
Torgersen,187095,0
Kean,187095,12
Helen,187095,3
Fleur,187095,4
LouLou,187095,6
Begley,187095,13
Logan,7011080,24
Danny,12139125,3
Carrie,12139125,13
Berry,12139125,6
Michael,12139125,6
McCormack,12139125,8
Ave,12139125,3
Pete,12139125,16
Harold,12139125,3
Avery,12139125,6
Ludlow,12139125,9
Fisher,12139125,1
Mary,12139125,17
Cox,12139125,24
Igor,3131514,24
Kabir,8111774,23
Sanjana,8111774,13
Hussain,8111774,2
Roohi,8111774,14
Anishka,8111774,3
Goenka,8111774,6
Krish,8111774,6
Jane,42093,21
Kathy,42093,6
Lacey,42093,20
Minify,42093,17
Wales,42093,12
Dettrey,42093,19
Phil,42093,13
Goldman,42093,21
Tommy,42093,21
Dave,42093,6
Green,42093,0
Rosalie,23856529,19
Henry,477099,3
Lucy,477099,3
Islander,477099,6
Willy,477099,0
Nick,477099,6
Tom,477099,17
Doug,477099,13
Nicole,477099,13
Keats,477099,13
Marlin,477099,13
McCartney,477099,10
Roth,477099,8
Alexa,477099,6
Gruner,31050313,24
Longstreet,31050313,10
Cynthia,11915869,13
Miguel,11915869,21
Julian,11915869,8
Marianne,11915869,13
Quinones,11915869,2
Lennon,11915869,6
Brian,11915869,3
John,11915869,6
Cook,9998295,19
Kemidov,9998295,2
Immerman,9998295,10
Perrine,9998295,2
Gutman,9998295,2
Spade,9998295,16
Jr.,9998295,23
Litvak,9998295,18
Hitler,1159454,6
Luther,1159454,18
Himmler,1159454,11
Heydrich,1159454,6
Klopfer,1159454,6
Eichmann,1159454,4
Kritzinger,1159454,13
Stuckart,1159454,6
Akram,32152754,20
Bhidu,32152754,23
Singh,32152754,14
Tandon,32152754,17
Bhide,32152754,6
Manny,30311716,21
Holly,30311716,21
Walter,30311716,24
Rodrick,30311716,3
Greg,30311716,3
Farrell,30311716,9
Ferrell,30311716,9
Rowley,30311716,24
Ed,30311716,4
Hills,30311716,19
Malone,30311716,17
Ward,12613761,18
Muncie,12613761,6
Harvey,12613761,15
Phoebe,12613761,6
Titus,12613761,2
Radhika,24885724,7
Rane,24885724,17
Ajay,24885724,5
Tom,13206489,3
Jerry,13206489,23
Miles,9123604,11
Bendrix,9123604,12
Eishiro,32552640,13
Sohara,32552640,4
Hiyori,32552640,3
Tomoki,32552640,3
Kazane,32552640,3
Bernice,1042090,4
Fred,1042090,5
Bannister,1042090,10
Roshni,24884138,23
Shivani,24884138,24
Troi,157239,1
Ru'afo,157239,16
Anij,157239,4
Picard,157239,24
Dougherty,157239,17
Riker,157239,20
Lila,25767818,17
Porter,25767818,4
Stratton,25767818,18
Parker,25767818,9
Melinda,25767818,4
Sandra,25767818,6
Anderson,25767818,17
Sally,25767818,3
Helen,25767818,4
Tyson,25767818,6
Margaret,31157214,13
Richards,32873180,24
Malini,5766046,17
Dean,5766046,23
Vernon,5766046,6
Tiffany,5766046,3
Nate,5766046,17
Marlo,5766046,17
Charlie,5766046,17
Larry,5766046,6
Jack,5766046,8
Jennings,5766046,20
Ramesh,11353896,17
Seema,11353896,21
Ajay,11353896,1
Shukla,11353896,16
Naresh,11353896,17
Tappan,418110,17
Covey,418110,1
Holabird,418110,0
Yamba,418110,23
Baldwin,418110,4
Buren,418110,11
Joadson,418110,0
II,418110,13
Calhoun,418110,0
Cinqu,418110,21
Coglin,418110,1
Forsyth,418110,11
Fitzgerald,418110,11
Adams,418110,6
Gibbs,418110,12
Paul,1392052,16
Williams,1392052,24
Young,1392052,24
Keith,1392052,7
Averill,92706,14
Cully,92706,12
Nick,92706,12
Canton,92706,3
Bridges,92706,17
Irvine,92706,6
Watson,92706,17
Koppikar,4555159,7
Jothi,4555159,23
Zammeti,1471306,0
Daniel,1471306,20
Foray,1471306,18
Nicols,1471306,15
Yashoda,12611336,19
Khan,12611336,23
Shankar,12611336,21
Sonia,12611336,2
Malik,12611336,23
Guise,12218502,15
III,12218502,18
Fudd,24889161,10
Daffy,24889161,21
Chakraborty,29732423,5
Ritesh,29732423,2
Alexander,28964840,17
Nimmy,28964840,12
Zachariah,28964840,5
Pepito,3477744,3
Machado,3477744,23
Dracula,3477744,1
Terrori,3477744,15
Dorita,2641235,18
Darcy,2641235,9
Fiedler,2641235,20
Max,2641235,3
Winslow,2641235,21
Max,10017331,6
DiBenedetto,27755742,22
DelDuca,27755742,15
Gopala,26772297,21
Swamy,26772297,2
Sekhar,26772297,14
Kotayya,26772297,14
Rami,26772297,21
Manohar,26772297,14
Cathy,2155510,3
Richard,2155510,3
Lock,2155510,17
Coberts,2155510,7
Matthews,2155510,16
Doe,2155510,11
Brent,2155510,16
Anne,2155510,3
Bill,2155510,17
Matthew,13069124,20
Ranade,21997968,9
Chaudhary,21997968,18
Kane,12747734,19
Mayer,12747734,9
Rube,12747734,16
Reggie,12747734,13
Delores,12747734,5
Herek,12747734,6
Schilz,7353661,10
Chou,7353661,24
Golgo,7353661,17
Hua,7353661,17
Polansky,7353661,4
Smith,7353661,3
Fang,7353661,17
Leika,7353661,10
Li,7353661,10
Kelly,32941972,24
Pandy,15707290,18
Anders,5676495,24
Tulliver,5676495,24
Kutchinov,5676495,5
Mercea,5676495,1
Paul,27821358,2
Taylor,27821358,8
Julian,27821358,3
Shotton,27821358,12
Scott,27821358,21
Pete,27821358,6
Freddie,27821358,23
Yogi,27821358,0
Bardot,27821358,19
Cynthia,27821358,2
Christ,27821358,13
Art,27821358,0
Ono,27821358,2
Lennon,27821358,21
John,27821358,6
Derek,27821358,3
Pauline,27821358,10
Donahue,2226221,11
Prang,2226221,17
Molly,2226221,23
Khan,2226221,17
Jake,2226221,6
Sean,2226221,4
O'Day,2226221,4
Jane,20951051,13
rie,13252507,7
Gerard,13252507,16
Maria,2143256,23
Chisum,2143256,9
Jones,2143256,15
Maxwell,2143256,12
Billy,2143256,17
Ollinger,2143256,17
Paco,2143256,12
Holly,2143256,17
Bonney,2143256,20
Poe,2143256,17
Horrell,2143256,9
Bright,2143256,7
Bill,2143256,7
Bowdre,2143256,18
Clark,2143256,12
McKinney,2143256,17
Alamosa,2143256,7
Wallace,2143256,8
Roberts,2143256,20
Baker,2143256,3
Kermit,2143256,0
Bell,2143256,24
Walden,13455991,13
Philip,13455991,8
Eli,13455991,20
Jago,35516906,13
Aisyah,35516906,3
Bara,35516906,12
Sadat,35516906,3
Fathir,35516906,2
Lukman,35516906,17
Yani,35516906,24
Hitam,35516906,9
Davenport,2380086,23
Hell,2380086,16
Lola,2380086,7
Carmen,2380086,14
Hayley,3401357,3
Stan,3401357,17
Haven,3101866,3
Prince,3101866,3
Marion,3101866,10
Charlie,3101866,18
Goddard,3101866,15
Bristow,3101866,17
Caslon,3101866,19
Johan,32238844,23
Kent,32238844,6
Hedwig,32238844,3
Leonora,32238844,12
Gerard,32238844,23
Ritsaart,32238844,14
Landon,855797,3
Carter,855797,19
Eric,855797,14
Sullivan,855797,2
Gephardt,855797,12
Jamie,855797,6
Julie,30854893,17
Reynolds,30854893,10
Walker,30854893,9
Curt,30854893,6
Mahesh,5547391,13
D'Costa,5547391,6
Sahay,5547391,18
Verma,5547391,13
Chaturvedi,5547391,15
Bhagyaraj,5547391,0
Vijay,5547391,15
Mary,5547391,2
James,5547391,10
David,5547391,21
Cook,26508343,6
Gibbs,26508343,13
Laura,26508343,3
Alan,26508343,17
Will,26508343,3
Marsh,26508343,10
Hodge,26508343,17
Jimmy,26508343,17
Durgan,26508343,3
Gerard,26508343,1
Rudeski,26508343,6
Simon,26508343,6
Shanthi,36290263,21
Ahrendt,31718044,13
Richard,30547342,14
Harry,30547342,7
Sophie,30547342,19
Amanda,30547342,2
David,30547342,8
Hitler,9058143,1
Wilder,9058143,3
Callahan,9058143,18
Farina,19361200,6
Crabtree,19361200,16
Kittibelle,27763343,12
Moran,27763343,24
Bush,17884583,0
Seth,17884583,14
Raj,9667576,0
Kaushalya,9667576,3
Suresh,9667576,21
Chithambaram,9667576,6
Kausalya,9667576,23
Sithambaram,9667576,13
Sathyam,6767366,21
Manickvel,6767366,10
Deivanayaki,6767366,22
Eliza,1667811,3
Milo,1667811,14
Chris,1667811,3
Graham,193854,11
Parlas,21187391,4
Lam,33808078,17
Trang,33808078,16
Wyatt,1194208,23
Payne,1194208,7
Hodge,1194208,0
Butler,1194208,21
Surya,24409284,18
Monai,24409284,21
Vijayakumar,24409284,5
Seetha,24409284,11
Kumar,24409284,5
Raj,24409284,6
Nair,24409284,8
Ganesh,24409284,5
Vishwam,24409284,6
Gopi,24409284,11
Menon,24409284,11
Jyothirmayi,24409284,11
Narayanan,24409284,12
Pazhani,24409284,21
Mohanlal,24409284,11
Henery,12527169,3
Ducros,13272421,18
Jo,13272421,6
Brisebard,13272421,6
Sylvie,13272421,2
Colas,13272421,9
Paul,2326317,7
Sheila,2326317,3
Sharon,2326317,3
Ray,2326317,3
Candice,2326317,23
Stacey,2326317,19
Gemma,2326317,3
Perry,2326317,3
Anne,2326317,3
Kevin,2326317,3
Boleyn,2326317,19
Rekowski,25564184,18
azar,25564184,3
Piotr,25564184,19
Balicki,25564184,10
Karthik,6768793,22
Kuselan,6768793,6
Khan,6768793,22
Arjun,6768793,6
Satyaraj,6768793,2
Napoleon,6768793,9
Parthiban,6768793,23
Deva,6768793,12
Abbas,6768793,2
Ganesan,6768793,12
Preeti,6768793,23
Maheswari,6768793,23
Niti,4584210,21
Trivedi,4584210,4
Khanna,4584210,12
Gungun,4584210,14
Indraneel,4584210,21
Thakur,4584210,16
Neel,4584210,21
Cunningham,9719246,21
Zulu,9719246,5
Boy,9719246,9
Gardiner,19203513,8
Almada,11094934,9
Krupp,11094934,13
Popoca,11094934,4
Kramer,547378,2
Reuben,547378,18
Polly,547378,3
Lew,547378,8
Feffer,547378,3
Prince,547378,0
Lyle,547378,7
Irving,547378,15
Lisa,547378,11
Claude,547378,16
Coy,3946045,8
Bliss,3946045,23
Hoff,3946045,6
Marion,3946045,2
Evans,3946045,10
Castle,3946045,21
Teagle,3946045,2
Benedict,3946045,9
William,1246394,1
Waldman,1246394,6
Victor,1246394,6
Baron,1246394,12
Elizabeth,1246394,2
Frankenstein,1246394,24
Clerval,1246394,6
Shelley,1246394,13
Agrippa,1246394,14
Moritz,1246394,10
Shelly,1246394,13
Magnus,1246394,18
Walton,1246394,13
Quentin,33146132,19
Superior,33146132,1
Eloise,33146132,24
Trane,1544670,5
Juarista,1544670,17
Ankrum,1544670,20
Labordere,1544670,24
Erin,1544670,14
Cruz,1544670,10
Roberta,2019025,6
Buckley,14185043,18
Cade,14185043,22
Hastings,14185043,12
Freeman,14185043,2
John,14185043,7
Sainaba,5916161,2
Gopi,5916161,14
Dinesh,5916161,0
Inder,6821714,2
Simar,6821714,1
Grewal,6821714,3
Saxena,25583720,23
Roy,25583720,12
Anand,25583720,21
Dhanraj,25583720,17
Asha,25583720,17
Akash,25583720,6
Dharamdas,25583720,6
Kaajal,25583720,22
Ajit,25583720,17
Lou,708479,16
Logan,708479,4
Carlson,708479,16
Tulley,708479,22
Janiece,708479,18
Malone,708479,11
Samui,12210337,16
Adam,12210337,3
Zoran,10142639,21
Tito,10142639,2
Marina,11688451,20
Putin,11688451,0
Volodya,11688451,23
Cheeks,17147883,10
Sandy,17147883,6
Krabs,17147883,20
SpongeBuck,17147883,3
Revere,17147883,23
Kantina,17147883,10
Chakraborty,32227193,5
Wescott,13396282,20
II,13396282,22
Jeannie,13396282,3
Jr.,13396282,1
Nelson,13396282,16
Blake,24517581,13
Stevens,24517581,17
Angeli,24517581,6
Morgens,24517581,10
Andrew,23755411,8
Martin,23755411,23
Jeannette,23755411,1
Young,23755411,11
Sommer,185873,0
Burke,32997034,17
King,32997034,24
Brahe,32997034,24
Wills,32997034,11
Dandells,32997034,24
Montgomery,4041420,19
Miller,4041420,1
Linda,4041420,14
Peters,4041420,2
Baird,4041420,16
Keene,4041420,8
Lissy,32410565,17
David,32410565,18
Richard,31176974,8
Bob,31176974,14
Elizabeth,31176974,23
Barrett,31176974,1
Holly,31530052,18
Ganesh,24333629,2
Divya,24333629,21
White,31270807,6
Kaishek,31270807,13
Cixi,31270807,12
Borodin,31270807,19
Mao,31270807,4
Yatsen,31270807,12
Pedro,3182907,9
Jim,3182907,19
Carroll,3182907,3
Reggie,3182907,3
Sundari,33192771,1
Krishna,33192771,6
Gummadi,33192771,14
Sukanya,33192771,8
Vijayalalitha,33192771,15
Relangi,33192771,19
Wolfe,23028763,6
Fromm,23028763,17
Cramer,23028763,18
Birch,23028763,10
Goodwin,23028763,21
Orrie,23028763,5
Clark,23028763,13
Cather,23028763,5
Durkin,23028763,8
Drossos,23028763,19
Brenner,23028763,20
Stebbins,23028763,4
Horan,23028763,12
Hart,6320176,10
Nicholls,6320176,15
Po,215738,1
Heurtebise,215738,1
Joe,26737511,10
Jackson,26737511,24
Franky,30736519,12
Kalle,30736519,3
Melanie,30736519,23
Grabowski,30736519,5
Schlucke,30736519,8
Keek,30736519,22
Kampmann,30736519,22
Andy,30736519,3
Muek,30889053,1
Tan,30889053,17
Kay,30889053,13
Pang,30889053,9
Tai,30889053,6
Gita,9555242,12
Khamal,9555242,6
Amar,9555242,12
Dorinda,9555242,16
Rahim,9555242,19
Vikram,9555242,0
Jane,349005,13
Jetson,349005,6
Throttlebottom,349005,15
Elroy,349005,3
Grungees,349005,16
Spacely,349005,3
Furbelow,349005,9
Bhatia,36244027,14
Bogle,14411333,18
Chandler,14411333,0
Geoffrey,14411333,23
Kennedy,1867173,0
Jane,1867173,3
Drebin,1867173,6
Spencer,1867173,2
Nordberg,1867173,13
Rocco,1867173,24
Peters,1867173,19
Frank,1867173,3
George,1867173,4
Muriel,1867173,4
Louise,1867173,12
Dillon,1867173,4
Jane,13072195,0
Man,13072195,8
Suverov,4163034,24
Bartlett,4163034,5
Mikhail,4163034,24
Moreau,4163034,0
Hogan,24145080,13
Whitmore,24145080,4
Gibson,24145080,10
Barin,18803923,9
Arden,18803923,0
Gordon,18803923,23
Mongo,18803923,20
Flash,18803923,16
Vultan,18803923,9
Zarkov,18803923,12
Ming,18803923,10
Thun,18803923,9
Richard,682280,3
Priscilla,682280,17
Otis,682280,15
Parker,682280,14
Eddy,682280,17
Fei-hung,9147232,16
Botha,36041752,10
Toit,36041752,10
Hans,36041752,17
Volnov,15721612,22
Clara,36341206,19
Angela,36341206,2
Valerio,36341206,6
Sandro,36341206,6
Magda,36341206,9
Gorzone,36341206,17
Huxley,19820048,6
Darwin,19820048,21
Wallace,19820048,18
Hooker,19820048,14
Annie,19820048,2
Gully,19820048,10
Jenny,19820048,12
Emma,19820048,21
Carlo,28178412,21
Langit,28178412,13
Mandy,28178412,12
Mimi,28178412,15
Violy,28178412,6
Graff,1695534,18
Wiggin,1695534,1
Leelavathi,25239147,20
Nicholas,19034709,3
Ivan,19034709,6
Judy,19034709,6
Stephanie,19034709,9
Randall,19034709,21
Marina,2262603,16
Raju,2262603,21
Meenu,2262603,3
Singh,2262603,1
Raymar,17582439,5
Dockstader,17582439,6
Kitty,17582439,1
Allan,17582439,13
McKenna,17582439,8
Steve,17582439,3
Julie,17582439,3
Carol,17582439,1
Wells,17582439,0
Olivia,17582439,17
Leslie,17582439,1
Hugo,1875065,7
Cubish,1875065,23
Sylvester,1875065,4
Daffy,1875065,3
Toppel,1875065,10
Sikandar,5089524,3
Fatima,5089524,22
Kaamna,5089524,21
Vishal,5089524,3
Dilawar,5089524,17
Begam,5089524,0
Begum,5089524,6
Mehroo,5089524,4
Ramnath,5089524,21
Fu-Shan,17142267,20
Hallet,17142267,3
Creed,17142267,8
Nui,17142267,1
Galt,17142267,16
Cheng,17142267,24
Jane,17142267,6
Fang,17142267,6
Ma,17142267,8
Abernathy,17142267,1
Kumar,34690976,9
Miguel,20928397,13
Bryan,9628048,17
Courtney,9628048,24
Lyka,20162838,3
Bo,3178080,5
Kim,3178080,19
Kalicharan,20904334,16
Premlal,20904334,13
Heeralal,20904334,2
Neelam,20904334,0
Loggins,6499613,24
Boatman,6499613,5
Garcia,6499613,24
Dorland,6499613,9
Davis,6499613,23
Starr,6499613,1
Aiello,6499613,5
Horrocks,6499613,22
Mayall,6499613,5
Crowe,4951456,13
Richard,3150536,16
Sam,3150536,3
Claire,24582227,4
Elrod,24582227,9
Weber,675947,6
Zoro,26085510,13
Usopp,26085510,17
Billy,26085510,23
Indigo,26085510,17
Nami,26085510,4
Garp,26085510,4
Sanji,26085510,24
Luffy,26085510,4
Brook,26085510,4
Shiki,26085510,6
Chopper,26085510,20
Robin,26085510,21
Xiao,26085510,23
Woodward,6566456,21
Strauss,6566456,9
Lewis,6566456,11
Willard,6566456,12
Everett,6566456,16
Sebastian,6566456,20
Skylark,6566456,20
Donna,6566456,13
Cabot,6566456,2
Peyton,6566456,18
Englander,29561731,6
Cassidy,29561731,5
Marcus,29561731,17
Nick,29561731,3
Lydia,29561731,17
Joey,29561731,4
Mercer,29561731,12
Angie,29561731,4
Walker,29561731,23
Dougherty,29561731,17
Ackerman,29561731,6
Nodbury,30241871,3
Chan,30241871,6
Rachna,23454846,2
Rahul,23454846,3
Tiwari,23454846,3
Patil,23454846,0
Neha,23454846,12
Sandhya,23454846,13
Caplan,25812350,16
Terry,25812350,4
Jones,25812350,6
Angie,25812350,15
Cuza,1401046,12
Molasar,1401046,22
Lucy,3227819,2
Laurie,3227819,2
Richardson,3227819,13
Bell,3227819,21
Geeta,4625875,14
Ranjeet,4625875,4
Ravi,4625875,3
Raka,4625875,21
Seeta,4625875,21
Chachi,4625875,24
Angelica,4418169,3
Stu,4418169,21
Samantha,4418169,21
Finster,4418169,18
Chuckie,4418169,13
Spike,4418169,23
Charlie,4418169,14
Tommy,4418169,3
Shane,4418169,6
Susie,4418169,3
Phil,4418169,17
Gwendolen,6197489,8
Moncrieff,6197489,9
Ernest,6197489,23
Jack,6197489,6
Worthing,6197489,11
Cecily,6197489,24
Murari,6157905,23
Sabari,6157905,10
Vasundhara,6157905,2
Byers,8309714,15
Scott,8309714,23
Katherine,2444093,16
Bregna,2444093,18
Goodchild,2444093,17
Una,2444093,17
Trevor,2444093,24
Maina,29486857,22
Kallingal,29486857,10
Mussolini,29486857,18
Gul,12596771,22
Shaikh,12596771,5
Wasti,12596771,22
Hussain,12596771,17
Hai,12596771,2
Talat,12596771,9
Chaudhry,12596771,18
Nadeem,12596771,0
Bokhari,12596771,15
Shah,12596771,18
Kahan,12596771,4
Tom,9303091,3
Jerry,9303091,23
Beck,21121530,11
Harris,25502856,18
Giles,25502856,8
Bala,19620290,21
Shalini,19620290,24
Shakthi,19620290,8
Karthik,19620290,14
Shakti,19620290,19
Vasu,19620290,13
Meera,19620290,8
Yu,27855544,19
Dayavan,9067968,6
Velu,9067968,13
Shanker,9067968,10
Baba,9067968,4
Shankar,9067968,21
Sarita,9067968,8
Shakti,9067968,21
Singh,9067968,4
Shama,9067968,13
Arlington,16780427,7
Hercules,16780427,3
Rosie,16780427,14
McDonald,16780427,14
O'Grady,16780427,13
Rita,1623051,6
Sullivan,1623051,3
Finster,1623051,14
Thursby,1623051,23
Rooks,1623051,23
Digicorp,1623051,13
Morgan,1623051,6
Foster,1623051,24
Merrill,3717574,24
Stewart,3717574,11
Cochrane,3717574,20
Gordon,18011991,3
Jessica,18011991,3
Otis,18011991,17
Tanner,18011991,17
Smith,18011991,6
Caleb,18011991,22
Turner,7156316,12
Andrews,7156316,5
Milgrim,7156316,4
Moran,7156316,11
Larkin,7156316,4
Little,7156316,17
Schwimmer,4238834,9
Cooper,4238834,9
Pantsalot,14540806,3
Cruella,1682418,21
Shepherd,1682418,4
Pavlov,1682418,13
Dipper,1682418,12
Ben,1682418,12
LePelt,1682418,20
Simon,1682418,20
Vil,1682418,24
Dipstick,1682418,5
Murdock,46505,10
Kramer,46505,9
Striker,46505,15
McCroskey,46505,11
Oveur,46505,8
Rumack,46505,13
Elaine,46505,21
Dickinson,46505,9
Enterprises,4729,9
Pamela,4729,6
Victor,4729,13
Fries,4729,22
Batman,4729,3
Woodrue,4729,14
Wilson,4729,23
Nora,4729,7
Pennyworth,4729,18
Barbara,4729,24
Isley,4729,11
Robin,4729,24
Wayne,4729,12
Mehra,25998588,14
Karan,25998588,7
Williams,6231868,16
Elizabeth,6231868,13
Roffe,6231868,0
Hornung,6231868,17
Dhingra,13402244,3
Rajpal,13402244,23
Sujit,13402244,1
Nisha,13402244,1
Dushant,13402244,21
Jones,33426105,21
Shannon,3755662,21
Buckley,3755662,9
Stacey,3755662,22
Marco,3755662,13
Natalie,3755662,15
Zoe,3755662,6
Anne,3755662,16
Jo,2401502,3
York,2401502,10
Delia,2401502,14
Noah,2401502,3
Thorn,2401502,9
Alex,2401502,15
McGregor,9049483,11
Anderson,9049483,2
Phillips,9049483,23
Quatermain,9467480,16
Elizabeth,9467480,3
Brun,9467480,18
Allan,9467480,4
Gagool,9467480,17
Twala,9467480,18
Goode,9467480,11
Curtis,9467480,17
Mcnamera,29367699,21
Chandler,29367699,4
Zoe,29367699,23
Skye,29367699,3
Rotter,29367699,17
Abiko,29367699,3
Alex.,29367699,6
Alex,29367699,3
Brigg,29367699,3
Courtney,29367699,3
Carolyn,29367699,3
Jenner,29367699,20
Derek,29367699,3
Bell,29367699,23
Dziena,2046284,19
Nick,2046284,20
Becca,2046284,3
Brad,2046284,24
Tommy,2046284,21
Hannah,2046284,21
Tess,2046284,5
Schindler,431251,16
Kaspar,431251,2
Beethoven,431251,5
Reiss,431251,24
Farley,18700650,24
Millie,18700650,19
Patty,1394167,3
Arlene,1394167,20
Cynthia,1394167,8
Matthew,1394167,3
Austen,1394167,17
Dora,1394167,21
Stern,1394167,15
Rod,1394167,6
Crick,1394167,3
Siroc,2386473,10
Woodrow,31733056,4
Hopkins,31733056,16
Radha,33498586,5
Rugmini,33498586,13
John,33498586,21
Sreelatha,33498586,12
McTavish,34358984,21
Bardette,34358984,11
Monroe,34358984,18
Jenks,34358984,9
Ferguson,34358984,22
Farnum,34358984,20
Gilbert,34358984,12
Zarco,34358984,4
Keaton,34358984,11
O'Malley,34358984,15
Bruce,34358984,12
Lowery,34358984,9
King,34358984,18
Jekyll,29187590,22
Hyde,29187590,5
Teddy,29187590,24
Young-man,15401848,18
Raghuram,31939460,12
Indira,31939460,8
Chandran,31939460,13
Aishwarya,7182036,3
Raju,7182036,6
Vicky,7182036,21
Sims,17029551,12
Merrick,17029551,19
Blake,17029551,8
Carraway,17029551,6
Mimi,17029551,24
Gary,17029551,6
Mona,17029551,13
Cynthia,1239956,16
Cox,1239956,0
Windrush,1239956,6
Muggeridge,1239956,7
Kite,1239956,6
Mohammed,1239956,7
Tracepurcel,1239956,4
Stanley,1239956,21
Ashley,21951886,16
Jason,21951886,16
Dreyfuss,13886616,11
Pierce,13886616,21
Davis,13886616,9
Alice,14870122,6
Ralph,14870122,23
Morton,14870122,6
Homer,42159,21
Fred,42159,6
Wilma,42159,14
Derry,42159,8
Al,42159,16
Peggy,42159,13
Parrish,42159,0
Marie,42159,3
Stephenson,42159,22
Rob,42159,19
Tamani,24778429,19
Abu,24778429,14
Lucerito,21331491,3
Manuel,21331491,24
Sherman,30809909,11
Martia,15279295,2
Diane,15279295,2
Jackie,15279295,2
Matsugae,3098409,21
Ayakura,3098409,21
Honda,3098409,22
Tadeshina,3098409,22
Satoko,3098409,4
Kallio,8612152,7
Eira,8612152,15
Pekka,8612152,23
Frank,8612152,23
Nick,17922358,21
Thea,17922358,3
Clayhill,17922358,3
Cavandish,17922358,14
Emma,17922358,16
Lisa,17922358,6
Bay,28363568,11
Kling,28363568,5
Johansson,28363568,8
Palme,28363568,18
Khan,936651,7
Lo,936651,4
Smith,936651,24
Barton,936651,0
Granville,936651,10
Sheila,936651,4
Berg,936651,4
Terry,936651,4
Manchu,936651,3
Gentry,14657242,23
Brasher,14657242,14
Petrov,15591569,1
Arsenin,15591569,16
Zhoukov,15591569,4
Antonina,15591569,16
Vorobyov,15591569,13
Zhukov,15591569,17
Gottsman,15591569,6
Yekimenko,15591569,4
Radzakis,15591569,1
Riboglaziy,15591569,13
Dovjik,15591569,17
Phima,15591569,17
Platov,15591569,22
Rodya,15591569,3
Chekan,15591569,4
Quartermaster,15591569,3
Greying,15591569,17
Krechetov,15591569,17
Chusov,15591569,17
Shtekhel,15591569,6
Rusnochenko,15591569,4
Utyosov,15591569,7
Karas,15591569,5
Naimov,15591569,3
Mishka,15591569,16
Stalin,15591569,14
Colbert,26553464,24
Randall,26553464,20
Mulvaney,26553464,14
Lee,19203216,9
Rudy,1640125,6
Mickey,1640125,15
Manuel,1640125,0
Margaret,1640125,7
Jeff,1640125,0
Jane,1640125,21
Lewis,1640125,22
Barbara,1640125,15
Carter,1640125,12
Slaton,1640125,9
Luke,1640125,4
Fuchs,1640125,2
Jim,1640125,14
Tisdale,10766020,19
Carson,10766020,6
Brooke,10766020,21
Gzowski,36745171,19
Jordan,36745171,14
Frank,36745171,21
Gretzky,36745171,9
Hutter,82423,3
Ellen,82423,3
Harding,82423,12
Bulwer,82423,12
Orlok,82423,3
Marina,8531960,16
Shiv,8531960,2
Berezin,8531960,23
Timofey,8531960,6
Schiele,18513660,3
Edith,18513660,2
Wally,18513660,12
McDowell,15562419,21
Jane,15562419,3
Christy,15562419,6
Stephen,15562419,3
Marion,15562419,13
Jeanie,15562419,9
Foster,15562419,21
Hair,15562419,2
Heines,284619,4
Suzanne,284619,23
Lydia,284619,24
Jimmy,284619,6
Joe,284619,3
Janice,284619,4
Larry,284619,16
Emmett,284619,19
Maretto,284619,20
Stone,284619,23
Mertz,284619,7
Klara,9358839,3
Rottenmeier,9358839,5
Peter,9358839,10
Sebastian,9358839,15
Heidi,9358839,3
Hyde,2564119,7
Blow,2564119,10
Khan,2564119,9
Rubin,2564119,20
E.,2564119,6
Walker,2564119,6
Roosevelt,24485169,7
Kerib,9333163,14
Baba,31580401,16
Harry,31580401,18
Lakshmi,31513157,21
Prasad,31513157,13
Mohini,31513157,2
Ashok,31513157,13
Murthy,31513157,6
Grant,36208116,0
Tom,36208116,20
Julie,36208116,10
Lee,36208116,8
Marks,36208116,12
Ken,36208116,1
Billy,36208116,7
Hall,11635128,6
Hodges,11635128,1
Burgess,11635128,24
Mary,11635128,6
McKay,11635128,1
Tolliver,11635128,14
Beaver,18622484,17
Swickert,34083061,16
Gritsky,34083061,4
Bainbridge,34083061,14
Sala,34083061,23
Solo,34083061,3
Olga,34083061,6
Lorelei,34083061,11
Jordin,34083061,17
Bubai,3473999,16
Woxing,3473999,21
Lingshan,3473999,2
Chong,3473999,17
Janet,12145557,12
Jason,12145557,18
Butler,12145557,12
Garrison,12145557,13
Valdivia,22415023,12
Bao,10540943,5
Roopa,21036698,19
Aruna,21036698,4
Ashok,21036698,21
Danny,22712364,13
Mitchel,22712364,6
Fletcher,22712364,17
Gant,22712364,3
Jordan,22712364,6
Briony,22712364,6
Billy,22712364,3
Graham,22712364,23
Bailey,22712364,17
Whiteboy,22712364,6
Matt,22712364,17
Joe,22712364,3
Storbor,22712364,19
Norton,22712364,22
Raju,22712364,13
King,22712364,17
Danny,3053795,21
Mitch,3053795,21
Cate,3053795,0
Rory,3053795,21
Gil,3053795,21
Jackson,19878320,9
Yvette,19878320,6
Cooper,19878320,20
Kenny,19878320,9
Jenna,19878320,21
Joe,19878320,6
Denslow,19878320,17
Scolari,19878320,1
Remer,19878320,13
Cain,19878320,6
Sasha,29556828,3
Rita,29556828,13
Alice,29556828,3
Robey,3820793,24
Dobbs,3820793,19
Al,3820793,4
Peg,3820793,23
Zissell,4607239,0
Steve,4607239,20
Lodge,4607239,9
Louie,4607239,16
Lobengula,21859783,4
Jameson,21859783,1
Burnham,21859783,11
Steed,21859783,11
Wilson,21859783,17
Brown,21859783,11
King,21859783,4
God,27458181,20
Gecko,27458181,16
Christine,27458181,10
Catherine,27458181,22
Milton,27458181,11
Mandela,27458181,2
Amanda,27458181,1
Debbie,27458181,9
Amy,28236143,3
Letterman,28236143,1
Lockwood,28236143,21
Manning,28236143,10
Norland,28236143,9
James,28236143,13
Hamilton,80510,7
Dudley,80510,21
Julia,80510,3
Brougham,80510,13
Wutheridge,80510,5
Khorshid,23946168,16
Angus,7421446,13
Aldrin,24426458,1
Collins,24426458,14
Armstrong,24426458,17
Sarah,29196119,9
Brady,24725226,7
Jeremy,24725226,2
Anna,24725226,3
O'Brady-Callaghan,24725226,12
O'Callaghan,24725226,6
Yammy,14148627,12
Macoy,14148627,6
Ralph,14148627,12
Jose,14148627,14
Thea,14148627,12
Manzano,14148627,14
Tina,14148627,13
Santos,14148627,8
Lea,14148627,13
Beebe,20183886,13
Barton,20183886,22
Beshraavi,2631788,10
Pollock,2631788,12
Azir,2631788,11
Fouad,10406957,13
Magdi,10406957,13
Mona,10406957,19
Gruber,5238193,3
Lenny,5238193,1
Dhavernas,5238193,8
George,5238193,22
Keira,5238193,6
St-George,5238193,6
Kiera,5238193,14
Lorraine,5238193,13
Clark,5238193,23
Lewis,5238193,15
MacDougall,5238193,2
Keith,5238193,3
Spence,5238193,15
Chesniak,5238193,17
Boreanaz,5238193,9
Berry,5238193,9
MacKenzie,5238193,12
Walsh,5238193,9
Lisa,5238193,6
Zack,32523986,21
Dickey,32523986,1
Benji,32523986,4
Casey,32523986,21
Ramineedu,24522784,16
Aparna,24522784,19
Sunil,24522784,9
Mallasuri,24522784,1
Christine,24984104,20
MacAffrey,36089665,5
Laura,36089665,3
Packman,3497365,21
Blake,3497365,6
Santo,3497365,3
Tate,3497365,13
Eriksen,3497365,18
Albert,3497365,13
Thor,3497365,20
Farnsworth,3497365,5
Craig,3497365,3
Newton,3497365,6
Stewart,3497365,20
Halsey,3497365,14
Jabo,3497365,22
Foss,3497365,8
Spiller,32802867,6
Mildeye,32802867,3
Hellman,32802867,17
Arrietty,32802867,6
James,32802867,5
Marcus,4205606,3
Will,4205606,3
Christine,4205606,6
Suzie,4205606,19
Fiona,4205606,6
Rachel,4205606,6
Freeman,4205606,21
Ned,4205606,10
John,4205606,4
Angie,4205606,19
Ellie,4205606,10
Vaughn,17249372,11
Whitworth,3159121,0
Vig,3159121,11
Butan,3159121,23
Travis,3159121,6
Jake,3159121,6
Manzano,3159121,10
Gordo,3159121,11
Lily,3159121,3
Zurab,13532982,21
Chonkadze,13532982,7
Agha,13532982,10
Durmishkhan,13532982,3
Zalikashvili,13532982,10
Nerdlinger,5693657,10
Eddy,5693657,23
Ed,5693657,24
Shane,5693657,19
Azeez,26719982,2
Rakhi,26719982,20
Bhai,26719982,23
Purushu,26719982,21
Parunthu,26719982,11
Fiore,1412856,16
Tallarico,1412856,13
Gino,1412856,16
Rabbey,13588277,3
Kunju,3449617,17
Papoyi,3449617,24
Laya,3449617,15
Mohanlal,3449617,11
Chula,24035981,6
Hannegan,24035981,9
Miranda,24035981,18
Carroll,24035981,5
Gerard,24035981,20
Mike,24035981,3
Martin,1624928,0
Roche,28237622,21
Allen,28237622,6
Kendall,28237622,1
Roach,28237622,5
Thornton,28237622,18
Alycia,28237622,13
Hamilton,3112223,21
Kane,23290396,10
Lardner,23290396,13
Nellie,23290396,2
Elmer,23290396,3
Dodd,23290396,19
Brown,23290396,18
Cohan,23290396,0
Hanna,20882971,3
Carella,6425519,0
Irma,6425519,18
Herriton,6425519,5
Abbott,6425519,12
Caroline,6425519,21
Philip,6425519,21
Harriet,6425519,13
Reed,12743934,3
Quigley,9690225,6
Dean,9690225,13
Krinkle,9690225,20
Riley,9690225,17
Arno,9690225,24
Schuyler,9690225,4
Higgins,9690225,6
Maro,29536949,8
Pavle,29536949,20
Dillinger,3597370,18
Dhanalakshmi,35226792,2
Sivaraman,35226792,6
Lakshmipathi,35226792,14
Kasthuri,35226792,21
Porter,5939732,19
Falwell,5939732,12
Stonewall,5939732,10
Goerdeler,10552268,17
Beck,10552268,12
Hitler,10552268,4
Fromm,10552268,4
Olbricht,10552268,20
Keitel,10552268,12
Stauffenberg,10552268,4
Fellgiebel,10552268,17
Goebbels,10552268,14
Himmler,10552268,6
Oster,10552268,17
Remer,10552268,2
Mertz,10552268,23
Valkyrie,10552268,18
Bauer,168602,1
Hurley,168602,2
Nick,168602,5
Long,168602,8
C.,168602,15
Richie,168602,1
Alexandra,168602,21
Cecil,168602,9
Jeanie,168602,3
Owens,168602,16
Alex,168602,3
Harry,4343468,21
Junior,4343468,15
Suzie,4343468,2
Gideon,4343468,21
Butler,4343468,15
Brother,4343468,17
Seymour,9928554,13
Leeza,9928554,3
Perkins,9928554,0
Valdessecchi,9928554,3
Larry,9928554,15
Shin,25108773,16
Kushida,25108773,3
Tyler,15899775,19
Stearn,15899775,1
Stiven,15899775,18
George,3303622,12
Banks,3303622,0
Nina,3303622,19
Harry,99123,3
Sam,99123,22
Payne,99123,17
Jack,99123,17
Helen,99123,10
Traven,99123,16
Annie,99123,4
Porter,99123,20
Menchell,24402395,11
Orbach,24402395,12
Lucille,24402395,12
Ben,24402395,19
Doris,24402395,16
Esther,24402395,14
Richardson,24402395,8
Mary,25469888,11
Nair,25469888,7
Menon,25469888,12
Joseph,25469888,18
Immanuel,25469888,15
Selina,25469888,6
Kathy,461353,3
Lester,461353,6
Burdon,461353,18
Nadereh,461353,13
Behrani,461353,6
Massoud,461353,17
Frank,461353,15
Nicolo,461353,11
Esmail,461353,17
Celletti,13347865,21
Musichiere,13347865,18
Celentano,13347865,6
Mayor,13347865,3
Otello,13347865,6
Koscina,13347865,21
Nando,13347865,17
Noi,18622071,15
Venky,5888613,6
Sharma,5888613,2
Sravani,5888613,4
Arthur,6417754,6
Toby,6417754,6
Gayle,6417754,1
Gregory,6417754,23
Hansen,6417754,19
Caroline,6417754,6
Wolff,6417754,8
Dwight,6417754,22
Kumonga,1319356,8
Gordon,1319356,4
Zilla,1319356,8
Caesar,1319356,17
Gigan,1319356,17
Rodan,1319356,8
Keizer,1319356,6
Minilla,1319356,16
Mothra,1319356,5
Miyuki,1319356,12
Godzilla,1319356,4
Gorath,1319356,23
Otonashi,1319356,12
Grossman,2721832,5
Nassaro,2721832,1
Peck,2721832,7
Fabian,2721832,3
Helen,2721832,12
Burke,18768247,23
Dailey,18768247,7
Wendover,18768247,5
Spratt,18768247,4
Beauchamp,18768247,9
Sprat,18768247,9
Fando,5023723,24
Lucy,2295405,4
Kathy,2295405,14
Aaron,2295405,10
Hedges,2295405,12
Adamson,2295405,3
Ronnie,2295405,3
Sarah,2295405,3
McGorvey,2295405,21
Larry,2295405,3
Pierce,2295405,15
Wilson,2295405,12
Doyle,2476317,3
Charnier,2476317,4
Barth,2476317,2
Marseillles,2476317,9
ckner,3999301,22
McGregor,3999301,16
Jennifer,3999301,4
Shapiro,3999301,19
Inga,3999301,17
Sophie,3999301,1
Corvino,3999301,19
Brandt,3999301,10
Thierry,10527038,9
Tayo,6716962,2
Shigeaki,6716962,16
Huttunen,35025516,1
miller,35025516,22
Kenanen,35025516,0
Jussi,35025516,16
Antti,35025516,23
Vatanen,35025516,14
Anna-Lisa,35025516,21
Kennonen,35025516,0
Taylor,6822553,5
Styvesant,6822553,11
Quine,6822553,12
Mason,33577260,1
Burke,33577260,20
Jonathan,33577260,2
Ginny,33577260,22
Moore,33577260,19
Darla,19408749,8
Yusuf,10319907,16
Effat,10319907,12
Milo,3965064,17
Carelli,3965064,8
Avoca,3965064,11
Benton,3965064,6
Anne,3965064,4
Bob,3965064,1
Pinella,3965064,4
Olivera,2271177,23
Slater,2271177,0
Betty,2271177,19
Redfield,2271177,6
Isaacs,2271177,4
Egan,2271177,20
Issacs,2271177,4
Alice,2271177,3
Wesker,2271177,9
Wade,2271177,0
Mikey,2271177,15
Kisaragi,17169953,4
Deathfacer,17169953,22
Iruma,17169953,6
Dyna,17169953,16
Asuka,17169953,4
Hammer,6761901,21
Hasso,6761901,3
Gredson,6761901,5
Manning,6761901,19
Molinar,6761901,17
O'Brien,6761901,18
Gaea,878892,20
Van,878892,13
Folken,878892,15
Kanzaki,878892,22
Casteneda,22348404,11
Show,2188459,1
Yunkin,2188459,17
Buck,2188459,4
Lambert,2188459,4
Paul,23228817,17
Buggs,23228817,3
Gollings,23228817,18
Clive,23228817,3
Willy,23228817,3
Tara,23228817,17
O'Reilly,23228817,17
Graeme,23228817,3
Zoil,23228817,17
Ruth,23228817,3
Walton,23228817,18
Haggard,23228817,6
Smaith,30233967,2
Solano,30233967,10
Laughlin,30233967,17
Smith,30233967,3
Rogers,30233967,10
Spike,11121169,3
Tom,11121169,3
Jerry,11121169,23
Zakaria,32022474,9
Abdel,32022474,3
Julie,32022474,23
Walker,2701438,0
Nick,2701438,21
Anna,2701438,19
Kogorou,11590938,3
Conan,11590938,3
Aphrodite,11590938,7
Akiyoshi,11590938,5
Yashiromaru,11590938,10
Kusaka,11590938,24
Adam,27730209,6
Bess,27730209,7
Heather,544413,16
Neck,544413,13
Sordino,544413,3
Evans,544413,21
Melinda,544413,3
Petrakis,544413,10
Rachel,544413,21
Freeman,544413,7
Madhav,5001692,14
Sameer,5001692,17
Babli,5001692,17
Nirali,5001692,12
Laxman,5001692,7
Moussette,238906,10
Buster,238906,10
Hall,238906,15
Mack,238906,11
James,238906,19
Chamberlain,238906,10
Gasperon,238906,8
Belushi,238906,11
Blues,238906,8
McTeer,238906,10
Elwood,238906,2
Curtis,238906,8
Herr,1406799,2
Leben,1406799,15
Ebert,1406799,10
Schultze,1406799,16
Nimrod,32467005,13
Noah,32467005,6
Amaslei,32467005,11
Avraham,32467005,6
Utz,32467005,6
Abraham,32467005,4
Bente,17972410,6
Enekaer,17972410,23
Willers,17972410,14
Zita,17972410,4
Hans,17972410,18
Munk,17972410,6
Fulton,9474548,15
Lazaar,9474548,16
L'Amour,9474548,17
Frederic,6758985,3
Viviane,6758985,3
Denvert,6758985,3
Charles,6758985,2
ric,6758985,5
Auger,6758985,24
Raoul,6758985,21
Camille,6758985,2
Lars,22645046,10
Ellen,22645046,21
Dixon,421305,6
Mitchell,421305,21
Riley,421305,17
Henry,5590439,6
Hampton,5590439,11
Lodgerley,5590439,9
Cromwell,5590439,12
Hawtrey,5590439,12
VIII,5590439,6
Bettina,5590439,5
Anne,5590439,1
Wolsey,5590439,5
Marie,5590439,14
King,5590439,12
Sebastian,24829091,13
Lloyd,24829091,6
Glumdalclitch,3242846,13
Gulliver,3242846,3
Mistress,3242846,11
Tom,3242846,13
Blefuscu,3242846,6
Grultrud,3242846,12
Houyhnhnm,3242846,15
Munodi,3242846,19
Mary,3242846,13
Bates,3242846,13
Grildrig,3242846,16
Caesar,3242846,19
Struldbrugs,3242846,19
Brita,18547154,19
Vang,18547154,2
Calder,1969089,6
Hoyt,1969089,11
Roy,24854885,3
Charmaine,24854885,2
Dia,24854885,6
Jonathan,24854885,17
Helena,24854885,3
Greg,24854885,6
Sally,24854885,6
Iris,24854885,1
Marian,13269855,13
Lance,13269855,4
Manuel,13269855,14
Ackerman,22336248,19
Ciara,22336248,13
Julia,22336248,21
Shannon,9055835,9
Daylor,9055835,8
Hagen,9055835,18
Mike,9055835,22
Brown,9055835,8
Christopher,405669,22
Vivia,405669,17
Deuca,405669,9
Grigor,405669,6
Francha,405669,9
St.,405669,9
Ridzik,354061,18
Viktor,354061,4
Danko,354061,21
Rostavili,354061,11
Manvelyan,21858274,13
Erika,10996671,2
Stephanie,10996671,18
Altschul,10996671,12
Hirsch,10996671,19
Richter-Douglas,10996671,3
Miller,73977,20
Tracy,73977,20
Tracey,73977,0
Henley,73977,19
Dolly,73977,12
Starr,33499642,9
Lasseter,33499642,1
Tony,33499642,14
Albert,33499642,19
Carter,33499642,13
Rossini,33499642,10
Kate,33499642,19
Barnes,33499642,11
Martha,33499642,2
Sophie,33499642,13
Ike,11079489,18
Carter,489800,6
Clive,489800,18
Han,489800,22
Johnson,489800,0
Lee,489800,3
Griffin,489800,4
Juntao,489800,22
Yung,489800,4
Russ,489800,21
Diel,489800,6
Steiger,16309183,11
Palmer,16309183,20
Gill,16309183,5
Brummel,16309183,13
Jo,20188509,6
Nick,20188509,4
Mitchell,20188509,15
Hope,20188509,21
Tyler,20188509,7
Quinn,20188509,3
Meyer,20188509,13
Joanna,20188509,24
Weatherly,20188509,9
Hanover,20188509,19
Mandi,20188509,4
Abby,20188509,6
Plotkin,20188509,7
Elliott,20188509,0
Adams,20188509,10
MacKee,4606109,4
Robert,4606109,6
Kraft,4606109,13
Mitchell,18765888,3
Shakira,15893927,21
Ross,15893927,16
Johnson,15893927,7
Rackham,15893927,13
Marvin,15893927,22
Claude,15893927,4
Polly,34269763,21
Bemis,34269763,18
Charlie,34269763,16
Jim,34269763,2
King,34269763,13
Lalu,34269763,4
Kingsley,2675881,12
Karloff,2675881,4
Sovac,2675881,13
Lugosi,2675881,9
Sirisha,4510764,21
Krishnayya,4510764,8
Baburao,4510764,24
Rao,4510764,1
Bhaskar,4510764,3
Paul,22291285,15
Harris,22291285,6
Treskovna,22291285,16
Dunnigan,22291285,6
Clariotron,3459253,5
Nakamoto,3459253,10
Sudo,3459253,23
Kirioka,3459253,18
Niki,3459253,12
Kanasu,28058714,4
Jayanth,28058714,8
Douglas,30045041,17
Claudia,30045041,3
Heather,30045041,3
Sharon,30045041,4
Mason,30045041,3
Christopher,30045041,13
Wolf,30045041,8
Hill,30045041,16
Leonard,30045041,19
Rose,30045041,4
Cartland,30045041,22
Vincent,30045041,17
Grady,30045041,10
Alessa,30045041,10
Mulwray,1636672,18
Gittes,1636672,23
Berman,1636672,17
Mandylor,9948127,5
Jessica,9948127,4
Chopper,9948127,13
Willock,13832511,3
Williams,13832511,24
Bubba,13832511,10
Philby,13832511,6
Marylee,13832511,3
Crowell,13832511,22
Otis,13832511,17
Norris,13832511,12
Ritter,13832511,23
Hocker,13832511,9
Feigelson,13832511,12
Hazelrigg,13832511,22
Tina,34289787,21
Chris,34289787,4
Pierre,2338797,13
Michel,2338797,13
Jacques,2338797,6
Mehra,7635980,0
Kailash,7635980,16
Kamla,7635980,3
Suraj,7635980,1
Bhandari,7635980,10
Vicky,7635980,14
Atreides,71415,16
Jessica,71415,8
Alia,71415,17
Idaho,71415,12
Harkonnen,71415,17
Dib,71415,18
Feyd-Rautha,71415,6
Haderach,71415,14
Mohiam,71415,19
Rabban,71415,10
Yueh,71415,0
Brower,21427707,24
Michelle,3698195,14
Vincent,3698195,14
LaMarca,3698195,15
Joey,3698195,16
Forsythe,3698195,20
Spider,60155,6
Stanieff,60155,8
Rita,60155,3
Lou,60155,17
Jordan,60155,3
Chick,60155,3
Clark,60155,14
Frankie,60155,3
Cummings,60155,23
Hsiao-yin,7855348,9
Greer,5708633,11
Rawal,8244615,5
Udhas,8244615,8
Dhillon,8244615,5
Hai,8244615,20
Singh,8244615,5
Gaurav,8244615,5
Naam,8244615,11
Dutt,8244615,5
Bhatt,8244615,10
Henry,1853148,9
McPherson,1853148,11
Henderson,1853148,3
Shane,1853148,9
Nathalie,2757780,23
Bernard,2757780,8
Catherine,2757780,16
Sylvester,24817241,3
Sam,24817241,3
Serpico,163459,5
Maas,163459,19
Yuen,577618,18
Tony,577618,17
Wong,577618,17
Benny,577618,14
Foxy,577618,17
Dog,577618,6
Pang,577618,22
Chang,577618,12
Hoi,577618,17
Helsing,3827670,17
Jessica,3827670,16
Bob,3827670,6
Laura,3827670,4
Coles,3827670,14
Bellows,3827670,22
Alucard,3827670,17
Dracula,3827670,17
Hunt,3827670,17
Murray,3827670,18
Sarstedt,13069334,19
Bonar,19432732,8
Yoda,50744,13
Kenobi,50744,1
Luke,50744,3
Han,50744,17
Vader,50744,24
Hutt,50744,15
Obi-Wan,50744,6
Palpatine,50744,18
Skywalker,50744,4
Leia,50744,13
Bart,19112117,5
Paulo,9213960,0
Barbahlo,9213960,22
Barbalho,9213960,8
Pink,20632724,23
Kuroda,29027165,17
Jackson,17308230,5
Carrie,17308230,14
Sam,17308230,23
Jones,17308230,0
Fire,17308230,7
Elizabeth,11380132,12
Henrik,11380132,2
Erland,11380132,3
Marie,11380132,21
David,11380132,23
Victor,2439489,16
Grant,242525,11
Andretti,242525,18
Victor,242525,2
Labisse,242525,18
Bernstein,242525,12
Norma,242525,22
Marchand,242525,17
Todd,242525,5
Bovin,242525,12
Lui,242525,3
Grazinski,242525,6
Cassidy,242525,11
Cassell,242525,21
Sal,242525,17
Victoria,242525,3
Toddy,242525,4
Richard,242525,3
King,242525,21
Gonda,23892630,7
Tachibana,23892630,4
Black,22581010,8
Aro,22581010,11
Sarah,22581010,13
Oliver,18640305,21
Shelley,18640305,21
Hefner,18640305,6
Ashley,18640305,6
Natalie,18640305,3
Lily,18640305,13
Darlington,18640305,3
Colby,18640305,3
Gretel,14820202,17
Byeon,14820202,17
Byun,14820202,10
Sanjana,17727825,1
Karan,17727825,21
Prachi,17727825,14
Anjali,17727825,19
Govinda,17727825,13
Jeet,17727825,21
Bhavesh,17727825,14
Dhanalakshmi,10848177,14
Moorthy,10848177,8
Prasad,10848177,6
Abhi,10848177,13
Abi,10848177,22
Nick,25590057,3
Christine,25590057,20
Sam,25590057,17
Liz,25590057,3
Poduval,26705987,22
Shivan,26705987,4
Namboothiri,26705987,4
Amritananda,26705987,0
Shekharan,26705987,6
Menon,26705987,12
Swamiji,26705987,23
Vasu,26705987,21
Karthy,26705987,21
Sawimiji,26705987,6
Beji,25176887,5
Meriem,25176887,13
Giuseppe,25176887,16
Jojo,25176887,12
Cynthia,11815820,21
Real,11815820,10
Frank,11815820,19
Anne,11815820,4
Gimenez,11815820,10
Kumar,14899649,2
Bhama,14899649,23
Prakash,14899649,20
Sandhya,14899649,23
Bhavani,14899649,23
Elisabeth,21705368,17
Lapeyre,21705368,12
Philippe,21705368,17
Marie-Louise,21705368,8
Ram,5420601,5
Balram,5420601,23
Jefferies,12044905,21
Nirmal,8614238,14
Shiromani,8614238,20
Chowdhury,8614238,23
Jibananda,8614238,11
Ekkari,8614238,13
Sorashi,8614238,21
Sagan,8614238,17
Cassidy,957871,3
Adams,957871,17
Hutton,957871,9
Mike,957871,6
Raymond,957871,17
Petrofsky,4894733,17
Harcourt-Smith,4894733,13
Vassilievna,4894733,0
Karpov,4894733,13
Hemmings,4894733,9
Winkler,4894733,24
Borisov,4894733,18
Govershin,4894733,4
Irvine,4894733,24
Preston,4894733,3
Berenson,4894733,5
Kunjumon,25849164,1
Unnithan,25849164,10
Menon,25849164,7
Taylor,3746749,23
Courtney,3746749,23
Callum,3746749,19
Michalka,3746749,15
Coleman,3746749,9
Reed,3746749,3
Dora,22643321,12
Rose,22643321,14
Doris,22643321,2
Godowski,22643321,3
Carey,22643321,6
Smith,23485396,13
Jerry,23485396,16
Doremus,23485396,13
Classon,23485396,17
Mary,23485396,7
Dalzell,23485396,12
Alice,23485396,4
Tennant,23485396,17
Winthrop,23485396,3
Mantin,23485396,16
Lucy,10867838,14
Sloan,10867838,14
Kong,26063887,24
Bud,26063887,12
Chung,26063887,24
Harry,14205956,3
Singh,14205956,18
Harikishan,14205956,1
Leghorn,6835148,10
Foghorn,6835148,3
Henery,6835148,3
Randy,7969860,3
Jake,7969860,6
Ashade,6805865,24
Penn.,6805865,5
Phoebe,6805865,21
Voisin,25862293,9
ois,25862293,9
Obrero,12794804,22
Molotto,12794804,15
McCulloch,12794804,0
Chandler,12794804,17
George,12794804,9
Hitler,31076473,3
Reich,31076473,8
Steiner,31076473,15
Baker,19166020,0
Stuart,19166020,12
Cromwell,19166020,15
I.,19166020,12
Kumar,25975737,17
Aswathy,25975737,2
Kunjunni,25975737,23
Ammini,25975737,1
Janaki,25975737,22
Sreedharan,25975737,21
Krishnanunny,25975737,22
Rebecca,2898154,24
Monaghan,6288907,24
Jo,6288907,3
Percy,6288907,6
Wong,6288907,24
Josephine,6288907,16
Mary,6288907,13
Grey,6288907,17
summons,6288907,17
Tinman,6288907,2
Addie,6288907,12
Badger,6288907,3
Stephano,24741887,3
Theodore,24741887,6
Marco,24741887,6
Torino,24741887,17
Velma,24741887,10
Caldash,24741887,23
Andringa,25528727,2
Geba,25528727,0
Cabral,25528727,14
Gomes,25528727,22
Hyde,6435577,1
Moe,6435577,10
Butts,6435577,13
Letourneau,2380059,8
Vili,2380059,6
Steve,2380059,3
Kay,2380059,6
Gilbert,32932657,2
Lyddleton,32932657,5
Marjorie,32932657,5
Galloway,32932657,21
Wattleby,32932657,17
Krivzha,5098248,10
Vladimir,5098248,6
Ozeranski,6446995,6
Cynthia,6446995,3
Tudeski,6446995,17
Jill,6446995,6
Janni,6446995,17
Figs,6446995,0
Gogolak,6446995,15
Jones,6446995,12
Jimmy,6446995,6
Frankie,6446995,6
Perry,6446995,10
Sophie,6446995,6
Crane,2100492,16
Campbell,2100492,6
Maria,31322403,15
Thelen,31322403,5
Fritz,31322403,15
Haran,3100741,15
Sarah,3100741,2
Abram,3100741,13
Abraham,3100741,8
Eliezer,3100741,1
Hull,21751791,16
Wardell,21751791,2
Howston,21751791,3
Anderson,21751791,16
Davies,21751791,17
Jorge,21751791,9
Tino,21751791,17
Keller,21751791,23
Wilcox,21751791,13
Praemus,13049227,6
Jorge,13911206,15
Lear,21950055,6
Shakespeare,21950055,20
Qiwu,213471,6
Faye,213471,6
Aasha,11217536,6
Mala,11217536,3
Ho,11217536,18
Deepak,11217536,6
Deepamala,11217536,13
Cowley,21650397,10
Bull,21650397,23
Dov,21650397,11
Verne,21650397,1
Hussein,21650397,12
Kennedy,26720212,0
Strelka,26720212,3
Krushchev,26720212,6
Pushok,26720212,13
Vova,26720212,24
Kazbek,26720212,3
Mula,26720212,10
Venya,26720212,3
Belka,26720212,3
Pratap,33002479,14
Yeshwant,33002479,14
Swami,33002479,7
Kohli,33002479,20
Michal,17244218,0
Lucy,2199162,4
Helsing,2199162,20
Dracula,2199162,17
Renfield,2199162,17
Harker,2199162,3
Bano,1056905,6
Shaila,1056905,14
Shekhar,1056905,13
Shekar,1056905,7
Darrell,13420957,10
Pearly,13420957,18
McVeagh,13420957,21
Nancy,13420957,14
Russell,13420957,11
Tanarka,13420957,8
Carey,13420957,22
Liana,13420957,4
Lazo,11441643,14
Matsuoka,11441643,9
Lucy,29561419,19
Kailani,29561419,21
Parsons,29561419,2
Liz,29561419,21
Alexander,29561419,17
Anderson,29561419,3
Gabato,29561419,23
Sean,29561419,17
Katie,31368431,3
Tony,31368431,10
Guy,31368431,6
Luke,31368431,3
Victor,31368431,3
Ravi,31368431,15
Angela,31368431,3
Bev,31368431,3
Morgan,31368431,12
Gibbs,31368431,8
Hin,6160153,3
Tong,6160153,19
Sonia,6160153,14
Gamebox,7101944,17
Colburn,7101944,21
Srividhya,8425494,18
Jane,972816,6
Paula,972816,23
Lasky,972816,7
Margaret,972816,14
Iris,972816,21
Tan,21334426,13
Wong,21334426,0
Jennifer,21334426,14
Benny,21334426,21
Seng,21334426,21
Li,21334426,9
Suroyo,30984495,21
Bonds,3490448,14
Sharpe,3490448,11
Monica,3490448,6
Ramon,3490448,6
Python,3490448,3
Betty,3490448,3
Emmett,3490448,17
Broddick,3490448,3
Pryor,7666236,5
Visu,7666236,8
Ravi,7666236,13
Janakaraj,7666236,19
McCutcheon,7666236,0
Rajni,7666236,21
Gaddam,7285884,18
Swapna,7285884,3
Sivanna,7285884,18
Bhatia,7285884,10
Lingam,7285884,0
Akasaganga,7285884,17
Ganga,7285884,8
Singh,7285884,7
Anji,7285884,16
Rana,13578694,19
Mathur,13578694,14
Rane,13578694,5
Jai,13578694,17
Amy,656608,3
Bonnie,656608,3
Arnie,656608,3
Ellen,656608,4
McBurney,656608,20
Jerry,656608,15
Becky,656608,3
Gilbert,656608,3
Lamson,656608,18
Betty,656608,17
Ken,656608,10
Paul,8434355,6
Steve,8434355,4
Maureen,8434355,23
Warren,2316562,20
Riley,2316562,15
Nuria,29525315,13
Laila,29525315,3
Habib,29525315,24
Arjun,29525315,3
Natasha,29525315,13
Salman,29525315,23
Imraan,29525315,14
Kabir,29525315,6
Sombrero,36329343,19
Sam,285559,6
Jjaks,285559,3
Red,285559,22
Costikyan,285559,1
Conny,4901314,2
Laura,4901314,21
Tom,4901314,3
Joep,4901314,13
Goppels,4901314,9
Pieter,4901314,3
Vermeulen,4901314,4
Seetha,5812844,24
Berger,5812844,24
Chandra,5812844,17
Jane,1208768,3
Roberts,1208768,16
Alden,1208768,1
Dee,1208768,9
Morrison,1208768,9
Diane,1208768,6
Ray,1208768,3
Brown,1208768,18
Liz,1208768,6
Charles,1208768,15
Goodale,1208768,17
Eddie,1208768,3
Castro,1208768,15
Ratnam,35226968,14
Sirasu,35226968,6
Parameswaran,35226968,14
Indhu,35226968,2
Suresh,28866199,13
Raaji,28866199,23
Pennu,28866199,14
Roy,18890766,21
Farsh,18890766,23
Taghv,18890766,13
Ali,18890766,8
Nietzsche,18890766,4
Keeler,23687725,20
Molly,12653392,6
Flo,12653392,2
Fee,12653392,7
Jimmy,12653392,2
Anderson,12653392,5
Blue,12653392,16
Shea,12653392,14
Jenks,12653392,13
Maple,12653392,9
Stanley,11476109,3
Boone,11476109,18
Regan,11476109,6
Mallory,11476109,20
LaBruce,33589235,22
Sagat,33589235,15
Marilyn,33589235,20
Monroe,33589235,9
Madonna,33589235,8
Laranjinha,17903453,21
Arp,19784041,11
Evans,14336079,15
Hitler,993791,6
H,993791,19
Peter,993791,17
Traudl,993791,21
Quandt,993791,21
Keitel,993791,12
Reitsch,993791,2
Greim,993791,7
Krebs,993791,17
Gretl,993791,23
Weidling,993791,6
Misch,993791,20
von,993791,4
Albert,993791,21
G,993791,15
Goebbels,993791,17
Robert,993791,20
Schenck,993791,17
Junge,993791,17
Steiner,993791,7
Heil,993791,20
Grawitz,993791,17
Wenck,993791,20
Mohnke,993791,20
Koller,993791,5
Chuikov,993791,5
Burgdorf,993791,20
Hewel,993791,17
Himmler,993791,6
Bormann,993791,13
Humps,993791,17
Kesselring,993791,12
nitz,993791,5
Christian,993791,6
Clausewitz,993791,18
Fegelein,993791,15
Braun,993791,17
Manziarly,993791,19
Speer,993791,14
Greifkommando,993791,7
Qureshi,2994151,3
Vishal,2994151,13
Manjeet,2994151,3
Sarita,2994151,17
Swati,2994151,6
Rajan,2994151,13
Khosla,2994151,10
Sanjay,2994151,3
Thakkar,2994151,7
Moune,29334449,14
Chiaki,29334449,18
Shiraishi,29334449,8
Hyde,29334449,14
Kusakabe,29334449,22
Red,29334449,17
Ikenami,29334449,13
Hanaori,29334449,24
Shinkenoh,29334449,7
Max,29334449,16
Eri,29334449,3
Warstar,29334449,4
Ryunosuke,29334449,5
Madokodama,29334449,17
Alata,29334449,3
Green,29334449,23
Chimatsuri,29334449,14
Shiba,29334449,7
DaiGoyou,29334449,13
Takeru,29334449,21
Ray,25016724,1
Rick,25016724,19
Jay,25016724,17
Dass,3343617,6
Minchin,3343617,3
Randolph,3343617,21
Emily,3343617,24
Becky,3343617,11
John,3343617,5
Crewe,3343617,4
Lavinia,3343617,4
Sara,3343617,3
Bryant,163440,13
Gurney,163440,10
Tucker,163440,15
Charles,163440,1
Claire,163440,3
Grace,163440,1
Jack,163440,13
Gvozden,2724834,20
Petar,2724834,3
Halil,2724834,5
Petrovi,2724834,13
Linel,2724834,18
Slobo,2724834,16
Brzi,2724834,23
Gardovi,2724834,22
find,3262502,13
Igor,3262502,23
Geppetto,3262502,20
Pinocchio,3262502,3
Puppetino,3262502,20
Siu,33361939,9
Yan,33361939,17
Moon,33361939,3
Kei,33361939,4
Ted,33361939,16
Geeta,14719302,14
Dinanath,14719302,0
Agarwal,14719302,22
Corbet,25532672,23
Halloran,25532672,9
Jennifer,25532672,3
tom,25532672,22
Gallagher,25532672,20
Dana,25532672,6
Morgan,25532672,19
Chris,25532672,6
Hitler,31217265,1
Braun,31217265,19
Gandhi,31217265,12
Roy,2777047,3
Raj,2777047,6
Chauthrani,2777047,22
Patel,2777047,14
Sonia,2777047,3
Priya,2777047,17
Rakesh,2777047,6
Malhotra,2777047,22
Tyler,24092656,23
Gunn,24092656,19
Nick,24092656,4
Armstrong,24092656,17
Wallace,24092656,8
Richard,2002258,1
Brady,2002258,13
Meeker,2002258,17
Michael,2002258,3
Darlene,2002258,21
Myers,2002258,16
Loomis,2002258,13
Lloyd,2002258,13
Kelly,2002258,13
Lindsey,2002258,7
Rachel,2002258,3
Laurie,2002258,22
Carruthers,2002258,9
Jamie,2002258,23
Bowie,10667973,19
Felscherinow,10667973,21
Axel,10667973,7
Babsi,10667973,9
Coyote,10131328,3
E.,10131328,3
Yusuke,2186181,19
Tetra,2186181,21
Joan,8947775,6
Collins,8947775,3
Brice,8947775,24
Winfield,8947775,8
Lucius,8947775,8
III,2029825,20
Pryde,2029825,14
Grey,2029825,19
Lensherr,2029825,17
Wolverine,2029825,17
Magneto,2029825,3
Shadowcat,2029825,24
Xavier,2029825,6
Jean,2029825,3
MacTaggert,2029825,3
Kitty,1122387,12
Savitri,7558804,24
Archana,7558804,21
Raj,7558804,19
Khanna,7558804,0
Teddy,7558804,15
Tina,7558804,14
Mamaji,7558804,22
Rastogi,18777132,8
Shabnam,18777132,18
Yu,28721791,23
Minako,28721791,2
Juan,4579403,15
Patricia,4579403,3
Ramon,4579403,24
Yarritu,4579403,18
Orujo,4579403,8
Alex,4579403,1
Mary,22422444,1
James,22422444,21
Julia,22422444,20
Tara,5204875,3
Ali,5204875,7
Singh,5204875,18
Gloria,11279445,23
Ernesto,11279445,3
Rafi,11279445,3
Tania,11279445,3
Leni,11279445,6
David,11279445,23
Murphy,33912411,23
Master,33912411,24
Robo,33912411,20
Abrella,33912411,11
Tetsu,33912411,18
Volger,33912411,4
Marie,33912411,4
Leslie,33912411,23
Carey,17764048,21
Caine,17764048,11
Bradley,17764048,15
Nick,17764048,9
Clara,17764048,12
Christabel,17764048,21
Broome,17764048,14
Donna,17764048,21
Foster,17764048,11
Grant,13729387,15
Williams,13729387,15
Givens,13729387,5
Hunter,13729387,4
Sullivan,887457,3
Erica,887457,2
Nicole,887457,24
Matt,887457,4
John,887457,11
Kau,27445422,10
Arthur,931949,3
Walter,931949,16
Joe,931949,3
Ben,931949,4
Jack,931949,10
Bernie,931949,3
Bascomb,10746939,24
Alma,10746939,24
Hunnicutt,10746939,3
Ellen,10746939,2
McCain,10746939,19
Tawes,10746939,24
Mack,422428,13
Johnson,422428,3
Dorothy,422428,1
Libois,26268645,1
Erickson,26268645,8
Marie,26268645,10
Marta,14171052,2
Karolyi,14171052,15
Comaneci,14171052,8
Mussolini,1506297,3
Suzie,1506297,3
Lola,1506297,17
Perlman,1506297,12
Cesar,1506297,21
Dante,1506297,6
Nazis,1506297,1
Goldstein,1506297,16
Abramovich,1506297,23
Luciano,31025129,24
Manab,25687963,9
Tapan,25687963,9
Nayan,25687963,9
Danny,7351292,3
Hail,7351292,20
Ben,7351292,6
Sophie,7351292,4
Grandpa,6554432,6
Constance,6554432,10
Walrus,6554432,7
Dawson,6554432,21
Russell,6554432,23
Mike,6554432,6
Barton,6554432,24
Hyde,7120714,4
Stevens,7120714,18
Edwards,7120714,0
Denny,7120714,18
Jekyll,7120714,13
Tubby,7120714,4
Bruce,7120714,3
Vicky,7120714,14
Adiseshayya,7283462,21
Rao,7283462,19
Murali,7283462,1
Murti,7283462,20
Sujata,7283462,16
Healy,27634879,21
Greenstreet,27634879,11
Jenn,27634879,21
D'Angelo,27634879,18
Jesse,27634879,6
Dix,27634879,13
John,27634879,23
O'Dell,559847,18
Cyrus,559847,24
Parker,559847,14
Sally,559847,22
Grissom,559847,17
Tricia,559847,2
Poe,559847,21
Greene,559847,24
Larkin,559847,17
Cindino,559847,15
Casey,559847,5
Johnny,559847,3
Malloy,559847,11
Madeline,3811057,3
Flynn,3811057,9
Jody,3811057,6
Vincent,3811057,3
Joe,3811057,6
Sean,3811057,6
Cooper,8351476,6
Juliana,8351476,9
Burroughs,8351476,11
Freeh,8351476,17
O'Neill,8351476,6
Hanssen,8351476,8
Reshma,32191720,23
Preeti,32191720,3
Sridhar,32191720,21
Tarun,32191720,12
Chace,2187884,1
Gambrelli,856733,17
LaFarge,856733,16
Dreyfus,856733,17
Simone,856733,5
Maria,856733,4
Kato,856733,3
Miguel,856733,13
Dominique,856733,11
Karan,30805709,9
Vinod,30805709,24
Anitha,30805709,21
Justin,31684269,8
Wilton,31684269,13
Eric,31684269,17
Matthews,31684269,24
Charles,31684269,0
Baldwin,31684269,17
Posner,31684269,22
Susie,31684269,23
Volker,31684269,17
Roosevelt,309159,0
Marie,309159,24
Izanagi,4167640,6
Akahana,4167640,16
Kushinada,4167640,21
Mouse,13632321,22
Wong,2452459,24
Tse,2452459,1
Yee,2452459,17
Frank,2452459,3
Joe,2452459,17
Harbour,2452459,11
Sa,2452459,18
Max,2452459,16
Cheng,2452459,24
Patty,28921043,22
Walter,28921043,14
Patti,28921043,6
Thorne,28171015,20
Vera,28171015,2
Susan,28171015,13
John,28171015,22
Rubinoff,7211913,9
Betty,7211913,0
Kat,7211913,17
Boop,7211913,17
Ellen,33281201,4
Missie,33281201,24
Davis,33281201,16
Fatima,24507227,0
Pyarelal,24507227,5
Gupta,24507227,18
Sarmoyadhar,24507227,24
Gravano,14439599,8
Maas,14439599,19
Gotti,14439599,11
Nostra,14439599,24
Amy,24160453,24
Carrie,24160453,17
Ray,24160453,10
Jon,24160453,20
Rich,24160453,21
Joe,24160453,3
John,24160453,10
Gene,24160453,3
Nancy,24160453,10
Babu,15883386,14
Krishna,15883386,21
Neelakanta,15883386,15
Meena,15883386,23
Sreenu,15883386,15
Jane,14240828,21
Mason,14240828,21
Eunice,14240828,1
Doolittle,14240828,1
Boelcke,12867186,4
Hawker,12867186,16
Fokker,12867186,1
Brown,12867186,16
Richthofen,12867186,4
Meena,11374179,10
Shekhar,11374179,15
Rajesh,11374179,6
Claire,2276238,6
Steven,2276238,6
Cooney,2276238,3
Lisa,2276238,3
Davys,3494143,22
Jessop,3494143,2
Crabtree,3494143,16
Davis,3494143,6
Davenport,33774989,5
Daniel,33774989,12
Alex,33774989,17
Shirley,1765996,1
Jacob,1765996,8
Bicchhoo,1765996,2
Bichoos,1765996,23
Prakash,1765996,17
Vasco,1765996,1
Murphy,1271237,14
Miller,1271237,9
Brown,1271237,9
Prince,1271237,18
Howard,1271237,6
Sussman,1271237,1
Hecky,1271237,21
Barrett,1271237,1
Lee,471755,3
Smith,471755,11
Daleks,471755,8
Richards,471755,8
Gallifrey,471755,17
McCoy,471755,4
Bruce,471755,12
McGann,471755,15
Shada,471755,22
Wells,471755,0
Hinton,471755,11
Keith,471755,7
Chronotis,471755,12
McCrimmon,471755,20
Holloway,471755,24
Nuthatch,5002289,10
Vorb,5002289,10
Bleeb,5002289,23
Elsa,5002289,6
Buster,5002289,5
Louie,5002289,21
Cecilia,5002289,16
Woog,5002289,5
Stubbs,5002289,10
Neweyes,5002289,17
Screweyes,5002289,3
Jackson,21565137,14
Cher,21565137,9
Monroe,21565137,9
Jenny,17350485,21
Robert,17350485,1
Edgar,34466855,7
Felicia,29819573,10
Anna,29819573,8
Stromberg,6446036,22
Amasova,6446036,24
Bond,6446036,17
Liparus,6446036,16
Dino,10757522,23
Crowl,8099185,22
Bert,8099185,22
Granville,8099185,8
Bala,16167785,4
Ganapathy,16167785,23
Manga,16167785,19
Soloha,8554060,1
Vakula,8554060,3
Potemkin,8554060,13
Oksana,8554060,1
Nualjan,7299021,10
Choy,7299021,24
Crown,2214634,17
Bess,2214634,4
Robbins,2214634,13
Sportin,2214634,21
Judas,26667799,21
Wells,26667799,15
Reyes,26667799,12
Zach,26667799,16
Danny,11938659,6
Mottola,11938659,13
George,11938659,2
Naomi,11938659,6
Skylar,11938659,11
Cunningham,8323564,3
Giles,8323564,4
Christina,8323564,4
Michael,16490762,15
Anthony,16490762,1
Sophia,22904509,14
Buddy,22904509,6
Maggie,22904509,21
Lofton,22904509,8
Evans,22904509,23
Jenny,22904509,4
Tarzan,17529919,17
Vinero,17529919,17
Train,17529919,7
Renault,17529919,15
Ramel,17529919,9
Karim,15890610,6
Ivan,655335,23
Galtsev,655335,3
Bondarev,655335,21
Gryaznov,655335,2
Reich,655335,8
Kholin,655335,4
Masha,655335,0
Pacino,23320544,22
Nina,23320544,4
Vanya,23320544,16
Olga,23320544,2
Giamatti,23320544,16
Danny,11158587,3
Mischa,11158587,3
Slammer,11158587,24
Jason,11158587,2
Diane,11158587,21
Pushkin,11158587,4
Boris,11158587,17
Adam,11158587,23
Hawkins,11640332,4
Willoughby-Cruft,11640332,20
Upshott,11640332,18
Kumar,2506456,22
Saheb,2506456,1
Ravi,2506456,4
Rama,2506456,10
Ollie,3176657,3
Stan,3176657,23
Hardy,3176657,7
Washington,5493777,5
Hambo,16974971,15
Artem,16974971,7
Gikor,16974971,14
Thanatos,652255,23
Mason,652255,16
Olsen,652255,24
Kate,652255,8
Armstrong,652255,8
Sr.,652255,16
Jr.,652255,16
Wilson,652255,3
Sean,652255,17
Alex,652255,8
Pickton,22770420,13
Poe,22770420,4
Billy,22770420,9
Annie,22770420,17
Hackett,22770420,11
Evelyn,31305787,23
Kitty,31305787,23
Clancey,34037117,17
Michelle,34037117,17
McNulty,34037117,14
Young,34037117,17
Jorgen,1671520,6
Yadda,1671520,15
Timmy,1671520,3
Charles,1671520,18
Wanda,1671520,6
Sanderson,1671520,23
Bob,1671520,3
Nelson,21183787,18
Houghland,21183787,21
Spanky,19400227,14
Nevin,22680425,12
Presley,2525251,9
Randy,2525251,6
Bobby,2525251,7
Fox,2525251,16
Rabbit,2525251,24
Madigan,2525251,17
Wayne,2525251,11
Norman,11490409,17
Brophy,442675,20
Wentworth,442675,2
Victoria,442675,8
Montague,442675,13
Brisbane,442675,1
Thorndyke,442675,3
Carey,442675,15
Shivu,24583842,24
Purnima,24583842,6
Mileau,30104052,9
Sloane,30104052,10
Ross,30104052,15
Madeleine,30104052,21
Halsworth,9652359,21
Hugh,9652359,6
Barbara,9652359,13
Macfarland,9652359,24
Denham,9652359,12
Mannering,9652359,6
Darrell,20089961,15
Holden,20089961,13
Andie,20089961,16
Trevor,20089961,17
Ephram,20089961,14
Bock,74381,6
Barbara,74381,17
Drummond,74381,13
Edith,2509635,21
Arati,2509635,3
Subrata,2509635,21
Ines,7980215,10
Federico,7980215,0
Tariq,7980215,23
Donald,27466697,3
Pete,27466697,3
Caraboo,2217144,10
Gutch,2217144,15
Kavafis,35002635,5
Crumden,11142074,3
Morton,11142074,8
Alice,11142074,5
Molly,18078685,21
Hull,18078685,1
Montrose,18078685,15
Sutton,18078685,3
Davidson,18078685,9
Hume,18078685,0
Elmer,14068757,1
Paul,817516,4
Hayden,817516,4
Michelle,817516,17
Tom,817516,12
Zalinsky,817516,6
Brock,817516,20
Tommy,817516,4
III,817516,0
Jr.,817516,21
Callahan,817516,21
Kumar,15233369,9
Maman,15233369,21
Salim,15233369,3
Aramis,15233369,13
Latika,15233369,3
Malik,15233369,16
Javed,15233369,16
Jamal,15233369,6
Reineger,12583278,13
Woodruff,12583278,11
Anna,12583278,3
Macy,80523,14
Shellhammer,80523,3
Payne,80523,6
Susan,80523,6
Kringle,80523,6
Pierce,80523,1
Walker,80523,8
Gimbel,80523,7
Halloran,80523,18
Harper,80523,16
Jr.,80523,6
Mara,80523,16
Sawyer,80523,0
Alfred,80523,18
Doris,80523,6
Kris,80523,6
Kenichi,13748529,22
Uhara,13748529,6
Savitha,36114256,7
Sumesh,36114256,14
Hattori,9210027,2
Kogoro,9210027,23
Shinichi,9210027,23
Kazuha,9210027,2
Hode,6309072,9
Folcanet,6309072,9
Daguerre,6309072,17
Robin,6309072,2
Mariane,6309072,6
Little,6309072,11
Werra,1216495,3
Hucknall,1216495,8
Sasagaki,30470501,11
Ryouji,30470501,4
Yukiho,30470501,13
Heinrich,22672266,18
Raden,22672266,6
Fedorova,22672266,3
Tania,22672266,3
Alexandroff,22672266,8
Karl,22672266,6
Devan,21671305,21
Jai,21671305,13
Sarena,21671305,6
Sylvi,32562762,13
Jim,32562762,14
King,32562762,6
Nitti,32562762,3
Manuela,21246543,13
Miguel,21246543,6
Lucero,21246543,20
Manuelito,21246543,1
Jackson,9055736,19
Toots,9055736,3
Tom,9055736,3
Jerry,9055736,23
Bianca,1489050,10
Altomare,1489050,5
Ash,1489050,23
Oakley,1489050,3
Ross,1489050,15
Brock,1489050,16
Latios,1489050,4
Latias,1489050,3
Lorenzo,1489050,17
Wobbuffet,1489050,2
Annie,1489050,3
Sunder,13580398,20
Guman,13580398,4
Sharmila,13580398,10
Pandey,13580398,10
Singh,13580398,9
Jai,13580398,6
Rex,1331395,17
Nash,1331395,13
Rowland,1331395,24
Francis,1331395,20
James,1331395,10
Zimmer,1331395,19
Pluto,1331395,18
Laranga,1331395,12
Lake,1331395,24
Dina,1331395,4
Frankowski,1331395,3
Bruno,1331395,4
Pendankin,1331395,4
Marucci,1331395,2
Crater,1331395,21
Anasuya,13104745,21
Deepak,13104745,21
Enteng,33729909,14
Satana,33729909,6
Kabisote,33729909,6
Gajaraj,17918771,23
Ganesh,17918771,16
Lakshmi,17918771,13
Balu,17918771,6
Zedong,22114856,2
Qing,22114856,2
Antonioni,22114856,0
Fortney,624505,24
Forney,624505,6
Gamidge,624505,15
Brubaker,624505,6
Lee,624505,6
Tarrant,624505,21
Nancy,624505,13
Woodbridge,15111736,0
Victor,15111736,12
Gowshall,15111736,12
Mallinson,15111736,4
Barton,15111736,9
Rigby,15111736,18
Frost,15111736,7
Harrison,15111736,15
Hartnell,15111736,20
Boutall,15111736,15
Handl,15111736,5
Salew,15111736,11
Dwyer,15111736,9
Brown,15111736,19
Dalio,15111736,9
Watson,15111736,19
Simon,15111736,11
Hopkins,15111736,8
Barrington,3082268,0
Michel,3082268,3
Jacques,3082268,21
Jeanne,3082268,23
Nijinksi,19933654,16
Wolf,18715808,10
Samantha,18715808,6
Ritt,18715808,11
Kenny,18715808,21
Dagen,18715808,21
Phillips,18715808,9
Ventura,18715808,1
Madhukar,25527519,21
Bhai,25527519,19
Shree,25527519,16
Vic,2363625,23
Fechter,2363625,19
Lotte,2363625,1
Matthis,2363625,20
Scholz,2363625,22
Klausnitz,2363625,8
Ferch,2363625,3
Herschel,2363625,24
Melchior,2363625,6
Constanza,2363625,0
Carola,2363625,17
Heiner,2363625,14
McCarn,9782726,6
Justine,9782726,6
Doggo,9782726,10
Seikura,9782726,4
A.J.,9782726,13
Katsumoto,9782726,21
Nancy,9782726,10
James,9782726,21
Scott,9782726,3
Rumpelstiltskin,22815373,24
Phantom,3368653,17
Kyogre,3368653,11
Elizabeth,3368653,6
Ash,3368653,3
Max,3368653,23
Walker,3368653,11
Pikachu,3368653,3
Jessie,3368653,23
Kyle,3368653,19
Samiya,3368653,0
Galen,3368653,23
Manaphy,3368653,21
Ketchum,3368653,10
Jackie,3368653,17
Burke,673903,17
O'Meara,673903,17
Phelan,673903,8
Doherty,673903,15
Devaney,673903,6
Frankie,673903,3
Megan,673903,6
Tom,673903,7
McGuire,673903,3
Eddie,673903,17
Sean,673903,24
Sheila,673903,6
Rory,673903,3
Fitzsimmons,673903,6
MacDuf,673903,18
Diaz,673903,16
Leopold,12288251,23
Andy,11818376,21
Hardy,11818376,1
Johnny,170139,21
Karen,170139,11
Lonnie,170139,10
Linnea,1823034,16
Anna,1823034,1
Zelda,6018723,8
Parekh,14851425,8
Chauhan,14851425,13
Usman,14851425,7
Amod,14851425,6
Malvika,14851425,6
Cunningham,29820807,0
Bill,29820807,14
Wintour,29820807,18
Smith,28137110,13
Stoner,28137110,22
Mary,28137110,20
Peter,1273501,19
A-Scott,1273501,7
Kranz,1273501,17
Brock,1273501,19
Hirth,1273501,4
Vogel,1273501,15
Lohrmann,1273501,4
William,5669049,3
Wagner,5669049,11
Lasky,5669049,3
Ruth,5669049,11
Black,5669049,11
Dorothy,5669049,0
Phillip,5669049,6
Mickey,14479307,21
Grigg,13379536,14
Daniel,13379536,8
Trey,13379536,12
Guin,13379536,0
Sylvia,13379536,13
Bernadette,13379536,6
Prudie,13379536,2
Allegra,13379536,6
Jocelyn,13379536,6
Yahan,29885579,4
Shirodkar,29885579,5
Denise,31315244,20
Jos,12603362,12
Elena,12603362,12
Stephanie,3814210,3
Anderson,3814210,9
Sam,18716405,6
Monty,18716405,24
Crite,18716405,19
Harding,18716405,3
Stephen,18716405,16
Charlie,18716405,13
Cara,18716405,3
Bernburg,18716405,3
Adam,18716405,6
David,18716405,13
Birabeau,22778879,13
Khobar,22778879,15
coward,22778879,24
MacRae,22778879,11
Benny,22778879,12
Margot,22778879,13
Wolf,1937542,15
Ellen,1937542,0
Palomino,1937542,6
Tito,1937542,20
Nick,1937542,3
Nicole,1937542,6
Cora,1937542,19
Chad,1937542,13
Reve,1937542,10
Wright,31555231,6
Tammy,31555231,17
Niall,31555231,13
Gangu,384141,17
Shambu,384141,6
Mahato,384141,23
Singh,384141,15
Kanhaiya,384141,3
Parvati,384141,4
Stern,20841547,12
Benny,20841547,3
Livingstone,20841547,13
Ed,20841547,13
Wilson,20841547,24
Mary,20841547,13
Jack,20841547,17
Amy,1730420,4
Taylor,1730420,15
Earl,1730420,4
Red,1730420,3
Barr,1730420,10
Jeff,1730420,3
Boyd,1730420,17
Billy,1730420,17
Jason,12064359,17
Beth,12064359,3
Marlena,12064359,23
Lily,12064359,15
Rob,12064359,3
Maria,19278838,16
Jean,19278838,3
Gina,4186717,8
Rosario,4186717,4
Malacicis,4186717,2
Cynthia,384990,13
Elizabeth,384990,1
Ann,384990,6
Dalton,384990,14
Graham,384990,18
John,384990,3
Maggie,1430058,16
Sarah,1430058,3
Maris,1430058,12
Joe,1430058,3
Kavanagh,1430058,6
Liam,1430058,3
Athanasius,6189444,3
Afonya,6189444,21
Fedulov,6189444,12
Helen,6189444,2
Yegor,6189444,13
Katya,6189444,13
Frosya,6189444,12
Kolya,6189444,19
Snegireva,6189444,3
Borshchov,6189444,21
Soni,11372753,21
Kashi,11372753,21
Rani,11372753,0
Hira,11372753,19
Shibu,11372753,15
Woodcock,12479905,6
Pike,12479905,19
Elliot,12479905,22
Lap,12479905,13
Davis,12479905,6
Telford,12479905,6
Schmeckler,6241237,7
Nevares,12710799,7
Infante,12710799,9
Merenciana,12710799,17
Pilar,12710799,3
Tisica,12710799,6
Celia,12710799,1
Chachita,12710799,23
guez,12710799,14
Toro,12710799,13
Pepe,12710799,3
Ledo,12710799,23
Montes,12710799,5
Chorreada,12710799,9
La,12710799,9
Bixby,5082034,21
Lewis,5082034,11
Pichai,3848688,6
Saamy,3848688,21
Annachi,3848688,11
Paramasivam,3848688,6
Arusaamy,3848688,23
Bhuvana,3848688,3
Vikram,3848688,16
Vijayakumar,3848688,8
Holmes,23951630,17
Baskerville,23951630,9
Moriarty,23951630,12
Fleming,23951630,0
Milo,924835,6
Chazz,924835,15
Ian,924835,5
Beech,924835,1
Wing,924835,23
Laughlin,15722751,3
Henderson,15722751,14
Doreen,15722751,8
Quine,15722751,24
Kalu,5181423,2
Caldwell,31010232,15
Raymond,31010232,5
Estevez,2939386,14
Hell,2939386,18
Trixi,2939386,4
O'Malley,2939386,18
Shaw,2939386,15
Rodriguez,33784082,2
Slowpoke,33784082,6
Gonzales,33784082,16
Harry,16358705,22
Hugo,16358705,3
Sullivan,16358705,9
Peterson,16358705,22
Kim,16358705,6
Conrad,16358705,21
DeLeon,16358705,9
Albert,16358705,6
MacAfee,16358705,20
Pearson,16358705,9
McAfee,16358705,7
Peabody,16358705,2
Show,16358705,9
Birdie,16358705,16
Rosie,16358705,3
Fred,26861668,3
Shaggy,26861668,3
Uncle,26861668,0
Grubwort,26861668,21
Daphne,26861668,3
Thorny,26861668,6
Scooby,26861668,3
Doo,26861668,3
Rogers,26861668,12
Velma,26861668,6
Uggins,26861668,3
Lucy,10502224,19
Sturges,10502224,2
Bremer,21066411,13
Shepard,5316938,11
Richardson,5316938,9
Yakov,4655863,10
Lenin,4655863,12
Mui,538995,23
Chow,538995,23
Fung,538995,13
Sarah,14427075,23
Emily,14427075,17
Serge,14427075,6
Francois,14427075,18
d.,14427075,12
Sa,14427075,12
Renoir,14427075,12
Farida,14427075,6
Nazzaro,25432148,10
Wolf,25432148,24
Harris,12456666,11
O'Leary,12456666,20
Andy,12456666,3
Bodine,26278717,21
Doug,26278717,17
MacDonald,26278717,22
Mike,26278717,20
Walker,26278717,10
Coburn,26278717,17
Burns,26278717,15
Pa,10475102,19
Leyla,10475102,1
Hoff,33513876,23
Pabst,33513876,20
Ottilie,33513876,23
Pondo,2259324,6
Midas,2259324,17
Sinatra,2259324,16
Studley,2259324,6
Adela,12102068,16
Pedro,12102068,12
Julian,12102068,21
Charles,23183761,3
Charlie,23183761,3
Wolf,23183761,12
Miller,5558022,20
Diamond,5558022,17
Irwin,5558022,6
Fiedler,5558022,21
Stein,5558022,14
Adam,5558022,15
Fischer,31323864,14
Wegner,31323864,14
Arendt,31323864,1
Franklin,28434008,0
Martin,28434008,0
Jones,28434008,15
Mardin,28434008,12
Muz,12455307,10
Lauren,5513513,2
Chuckie,5513513,3
Lenny,5513513,20
Eli,5513513,20
Hal,5513513,3
Huan,5892072,17
Guei,5892072,3
Bin,5892072,7
Rong,5892072,18
Jian,5892072,23
Liangui,5892072,3
Xiao,5892072,19
Roberts,28958625,7
Martin,28958625,24
Lindsay,28958625,23
Jenna,28147421,7
Jothika,4655520,24
Jo,4655520,2
Brad,7691695,6
Korkis,11553516,21
Sophianna,15384415,24
Jesus,15384415,4
Dee,3859182,17
Bishop,3859182,17
Maria,3859182,6
Stoner,3859182,12
Bookbinder,3859182,19
Johnson,3859182,16
Jayadevan,26730794,0
Edgar,28273569,7
Schwarzwald,28273569,16
Room,33914576,24
Nakadai,33914576,23
Doggie,33914576,18
Yukito,33914576,16
Trinoid,33914576,24
Mikela,33914576,15
Red,33914576,24
Mai,33914576,20
Yatsudenwani,33914576,4
Alienizer,33914576,5
Asuka,33914576,6
Saunaginnan,33914576,10
Sugishita,33914576,7
Milibar,33914576,10
Genio,33914576,10
Kruger,33914576,2
Krug,21001056,3
Justin,21001056,3
Sadie,21001056,17
Mari,21001056,17
Emma,21001056,17
John,21001056,0
Collingwood,21001056,23
Paige,21001056,17
Holmes,194249,20
Lin,194249,3
Rathbone,194249,3
Ben,194249,12
Wang,194249,3
O'Bannon,194249,5
Victoria,194249,5
Roy,194249,3
Doyle,194249,7
Charlie,194249,23
Artie,194249,17
Sutra,194249,4
Liu,194249,3
Gretel,27223546,10
Berringer,27223546,9
Hansel,27223546,10
Schaefer,27223546,2
Vanessa,7926725,10
Dr,7926725,10
Stone,7926725,9
Death,7926725,19
Moon,878670,7
Kate,878670,24
Victoria,878670,5
Callender,878670,3
Cavor,878670,14
McNabb,13257893,16
Khristy,13257893,6
Maggie,13257893,3
Steve,13257893,3
Dave,13257893,9
Davis,13257893,11
John,13257893,3
Sullivan,7810685,15
Taichi,7810685,6
Misuzu,7810685,9
Helen,7810685,21
Keller,7810685,12
Ritsuko,7810685,3
Janet,24172982,16
Marra,31877035,0
Fatima,31877035,0
Fan,10988036,5
Si,10988036,4
Truman,17603844,0
Tran,24524244,13
Warbucks,12823099,16
Pugh,12823099,12
Sandy,12823099,21
Roosevelt,12823099,0
Lily,12823099,9
Bundles,12823099,7
Farrell,12823099,13
Grace,12823099,3
Annie,12823099,21
Hannigan,12823099,23
Greer,12823099,12
Healy,12823099,20
Eleanor,12823099,2
Boni,25434824,22
Montana,25434824,4
Muse,13927209,19
Corso,13927209,3
Morrison,13927209,19
Reininger,13927209,24
Ginsberg,13927209,9
Kerouac,13927209,2
Burroughs,13927209,20
Michelina,13927209,15
Hawke,13927209,8
Bhoond,32012994,11
Bhatti,32012994,7
Tata,32012994,0
Smeep,32012994,3
Goldy,32012994,6
Simran,32012994,3
Pinka,32012994,13
Jack,6674887,13
Brice,6674887,14
Cindy,6674887,10
Bodell,6674887,23
Billy,29672762,20
Herlihy,1708667,18
Belknap,1708667,3
Grayson,1708667,14
Cliff,1708667,4
Casamares,3196327,6
Tom,3196327,6
Bilbat,3196327,17
Gregorio,3196327,8
Charles,3196327,8
Lorenzo,3196327,6
Goya,3196327,6
Alicia,3196327,13
Khan,9889964,23
Saajan,9889964,3
Kaajal,9889964,4
Jaggu,9889964,0
Sood,9889964,2
Murphy,3584576,12
Kyle,3584576,1
Noonan,3584576,19
Milott,3584576,23
Joe,3584576,18
Teeler,3584576,15
Tessa,3584576,21
Jane,9019720,3
Megumi,9019720,3
Ritsuo,9019720,3
Tanaka,9019720,12
Bruno,9019720,2
Murase,9019720,6
Nakamura,9019720,19
Adam,9019720,22
Shaw,9019720,3
Seiko,9019720,23
Jarrett,8323362,18
Ray,8323362,10
Ty,8323362,6
Costello,8323362,20
Carver,8323362,23
Kunju,25901386,2
Lakshmi,25901386,2
Padmanabhan,25901386,12
Sivasankaran,25901386,1
Kurupu,25901386,14
Amaro,1728156,3
Benito,1728156,13
Amelia,1728156,3
Catholics,1728156,15
Natalio,1728156,8
Kiran,27813251,9
Pooja,27813251,22
Khan,27813251,23
Pathak,27813251,7
Chaudharies,27813251,12
Chaudhary,27813251,16
Khushi,27813251,12
Choudhary,27813251,16
Lehri,27813251,7
Sanjana,27813251,3
Aryan,27813251,18
Prem,27813251,21
Modi,27813251,11
Alan,17378447,3
Karin,17378447,3
Desland,17378447,4
Hessler,17378447,8
Foster,17378447,6
Taswell,17378447,12
Doyle,4848029,19
Olson,6201527,13
Mitzi,6201527,15
Christine,6201527,9
Cole,6201527,13
Mike,6201527,16
Kipp,6201527,17
Vere,26546695,12
Oliver,26546695,3
Sarah,26546695,13
Croft,26546695,1
Manor,26546695,17
Branwell,26546695,22
Litchen,26546695,6
Moreton,26546695,12
Karat,35777727,16
Montgomery,1228937,13
Monty,1228937,6
Snicket,1228937,6
Gustav,1228937,24
Stephano,1228937,12
Strauss,1228937,18
Poe,1228937,6
Josephine,1228937,6
Olaf,1228937,17
Klaus,1228937,3
Aana,21618909,21
Shukla,21618909,18
Barah,21618909,3
Lillian,14862254,2
Janet,4728208,12
Freddy,4728208,21
Sam,4728208,21
Trudy,4728208,21
David,4728208,1
Christopher,4728208,21
Marco,4728208,9
Jordi,4728208,9
Nikki,4728208,7
Jay,4728208,21
Alanna,4728208,9
Kat,4728208,6
Bob,4728208,0
Kristy,4728208,21
Neil,4728208,21
Leslie,4728208,21
Balan,17889548,17
Raju,17889548,3
Raghavan,17889548,18
Nanu,17889548,24
Kochutty,17889548,5
Inez,26829765,1
Stanler,26829765,21
Nowack,26829765,19
Jackson,25063718,24
Clarence,25063718,23
Rafael,25063718,3
Vidhyadhar,35969179,4
Patil,35969179,18
Harry,8121583,3
Schultz,8121583,16
Otto,8121583,6
Dooley,8121583,24
Simms,8121583,21
Schweger,8121583,4
Houdini,8121583,22
Bess,8121583,6
Fante,8121583,21
Change,26978753,8
Raja,2909975,3
Pooja,2909975,2
Chaturvedi,2909975,0
Prakash,2909975,13
Alan,7626909,23
Balfour,7626909,24
Stewart,7626909,11
Hoseason,7626909,12
David,7626909,9
Kenner,584713,3
Yoshida,584713,13
Tanaka,584713,17
Okeya,584713,19
Murata,584713,6
Katz,3361015,13
Henriette,3361015,6
Veronika,3361015,7
Wilder,3361015,22
Krohn,3361015,13
Schmitz,3361015,19
Voss,3361015,11
Buddy,31700012,3
Mavis,31700012,3
Beth,31700012,2
Freehauf,31700012,9
Matt,31700012,21
Sandra,31700012,13
Gary,31700012,2
Wilson,31700012,11
Slade,31700012,23
Ceau,13163680,2
Andrei,13163680,19
Eva,13163680,14
Lilu,13163680,12
Anna,11294399,13
Micha,11294399,12
Dennis,30232295,23
Diane,30232295,7
Carlo,30232295,16
Dianne,30232295,6
Ryan,30232295,21
Gonzales,30232295,22
Darsay,25831476,24
Hamid,25831476,5
Karim,25831476,4
Rama,25831476,2
Darsey,25831476,3
Wallace,25831476,13
Nakanishi,2501435,19
Sakamoto,2501435,13
Kaoru,2501435,16
Sugai,2501435,19
Hirayama,2501435,3
Miura,2501435,14
Wakamatsu,2501435,23
Akiko,2501435,2
Ozu,2501435,13
Horie,2501435,13
Kazuo,2501435,3
Sakuma,2501435,23
Kawai,2501435,6
Watanabe,2501435,19
Michiko,2501435,13
Douglas,18498357,17
Amy,18498357,24
Coffee,18498357,13
Ronald,18498357,3
Ek,18498357,21
Trevor,18498357,3
Deux-Deux,26839391,22
Insp,26839391,19
Nila,8382058,3
Berjanggut,8382058,3
Fox,8382058,23
Utama,8382058,8
Puspawangi,8382058,2
Sakura,26847108,3
Haruno,26847108,17
Shizune,26847108,17
Mukade,26847108,4
Naruto,26847108,3
Anrokuzan,26847108,4
Sai,26847108,17
Rasengan,26847108,20
Uzumaki,26847108,24
Hatake,26847108,17
Sarutobi,26847108,13
Aburame,26847108,24
Gai,26847108,2
Nell,2572864,3
Ballew,2572864,8
Jed,2572864,3
Forbes,2572864,20
Lesley,2572864,15
Peter,2572864,7
Lyn,2572864,6
Jones,2572864,15
Ruth,2572864,23
Eddie,2572864,6
Philip,2572864,2
Mina,3611352,1
Soon-Ryae,3611352,1
Young-Min,3611352,23
Park,3611352,3
Chang-Goo,3611352,1
Benjamin,27766591,11
Free,27766591,9
McCrae,27766591,12
Lisa,27766591,17
Lucy,2572301,13
Sally,2572301,3
Anderson,2572301,10
Linus,2572301,3
Brown,2572301,6
Braxton,23672917,17
Chi-li,23672917,24
Kelly,23672917,11
Wen,23672917,1
Wen-Chen,23672917,24
Heard,23672917,11
Liu,23672917,9
Lucas,31983570,2
Andrea,31983570,0
Mason,16682699,18
Harris,16682699,10
Malpertuis,22395733,16
Scott,11907590,15
Wayne,11907590,19
Liz,28463749,6
Ruth,28463749,3
Prewitt,28463749,22
Blake,28463749,19
Shaw,28463749,12
Janet,28463749,2
Carnes,28463749,20
Swanson,28463749,9
Joe,28463749,6
Gates,28463749,15
Erickson,28463749,24
Chad,28463749,21
Dallas,28463749,22
Isha,34083665,23
Freddy,34083665,2
Allen,34083665,17
Oscar,34083665,17
Cooper,9056492,20
Williams,9056492,11
Needleman,9056492,19
Rosalina,9056492,5
Josh,9056492,10
Nat,9056492,0
Hawkins,9056492,11
David,9056492,10
Wolff,9056492,16
Yamapasam,6021658,5
Raja,6021658,14
Thomas,5174460,20
Sanders,5174460,20
Howard,5174460,1
Chong,5174460,10
Bowman,14090644,20
Jerry,14090644,12
Callister,14090644,12
Perez,14090644,11
Center,14090644,9
Rachel,14090644,4
Holloman,14090644,19
Morgan,14090644,18
Shaw,14090644,6
Ethan,14090644,15
Sattar,26364529,6
Severov,12698715,15
Chris,30519399,0
Pete,30519399,2
Gallagher,183061,13
Donald,17839852,3
Huey,17839852,23
Louie,17839852,23
Dewey,17839852,23
Wyler,3995423,17
Kate,3995423,3
Forster,3995423,13
Alex,3995423,3
Margie,5542682,6
Heinrich,5542682,3
Don,5542682,17
Mark,5542682,6
Anna,5542682,3
Zimmerman,5542682,0
Bob,5542682,17
Helen,5542682,6
Moonbi,30240950,14
Daw,30240950,14
Tom,30240950,13
Darren,4152420,21
Hope,5467578,22
Finlayson,5467578,19
Vicky,5143892,21
Anajali,5143892,6
Natasha,5143892,3
Anjali,5143892,6
Wynn,1742101,23
Doonan,1742101,3
Paradine,1742101,6
Perse,1742101,4
Claire,1742101,13
Aase,1742101,5
Ludvigsen,1742101,17
Lowe,1742101,18
Trevor,1742101,11
Park,1742101,8
Jamie,1742101,24
Cleaver,1742101,19
Alice,1742101,9
Armaan,26512722,3
Danny,26512722,6
Sinha,26512722,6
Kapoor,26512722,15
Gehna,26512722,5
Carol,26512722,19
Sergio,18216602,0
Marta,18216602,23
Carmen,18216602,2
Valbuena,18216602,16
Eva,18216602,3
Kesar,15916538,23
Karan,15916538,3
Nath,15916538,9
Singh,15916538,17
Vera,33902416,21
Vanja,33902416,21
Devereaux,18941522,6
Reagan,18941522,17
Carter,18941522,13
Ann,18941522,17
Helen,18941522,13
Kubicek,29536294,2
Marunga,29536294,0
Pots,29536294,8
Fan,24490491,12
Yao,24490491,3
Wang,24490491,6
Mei,24490491,11
Wiggs,24582482,19
Mary,24582482,13
Lauker,8623363,13
Nicole,8623363,17
Zoe,8623363,17
Evan,8623363,17
William,36402289,18
Samiun,36402289,6
Dasima,36402289,3
Buyung,36402289,12
Hayati,36402289,13
Nancy,36402289,13
Hamzah,36402289,4
Elizabeth,9016038,20
Blair,9016038,1
Jones,9016038,7
Mary,9016038,21
Morgan,9016038,6
Rogers,9016038,11
Graham,9016038,23
Neil,28789149,6
Gilbert,28789149,20
James,28789149,1
Jane,28789149,3
Cooper,28789149,6
Alison,28789149,3
Richard,28789149,10
Lucy,28789149,13
Jay,28789149,3
Carli,28789149,23
Simon,28789149,18
Lisa,28789149,13
Singh,9894564,1
Samra,9894564,24
Curtin,10844908,5
Sabu,9016016,18
Eiji,9016016,19
Fraser,1001142,11
Michael,1001142,14
Colin,1001142,14
Ledoux,1001142,16
Helen,1001142,6
Carol,1001142,3
Gittler,164359,6
Turner,164359,15
Holly,164359,23
Maria,164359,2
Valens,164359,14
Charles,164359,11
Santiago,164359,11
Simmons,164359,17
Coleman,27671458,11
Lester,27671458,10
Karan,1679809,3
Sameer,1679809,22
Diana,1679809,12
Rhea,1679809,3
Mihir,1679809,2
Sanpei,18579324,22
Guilala,18579324,16
Sumire,18579324,3
Sumidagawa,18579324,4
Take-Majin,18579324,3
Sano,18579324,6
Sorkozy,18579324,23
Toyama,18579324,10
Hetherington,10195064,21
Isobel,10195064,4
Steer,10195064,6
Turner,18802880,11
Johnny,18802880,10
Roman,18802880,1
Lisa,18802880,4
Winthrop,18802880,19
Adriana,18802880,1
Garrett,14876301,4
Elvira,14876301,3
Kent,14876301,16
Virgil,14876301,3
Michael,14876301,8
Farrar,14876301,4
Georgia,14876301,14
Oscar,14876301,23
Mason,24490740,6
Norton,24490740,12
Holt,24490740,23
Otis,24490740,0
Autry,24490740,8
Evans,24490740,6
Ed,24490740,14
Gene,24490740,6
Larry,24490740,23
Mary,24490740,1
Hedge,24490740,2
LeBeau,27689143,7
Frohman,1045457,1
Mary,1045457,8
Maurier,1045457,8
Pan,1045457,16
Davies,1045457,19
Sylvia,1045457,19
Barrie,1045457,8
Stone,20238651,22
Kassim,8379216,3
Baba,8379216,3
Alojah,8379216,2
Marjina,8379216,8
Quinada,6028449,13
Leonora,6028449,3
Eames,6028449,11
Ohlrig,6028449,14
Chinese-American,22861853,7
Zhan,22861853,4
Leah,22861853,14
Hickok,13201569,0
Zonshoven,22643149,9
Rolf,22643149,3
Leo,22643149,4
Rudolf,22643149,16
Roselaar,22643149,3
Zwenken,22643149,21
Frans,22643149,21
Werve,22643149,15
Jerkoff,2493454,12
Ardor,2493454,0
Mongo,2493454,8
Wang,2493454,18
Mombi,5384890,4
Wright,5384890,15
Dorothy,5384890,3
Button-Bright,5384890,15
King,5384890,21
Gloria,5384890,1
Krewl,5384890,16
Russell,5384890,11
Googly-Goo,5384890,10
Woodman,5384890,24
Reed,5384890,15
Renaud,4321709,24
Vogel,4321709,2
Davis,4321709,21
Jody,27359996,23
Santee,27359996,24
Deakes,27359996,14
Platt,27359996,18
Douglas,885776,18
Heather,885776,10
Rick,885776,6
Harris,885776,5
Robin,885776,17
Kovacs,885776,9
Steven,885776,3
Ricardo,885776,11
Carter,6543887,15
Kratzmar,6543887,23
Ledvina,6543887,5
Nikolai,22419306,6
Michail,22419306,6
Berghammer,22419306,16
Nihal,6616047,18
Gary,6616047,18
Dearlys,1939585,22
Rona,1939585,6
Murph,1939585,6
Bobby,1939585,6
Wyatt,1939585,6
Clarence,1939585,6
Valerie,1939585,6
leave,1939585,1
Jeff,1939585,6
Mona,1939585,3
Phil,1939585,3
Lucinda,1939585,19
Ellie,1939585,2
Taylor,23481438,7
Nick,23481438,6
Terry,23481438,24
Faber,32760587,1
Norvell,32760587,13
Chick,32760587,23
Dixon,32760587,7
Farber,32760587,3
Graves,32760587,13
Edwards,19231529,24
Sofija,19231529,10
Miti,19231529,3
Strahinji,19231529,11
George,19231529,18
Kopicl,19231529,3
Bates,19231529,17
Jovanovi,19231529,19
Hesse,8983510,20
Faust,8983510,13
Bloodberry,8983510,13
Ray,3917900,13
Sandra,3917900,4
Keene,3917900,3
Lochlan,3917900,2
Carden,3917900,24
Miles,3917900,19
Davis,3917900,4
Chris,3917900,3
Kumar,15274957,3
Srinivasan,15274957,16
Balakrishnan,15274957,3
Shanmugham,15274957,16
Livingston,15274957,12
Sridevi,15274957,17
Dara,26637484,3
Eko,26637484,21
Rama,26637484,23
Allan,9662019,21
Gayatri,9662019,13
Sen,9662019,0
Melina,55325,21
Kuato,55325,23
Cohaagen,55325,23
Lori,55325,2
Benny,55325,17
Quaid,55325,23
Richter,55325,17
Hauser,55325,4
Edgemar,55325,17
Sam,2381862,6
White,2381862,5
Audrey,2381862,6
Reggie,2381862,16
Larry,2381862,20
Gomez,2381862,14
Hector,2381862,16
Keener,2381862,20
Mavis,1615048,9
Percy,1615048,14
Thomas,1615048,14
Rusty,1615048,19
George,1615048,16
Bert,1615048,2
Taj,187603,14
maru,187603,3
Wheetly,26967701,2
Thomas,26967701,18
Stipan,26486347,2
Miljenko,26486347,2
Tatjana,26486347,21
Slocumb,106117,16
J.D.,106117,6
Lennox,106117,13
Darryl,106117,9
Sawyer,106117,8
Louise,106117,6
Thelma,106117,3
Puckett,106117,3
Dickinson,106117,15
Philippe,32766082,21
Christine,32766082,19
Gerard,32766082,22
Pilapitiya,9833036,9
Miguel,9833036,24
Anula,9833036,13
Fernando,9833036,9
Sena,9833036,11
Sheldon,6521562,4
Danel,6521562,16
Lorraine,6521562,19
Wilcox,6521562,9
Pullman,31024173,13
Meyers,31024173,6
King,31024173,11
Ida,31024173,13
Stearns,31024173,1
Thompson,31024173,4
Morris,31024173,6
Molly,31024173,6
Zara,31024173,13
Wright,31024173,15
Kim,4015553,3
Minh,4015553,12
Thieu,4015553,5
Jeeva,24199883,3
Jesu,24199883,17
Meera,24199883,6
Sandra,17214601,6
Skeeter,14093598,16
Jesse,14093598,16
Vinicius,18832483,24
Marcus,18832483,4
Nero,18832483,17
Vicinius,18832483,3
Lygia,18832483,4
Maria,28044351,12
Gerald,28044351,19
Kenny,28044351,24
Tsvetkova,27750227,19
Davis,27750227,11
Molly,30230467,14
Cyrus,30230467,14
Patrone,30230467,23
Nicholas,30230467,1
Stonebridge,30230467,5
Chun,10775776,16
Ying,10775776,21
Mei,10775776,19
Binodini,10070959,23
Mahendra,10070959,1
Leroy,3213278,10
Adolf,3213278,15
Sputnik,7275095,17
Hyde,7275095,7
Clavillazo,7275095,24
Beatriz,7275095,10
Jekyll,7275095,13
Galatea,7275095,10
Mageau,2654186,17
Allen,2654186,13
Narlow,2654186,9
Armstrong,2654186,14
Shepard,2654186,22
Hartnell,2654186,17
Cox,2654186,24
Ferrin,2654186,9
Belli,2654186,19
Mulanax,2654186,23
Avery,2654186,13
Melanie,2654186,2
Toschi,2654186,16
Graysmith,2654186,21
Stine,2654186,15
Saxena,6533560,8
Pooja,6533560,19
Verma,6533560,8
Aman,6533560,13
Sagar,6533560,15
Bhoopathy,25836577,16
Nallathambi,25836577,23
Cueto,28997861,17
Pritchard,28997861,16
Mike,28997861,16
Mr.,24319026,21
Wang,24319026,17
Bangs,31631116,0
Sendak,31631116,5
Jonze,31631116,6
Elizaveta,34114351,23
Lenin,34114351,12
Panyushkin,34114351,22
Sergeyev,34114351,4
Kazuhiro,3509990,5
Stevenson,3509990,22
Hunt,3509990,6
Parnell,20312589,18
Marlowe,20312589,3
Chester,20312589,7
Garrett,1232088,8
Sadler,1232088,20
Harry,1232088,20
Oliver,1232088,18
Quigley,1232088,1
see,1232088,5
Virgil,1232088,4
MacDonald,1232088,7
Jimmy,1232088,6
Willie,1232088,7
Teri,1232088,3
Giovanni,8703874,5
Andrea,8703874,6
Guliano,8703874,21
Phileberta,8703874,8
Lynch,27387205,6
Caitlin,27387205,3
Baiul,27387205,8
Chang,27387205,19
Fairchild,27387205,16
Helga,27387205,17
Spaulding,27387205,17
Callahan,27387205,4
Pashupati,24258284,1
Visalakshamma,24258284,8
Rao,24258284,6
Hemalatha,24258284,18
Mohini,24258284,15
Sushila,24258284,13
Waxman,3153784,17
Gordon,3153784,12
Maggie,3153784,4
McKeown,3153784,7
Grogan,3153784,24
Dr.,3153784,6
Jack,3153784,12
Hoak,3153784,21
McCarthy,3153784,1
Khan,12074729,7
Cassidy,7323666,9
Granny,7323666,3
Geronimo,7323666,8
Sylvester,7323666,7
Hector,7323666,13
Luk,5467829,12
Marian,4845241,3
Shinn,4845241,13
Hill,4845241,21
Cowell,4845241,2
Preston,4845241,9
Washburn,4845241,6
Winthrop,4845241,3
Eulalia,25462251,21
Mirta,25462251,21
Tolstoy,12493658,8
Andreevna,12493658,2
Tolstaya,12493658,2
Peter,12493658,5
Madhu,11474887,23
Madhav,11474887,23
Bhai,11474887,4
Srinivas,11474887,20
Chakri,11474887,6
Seenu,11474887,21
Madhumati,11474887,3
Madhumathi,11474887,13
Inoue,1939966,24
Kristian,30806900,6
Paavo,30806900,21
Schmidt,30806900,1
Rossellini,30806900,15
Turtiainen,30806900,20
Bergman,30806900,8
Travis,18778495,6
Prescott,18778495,10
Berkowski,2175063,3
tom,2175063,17
Wineberg,2175063,17
Moses,2175063,12
Baxter,2175063,22
Alvy,2175063,6
York,30753524,6
Carter,30753524,14
Kewal,9252228,21
Nimmi,9252228,16
Rajan,9252228,18
Ahmed,34954100,8
Potemkin,20694440,18
Edstaston,20694440,4
Jane,2245922,17
Peter,2245922,19
Potter,2245922,4
Yadav,22302577,23
Sengupta,22302577,8
Veena,22302577,4
Menon,22302577,15
Mithilesh,22302577,14
Saleem,22302577,12
Badola,22302577,8
Clemens,2938431,9
Lauren,2938431,22
Luke,2938431,16
Johnson,2938431,19
Parent,2938431,4
Peck,2938431,17
Wade,2938431,3
Slag,6372126,13
Shakespeare,6372126,20
Smith,6372126,10
Adlai,6372126,8
Dick,6372126,12
Durkin,2337131,18
Michelle,2337131,12
Stone,2337131,20
Duran,22550712,17
Chee,22550712,9
Payne,22550712,24
Tasupi,22550712,6
Walker,22550712,14
Dillon,22550712,19
Piggott,22550712,10
Kent,11827356,2
Clark,11827356,3
Jordan,11827356,4
Lois,11827356,3
Hogan,11827356,17
Bala,27701232,3
Krishna,27701232,0
Koshy,27701232,15
Meera,27701232,19
Deneige,19988478,6
Sam,28099386,21
Horton,28099386,9
Jacobs,15185206,24
Bhushan,17746685,7
Sen,17746685,14
Johnnie,34971600,17
Clemens,2096585,1
Grant,2096585,0
Langdon,2096585,21
Pond,2096585,9
Olivia,2096585,23
Twain,2096585,15
Bixby,2096585,4
Livy,2096585,9
Rogers,2096585,16
Steve,2096585,8
Sam,2096585,6
Harte,2096585,20
Finn,2096585,1
Sawyer,2096585,17
Applegate,12217443,6
Lola,12217443,2
Gloria,12217443,17
Joe,12217443,23
Thorpe,12217443,8
Boyd,12217443,6
McCoy,12217443,10
Brown,12217443,2
Meg,12217443,3
Hardy,12217443,21
Lul,19571819,0
Mulisch,19571819,22
Ana,8942013,14
Corbett,10104497,22
Courtney,10104497,19
Amy,3215125,23
Chaplin,3215125,15
Dennis,3215125,10
Kyle,3215125,17
Sloane,3215125,13
Nick,3215125,21
Daphne,3215125,22
McCreedy,3215125,3
Mike,3215125,5
Roadrash,3215125,0
Patty,970386,17
Dennis,970386,7
Krabs,970386,24
Pinty,970386,4
Star,970386,23
Mindy,970386,20
Hasselhoff,970386,9
Phil,970386,20
Archer,631251,19
Greaves,631251,20
Carlin,631251,6
Davis,631251,4
Tyler,1711622,10
Sperry,1711622,6
Farina,19347508,3
Joe,19347508,20
Harry,19347508,3
Aaftab,11047370,21
Dhananjay,11047370,15
Ragini,11047370,11
Sonny,26012433,15
Jessup,26012433,6
Milton,26012433,15
Ashlee,26012433,2
Immacolata,28564638,11
Savithri,15662719,5
Ayyanar,15662719,3
Nerugui,1706423,21
Gelel,1706423,24
Sakura,1706423,3
Naruto,1706423,3
Ranke,1706423,13
Shikamaru,1706423,17
Uzumaki,1706423,3
Stone,1706423,20
Gaara,1706423,4
Fugai,1706423,6
Haido,1706423,6
Temujin,1706423,13
Bowie,25608525,19
Austin,25608525,11
Crockett,25608525,8
Houston,25608525,9
Dickinson,25608525,9
Zeke,23753154,6
II,1618469,12
Cromwell,1618469,14
Hyde,1618469,1
Charles,1618469,16
Spence,10417568,21
Harry,10417568,4
Ochobar,10417568,10
Shrike,10417568,17
Jack,10417568,10
Bob,10417568,0
Burck,10417568,10
Corey,10417568,0
Hu,23480499,17
Zhiqing,23480499,11
Jianming,23480499,8
Kuroki,9878827,10
Koruki,9878827,10
Bourke,9878827,10
Craddock,9878827,9
Rani,27363241,4
Marais,2253183,18
Slater,2253183,3
Terry,2253183,5
Steyner,2253183,1
Palunku,27125366,6
Monichan,27125366,3
Pillai,27125366,5
Hayward,885824,8
Loudermilk,885824,6
Cooley,885824,15
Frank,885824,3
Rhinelander,885824,5
Claire,885824,22
Calvin,885824,19
Grace,885824,3
Phillips,885824,9
Cross,885824,21
Cummings,885824,8
James,885824,21
Carol,885824,2
Ortiz,4790234,15
Estella,4790234,24
Corbucci,4790234,14
Django,4790234,16
Fox,4790234,17
Nancy,4790234,9
Garrett,498181,13
Mara,498181,5
Williams,498181,13
Driscoll,498181,6
Chirac,498181,23
Dominic,498181,4
Thomas,498181,23
Pope,498181,6
Eden,498181,23
Bernier,498181,21
Alex,498181,3
Bintou,14937494,14
Nelson,3497214,3
Lucy,5871901,9
Lafkin,5871901,8
Barbara,5871901,0
Meli,5871901,2
Wolper,5871901,13
Powers,17329040,15
Jeff,17329040,3
Sid,14489554,20
Gordon,14489554,3
Lucy,14489554,21
Mary,1295310,13
Tayto,1295310,5
Ossie,1295310,15
Otto,30448587,3
Harald,30448587,10
Reibach,30448587,0
Reichbach,30448587,20
Haenlein,30448587,24
Silvia,30448587,6
Barin,770242,23
Arden,770242,0
Gordon,770242,10
Mongo,770242,9
Zarkov,770242,4
Pender,6828146,17
Mason,6828146,21
Maggie,2688309,16
Ramsey,2688309,15
Jennifer,2688309,23
Bradford,2688309,6
Connor,2688309,12
Robert,2688309,3
Nelson,2688309,7
Elena,2688309,4
Jen,2688309,1
Christian,2688309,22
Richard,2688309,3
Rodriguez,2688309,2
Valentin,2688309,2
Larry,2688309,14
Roopa,5170537,18
Ranjeet,5170537,5
Barkha,5170537,14
Shyam,5170537,21
Choudhry,5170537,7
Holmes,2631894,4
Conover,2631894,24
Lestrade,2631894,13
David,2631894,4
Vince,1781048,2
Winters,1781048,19
Jess,1781048,24
Juarez,1781048,18
Maximilian,1781048,18
Norm,1781048,18
Wade,1781048,3
Hackett,1781048,18
Joni,3223765,14
Ruth,1524739,12
Lianna,1524739,3
Jung-Woong,34023810,20
Pinkerton,4087825,13
Lee,4087825,20
Jesse,4087825,14
Younger,4087825,17
James,4087825,24
Sattai,11143116,23
Anita,11143116,9
Uma,11143116,12
Murali,11143116,4
Vicky,11143116,17
Anand,11143116,14
Spider-Man,4013476,17
Julia,4013476,17
Junior,35764099,6
John,35764099,3
Mary,35764099,13
Egemen,26613939,9
Ernie,31586197,21
Henson,31586197,19
Matt,31586197,7
Teeth,31586197,13
Bert,31586197,21
Janice,31586197,21
Robin,31586197,13
Pepper,31586197,14
Kermit,31586197,13
Waldmann,26565512,17
Gretel,26565512,16
Kulmbach,26565512,16
Ketteler,26565512,7
Marie,26565512,3
Bergmann,26565512,16
Chun,7948938,15
Jan,7948938,6
Choi,7948938,23
Yee-tai,7948938,21
Ngai,7948938,21
Fai,7948938,15
Wah-bo,7948938,21
Galuff,4543412,5
Meria,4543412,14
Ihrie,4543412,24
Rasha,4543412,2
Sargus,4543412,9
Lyle,4543412,3
Miguel,4543412,16
Fam,4543412,3
Uday,16490980,17
Benami,16490980,19
Kaduku,16490980,24
Eashwari,16490980,24
Madan,16490980,17
Vasudev,16490980,16
Earthleigh,24592644,16
Mae,24592644,2
Rabelais,24592644,10
Patterson,24592644,1
David,24592644,21
Stach,1654151,21
Dorota,1654151,19
Krone,1654151,15
Piaf,2193494,7
Ray,2193494,13
Billy,2193494,20
Hoff,2193494,22
Mari,2193494,13
Monroe,2193494,9
Paul,32995570,4
Montrale,32995570,24
Prince,32995570,8
Liane,32995570,1
Chiranjeevi,7876902,4
Ganapathi,7876902,3
Archana,7876902,3
Viswanatham,7876902,6
Gale,7876902,9
Bhaisaab,3675194,10
Shukla,3675194,18
Mishra,3675194,13
Omi,3675194,6
Tyagi,3675194,10
Langda,3675194,10
Upadhyay,3675194,10
Chamanbahar,3675194,21
Firangi,3675194,2
Dolly,3675194,19
Ollie,5605332,3
Priscilla,5605332,6
Leon,5605332,17
Stan,5605332,16
Blake,23292052,0
Stu,23292052,17
Ready,23292052,20
Don,23292052,6
Paxton,23292052,6
Selleck,23292052,2
Bice,23292052,14
McDermott,23292052,16
Lu,18013931,20
Sporum,18013931,14
Detlaff,18013931,23
Ginglebusher,18013931,21
Konrad,18013931,20
Talbot,2249993,3
Prentiss,2249993,24
Nora,2249993,21
Bhadra,10327683,24
Chemban,10327683,18
Bhama,10327683,19
Gayathri,10327683,6
Mathai,10327683,13
Ananthan,10327683,3
Digambaran,10327683,24
Majors,3792976,8
Allmovie,3792976,8
Crocker,3792976,3
David,3792976,12
Macleod,3792976,9
Hatfield,3792976,20
Mack,3792976,17
Lisa,3792976,1
Godard,14291388,11
Hitchcock,14291388,8
Nicole,12260258,12
Mitchell,12260258,13
Kuh,12260258,13
Day,12260258,1
Shildt,12260258,5
Wiebe,12260258,24
Latha,34219152,24
Annadurai,34219152,9
Ramaswamy,34219152,0
Tony,29191843,21
Elizabeth,6899017,2
Farmer,6899017,15
Cordell,2238130,3
Collins,2238130,17
Steele,2238130,3
Stevenson,2238130,17
Gainsborough,2238130,21
Mary,2238130,3
Barton,2238130,6
Lowell,2238130,17
Hyun,4087068,12
Yeon,4087068,0
Ji,4087068,5
Sarah,3170260,17
Williams,3170260,11
Monty,5419425,3
Jennifer,5419425,6
Rossmore,5419425,20
Joe,5419425,17
Willie,5419425,22
Julia,5419425,21
Robinson,5419425,11
James,5419425,15
Horton,11199922,12
Taurog,11199922,17
Chevalier,11199922,11
Cardiff,26728732,14
Lakshmi,34155440,14
Prabha,34155440,21
Venkat,34155440,6
Lee,31371925,10
Tim,21339766,15
Margrethe,21339766,12
Swinford,31860041,1
Rykker,18079673,14
Julie,18079673,8
Saylon,18079673,9
Megan,5961506,6
Nick,5961506,23
Sean,5961506,3
Jaw,5461234,18
Boogalow,5461234,8
Topps,5461234,7
Gopi,15757337,13
Chandu,15757337,14
Raghupathi,15757337,16
Pooja,15757337,23
Rao,15757337,22
Rajaram,15757337,22
Murthy,15757337,7
Peddinaidu,15757337,16
Rudolf,35366751,10
Backlund,35366751,9
Sims,14025685,0
Joe,14025685,14
Sanford,14025685,13
Anabel,14025685,21
Brown,14025685,13
Madison,14025685,16
Donnie,19315787,10
Depp,19315787,15
McMurty,19315787,19
Laine,19315787,2
Fleischer,19315787,10
Asch,19315787,4
Deepak,30638543,18
Bansi,30638543,1
Ronaklal,30638543,6
Gomati,30638543,3
DunBroch,16839300,4
Fergus,16839300,17
Elinor,16839300,4
Mitch,4750927,21
Draper,4750927,12
Townshend,4750927,12
Cara,4750927,3
Dan,4750927,3
Marty,4750927,6
Marie,4750927,3
Burns,4750927,9
Atman,9226602,21
Random,9226602,23
Anna,9226602,23
Chuck,9226602,3
Scott,9226602,3
Ravi,9650293,13
Raghuvaran,9650293,15
Banupriya,9650293,6
Vijay,9650293,21
Rambha,9650293,23
Yakavetta,517376,4
Petrov,517376,17
Lapazzi,517376,12
Connor,517376,16
Smecker,517376,6
Rocco,517376,17
McManus,517376,16
Genovese,517376,1
Duce,517376,14
Robin,26462086,2
Minom,19451320,6
Veasna,19451320,21
Soriya,19451320,6
Nhi,19451320,3
Edwards,58147,22
Jordan,58147,18
Jocelyn,58147,2
Iselin,58147,20
Gregory,58147,4
Shaw,58147,2
Melvin,58147,12
Marco,58147,3
Henderson,58147,14
Raymond,58147,3
Yue,25120274,24
Peter,25120274,18
Karen,19559457,13
Ted,19559457,22
Bill,19559457,0
Joe-Boy,19559457,10
Jennie,615418,3
Christ,615418,12
Darcy,615418,23
Harold,615418,20
Steven,615418,9
Pratap,26499405,1
Sardar,26499405,3
Suraj,26499405,23
Chaudhary,26499405,18
Chandrawal,26499405,3
Nack,6223567,20
Anders,6223567,7
Gibson,6223567,10
Fat,6223567,19
Bond,6223567,3
Solex,6223567,4
Pepper,6223567,24
Goodnight,6223567,6
Scaramanga,6223567,4
Skeffington,11825941,14
Lucia,28483774,22
Anita,28483774,14
Helena,28483774,23
Fernando,28483774,1
Zezinho,28483774,16
Mathur,10596382,1
Sunil,10596382,14
Kapoor,10596382,1
Shalu,10596382,19
Bittoo,10596382,15
Vijay,10596382,23
Viswanathan,23110403,18
Irene,33021454,12
Umstetter,12495707,8
Forsythe,12495707,20
Ann,2623723,2
Rick,2623723,22
Carl,2623723,17
Johnson,2623723,11
Marilyn,2623723,4
Karen,2623723,4
Mickey,2623723,8
Andy,2623723,8
Sandy,183358,10
Megan,183358,8
Mike,183358,21
Brandy,183358,10
Eddy,183358,21
Bob,183358,17
Stevo,183358,6
Sean,183358,0
Brigitte,31527836,8
Velasquez,31527836,24
Rose,31527836,16
Lupe,31527836,19
Jay,15887664,21
Janet,19828673,21
Mickey,19828673,21
Glen,13154,13
Barbara,13154,6
Warren,13154,18
Alton,13154,9
Klaw,13154,15
John,13154,17
Jeffcote,29173696,3
Hollins,29173696,13
Jenny,29173696,6
Mary,29173696,17
Adam,29173696,1
Hawthorne,29173696,12
Alston,21586321,7
Valerie,21586321,14
Vesey,21586321,24
Pirone,21586321,3
Wanda,21586321,1
Graham,21586321,16
Francine,1230920,13
Doyle,1230920,12
Orchestra,1230920,17
Evans,1230920,19
Jimmy,1230920,16
Daland,651322,12
Harry,651322,16
Bodine,651322,22
Earnhardt,651322,0
Lewicki,651322,9
Richmond,651322,15
Hogge,651322,19
Wheeler,651322,23
John,651322,12
Burns,651322,16
Martini,18793987,6
Anna,18793987,9
Malatesta,18793987,12
Tomasino,18793987,8
Sylvio,18793987,21
Gillen,18793987,17
White,32943323,9
Fitzgerald,32943323,24
Frettleby,32943323,10
Whyte,32943323,15
Kilda,32943323,19
Moore,32943323,10
Guttersnipe,32943323,15
Richard,25281265,6
Katherine,25281265,3
Mary,25281265,10
Wendy,25281265,16
Allison,25281265,10
Judy,25281265,10
Holland,25281265,13
Lisa,25281265,3
Holt,4760947,17
Engstr,4760947,17
Vik,4760947,17
Hagen,4760947,6
Tanja,4760947,6
Quinton,181340,13
Victoria,181340,22
Roger,181340,22
Remington,181340,11
Singleton,181340,10
Morland,181340,10
Djamila,20713272,23
Vincent,20713272,6
Jean,20713272,6
Julien,20713272,12
Gabe,1083768,17
Goldberg,1083768,8
Vince,1083768,3
Bobby,1083768,20
Harris,1083768,24
Nicole,1083768,3
J.D.,1083768,17
Lucas,1083768,3
Rafe,1083768,24
Sara,1083768,3
Janet,2291800,14
Bissell,2291800,21
Sam,2291800,16
Nurdlinger,2291800,13
Burke,2291800,12
Irene,2291800,16
Howard,2291800,19
Jack,2291800,16
Lemmon,2291800,11
Lam,17925163,8
Tsao,17925163,18
Fox,17925163,3
Fung,17925163,4
Cheung,17925163,2
Pang,17925163,13
Mui,17925163,9
Chung,17925163,6
Ling,17925163,6
Deco,5602177,22
Miller,32291194,10
Steele,62121,17
Lennie,62121,17
Small,62121,22
George,62121,6
Milton,62121,0
Curley,62121,13
Klein,9457115,12
Martin,9457115,12
Celia,9457115,6
Olivia,9457115,21
Joe,9457115,14
Carmela,2783476,2
Rick,2783476,3
Karen,2783476,21
Limon,2783476,11
Gary,2783476,3
Millie,2783476,12
Madhavi,26652107,6
Maalu,26652107,13
Gauri,26652107,21
Chandran,26652107,21
Mayii,1308799,2
Ernest,1308799,6
Aglet,1308799,4
Ventura,1308799,9
Nancy,1308799,4
Brophy,1308799,3
Henie,3904503,1
Miller,3904503,18
Dandridge,3904503,15
Eberle,3904503,18
Scott,3904503,15
Payne,3904503,11
Beneke,3904503,2
Benson,3904503,24
Vivian,3904503,6
Fraser,3904503,7
Dawn,3904503,15
Wulfric,7758260,10
Kainan,7758260,3
Freya,7758260,8
Hrothgar,7758260,17
Gunnar,7758260,17
Krujaba,5261640,19
North,32986731,7
Dawes,32986731,7
Judas,7651220,6
Zealotes,7651220,19
Peter,7651220,23
Jesus,7651220,3
Herod,7651220,17
Magdalene,7651220,13
King,7651220,12
Annas,7651220,3
Holmes,23851782,3
Hodgkin,23851782,13
Sterling,23851782,3
Gander,23851782,3
Herbert,23851782,1
Deakin,23851782,5
Julia,23851782,3
Edna,23851782,3
Polly,23851782,0
Isaacs,23851782,23
Teddy,23851782,6
Saul,23851782,12
Richard,23851782,6
Bourne,23851782,3
Winthrop,23851782,10
Jackie,23851782,6
Masako,8433769,24
Midori,8433769,18
Sachie,8433769,18
Madhavi,25446095,14
Vijaya,25446095,8
Veerendra,25446095,4
Chandram,25446095,8
Donga,25446095,19
Outerbridge,449790,19
Maggie,449790,21
MacDonald,449790,0
Kim,449790,24
Judy,449790,7
Laura,6589296,21
Jaeger,6589296,12
Tourette,6589296,5
Brad,6589296,22
Jonas,6589296,3
Colin,6589296,13
Jeff,6589296,17
Meagan,6589296,3
Dave,6589296,13
Lisa,6589296,20
Austin,5222578,0
Eddington,5222578,1
Eaton,5222578,7
Suzy,5222578,23
Vicky,5222578,14
Rob,5222578,0
Daffy,25652861,17
Gonzales,25652861,12
Nina,6084956,4
Fred,6084956,17
Sheila,6084956,17
Slater,6084956,6
Omar,6084956,4
Wilson,6084956,11
Elliot,6084956,4
Lisa,6084956,17
Geeta,32884822,12
Kali,32884822,15
Krishna,32884822,1
Prasad,32884822,15
Shankar,32884822,11
Vishnu,32884822,16
Ramana,32884822,10
Gould,19888701,11
Annika,4673167,3
Aidan,4673167,3
Wenlock,4673167,6
Lau,32772643,18
gore,32772643,8
Mok,32772643,10
Chow,32772643,23
Smit,16856054,9
Anna,16856054,5
Dillon,16856054,11
Keyser,16856054,15
Chase,25334086,18
Keaton,25334086,20
Xuemei,10873336,2
ari,5220707,14
Ulemek,5220707,14
Vuji,5220707,23
Milovanovi,5220707,18
Milutinovi,5220707,9
Zoran,5220707,5
Covington,11643011,6
Clavel,11643011,3
Madeline,11643011,3
Pepito,11643011,3
Leopold,11643011,3
Genevi,11643011,5
Helen,11643011,7
Komov,12982230,21
Chakravarthy,33867837,13
Saravanan,33867837,1
Indhu,33867837,2
Eric,7497695,4
Sage,7497695,18
Schlecht,7497695,10
Laura,25367068,20
Sullivan,25367068,5
Renault,25367068,23
Sara,25367068,10
Cook,21412109,3
Mariah,21412109,1
Kerry,21412109,3
Johnston,21412109,22
Wile,3198687,3
E.,3198687,3
Yamashita,21088389,16
Mika,21088389,6
Daigo,21088389,3
Sasaki,21088389,9
Kobayashi,21088389,6
White,709419,1
LaFleur,709419,3
Goodman,709419,5
Veatch,709419,9
Justin,709419,24
Gordon,709419,12
Peter,709419,5
Steve,709419,2
Kate,709419,4
Joe,709419,21
Armstrong,709419,0
Owen,709419,3
Norris,709419,7
Ann,31165215,2
Gil,31165215,1
Matt,31165215,2
George,31165215,24
Hastings,31165215,23
Ketimi,31165215,17
Hoyt,31165215,10
Wilson,31165215,7
Campbell,31165215,21
Rossi,31165215,24
Alpert,16904577,8
Peabody,14355866,6
Polly,14355866,2
Blyth,14355866,13
Powell,14355866,20
Livingston,14355866,12
Lenore,14355866,19
McGregor,61484,21
Cromwell,61484,7
Khan,61484,20
Barrett,61484,18
Stone,61484,23
Forsythe,61484,10
Sr.,18650739,24
Jr.,18650739,24
Fujiwara,829780,11
Tachibana,829780,11
Azmi,10778999,24
Puri,10778999,18
Denzongpa,10778999,20
Kapoor,10778999,9
Irani,10778999,12
Cyrus,26279569,6
John,26279569,6
Jamie,26279569,3
Molly,26279569,3
Vishwak,10436005,16
Rohit,10436005,6
Mili,5585815,22
Shekhar,5585815,14
Madesha,4627521,6
Jogi,4627521,3
Shivarajkumar,4627521,24
Marina,9551195,3
Andersen,9551195,17
Fritz,9551195,17
Cloestine,3302699,13
Ygor,3302699,17
Hussman,3302699,3
Ludwig,3302699,6
Bohmer,3302699,16
Frankenstein,3302699,17
Elsa,3302699,3
Ernst,3302699,17
Kettering,3302699,17
Ygor-Monster,3302699,3
Russo,105397,14
Rico,105397,20
Melvin,105397,23
Belgoody,105397,13
Sarah,105397,6
Julie,105397,8
Mayor,105397,12
Wanda,105397,2
Bozo,105397,17
III,105397,9
Leroy,105397,23
Anand,19555878,24
Eva,28436913,14
Jorge,28436913,19
Moore,5109579,18
Murphy,5109579,24
Henri,27588976,4
Hart,27588976,11
Kosar,27588976,13
Sarah,27588976,23
John,27588976,3
Goode,27588976,17
James,27588976,3
Lorien,27588976,17
Takano,1188832,4
Takaishi,1188832,17
Reiko,1188832,13
Oishi,1188832,2
Sawaguchi,1188832,6
Mai,1188832,3
Kawajiri,1188832,13
Yoichi,1188832,21
Kurahashi,1188832,0
Asakawa,1188832,22
Masami,1188832,22
Yamamura,1188832,1
Takayama,1188832,17
Okazaki,1188832,3
Toku,11065720,7
Satoko,11065720,13
Braverman,3319694,22
Boyd,3319694,0
Popoff,3319694,19
Nightengale,3319694,3
Gumnaam,25212812,14
Gandhi,25212812,16
Johnny,24771643,7
Evie,24771643,9
Frank,24771643,22
Johannes,26325450,24
Khan,26325450,22
Tarafdar,26325450,21
Modhuda,26325450,17
Susanna,26325450,3
Arun,26325450,13
Stetson,26325450,12
Rodriques,26325450,1
Lal,26325450,5
Abraham,26325450,2
Rico,882119,3
Tina,882119,11
Napoleon,882119,17
Dynamite,882119,12
Deb,882119,23
Pedro,882119,21
Kip,882119,16
Wheatley,882119,2
Erskine,18525087,24
Collins,18525087,8
Frederick,18525087,12
Sinclair,18525087,17
Haley,18525087,0
Luis,14661632,24
Blanc,14661632,19
Borges,14661632,23
Panero,14661632,12
Maria,14661632,17
Felicidad,14661632,1
Michi,14661632,8
Blood,18823101,18
Larocque,2581392,3
Bizu,2581392,18
Gluant,2581392,17
Dreyfus,2581392,3
Nicole,2581392,16
Clouseau,2581392,16
Boswell,2581392,11
Durant,2581392,13
Pang,2581392,10
Xania,2581392,6
Ponton,2581392,6
Yuri,2581392,5
Rita,14737096,21
Moe,14737096,1
Louie,14737096,5
Larry,14737096,20
Katagiri,17974588,9
Ayman,17974588,11
Genji,17974588,3
Ruka,17974588,3
Tokio,17974588,13
Tokaji,17974588,23
Bandou,17974588,12
Suzuran,17974588,1
Yazaki,17974588,5
Chuta,17974588,17
Izaki,17974588,14
Takiya,17974588,10
Makise,17974588,10
Ken,17974588,6
Serizawa,17974588,3
Hideo,17974588,10
Rindaman,17974588,3
Tamura,17974588,24
Tatsukawa,17974588,14
Vaslovik,2421352,13
Darrow,2421352,6
Robinson,2421352,4
Jaeckel,22189918,10
Carla,28368702,12
Dinger,28368702,13
Kyle,28368702,3
Khan,27647742,4
Ravi,27647742,22
Jagadish,27647742,16
Lelin,26068911,17
Galabov,26068911,13
Missy,7017644,13
Bing,7017644,3
Mark,7017644,15
Hong,7017644,24
Dongming,7017644,21
Ma,7017644,2
Ananthu,26391493,3
Jennifer,26391493,20
Gowri,26391493,2
Sreekanth,26391493,17
Parvati,26391493,6
Aloyshi,26391493,17
Kandaswamy,35485634,6
Manikkam,35485634,0
Muthupandi,35485634,21
Ganga,35485634,4
Dhamu,35485634,21
Meena,35485634,2
Murphy,16056291,10
Santin,16056291,6
Donald,16056291,23
Timmy,16056291,2
Steel,16056291,13
Callahan,16056291,15
Strachey,16056291,3
Michaels,16056291,22
Bailey,16056291,8
Resuto,16056291,23
Slinger,16056291,23
Zenck,16056291,17
Morgan,16056291,8
Eddie,16056291,23
Glade,16056291,24
John,16056291,13
McFee,16056291,12
Ann,16056291,6
Linklater,16056291,20
Rutka,16056291,3
Rhea,13285237,10
Brooke,13285237,10
Amelia,4799510,13
Robin,4799510,3
Garr,4799510,3
Dorothy,4799510,3
Gretchen,4799510,6
Gabe,26277570,3
Louie,26277570,11
Pollack,26277570,23
Aisgill,92688,15
Susan,92688,2
Joe,92688,4
Lampton,92688,24
Soames,92688,24
Brown,92688,1
Anne,31425064,3
Gladden,31425064,5
Newt,3247979,10
Axel,3247979,14
Maude,3247979,13
Beth,3247979,12
Lewis,3247979,23
Kessler,3247979,2
Waldo,3247979,23
Dillhoefer,3247979,15
Pepper,3247979,20
Ezra,3247979,17
Olsson,3247979,5
Marina,29329868,4
Mitzi,29329868,19
Roscoe,29329868,3
Darius,29329868,6
Graham,29329868,3
Yunpeng,17181372,20
Adina,3434085,3
Daisy,3434085,6
Claus,3434085,11
Dave,3434085,24
Jimmy,3434085,16
Leah,3434085,6
Adam,3434085,9
Watson,3434085,5
Toby,11467610,23
Gordon,11467610,3
Theresa,11467610,3
Clive,11467610,3
Rachel,11467610,13
Keene,11467610,20
Chloe,11467610,3
Stan,11467610,17
Ned,11467610,6
Graham,11467610,16
Jack,18855750,5
Bosko,18855750,3
Harman,18855750,10
Briski,1552787,6
Bloomenbergensteinenthal,1255024,18
Carver,1255024,3
Damian,1255024,19
Rahim,1255024,22
Dick,1255024,2
Eduardo,491323,12
Valentine,491323,6
Stacy,491323,10
Jenny,491323,6
Avery,491323,24
Elaine,491323,5
Wilson,491323,3
Caroline,8917795,8
Jacob,8917795,6
Randy,25012140,0
Larrimore,25012140,2
Lisette,25012140,2
Hugo,30739613,23
Madhu,35473056,19
Rita,35473056,16
Sharma,35473056,9
Pramod,35473056,6
Rakesh,35473056,12
Shastri,35473056,0
Bellocchio,11567328,24
VI,11567328,15
Sansa,11567328,11
Moro,11567328,21
Johnson,18487940,6
Mitchell,18487940,13
McCall,18487940,10
Monkevickz,18487940,6
Moran,15228213,10
Ben,21122977,10
Ana,11496156,13
Voz,11496156,13
Tom,11496156,0
TV,11496156,24
Tyler,5630975,13
McCarthy,5630975,8
Chandler,19111959,10
Hunt,19111959,3
Tully,19111959,9
Newell,19111959,20
Vishwa,4195173,15
Thulasi,4195173,16
Sundarapuri,4195173,14
Dallis,722551,4
Watters,722551,13
MacDonald,722551,15
Rogers,722551,23
Davis,722551,24
Walton,722551,17
Nina,9544391,13
Ann,9544391,3
Constance,9544391,13
Wittenborn,9544391,6
Wilson,9544391,21
Lord,9544391,22
Arundhati,21186590,17
Arundhathi,21186590,14
Gadwal,21186590,24
Arundathi,21186590,24
Pasupathi,21186590,17
Jejjamma,21186590,23
Aghoras,21186590,6
Anwar,21186590,6
Jejjama,21186590,13
Mahasamsthan,21186590,15
Roberts,6699053,19
Jordan,6699053,6
Merrill,6699053,20
Mabel,6699053,6
Edith,6699053,4
Bill,6699053,14
Strother,8531151,14
Hamilton,31799966,8
Claire,31799966,4
Scorgie,21327515,9
Keeler,25305145,16
Linda,25305145,17
Leonard,25305145,6
Lee,25305145,19
Owen,25305145,9
Gilligan,25305145,14
Carol,25305145,6
Hardy,25305145,6
Rawlins,17853154,20
Tarzan,17853154,17
Suli,17853154,4
Warburton,17853154,24
Weir,17853154,15
Farrod,17853154,17
Kitty,584014,13
King,584014,11
Jr.,584014,17
Canfield,584014,20
Locksley,7966219,6
Fred,7966219,17
Pembrooke,7966219,5
Scooby,7966219,4
Shannon,7966219,17
Blake,7966219,8
Haggarty,7966219,2
Velma,7966219,6
Ness,7966219,2
Daphne,7966219,4
Colin,7966219,23
Jack,32133264,21
Diana,32133264,10
Huston,32133264,20
Duarte,8938294,24
Domingo,8938294,24
Eva,8938294,7
Raja,11545308,6
Benazir,11545308,13
Badshah,11545308,6
Habibulla,11545308,4
Mirza,11545308,4
Khan,11545308,6
Mehndi,11545308,13
Baksh,11545308,14
Pasha,11545308,15
Ranveer,11545308,14
Habibullah,11545308,5
Sethi,11545308,2
Cassidy,2093587,21
McCabe,2093587,3
Matt,2093587,2
Kasparov,2093587,22
Conner,2093587,3
Hawkins,2093587,13
Rishi,8261602,6
Viswanath,8261602,1
Tarun,8261602,6
Anjali,8261602,23
Vishwanath,8261602,6
Pratap,10343102,0
Vaishali,10343102,19
Pooja,10343102,21
Ramlal,10343102,14
Suraj,10343102,14
Raju,10343102,23
Jyoti,10343102,23
Coraline,3287436,3
Lovat,3287436,7
Jones,3287436,21
Bobinsky,3287436,7
Spink,3287436,22
Wybie,3287436,17
Amy,143812,3
Steinberg,143812,6
Strauss,143812,24
Newman,143812,23
Decker,143812,24
Cartwright,143812,17
Oscar,143812,3
Novak,143812,12
Fenster,167857,8
Edie,167857,24
Hockney,167857,16
Baer,167857,20
Marquez,167857,5
Baudelaire,167857,12
Kovash,167857,3
Keaton,167857,17
Kujan,167857,6
Finneran,167857,9
Rabin,167857,18
McManus,167857,17
Kint,167857,10
Keyser,167857,6
Kobayashi,167857,6
Grigoriev,24487714,21
Reagan,24487714,0
Jessica,24487714,2
Gorbachev,24487714,1
Mitterrand,24487714,0
Pierre,24487714,21
Froment,24487714,1
Bey,17806585,16
Tarzan,17806585,3
Eleanor,17806585,3
Roger,17806585,13
Potter,17806585,7
Reed,17806585,20
Panisse,9162690,24
Marius,9162690,2
Louisa,21707436,3
Sam,21707436,3
White,21707436,6
Lowry,21707436,18
Cassandra,21707436,23
James,21707436,3
John,21707436,24
Wayne,21707436,6
Sarah,33343765,2
Conlon,33343765,21
Lekshmi,28444123,12
Devanand,28444123,2
Lakshmi,28444123,19
Agraharam,28444123,23
Venky,30699430,3
Narsimha,30699430,23
Juan,25644474,6
Miniante,25644474,21
Mininente,25644474,6
Cristina,25644474,16
Ramonas,25644474,0
Miniente,25644474,0
Antonia,25644474,2
Franco,25644474,8
Burgos,25644474,1
Ramona,25644474,3
Blanchard,311445,18
Kelly,311445,3
Marsh,311445,17
Birack,311445,18
Danforth,311445,5
Matteo,5676165,14
Rocberg,5676165,15
Pamela,5676165,19
Krampf,5676165,9
Stanlio,5676165,3
Nosey,5676165,23
Lorenzo,5676165,4
Diavolo,5676165,4
Francesco,5676165,10
Ollio,5676165,4
Chiranjeevi,25496071,11
Babu,25496071,3
Prasad,25496071,13
Mohan,25496071,21
Akila,25496071,8
Farina,19301461,7
Joe,19301461,7
Mickey,19301461,7
Grandma,19301461,4
Parul,32020458,21
Chintu,32020458,6
Henna,32020458,2
Bobby,32020458,2
J.D.,32020458,3
Jai,32020458,14
Max,32020458,12
Patel,32020458,20
Dabboo,32020458,14
Jwala,32020458,6
Abraham,32020458,11
Dacuit,32020458,3
Talbot,11669568,20
Cortot,11669568,8
la,11669568,24
Michele,11669568,6
Ghent,24460184,23
Jordan,24460184,15
Lai-wun,19141442,24
Ko,19141442,7
Chan,19141442,3
Wai,19141442,24
Chun-lung,19141442,21
Urdigar,17102529,5
Sundaram,20452234,2
Altman,24788378,24
Nathan,20699252,3
Victor,20699252,17
Fergus,20699252,19
Jesse,20699252,12
Scotty,20699252,3
Andy,20699252,20
Lawrence,832222,18
Darnell,832222,23
Brandi,832222,3
Pennac,32295257,9
Carboni,32295257,6
Melville,32295257,13
Duval,32295257,9
mie,32295257,9
Christine,28456956,2
Sherwin,28456956,23
Weisser,24265809,0
James,29170556,11
Sarah,29170556,23
Dudikoff,29170556,24
Taramis,1024501,6
Queen,1024501,6
Malak,1024501,16
Conan,1024501,6
Dagoth,1024501,17
Zula,1024501,16
Jehnna,1024501,4
Bombaata,1024501,17
Akiro,1024501,4
Valeria,1024501,9
Smith,23127876,24
Manchu,23127876,18
Wendling,14589005,20
Barbara,14589005,13
Betsy,14589005,15
Sarah,14589005,6
Roger,14589005,2
Brown,14589005,10
Haber,14897484,20
Harvnb,14897484,13
Marston,14897484,20
Winifred,14897484,8
Lodge,14897484,9
Einstein,14897484,3
Eddington,14897484,21
Newton,14897484,6
Elsa,14897484,2
Moffat,14897484,23
Planck,14897484,18
Brenner,11432032,3
Aban-Khan,7866939,22
Hugo,7866939,16
Manolin,9726554,6
Petrov,9726554,3
Shirin,36029770,3
Fugawala,36029770,1
Pastakia,36029770,23
Cathy,1906931,14
Miller,1906931,16
Simpson,1906931,12
Ginny,1906931,10
Steve,1906931,16
Flanders,1906931,7
Gilbert,1906931,16
Barrett,1906931,2
Dan,1906931,16
Hendricks,1906931,0
Dave,1906931,17
Cochrane,1906931,17
Corey,1906931,18
Angelo,11960457,3
Gireaux,11960457,11
Dancer,11960457,12
Barbosa,500622,10
Daisy,500622,23
Araujo,500622,20
Kat,500622,11
Elizabeth,13903487,20
Muller,13903487,6
Steve,13903487,23
Hughes,13903487,18
Horowitz,13903487,22
Mary,13903487,6
Hartman,13903487,23
Tigger,3619421,6
Robin,3619421,6
Roo,3619421,21
Pooh,3619421,3
Matthew,26695339,6
Michael,26695339,3
Kovak,26695339,14
Sandra,26695339,22
Rosaria,26695339,4
Xavier,26695339,13
Lucas,26695339,3
Baal,26695339,7
Kathy,11723307,12
Matilda,11723307,20
George,11723307,4
Freud,11723307,21
Berta,11723307,20
Billy,17995745,10
Paul,17995745,4
Wren,17995745,3
Eric,17995745,16
Shanti,20904625,1
Ajay,20904625,2
Rai,20904625,4
Khanna,20904625,14
Prem,20904625,10
Vikram,20904625,17
Vijay,20904625,1
Hoak,25012105,1
Diane,25012105,16
Blane,25012105,19
Reston,25012105,14
Charleen,25012105,13
Morrow,25012105,14
Bhaswar,19270406,3
Eti,19270406,5
Gourab,19270406,6
Shreya,19270406,15
Dhruv,19270406,10
Sanjoy,19270406,16
Danyal,26107863,17
Hayati,26107863,2
Hayaticik,26107863,12
Su,26107863,13
Cemil,26107863,6
Sherry,8119585,6
Joel,8119585,6
Peter,8119585,6
Pedro,8119585,24
Norah,8119585,3
Benson,8119585,15
Erika,8119585,6
Brady,8119585,17
Tonio,8119585,17
Delaney,8119585,9
Lorenz,8119585,12
rez,8119585,23
Veronica,8119585,21
Carrie,8119585,23
Kogler,32589867,16
Roman,32589867,6
Thatcher,20621597,9
Prentice,20621597,18
Ray,20621597,12
Cass,20621597,16
Pennant,20621597,15
Elaine,20621597,2
Johnny,22248107,22
Dorothy,22248107,22
Olsen,22248107,9
Grauman,22248107,1
Mary-Kate,22248107,6
Lonappan,31499731,3
Deva,16166370,21
Laila,16166370,19
Raj,16166370,7
Mouli,16166370,13
Julie,16166370,4
Madhavan,16166370,4
Rajiv,16166370,1
Vannam,16166370,14
Meenakshi,16166370,5
Kutty,16166370,3
Tutman,10575183,0
Namtut,10575183,24
Titus,10575183,10
Sharon,11517706,14
Johnson,11517706,0
Jerm,11517706,12
Jensen,11517706,3
Sundari,26219770,2
Kanya,26219770,22
Rani,26219770,22
Prabhu,26219770,20
Mantrik,26219770,12
Moon,31329569,6
Kap,31329569,17
Ken,31329569,6
Kan,31329569,3
Tomiko,36873657,1
Sadazo,36873657,3
Lindsay,360138,7
Tonay,360138,22
Livesey,360138,19
Gretton,360138,15
Saville,360138,19
Hannett,360138,18
Wilson,360138,6
Morris,360138,15
Thomson,360138,11
Erasmus,360138,9
Ryder,360138,7
Devoto,360138,18
Curtis,360138,0
Sakuma,4632411,0
Lilly,28444311,3
Kochu,28444311,6
Mary,28444311,15
Punnoos,28444311,8
Joe,797349,14
Dianna,797349,14
Donald,797349,5
Campbell,797349,21
Tkaloun,14852313,6
Bertha,11551728,6
Freida,11551728,9
Gilbert,11551728,11
Benny,11551728,3
Horowitz,11551728,2
Danny,29680525,6
Taylor,29680525,3
Milo,29680525,3
Nina,29680525,3
Satomi,29680525,3
Flip,29680525,21
Otis,29680525,21
O'Neill,29680525,20
Jacobson,29680525,0
Dirk,29680525,6
Morgan,29680525,9
Anya,29680525,6
Kerouac,29680525,23
Sam,29680525,16
Corcoran,29680525,7
Cave,29680525,15
Russ,29680525,23
Derek,29680525,3
Connie,19281170,6
Norvel,19281170,23
Burke,19281170,12
Delacour,19281170,13
Fabian,19281170,17
Hawkins,19281170,4
Davidson,19281170,11
Kuroki,19281170,11
Marie,19281170,19
Venables,19281170,20
Hakim,19281170,24
Moto,19281170,23
Danforth,19281170,24
Porter,19281170,5
Piton,8689339,15
Kristina,8689339,19
Aksentije,8689339,5
Pantelija,8689339,7
Topalovi,8689339,6
Mirko,8689339,4
Tucker,12347192,7
Frank,12347192,23
Larson,3871584,9
Hill,3871584,19
Jim,3871584,17
Potter,3871584,23
Peggy,3871584,16
Drake,3871584,23
Billy,3871584,17
Carol,3871584,2
Katie,19755662,6
Andrews,19755662,23
Elizabeth,19755662,18
Talbot,19755662,12
Gifford,19755662,9
Sidney,19755662,8
Baxter,19755662,21
Carol,19755662,8
Burns,19755662,18
Nanhi,14631619,15
Chawla,14631619,12
Oberoi,14631619,7
Varsha,14631619,6
ask,14631619,1
Vikram,14631619,6
Vijay,14631619,21
Alina,4232773,10
Julia,4232773,13
Popov,4232773,9
Vanya,4232773,10
Mary,4232773,13
Abramoff,4232773,17
Burton,4232773,24
Cherenko,4232773,14
XVIII,3277444,17
Chaumareys,3277444,4
Rochefort,3277444,24
Gambir,34679734,16
Talyda,34679734,2
Lucy,3163760,6
Patty,3163760,11
Snoopy,3163760,6
Charlie,3163760,3
Sally,3163760,6
Frieda,3163760,11
Linus,3163760,3
Brown,3163760,3
Kennedy,21494032,11
Catherine,21494032,11
Meyer,21494032,13
Stafford,21494032,15
Sankey,8367375,17
Sam,8367375,6
Frank,8367375,0
Rose,8367375,13
Easter,8367375,20
Maurrant,8367375,24
Crowley,62095,1
Kay,62095,19
Thea,62095,2
Mickey,62095,10
Deitz,62095,21
Ernest,62095,0
Adam,62095,9
Emma,62095,8
Mickey,9652081,3
Beery,9652081,0
Marx,9652081,15
Chaplin,9652081,18
Minnie,9652081,2
Hayes,9652081,15
Pete,9652081,20
Keaton,9652081,11
Hardy,9652081,5
Brown,9652081,3
Hays,9652081,3
Cantor,9652081,24
Chevalier,9652081,12
Horace,9652081,8
Horsecollar,9652081,8
Menjou,9652081,9
Fairbanks,9652081,14
Bennett,9652081,14
Arliss,9652081,5
Wynn,9652081,9
Harlow,9652081,12
Grauman,9652081,4
Rogers,9652081,24
Lugosi,9652081,15
Robinson,9652081,18
Conan,6203032,6
Natsuki,6203032,12
Kogoro,6203032,21
Julie,6203032,21
Shinichi,6203032,6
Suzuki,6203032,17
Eri,6203032,22
Lucy,5162174,5
Pryor,434816,7
Mimi,434816,21
Henderson,24744150,20
Sam,34055313,1
Gerry,34055313,24
Raul,34055313,7
Marissa,34055313,23
Sanchez,34055313,5
Tere,34055313,1
Mike,34055313,9
Lorna,34055313,6
Theresa,9562999,1
Colbert,9562999,18
XIV,9562999,17
Fouquet,9562999,17
Louis,9562999,3
Philippe,9562999,24
Taylor,33028800,9
Carter,33028800,12
O'Donnell,33028800,17
Shah,33028800,18
Mendez,33028800,3
Chambers,33028800,23
Siegel,33028800,20
Madhuri,27475672,11
Mani,27475672,24
Huggett,18892307,14
Marcus,20991625,3
Ann,20991625,24
Derek,20991625,18
Nick,25145488,24
Buck,25145488,3
Sambo,2454014,3
Alejo,9192572,5
Jessica,33716930,14
Marshall,33716930,1
Martin,33716930,22
Howard,33716930,19
Roddy,33716930,12
Jim,33716930,21
Corini,33716930,4
Margot,33716930,6
Weston,33716930,19
Holmes,26583800,15
Freud,26583800,15
Watson,26583800,13
Wachootoo,537416,16
Ouda,537416,13
Prince,537416,22
Spike,537416,6
Cadby,537416,17
Greenwall,537416,1
Balcombe,21423623,5
Page,21423623,15
Oliver,21423623,4
Elizabeth,21423623,12
Lawrence,21423623,6
Walter,21423623,21
Michael,21423623,6
Celia,21423623,2
Ralph,21423623,21
Gilbert,21423623,6
Walton,21423623,14
Maud,21423623,3
Keyes,21423623,12
Hector,21423623,6
Silvana,5049873,9
Vassilissa,5049873,10
Richard,14144009,13
Trent,14144009,14
Markham,14144009,15
Hawk,14144009,8
Bullard,14144009,8
Grisby,1919203,6
Bannister,1919203,21
O'Hara,1919203,14
Michael,1919203,3
Elsa,1919203,17
Sharma,2517072,0
Kapoor,2517072,19
Esha,2517072,21
Akshay,2517072,6
Malhotra,2517072,2
Swenson,6723478,18
Fylking,6723478,19
Pranee,8188696,6
Vichien,8188696,17
Lucille,28145596,12
Sr.,28145596,23
Jean,28145596,21
Teresa,2316181,0
Murphy,6535047,17
Laura,6535047,22
Clint,6535047,10
Barlow,6535047,24
Norman,3059032,5
Zach,3059032,18
Kasiwagi,4894261,2
Sakamoto,4894261,14
Oliver,18737307,6
Kirsch,18737307,9
Wingate,18737307,9
Mickey,18737307,19
Meyer,18737307,17
Philip,18737307,3
Krane,18737307,5
Lisa,18737307,23
Allenbury,25565399,5
Farwood,25565399,15
Simpson,25565399,14
Dolan,25565399,6
Allenburys,25565399,13
Chandler,25565399,1
Warren,25565399,6
Gladys,25565399,6
Benton,25565399,12
Haggerty,25565399,20
Bill,25565399,16
J.B.,25565399,6
Wan-Yin,1202035,21
Ping,1202035,14
Cheung,1202035,24
Jeffery,17168374,0
Jeffrey,17168374,21
Dana,17168374,19
Sheetal,12550288,17
Raj,12550288,6
Kailash,12550288,6
Julie,12550288,6
Suresh,12550288,17
Boney,12550288,3
Neelam,12550288,3
Satan,34090954,3
Calculus,34090954,1
Knox,34090954,12
Calvin,34090954,16
Polo,5819636,4
Ahmed,5819636,17
Kukachin,5819636,6
Khan,5819636,14
Marco,5819636,13
Tsu,5819636,12
Sophie,24465586,15
Elizabeth,8863206,5
Luke,8863206,17
Siqueros,8863206,5
Uffizi,8863206,6
Dracula,8863206,6
Julia,8863206,23
Tae-won,35643167,20
Sarada,31773414,21
Kyleigh,23410377,9
Rothman,23410377,20
Rhys,23410377,5
Irina,20688153,1
Lovesix,20688153,12
Asterix,20688153,4
Brutus,20688153,5
Caesar,20688153,19
Ridjimiraril,5330369,17
Minygululu,5330369,8
Matha,5330369,20
Dayindi,5330369,13
Gulpilil,5330369,9
D,296377,11
Johnny,296377,3
Steverlinck,296377,12
Baertsoen,296377,7
Ahmed,35882350,14
Huda,35882350,21
Issam,35882350,2
Nada,35882350,21
Amina,35882350,2
Annapurna,9955403,9
Indu,9955403,20
Das,9955403,13
Neelkanth,9955403,1
Shobha,9955403,6
Anand,9955403,6
Schwarzenegger,26138037,14
Jonathan,26138037,2
Henry,26138037,2
Stratten,1329088,23
Betty,1329088,4
Stilwell,1329088,17
Sitarski,1329088,17
Maddox,1329088,8
Kelso,1329088,4
Stephens,1329088,6
Foley,1329088,9
Maxine,1329088,6
Birkhead,1329088,17
Ward,1329088,3
Wally,1329088,2
Hollis,1329088,23
Burge,936759,7
Heather,936759,16
Nicky,936759,19
Shores,936759,11
Galen,936759,15
Heidi,936759,6
Eliza,23553853,21
Mariana,23553853,3
Starck,29320113,20
Miller,29320113,16
Cooper,29320113,23
Justin,29320113,18
Denny,29320113,15
Clark,29320113,16
Lewis,29320113,16
Claire,29320113,2
Weir,29320113,20
Corrick,29320113,17
Jacqueline,27974525,5
Ailidh,27974525,24
Nicholls,27974525,12
Jacob,27974525,20
Weber,36116590,21
Thomas,36116590,23
Vallomtharayil,36116590,18
Mulvany,36116590,13
Violetta,13505007,23
Zedong,13505007,0
Manrico,13505007,4
Francesca,13505007,21
Accio,13505007,21
Mussolini,13505007,10
Stefan,23330124,14
Peter,23330124,17
Gross,23330124,12
Hergehelegiu,23330124,7
Iorga,23330124,19
Nicu,23330124,6
Brindusa,23330124,6
Stella,5836246,21
Berger,5836246,7
Gallagher,5836246,4
Moriarty,5836246,13
Jarrett,5836246,14
O'Connor,5836246,9
Bates,5836246,4
Binford,5836246,14
Cassidy,5836246,5
Eric,5836246,4
Widmark,5836246,7
Bially,5836246,10
Marilyn,5836246,4
Udo,5836246,17
Leila,33296556,21
Nikki,33296556,14
Amira,33296556,5
Mano,11140664,21
Katcheri,11140664,22
Thaiamma,11140664,8
Gounder,11140664,9
Sivamani,11140664,21
Sumathi,11140664,3
Velan,11140664,3
Sapiros,31849536,9
Collucci,31849536,4
Ferguson,31849536,24
Carter,31849536,17
Mooney,31849536,3
Muller,31849536,23
Crane,31849536,17
Celine,36929245,2
Jesse,36929245,2
Ron,7010904,21
Nick,7010904,1
Annie,7010904,3
Arthur,13265473,21
Goshposh,13265473,21
Splurge,13265473,12
Charming,13265473,13
Rufus,13265473,18
Ward,13265473,14
Cinderella,13265473,3
Kermit,13265473,3
King,13265473,5
Pelt,2069318,6
Patty,2069318,23
Violette,2069318,23
Jacques,2069318,12
Honfleur,2069318,10
Snoopy,2069318,21
Baron,2069318,6
Marcie,2069318,23
Pierre,2069318,6
Linus,2069318,3
Brown,2069318,3
Babette,2069318,12
Silas,2069318,6
Buddy,1367554,3
Susan,1367554,1
Wells,1367554,10
Elaine,1367554,24
Jr.,1367554,23
Kavita,24922498,13
Kob,24922498,13
Plern,24922498,4
Loong,24922498,3
Li,24922498,3
Shrin,29261249,14
Nayak,29261249,13
Shuvobrata,29261249,16
Arun,29261249,13
Srinandita,29261249,14
Chatterjee,29261249,9
Crisostomo,2337008,3
Robert,2337008,18
Castro,2337008,15
Johnny,31953707,24
Mae,31953707,5
Dwayne,31953707,14
Savage,31953707,11
Riga,6117093,11
Danny,6117093,21
Lucy,6117093,5
Spike,6117093,6
Mickey,6117093,2
Pele,6117093,6
Alice,28304392,16
Alison,28304392,5
Martha,28304392,3
Amrapurkar,29699054,8
Bijlani,29699054,2
Chakraborty,29699054,5
Brandon,31147066,3
Marianne,31147066,6
David,31147066,6
Sissy,31147066,3
Tinkle,4514440,7
Leda,4514440,6
Boosey,4514440,7
Chumley,4514440,19
Bagley,4514440,13
Claude,4514440,6
Allen,24813200,15
Tara,24813200,22
Rayburn,24813200,13
Shemp,14738118,3
Dapper,14738118,14
MacDonald,14738118,16
Moe,14738118,3
Larry,14738118,16
Binder,9424050,12
Karos,9424050,4
Cheng-Wah,4558559,11
Fei,4558559,13
Ho,4558559,20
Kuo,4558559,6
Luming,4558559,5
Tiger,4558559,3
Belle,4558559,4
Kao,4558559,16
Tung,4558559,16
Hoi,4558559,16
Seetha,6795099,21
Meera,6795099,3
Jayaram,6795099,13
Glatt,33720652,21
Ross,33720652,16
Doug,33720652,3
Laflamme,33720652,12
Pat,33720652,23
Eva,33720652,23
Rhea,33720652,3
Kianna,10433895,1
Williams,10433895,20
Jill,10433895,1
Fisher,10433895,13
Rosa,10433895,3
Campbell,10433895,3
Egan,5733528,16
Lee,5733528,1
Kovich,5733528,8
Kazinski,23960359,22
Ryan,23960359,3
Carter,15789864,8
Rannie,15789864,21
Calico,15789864,1
Loren,15789864,17
Wahoo,15789864,16
Saenz,15789864,9
Limon,15789864,1
Jim,15789864,23
Padilla,15789864,12
Mansfield,7363069,12
Hercules,7363069,4
Barbara,598397,11
Shaun,598397,6
Liz,598397,6
Pete,598397,6
Winchester,598397,4
Ed,598397,16
Dianne,598397,24
Yvonne,598397,6
David,598397,2
Nadia,34972913,2
Raouf,34972913,21
Maggie,443972,24
Butt,443972,16
Banning,443972,15
Peter,443972,3
Darling,443972,20
Pan,443972,19
Wendy,443972,3
Smee,443972,10
Jack,443972,12
Moira,443972,21
Oskar,28149658,21
Zuzana,28149658,2
Kocicka,28149658,3
Nora,28149658,20
Lucy,4097843,5
Helsing,4097843,9
Mina,4097843,2
Kisslinger,4097843,19
Dracula,4097843,7
Tania,4097843,10
Dolinger,4097843,14
Harker,4097843,17
Heihachi,31371,9
Katayama,31371,17
Rikichi,31371,23
Katsushir,31371,11
Kikuchiyo,31371,24
Kambei,31371,6
Yohei,31371,10
Brice,12763158,22
Sam,14576560,17
Mary,14576560,5
Dodsworth,14576560,21
Cortright,14576560,0
Steve,6258260,6
Axel,6258260,6
Bernard,6258260,21
Heleen,6258260,6
Rinaldi,5576945,6
Strand,5576945,2
Marilyn,5576945,3
Debbie,5576945,17
Christian,5576945,20
Cage,1698283,0
Wolf,19662200,11
Egan,19662200,7
Maggie,19662200,2
Anderson,19662200,6
Randall,19662200,0
Johnno,4454250,3
Baker,4454250,9
Sam,4454250,23
Burke,4454250,22
Darko,4454250,23
Max,4454250,18
Jack,4454250,23
Otelo,34817175,19
Struely,34817175,14
Dezi,34817175,2
Mandla,34817175,0
Mandela,34817175,2
Buthelezi,34817175,9
Tolstoy,10132275,3
Sergei,10132275,21
Anna,10132275,21
Karenin,10132275,5
Vronsky,10132275,4
Sandorf,19787401,11
Line,19787401,24
Saccard,19787401,3
Gunderman,19787401,6
Hamelin,19787401,9
Hamilton,6852813,16
Susan,76371,6
Kello,76371,18
Falco,76371,21
Hunsecker,76371,3
Dallas,76371,19
Leuco,25449048,12
Tremor,25449048,11
Fritz,25449048,4
Vejar,25449048,11
Redstone,25449048,17
Weed,25449048,22
Little,25449048,11
Kaitlyn,25449048,5
Martinez,25449048,24
Salerno,25449048,8
Baker,25449048,3
McTeague,25449048,6
Dumare,25449048,23
Nicholas,25449048,23
Abrego,25449048,14
Mark,1659186,0
Gina,1659186,8
Josh,1659186,10
Runyon,1659186,10
Phil,1659186,3
Amy,6529207,3
Roy,6529207,17
Maggie,6529207,6
Perez,6529207,12
Susan,6529207,6
Folder,6529207,6
Mandy,6529207,9
Robert,6529207,13
Nicholls,6529207,19
Helen,6529207,16
Simon,6529207,16
Marley,3270678,12
Scrooge,3270678,21
Nell,18549292,14
Lincoln,18549292,2
Susanna,18549292,3
Jimmy,18549292,4
Drake,18549292,2
John,18549292,21
Shawnessy,18549292,21
Gaither,18549292,0
Vogelhuber,1482800,12
Strauss,1482800,16
Josef,1482800,10
Donner,1482800,4
Hohenfried,1482800,22
Carla,1482800,13
Schiller,1482800,4
Albert,1814192,19
Mallefille,1814192,5
Chopin,1814192,16
Fryderyk,1814192,6
Sand,1814192,14
Solange,1814192,22
Fujimura,25072014,24
Haasan,11141594,11
Ganesan,11141594,9
Adetutu,34943201,5
Murgatroyd,10788870,7
Alicia,10788870,1
Richard,3186031,9
Tanvi,3186031,3
Karan,3186031,6
Sunil,3186031,17
Khurana,3186031,13
Anand,3186031,3
Jimmyboy,27617955,20
Smith,27617955,0
Daniel,765519,10
Muriel,765519,13
Lucien,765519,20
Max,765519,3
Alice,765519,3
Lisa,765519,3
Douglas,6417788,4
Hardy,6417788,9
Kenyon,6417788,11
Poppy,6417788,21
Rue,6417788,10
Soplica,19033808,19
Robak,19033808,19
Gervazy,19033808,6
Jacek,19033808,8
Telimena,19033808,21
Napoleon,19033808,20
Mickiewicz,19033808,9
Count,19033808,21
Tadeusz,19033808,8
Horeszko,19033808,4
Seweryn,19033808,14
Zosia,19033808,8
Cooney,19033808,11
Heinken,27757207,4
Mitchell,27757207,4
Flora,13961279,3
Otis,13961279,1
Waggleberry,13961279,19
Sargent,13961279,15
Diddlebock,13961279,12
Harold,13961279,6
Vosen,29270563,8
Cross,29270563,4
Foite,29270563,22
Kitsom,29270563,17
Byer,29270563,17
Kramer,29270563,9
Hirsch,29270563,22
Shearing,29270563,4
Landy,29270563,10
Beebee,17841580,19
Brooks,17841580,20
Dawkan,17841580,14
Gwen,17841580,14
Lanfield,17841580,21
Moss,17841580,7
Saul,17841580,21
Haas,17841580,7
Monroe,17841580,18
Debbie,17841580,12
Karan,9542797,23
Martodkar,9542797,23
Kiran,9542797,8
Tim,3093642,17
Katrinka,3093642,9
Daniels,3093642,3
Betty,3093642,8
Elwood,3093642,23
Brian,3093642,13
Slade,3093642,6
Deva,16168084,12
Parvathi,16168084,21
Gowri,16168084,6
Kannan,16168084,6
Cheenu,16168084,21
Veerapandi,16168084,4
Parvati,16168084,6
Bhavani,16168084,6
Sathyaprathapan,16168084,6
Mayilu,16168084,6
Draifa,14969710,13
Magnani,14969710,4
Paul,5707845,12
Villemont,5707845,14
Anne,5707845,3
Davis,5707845,4
Leschenhaut,5707845,12
Clark,11975441,12
Bendix,11975441,19
Russell,11975441,17
Karan,22811616,6
Anjali,22811616,23
Rianne,695283,1
Murtaugh,695283,17
Ku,695283,4
Butters,695283,8
Benny,695283,17
Getz,695283,8
Lorna,695283,21
Riggs,695283,17
Cole,695283,8
Manshen,3770927,13
Wolf,3770927,13
Kunlun,3770927,4
Qingcheng,3770927,4
Wuhuan,3770927,17
Amy,25662169,6
Danny,25662169,3
Taylor,25662169,3
Andrea,25662169,13
Jake,25662169,13
Roger,25662169,17
Jonny,25662169,3
Chris,25662169,13
Hattori,8062885,6
Conan,8062885,3
Kogoro,8062885,16
Ayumi,8062885,16
Reiko,8062885,17
Kazuha,8062885,16
Suzuki,8062885,17
Saguru,8062885,8
Heiji,8062885,17
Nishio,8062885,17
Mitsuhiko,8062885,16
Haibara,8062885,24
Mui,15252331,5
Shing,15252331,4
Kwong,15252331,10
Amy,4132529,3
Megan,4132529,10
Jennifer,4132529,21
Hunter,4132529,3
Betty,4132529,23
Ryan,4132529,3
Walker,4132529,22
Burrows,4132529,21
Pam,1702672,10
Delvigne,1702672,20
Hannah,1702672,3
Ludovic,1702672,3
Chris,1702672,23
Manon,1371014,21
Mathilde,1371014,10
Thomas,1371014,8
Krishna,22124142,20
Unnikrishnan,22124142,6
Thampi,22124142,1
Pillai,22124142,7
Asha,22124142,3
Sarda,22124142,6
Sarada,22124142,2
Wetherly,31568206,19
Eddie,31568206,14
Lenny,27156371,1
Garret,21962416,3
Beecham,21962416,17
Foxx,21962416,17
Doyle,21962416,9
Orville,21962416,17
Barney,21962416,23
Davis,21962416,8
Zenas,21962416,17
Watson,21962416,10
Judd,5843617,16
Sylvester,5843617,4
Claire,5843617,24
Effendi,18726475,9
Efendi,18726475,21
Varvara,18726475,16
Plevna,18726475,17
Luntz,18726475,10
Fandorin,18726475,17
Pasha,18726475,11
Anwar,18726475,24
Lukan,18726475,16
Hannah,36097069,2
Audrey,36097069,21
Keough,36097069,20
Keith,5118109,2
Ellison,5118109,23
Peter,5118109,21
Francey,5118109,6
Sr.,5118109,8
Jr.,5118109,10
Morgan,5118109,3
Grimes,4340073,7
Lind,4340073,24
Mathilde,12528152,7
Hennessy,17602253,23
Sarah,17602253,13
Varner,17602253,3
Ned,17602253,3
Nick,17602253,23
Silverton,17602253,23
Salvaje,17602253,17
Carver,17602253,11
Alejandro,33931528,22
Tilford,1482779,6
Mortar,1482779,9
sue,1482779,19
Cardin,1482779,14
Rosalie,1482779,6
Karen,1482779,14
Wells,1482779,1
Dobie,1482779,19
Martha,1482779,6
Mary,1482779,6
Lily,1482779,23
Wright,1482779,10
Miller,6565119,11
Qaeda,6565119,22
Burnett,6565119,17
O'Neill,6565119,11
Massoud,6565119,18
Guri,33315170,2
Annmulle,33315170,22
Singh,33315170,12
Whitaker,33208046,13
Cassandra,14013923,4
Leigh,14013923,14
Jie,33589714,16
Mei,33589714,3
Pete,22363271,10
Betty,22363271,16
Parrish,22363271,12
Mike,22363271,16
Philip,22363271,10
Jeetu,5341795,3
Pooja,5341795,13
Bandya,5341795,6
Prabhat,5341795,1
Chauhan,5341795,6
Meenakshi,5341795,3
Gundya,5341795,3
Shruti,5341795,6
Mangal,5341795,6
Fazenda,17877862,8
Cameron,32801403,4
Williamson,7148350,21
Kellyanne,7148350,6
Anne,7148350,2
Sid,7148350,17
Annie,7148350,21
Vir,35240124,5
Kulhari,35240124,9
Das,35240124,11
Sharma,35240124,14
Ghosh,35240124,15
Shah,35240124,2
Grover,35240124,24
Kirti,35240124,9
Dobriyal,35240124,14
Dangaioh,2098762,20
Tarsan,2098762,19
Garimoth,2098762,4
Alice,2098762,5
Gil-Berg,2098762,15
Eli,18341506,18
Benson,2245035,2
Lorrie,2245035,1
Grayam,2245035,4
Larstadt,2245035,13
Ames,823939,23
Hope,823939,24
Hollander,823939,10
Hair,823939,23
Ross,823939,17
Catherine,823939,6
Jeff,823939,15
Willis,823939,24
Jack,823939,13
Ivar,823939,10
Verna,823939,9
Raymond,823939,9
Lincoln,14144193,0
Harding,14144193,17
Bert,14144193,7
Ayrton,14144193,1
Yeung,32028023,9
Man,32028023,21
Sean,32028023,17
Swamy,6715920,12
Gurupadom,6715920,23
Ayravadham,6715920,9
Stevens,1666550,4
Lewis,1666550,21
Silverio,1666550,10
Kerrigan,1666550,6
Jake,1256990,10
McCoy,1256990,18
Lyle,1256990,7
Bernadette,1256990,17
Mary,1256990,4
Anne-Marie,1256990,16
Trevor,1256990,17
Helen,1256990,4
Poole,1256990,0
Garrucci,1348590,24
Alexander,1348590,14
Jones,1348590,10
Billy,1348590,3
Wong,1348590,18
Garoni,1348590,17
Michael,1348590,3
Hing,1348590,8
Yeh,1348590,5
Laura,1348590,4
Ko,1348590,9
Shapiro,1348590,24
Wallace,1348590,0
Dora,17159479,4
Brewer,17159479,10
Driscoll,17159479,19
Suzanne,17159479,21
Candace,17159479,6
Mahadevan,24073925,5
Thomaskutty,24073925,20
kutty,24073925,6
Dorothy,24073925,8
Dominic,24073925,21
Nagar,24073925,7
Madhavan,24073925,13
Dominico,24073925,13
Kutty,24073925,2
Bungalow,24073925,15
Arthur,3357705,3
Griffiths,3357705,4
Elsie,3357705,3
Polly,3357705,3
Wright,3357705,15
Doyle,3357705,9
Gardner,3357705,18
Pan,3357705,19
Houdini,3357705,13
Conan-Doyle,3357705,17
Joseph,3357705,14
Frances,3357705,17
Nixon,31711049,7
Michelle,31711049,24
Obama,31711049,3
Carter,31711049,21
Reagan,31711049,6
Ford,31711049,13
Bush,31711049,0
Clinton,31711049,0
Smythe,23893107,24
Marion,23893107,21
Cathleen,23893107,13
Fanny,23893107,22
Calvin,23893107,17
Leah,23893107,3
Dalton,23893107,8
Buchanan,23893107,9
Eva,22465833,1
Eichwald,22465833,23
Gale,26054656,15
Dorothy,26054656,21
Tugg,26054656,10
Mallow,26054656,9
Bascomb,5068537,10
Anita,5068537,4
Steve,5068537,24
Terry,5068537,22
Wiley,5068537,20
Smith,5068537,2
Ekberg,5068537,19
Starr,14143864,18
Heller,14143864,17
Kruger,14143864,12
Brenda,14143864,6
Farrel,14143864,4
Ramesh,32144568,3
Susheela,32144568,23
Kamala,32144568,21
Akshay,32144568,6
Chatterjee,32144568,24
Swayze,14145590,11
Redmayne,14145590,24
Whitaker,14145590,10
Rose-Johnny,14145590,19
Biel,14145590,12
Romero,14145590,11
Kristofferson,14145590,11
Elgin,9328245,3
Nina,19984678,3
Matt,19984678,3
Jack,19984678,2
Rebecca,19984678,4
Valdez,9797842,16
Ossorio,5161973,8
Lili,28745644,11
Turk,28745644,24
Gloria,28745644,2
Piper,28745644,18
Lafe,28745644,10
Conovan,28745644,6
Sam,31537306,9
Wong,31537306,13
Ray,31537306,12
Leila,31537306,19
Tom,31537306,12
Watson,31537306,4
Nat,31537306,18
Chubbie,31537306,12
Connelly,9416837,20
Littleton,9416837,3
Carter,9416837,3
Rutherford,9416837,15
Ruth,9416837,17
Dodge,9416837,6
Gehrig,9416837,0
Joan,23808966,16
Khan,23808966,16
Preston,23808966,0
Ted,23808966,16
Billy,23808966,22
Elizabeth,23808966,8
Lincoln,23808966,2
Bill,23808966,17
Napoleon,23808966,23
Freud,23808966,16
Rufus,23808966,21
Logan,23808966,4
Beethoven,23808966,9
Bonaparte,23808966,17
Disescu,18577542,21
Vogt,18577542,24
Lang,18577542,20
Halbblut,18577542,20
Tackman,13341626,6
Jewel,13341626,17
Gentry,13341626,14
Jim,13341626,6
Boake,13341626,17
Ruby,13341626,6
Corey,13341626,3
Lakshmi,26407560,11
Rama,26407560,16
Prasanna,26407560,22
Yashodha,26407560,21
Jooli,26407560,15
Jackie,26407560,3
Durston,5566354,7
Rumney,5566354,13
Yackey,5566354,22
Al,5566354,21
Sandidge,5566354,6
Randall,5566354,2
Pete,5566354,12
Kilpatrick,5566354,14
Dorinda,5566354,21
Breyer,5566354,16
Davenport,62688,22
Hitler,62688,1
Jones,62688,24
Rowley,62688,12
Fisher,62688,17
Haverstock,62688,6
Meer,62688,21
Carol,62688,6
ffolliott,62688,6
Tony,358363,5
Mary,358363,12
Lawless,358363,21
Cordy,358363,6
Dukes,358363,24
Cordelia,358363,9
Livingston,358363,5
Biddle,358363,6
Davidson,358363,11
Angie,358363,21
Liam,27440737,17
Mae,27440737,3
Stephen,27440737,10
Charlie,27440737,3
Moore,27440737,18
Kevin,27440737,6
Furlong,27440737,21
James,27440737,3
Philip,27440737,24
Schwartz,2581365,20
Sanders,2581365,20
Speight,2581365,17
Skinner,2581365,24
Kaye,2581365,16
Starkey,2581365,20
Baddiel,2581365,9
Doohan,2581365,10
Loughran,2581365,4
Cliff,2581365,17
Rajkumar,18824395,16
Alajar,32711541,8
Jude,32711541,24
Bianang,32711541,18
Herb,28576162,15
Daw,28576162,0
Clair,28576162,22
Adrian,28576162,3
Vicky,28576162,18
Paul,4103995,15
Judy,4103995,9
Lili,4103995,3
Chardin,4103995,22
Boutin,4103995,12
Geneste,4103995,24
Cliffe,4103995,15
Swann,4103995,8
Pascal,4103995,5
Maxine,4103995,20
Hale,4103995,0
Lace,4103995,4
Abdullah,4103995,13
Wolf,2551921,21
McCabe,2551921,6
Parker,2551921,18
Purcell,2551921,17
Marty,2551921,24
Steve,2551921,3
Brandon,2551921,9
Aragon,2551921,22
Fraser,2551921,4
Madriaga,2551921,5
Belle,2551921,5
Gary,2551921,10
Janardan,30864660,16
Ram,30864660,17
Yadav,30864660,18
Pooja,30864660,21
Rao,30864660,1
Janakiramaiah,34430206,0
Vamsee,34430206,2
Sheethal,26681712,15
Nair,26681712,2
Iyengar,26681712,11
Swaminathan,26681712,9
Gopan,26681712,2
Laila,16958733,5
Pooja,16958733,6
Krishna,16958733,6
Ninaithu,16958733,17
Flora,1605299,6
Cranley,1605299,13
Hall,1605299,16
Kemp,1605299,10
Griffin,1605299,3
O'Connor,1605299,19
Beaty,24565046,23
Chu,22501925,7
Tong,22501925,8
Keung,22501925,13
Hung,22501925,11
Dallas,24716019,21
Adair,24716019,20
Henry,29679423,9
Khairpura,15446482,9
O'Rafferty,15446482,15
Ake,7741916,6
Rahtree,7741916,23
Buppah,7741916,3
Tong,7741916,23
Maew,7741916,10
Walker,7741916,9
See,7741916,2
Lewinsky,25126606,22
Blitzer,25126606,24
Thomas,29759141,18
Withington,29759141,15
Childs,29759141,0
Holmes,8267581,17
Chalmers,8267581,21
MacGregor,8267581,10
Alistair,8267581,22
Davies,8267581,13
Watson,8267581,17
Pangborn,5696825,17
Stark,5696825,22
Beaumont,5696825,16
Sebasti,4474435,16
Ronald,21798180,15
Jefferson,21798180,4
Ferro,21798180,17
Jimmy,21798180,17
Bagges,21798180,24
Schiller,5939156,20
Burns,5939156,3
Lee,13488854,12
Xixo,13488854,17
Terrell,11414473,15
Forrester,11414473,21
Wallace,11414473,16
Crawford,11414473,6
Brown,11414473,15
Jamal,11414473,6
Neo,26097733,17
Collins,1312584,6
Jessica,1312584,17
Valerie,1312584,16
Barksdale,1312584,10
Weems,1312584,9
Johnson,1312584,17
Duncan,1312584,9
Annie,1312584,6
Wilson,1312584,19
King,1312584,16
Ylajali,17908428,0
Pete,23950601,6
Haasan,11142696,19
Desh,11142696,11
Preston,6515729,9
Dennison,6515729,16
Taylor,7051746,16
Kane,7051746,17
Robbie,7051746,3
Diane,7051746,6
Jess,7051746,13
Barrons,7051746,18
Anne,7051746,19
Wilson,7051746,12
Owl,24021186,12
Kurup,26431844,3
Pappi,26431844,8
Taylor,22643498,12
Kenneth,22643498,6
Gbowee,22643498,0
Joan,13325861,3
Harry,13325861,3
Wombat,13325861,7
Koala,13325861,12
Clara,13325861,23
Blinky,13325861,20
Bill,13325861,3
Magpie,13325861,15
Marcia,13325861,14
Joe,13325861,3
Pym,13325861,19
Windom,4385591,20
Elizabeth,4385591,3
Webson,4385591,23
Burke,4385591,15
Brandon,4385591,1
Mike,4385591,13
Browdy,4385591,14
Rettig,4385591,18
Sergio,29381759,17
Salcedo,29381759,1
Javier,29381759,6
Natalia,29381759,6
Mary,29381759,11
Blanco,29381759,6
Franco,29381759,23
Sand,14322994,9
Toki,14322994,10
Rai,4894332,4
Thor,4894332,21
Silva,27428503,10
Rezo,27428503,6
Farnatti,27428503,17
Dolor,27428503,3
Chambers,27428503,13
Gaga,27428503,20
Boyka,27428503,21
Yuri,27428503,15
Judge,19571697,20
Verma,19571697,10
Shankar,19571697,4
Tina,19571697,4
Samnang,592297,18
Kidman,592297,10
Matthew,592297,6
Kelly,592297,3
Eli,592297,1
Posh,592297,6
Danielle,592297,17
Gupi,35457037,21
Debgarh,35457037,10
Osmita,35457037,20
Madhu,35457037,2
Nefertiti,29778537,5
Akhesa,29778537,11
Narayana,22186281,21
Naidu,22186281,21
Murthy,22186281,1
Murphy,6693390,16
Bishop,6693390,20
Churchill,6693390,0
Foster,6693390,24
Ledgard,29988111,6
Marilia,29988111,6
Vera,29988111,3
Vicente,29988111,23
Norma,29988111,4
Fulgencio,29988111,16
Zeca,29988111,21
Robert,29988111,9
Chopra,1765948,13
Prakash,1765948,3
Harry,1765948,22
Franklin,3268903,10
Sal,3268903,3
Frannie,3268903,17
Suzanne,3268903,3
Angela,3268903,3
Roger,3268903,3
Judy,3268903,3
Max,3268903,3
Helen,3268903,3
Slade,1371138,3
Vixey,1371138,10
Tod,1371138,3
Bong,20864214,3
Lolit,20864214,12
Winona,20864214,21
Doc,20864214,15
Suneo,18612851,3
Piisuke,18612851,4
Shizuka,18612851,3
Pisuke,18612851,4
Gian,18612851,13
Rohit,8383276,21
Dholakia,8383276,3
Kicki,26601629,21
Viktor,26601629,2
Tamara,26466092,4
Conan,26466092,3
Marique,26466092,10
Nichols,26466092,18
Corin,26466092,20
Hyborea,26466092,16
O'Donnell,26466092,9
Hyboria,26466092,1
Argalon,26466092,24
Lucius,26466092,17
Lang,26466092,23
Valli,15859061,23
Pillaival,15859061,3
Pichandi,15859061,3
Punitha,15859061,6
Murugappan,15859061,3
Sultenfuss,673407,3
Harry,673407,6
Sennett,673407,18
DeVoto,673407,8
Bixler,673407,20
J.,673407,3
Shelly,673407,6
Lope,896652,24
Carlos,896652,3
Gwangi,896652,24
Zorina,896652,19
Breckenridge,896652,10
Bromley,896652,17
T.J.,896652,21
Kirby,896652,5
Tuck,896652,4
Sandovate,21149094,0
Drake,21149094,4
Jessica,4193180,6
Patton,4193180,4
Craig,4193180,3
Harrison,4193180,2
Elora,3320466,2
Capua,3320466,15
Erding,3320466,8
Tom,6335765,3
Jerry,6335765,23
Tuffy,6335765,3
Moli,12490737,14
Jourdain,12490737,14
Vimala,17124409,14
Gunasekaran,17124409,17
Annadurai,17124409,5
Chandrasekaran,17124409,3
Mondragon,3520031,3
Dibley,20300024,4
Matteo,14913280,6
Burin,14913280,21
Carla,14913280,10
Moira,14913280,11
Bernard,14913280,9
Moon,3525382,17
Cody,3525382,20
Moore,3525382,11
Krog,3525382,10
Abhirami,16166424,8
Vadivelu,16166424,15
Abirami,16166424,21
Prabhu,16166424,21
Madhavan,16166424,16
Ganesh,16166424,12
Vivek,16166424,22
Alex,28394564,3
Noah,28394564,3
Wade,28394564,2
Ricky,28394564,3
Mindy,9233621,2
Choi,9233621,10
Lee,9233621,6
Tung,9233621,19
Chan,9233621,23
Gary,9233621,8
Bobo,9233621,16
Deborah,9233621,3
Kensington,9594585,1
Lawson,9594585,3
Blackman,9594585,8
Drake,9594585,13
Novak,9594585,2
Mona,7505600,13
Haiyang,19406235,3
Yanzi,19406235,3
Ma,17182471,8
Hsia,17182471,5
Joshua,21473164,8
Trapp,21473164,12
Andrea,21473164,17
Dowd,21473164,0
Mick,2564144,3
Jacko,2564144,3
Charlton,2564144,1
Mikey,2564144,21
Crumm,19950293,19
Williams,19950293,22
Everett,19950293,19
Joe,19950293,2
LaRue,19950293,22
Gertie,19950293,14
Christian,19950293,7
Tim,32177247,1
Sabi,32177247,0
Amy,32177247,19
Jesse,32177247,16
Crow,12902613,6
Howard,12902613,11
Eyal,1609553,3
Axel,1609553,3
Tom,1609553,10
Rafik,1609553,1
Menachem,1609553,6
Pia,1609553,21
Kalderon,29775171,0
Miri,29775171,24
Marcus,2082449,12
Bobby,2082449,20
Spyro,2082449,17
Bookman,2082449,17
Kenny,2082449,6
Jake,2082449,3
Gary,2082449,15
Laurie,2082449,20
Kayo,2082449,10
Trevor,2082449,21
Thompson,2082449,19
Damien,2082449,16
Marvin,2082449,6
Suzumiya,24666418,14
Koizumi,24666418,16
Asahina,24666418,14
Kyon,24666418,21
Yuki,24666418,3
Nagato,24666418,9
Smith,24666418,11
Haruhi,24666418,13
Asakura,24666418,3
Memphis,6469252,14
Sarah,6469252,12
Fenn,6469252,12
Johnson,6469252,6
Payne,6469252,23
Swagger,6469252,8
Meachum,6469252,14
Bhageere,11236647,16
Prakash,11236647,11
Shaleen,11236647,6
Jai,11236647,23
Aditi,11236647,21
Rotlu,11236647,5
Rathore,11236647,23
Mahant,11236647,2
Rao,15101730,12
Mani,15101730,18
Jagannadham,15101730,18
Bhuvaneswari,15101730,21
Kidstuff,665901,9
Muscle,665901,11
Ricky,665901,24
Swordflower,665901,3
Sanchez,14524270,23
Brandon,14524270,9
Mike,14524270,21
Esmeralda,4493967,6
Djali,4493967,8
Laverne,4493967,9
Madellaine,4493967,3
Victor,4493967,9
Phoebus,4493967,21
Zephyr,4493967,4
Clopin,4493967,4
Quasimodo,4493967,3
Sarousch,4493967,6
Bruno,18120048,21
Jamil,18120048,23
Randa,18120048,12
Caprice,18120048,22
Winkley,2078932,3
Parsons,2078932,10
Bartelli,2078932,1
Alex,2078932,20
Buechner,12189765,11
Albert,12189765,13
Icelia,12189765,21
Monica,12189765,21
Mary,12189765,16
Fukuda,10934336,21
Foo,10934336,16
Jin,10934336,21
Jay,10934336,3
Wu,10934336,4
Oliver,1102282,19
Tutsi,1102282,23
Bizimungu,1102282,20
Rutaganda,1102282,24
Tatiana,1102282,2
Rusesabagina,1102282,24
John,1569551,17
Christy,1569551,3
Pike,33032613,21
Haeke,33032613,24
Jack,33032613,17
Crabtree,19360800,21
Jack,19360800,3
Farina,19360800,3
Jackie,19360800,2
Jacob,18005619,9
Strauber,26591591,3
Mike,26591591,6
Sharon,26591591,2
Quackenbush,14734420,24
Joe,14734420,3
Moe,14734420,3
Smythe-Smythe,14734420,3
Larry,14734420,23
b,4181076,5
Hor,4181076,3
Karel,4181076,22
bek,4181076,5
ena,4181076,3
tka,4181076,21
l,4181076,7
Murphy,23316260,17
White,23316260,8
Gomez,23316260,17
Jarfe,23316260,17
Billy,23316260,6
Reno,23316260,3
Acoma,23316260,17
Hoss,23316260,16
Dan,23316260,18
Nancy,23316260,6
Kiowa,23316260,3
J.J.,23316260,3
Lance,23316260,6
Daffy,25674757,16
III,25674757,24
Manuel,25674757,6
Gonzales,25674757,12
Tarabas,11216936,3
Esmeralda,11216936,23
Catherine,11216936,23
Romualdo,11216936,4
Fantaghir,11216936,3
Angelo,3024499,5
Bobby,3024499,13
Harmon,3024499,9
Lou,3024499,13
Noelle,3024499,21
Joe,3024499,6
Frankie,3024499,13
Johannson,3024499,11
Donna,3024499,3
Gastineaux,3024499,11
Kumar,2349235,22
Ajay,2349235,21
Tiwari,2349235,13
Singh,2349235,14
Reagan,2133961,1
Ivan,2133961,16
Gorbachev,2133961,24
Sergei,2133961,3
Britanov,2133961,9
Deva,4851294,12
Arjun,4851294,6
Connelly,24941019,12
Sammy,12050633,2
Nick,12050633,6
Melissa,12050633,17
Fowles,12050633,12
Willard,12050633,6
Clairebourne,12050633,18
Rachel,12050633,3
Brett,12050633,4
West,12050633,6
Wilson,12050633,19
Terry,3262031,6
Vincent,3262031,6
Ida,3262031,17
Smith,3262031,15
Bruce,3262031,3
Bo,3262031,4
Jessel,30608539,22
Ann,30608539,13
Miles,30608539,12
Onizuka,12326404,6
Naito,12326404,10
Feld,34645036,13
Kay,34645036,6
Soames,34645036,15
Arnold,34645036,23
Blomkvist,23135176,3
Harald,23135176,17
Anita,23135176,18
Andersson,23135176,0
Gottfried,23135176,8
Salander,23135176,17
Harriet,23135176,17
Frode,23135176,5
Morell,23135176,18
Vanger,23135176,6
Wennerstr,23135176,5
Mado,16093619,17
Xu,24957827,15
Yuejin,24957827,13
Xiaowei,24957827,16
Xin,24957827,3
Nalan,24957827,17
Craig,1485644,0
Scott,1485644,10
Campbell,1485644,9
Evie,2751845,14
Simonds,2751845,15
Harris,2751845,11
Vim,2751845,13
Stevie,2751845,12
Allen,5744612,17
Mackay,5744612,11
Walt,5744612,4
Laurie,5744612,6
Donavan,5744612,6
Forbes,5744612,9
Hayes,5744612,0
Bob,5744612,6
Toro,5744612,17
Hank,5744612,17
Chris,5744612,6
Drummond,5744612,4
Gunn,5744612,19
Noah,5744612,13
Elliott,5744612,10
Jim,5744612,5
Arrila,5744612,4
Adams,5744612,17
Magdalena,5744612,3
Tim,33177983,0
Richard,33177983,23
Kent,33177983,14
Julius,33177983,7
Georgina,33177983,9
Shepherd,33177983,15
George,33177983,23
Quentin,33177983,16
Johanna,33177983,4
Anne,33177983,23
Hardy,33177983,23
Charley,42361,3
Edie,42361,9
Doyle,42361,24
Terry,42361,6
Barry,42361,9
Dugan,42361,16
Friendly,42361,6
Malloy,42361,10
Joey,42361,22
Lane,33114696,24
Pike,33114696,21
Hoffman,33114696,13
Kana,33114696,12
W,1606381,10
Turnell,1606381,6
Repanosa,1606381,10
Wuffner,1606381,12
Fromage,1606381,9
Mambo,1606381,5
Wilson,1606381,14
Hornsby,1606381,17
Hegai,36180452,3
Vashti,36180452,5
Abraham,36180452,2
Queen,36180452,4
Mordecai,36180452,16
Hadassah,36180452,4
Haman,36180452,4
Esther,36180452,13
Ben-Joseph,36180452,9
Jacob,36180452,16
Paul,5501808,17
Bodine,5501808,6
Hansen,5501808,11
Buckman,5501808,1
Frank,5501808,17
Sada,5501808,6
John,5501808,3
Martin,413426,4
Walker,413426,16
Vanderbilt,413426,19
O'Brien,27870294,10
Luis,28763446,16
Emilio,28763446,14
Woogard,28763446,20
Danny,28763446,20
Rizzo,28763446,21
Ross,28763446,17
Sandoval,28763446,24
Marco,28763446,17
Cataleya,28763446,3
Fabio,28763446,13
Alicia,28763446,3
Arafa,35119605,17
Dosoki,35119605,17
Warda,35119605,16
Hitler,6547798,2
Chyornye,6547798,2
Lehr,6547798,8
Stalin,6547798,14
George,2134444,0
Marla,27880784,2
Strange,27880784,10
Riegert,27880784,19
Newman,27880784,9
Stewart,27880784,0
Hickey,27880784,20
Young,27880784,20
Jacob,27880784,10
Broots,7690015,6
Parker,7690015,24
Lyle,7690015,7
Ethan,7690015,17
Raines,7690015,4
Alex,7690015,4
Sullivan,19046843,5
Huck,6457520,17
Stinky,6457520,3
McGraw,6457520,1
Huckleberry,6457520,7
Bob,6457520,17
Mason,17901688,14
Sinatra,17901688,24
Melman,17901688,14
fossa,17901688,3
XIII,17901688,17
Gloria,17901688,14
Melmen,17901688,4
Maurice,17901688,12
Marty,17901688,3
Phil,17901688,0
Boya,24137754,10
Chrissie,29754001,22
Riley,29754001,17
Jones,29754001,15
Brownlow,1194509,3
Charley,1194509,18
Sowerberry,1194509,7
Monks,1194509,6
Rose,1194509,21
Bill,1194509,3
Oliver,1194509,8
Leeford,1194509,17
Bedwin,1194509,21
Fagin,1194509,3
Agnes,1194509,21
Claypole,1194509,3
Sykes,1194509,17
Bumble,1194509,7
Edwin,1194509,1
Nancy,1194509,3
Manny,2303174,3
Tony,2303174,20
Diego,2303174,3
Sid,2303174,3
Eddie,2303174,10
Ellie,2303174,15
Raju,20907561,11
Mills,3992363,11
Christian,3992363,3
Bligh,3992363,21
Kau,2052515,6
Kennedy,5604917,7
Rin,27507076,17
Yamata,27507076,17
Nezumi,27507076,13
Jinnai,27507076,4
Amit,9285886,22
Amma,28275559,2
Master,28275559,17
Meenakshi,28275559,2
Ananthan,28275559,13
Kutty,28275559,4
Nehru,28275559,1
McKnight,24021571,3
Goldsmith,24021571,15
Morgan,24021571,21
Wright,24021571,9
Scott,24021571,21
Leslie,24021571,21
Todd,6650230,2
Minimoni,6650230,4
Yaguchi,6650230,6
Takahashi,6650230,3
Tsuji,6650230,15
Evans,12832450,20
Reino,19558213,3
Valto,19558213,1
Tatiana,19558213,7
Ferhat,26235488,3
Melih,26235488,3
Firuze,26235488,11
Tayyar,26235488,23
Melek,26235488,8
Hayran,26235488,8
Hayri,26235488,3
Orhan,26235488,1
Henry,1024760,3
Jameson,1024760,12
Miller,1024760,3
McAdam,1024760,1
Lin,1024760,17
Virgil,1024760,15
Matthew,1024760,15
Wilson,1024760,0
High-Spade,1024760,24
Dean,1024760,19
Lamont,1024760,6
Manners,1024760,3
Lane,2421498,6
Diane,2421498,14
Peter,2421498,6
Howard,2421498,23
Stephanie,2421498,6
Haydar,8203141,2
Meryem,8203141,2
Valerie,1868133,3
Hedvika,1868133,24
Gracian,1868133,10
Giovinazzo,11407333,11
Frankie,11407333,3
Paco,11407333,3
Beau,6947457,17
Hall,6947457,9
Reese,6947457,3
Alek,6947457,17
Spera,6947457,10
Reno,6947457,9
Nagle,6947457,16
Margaret,6947457,3
Rawson,32995588,23
Marion,32995588,4
Smith,32995588,0
Jack,32995588,4
Kumar,34033038,20
Ranjith,34033038,6
Mohan,34033038,14
Mohana,34033038,17
Sundaram,34033038,3
Sunadaram,34033038,23
Kadir,2871613,23
Joan,2871613,6
Al-Julhara,2871613,21
Arab,2871613,1
Ralph,2871613,21
Omar,2871613,17
Wilder,2871613,8
of,2871613,4
Jack,2871613,23
Colton,2871613,23
Tarak,2871613,15
Discs,18829649,9
Russ,18829649,12
McCain,18829649,21
Kala,4118336,6
Tarzan,4118336,13
Tantor,4118336,2
Zugor,4118336,23
Chuco,22732284,13
Machito,22732284,2
Liyan,7177441,21
Yuwen,7177441,19
Mu,7177441,17
Zhichen,7177441,21
Nandu,7489472,23
Vijay,7489472,23
Tejaswini,7489472,4
Coenen,22644918,12
Hartman,22644918,23
Tonkin,11087534,17
Astrova,11087534,11
Cherkassov,11087534,19
Nikolayev,11087534,17
York,11087534,9
go,11087534,18
Kasanov,11087534,15
Elena,11087534,13
Jason,11087534,6
Sergei,11087534,8
Sonia,11087534,3
Grishin,11087534,17
Blackledge,11087534,9
Monk,11087534,17
Akopov,11087534,4
Dorganosov,11087534,17
Zaitzev,11087534,7
Gordon,27459696,3
Mendaros,27459696,17
Katha,33767640,10
Thyagarajan,33767640,11
Osterman,23658166,14
Kands,23658166,12
Narendran,10867220,3
Menon,10867220,15
Sharath,10867220,13
Gauri,10867220,21
Sandhya,10867220,13
Sasikumar,26205838,13
Yesudas,26205838,10
Radha,26205838,21
Melchior,5764903,10
Christ,5764903,12
Augustus,5764903,13
Balthasar,5764903,10
Gabriel,5764903,14
Gaspar,5764903,10
Jesus,5764903,21
Zachariah,5764903,8
Herod,5764903,6
Joseph,5764903,13
Mary,5764903,3
David,5764903,17
Shin,3500965,17
Choi,3500965,3
Hee,3500965,13
Starr,15757816,9
Vaughn,15757816,13
Starbinder,15757816,6
Styler,23704496,2
Driscoll,16782,23
Ann,16782,4
Denham,16782,6
Weston,16782,12
Darrow,16782,13
Geary,7005267,9
Thorn,7005267,13
Rogers,7005267,13
Villa,7005267,22
Fowler,7005267,5
Jean-Bob,10336027,17
Chamberlain,10336027,6
Odette,10336027,3
Bridget,10336027,3
Uberta,10336027,4
Derek,10336027,3
Rogers,10336027,6
Puffin,10336027,16
Clavius,10336027,3
Krystal,2251745,0
Angie,2251745,9
Kogenta,13617351,5
Daimajin,13617351,24
Tadafumi,13617351,24
Samanosuke,13617351,1
Shinobu,13617351,13
Kozasa,13617351,3
Samonosuke,13617351,24
Winston,31322836,0
Harris,31322836,24
Victor,31322836,11
Gras,31322836,23
Walker,31322836,16
Boudreaux,31322836,18
ga,10057199,11
Sagittarius,10057199,6
Seiya,10057199,17
Eris,10057199,20
Eri,10057199,23
Hitler,29063275,23
Quartermain,28190354,24
Karlenko,28190354,22
Johnny,28190354,14
Tucker,28190354,18
Kate,28190354,6
Sumner,28190354,12
Fisher,28190354,11
Ambrose,28190354,17
Hayward,32912072,0
Dean,32912072,5
Jimmy,32912072,3
Tom,13234439,16
Jerry,13234439,17
Wong,6113399,11
Brody,6113399,24
Madison,6113399,10
Yun,6193473,4
Fang,6193473,6
Yin,6193473,14
Puri,23502201,6
Harpreet,23502201,16
Bedi,23502201,7
Lomax,15982164,16
Santini,15982164,10
Mungar,15982164,1
Rome,15982164,3
Gronski,15982164,5
Patty,1695109,3
Miller,1695109,24
Goodman,1695109,17
Ann,1695109,6
Peters,1695109,12
Hayes,1695109,3
MacDonald,1695109,20
Fidlow,1695109,21
Drake,1695109,2
Danforth,1695109,17
Munn,16265204,11
Josef,33113818,9
Jane,3473828,2
Gray,3473828,6
Evans,3473828,11
Shana,3473828,9
Mia,3473828,19
Mangala,33971842,6
Sidlingu,33971842,21
Sam,30886678,8
Kelly,30886678,14
Amy,7229887,1
dart,7229887,12
Alec,7229887,24
Audrey,7229887,21
Patrick,7229887,16
Jaime,7229887,7
Anthony,7229887,15
Ryan,7229887,6
Morgan,7229887,16
Nolan,7229887,7
LaPlante,1175762,21
Gayley,1175762,14
John,1175762,21
Bubber,1175762,11
Bo,35074155,2
Micki,12459069,2
Tanya,12459069,20
Remy,12910750,6
Victoria,12910750,5
Ganesh,12910750,8
Black,12910750,20
Emile,12910750,3
Pal-nyeo,36289284,2
Do-yeob,36289284,14
Jeong-sang,36289284,15
Sang-gil,36289284,14
Berger,3283236,20
Grant,5566494,22
Alim,5566494,21
Judge,17243300,20
Criggs,17243300,19
Chesney,17243300,14
Baberley,17243300,20
Charlie,17243300,2
Betty,17243300,6
d'Alvadorez,17243300,1
Rosa,17243300,6
Titov,17243300,11
Annie,17243300,6
Jackie,17243300,2
Thomas,31835516,6
Jane,5702474,2
Ian,5702474,21
Jon,5702474,23
Richie,5702474,22
Keaton,5702474,16
Hans,5702474,10
Carla,5702474,4
Lisa,5702474,12
David,5702474,15
Khurana,13144048,21
Divya,13144048,16
Pooja,13144048,2
Korkoro,32084589,6
Lundi,32084589,23
Vasanta,6006572,6
Sivamani,6006572,23
Dattu,6006572,23
Pallavi,6006572,15
Grantz,2750041,16
Sammy,2750041,21
Leonard,2750041,6
Jankis,2750041,8
G,2750041,11
Shelby,2750041,22
Natalie,2750041,16
Gammell,2750041,13
Dodd,2750041,23
Finding,2750041,11
John,2750041,23
Downey,12964992,7
Dunkleman,12964992,18
Martin,2229321,7
Gambi,2229321,15
Grummett,29076211,3
Victoria,29076211,21
Carrington,29076211,12
Vickers,29076211,11
Minako,24574458,8
Henry,9631759,11
Ingram,9631759,9
Sheldon,9631759,11
Salters,9631759,0
Alice,9631759,11
Nolan,9631759,24
Ruelle,35013730,5
Aduaka,35013730,15
Haroun,35013730,20
Sissako,35013730,16
Camara,35013730,17
Dia,35013730,20
Essomba,35013730,15
Ahounou,35013730,20
Traor,35013730,0
Diop,35013730,13
Lu,27824303,23
Collins,27824303,22
Gates,27824303,12
Dan,27824303,16
Rogers,27824303,8
Pavithran,26498520,24
Dahlman,28743583,23
Holly,18170706,17
Viale,18170706,17
Flower,18170706,7
Zaphod,18170706,2
Yossarian,18170706,3
Youssarian,18170706,24
Sedgwick,129585,1
Dunbar,129585,6
Greene,129585,1
Baur,129585,17
Moon,891807,3
Wolf,891807,21
Quarrier,891807,17
Hazel,891807,2
Andy,891807,8
Huben,891807,0
Billy,891807,15
Leslie,891807,1
Miller,68501,12
McCabe,68501,17
Shaughnessy,68501,14
Sumners,196176,21
Scott,196176,15
Amy,196176,6
Niles,196176,24
Warner,196176,9
George,196176,1
Jesus,196176,19
David,196176,14
Hedden,196176,17
Scutt,196176,17
Wakely,196176,10
Tom,196176,17
Sumner,196176,3
Venner,196176,16
Cawsey,196176,17
Norton,196176,19
Sudhamoy,17227386,20
Waterbury,915306,22
Myer,915306,18
Lane,915306,16
Badger,915306,13
Al,915306,22
Monique,915306,10
Johnny,915306,20
Beth,915306,7
Schneider,915306,24
Jenny,915306,8
Cosell,915306,22
Stalin,915306,5
Mar,915306,24
Skokes,670267,17
Tripplett,670267,5
Jack,670267,4
Bob,670267,17
Ethan,670267,17
T.R.,670267,5
Pedersen,670267,20
Johnson,670267,4
Sheila,670267,17
Schmo,670267,3
Rennard,670267,18
Diddley,670267,23
Skinner,670267,4
Keef,670267,18
Verner,33114885,23
Markoff,33114885,13
Sidney,33114885,10
Smith,33114885,0
Jane,3301903,8
Turner,3301903,11
Quaid,3301903,11
George,12403535,3
Eleanor,12403535,21
Powell,12403535,17
Butch,12403535,3
Rogers,12403535,3
Goody,5042018,17
Max,5042018,0
Havoc,5042018,18
Stanton,1609735,19
Christie,1609735,15
Murdock,16578764,16
Sosa,16578764,5
Morrison,16578764,16
Pike,16578764,17
Tuco,16578764,20
Lynch,16578764,4
Peck,16578764,11
Smith,16578764,24
Fitzgerald,7675727,14
Windward,7675727,23
Flynn,7675727,8
Rick,7675727,5
Pamela,7675727,17
Stella,7675727,21
Meredith,7675727,12
Holloway,7675727,2
Mary,7675727,2
Scott,7675727,13
Petrov,238810,8
Radek,238810,20
Marshall,238810,4
Caldwell,238810,1
Bennett,238810,11
Korshunov,238810,17
Gibbs,238810,17
Woody,20530731,17
Boardman,8633676,20
McGovern,8633676,6
Anne,8633676,2
Baxter,8633676,22
Brown,8633676,8
Obree,8633676,3
Hime,6349064,6
Saber,6349064,5
Tohki,6349064,10
Habataki,6349064,6
Tobei,6349064,13
Ibuki,6349064,6
Kabuki,6349064,10
Asamu,6349064,18
Asumu,6349064,3
Hibiki,6349064,3
Orochi,6349064,17
Hitotsumi,6349064,10
Makamou,6349064,21
Kirameki,6349064,18
Douji,6349064,6
Takeshi,6349064,10
Hitoe,6349064,2
Hampton,685721,4
Dunn,685721,14
Brooks,685721,24
Howard,685721,21
Finstock,685721,20
Gustavson,685721,12
James,685721,4
Hammill,20181767,12
Darryl,20181767,16
Denuto,20181767,20
Shabnam,6012645,4
Bhagat,6012645,9
Ashoo,6012645,8
Ashok,6012645,24
Amjad,6012645,14
Bhagwan,6012645,0
Baker,33469071,7
Holly,68130,6
Wattmans,27057768,22
Sadingas,27057768,17
Carson,27057768,16
Wattsman,27057768,11
Geeta,4430611,0
Divakar,4430611,0
Reddy,4430611,8
Madhurima,4430611,8
Barbara,26178713,6
Iturbi,26178713,2
Durante,26178713,3
Mike,26178713,9
Ainsworth,26178713,11
Mohan,7862294,15
Dukhia,7862294,0
Pratap,7862294,24
Haydar,28158384,1
Utsumi,22406095,11
Hanaoka,22406095,18
Yukawa,22406095,12
Ishigami,22406095,23
Delambre,553101,22
Owens,553101,0
Francois,553101,6
Andre,553101,3
Philippe,553101,6
Helene,553101,21
Harriet,12284593,22
Franklin,12284593,22
Albert,12284593,4
Sam,24109118,9
Blair,24109118,3
Valentine,24109118,14
Jonathan,24109118,16
Ransome,24109118,8
Butch,24109118,6
Wallace,24109118,19
Carol,24109118,13
Illam,18004278,7
Bhanumathi,18004278,11
Bhattathiri,18004278,15
Pappu,18004278,7
Kumaran,18004278,3
Varthali,18004278,4
Thampi,18004278,19
Kunjambu,18004278,4
Meenakshi,18004278,0
Cook,24548569,10
Page,24548569,15
Bingle,24548569,14
Feathersword,24548569,4
Dorothy,24548569,3
Waldo,24548569,5
Wally,24548569,3
Roland,24548569,8
Great,24548569,6
Hitler,24051101,1
Yama,24051101,23
Mab,24051101,0
Mussolini,24051101,10
Claudia,20450767,6
Bible,20450767,17
George,20450767,4
Eli,20450767,6
Lombardi,20450767,5
Martha,20450767,4
Spike,9056967,3
Jerry,9056967,3
Baylor,4316412,24
Heather,4316412,2
Barr,4316412,8
Evans,4316412,12
Jimmy,4316412,19
Diana,4316412,21
Isaac,4316412,3
Wong,10822118,3
Fan,10822118,6
Cheh,10822118,19
Ping,10822118,4
Yang,10822118,0
Bliss,20783444,6
Xue,20783444,11
Jianjun,20783444,1
Xiaolei,20783444,18
Xiaohong,20783444,16
Li,20783444,23
Cooper,15644478,0
Beth,15644478,21
Treece,15644478,14
Rich,15644478,17
Carpenter,15644478,23
Wooley,15644478,2
Cooverman,15644478,18
Kevin,15644478,14
Cammy,15644478,23
Denis,15644478,3
Shastri,32170662,5
Sheela,32170662,14
Yadav,32170662,4
Singh,32170662,18
Balbir,32170662,4
Vani,24549683,12
Appu,24549683,21
Sivan,24549683,8
Deepak,24549683,19
Hari,24549683,24
Mammootty,24549683,11
Ernie,145652,20
Hunter,145652,21
Mott,145652,18
Wanley,1613865,3
Heidt,1613865,17
Chinen,1613865,8
Mazard,1613865,1
Lalor,1613865,9
Reed,1613865,6
Requin,25328344,10
Pauline,25328344,22
Maugeri,29178327,15
Carrera,29178327,1
McGrath,23579618,17
Sarah,23579618,20
Agni,2492402,3
Ganpat,2492402,15
Gangu,2492402,18
Sayal,2492402,4
Jane,2958168,23
Paul,2958168,6
Elizabeth,2958168,21
Michelle,2958168,2
McCabe,2958168,20
Marks,2958168,17
Lorraine,2958168,5
Annie,2958168,18
Arijit,36292850,6
Ghosh,36292850,16
R,36292850,0
Akash,36292850,22
Mittra,36292850,5
Nisha,36292850,11
Dutt,36292850,17
Silverman,35154265,1
Jason,35154265,16
Bateman,35154265,16
Spurlock,35154265,1
Bridget,1774803,3
Mark,1774803,3
Darcy,1774803,10
Natasha,1774803,21
Jones,1774803,1
Lara,1774803,24
Daniel,1774803,17
Cleaver,1774803,12
Hussein,1774803,12
Heather,32490842,3
Doug,32490842,4
Jenny,32490842,23
George,32490842,5
Chavez,32490842,4
Colin,32490842,16
Yancey,32490842,0
Barb,32490842,17
Bryan,32490842,23
William,26640913,6
Foley,26640913,17
Juliana,26640913,10
Lomax,26640913,6
Jones,26640913,17
Teresa,26640913,13
Ortega,26640913,10
Decky,26640913,5
Guthrie,101927,1
Rowe,2900798,8
Meredith,2900798,12
Scott,2900798,7
Svevo,2900798,17
Turner,2900798,3
Whitman,2900798,13
Mezzetti,2900798,1
Wilbur,2900798,16
Hannah,2900798,2
Tex,2900798,17
Suzanne,2900798,17
Constantine,2900798,10
Doyle,2900798,18
Jenny,2900798,4
Bludworth,219712,20
Waggner,219712,12
Carter,219712,8
Lewton,219712,10
Browning,219712,0
Alex,219712,3
Rao,13517240,1
Mastan,13517240,11
Harding,846239,15
Emery,846239,20
Peter,846239,2
Cheex,846239,15
Marsh,15461322,12
Jameson,146947,22
Spider-Man,146947,4
Harry,146947,3
Peter,146947,23
Parker,146947,14
Ben,146947,17
McGraw,146947,4
Thompson,146947,17
Jane,146947,21
Osborn,146947,22
Oscorp,146947,17
Watson,146947,2
Starr,16205281,1
Lipscomb,16205281,11
Brenda,16205281,4
Mike,16205281,21
Stewart,4130836,6
Gyeong-heui,3261900,2
Ji-hwan,3261900,21
Su-in,3261900,2
Kumar,21700137,2
Roy,21700137,10
Kyabla,21700137,1
Bobby,21700137,13
Bilap,21700137,5
Sinclair,6557119,1
Dr.,6557119,0
Barakat,6557119,18
Freemont,6557119,20
Seth,6557119,21
Jennifer,213275,6
Buford,213275,17
McFly,213275,16
Clayton,213275,0
Clara,213275,3
Seamus,213275,19
Marty,213275,3
Tannen,213275,7
Brown,213275,0
Doc,213275,3
Russo,28062869,13
Danny,28062869,17
Rocco,28062869,17
Valentine,28062869,14
Ferucci,28062869,17
Siva,25546496,5
King-Prince,25546496,14
Sura,25546496,3
Marthandam,25546496,20
Saraswathi,25546496,19
Simone,2354145,4
Charles,2354145,24
Lytton,2354145,12
Sleigh,2354145,3
Moore,2354145,11
Dreyfus,2354145,3
Clouseau,2354145,4
George,2354145,1
Wass,2354145,9
Shayne,2354145,3
Langlois,2354145,22
Chandra,2354145,6
Durval,2354145,9
Rossi,2354145,15
Matthew,615121,21
Linda,1017172,6
Webb,1017172,6
Martin,1017172,0
Jerry,1017172,6
Kelly,1017172,8
Brown,1017172,19
Helen,1017172,17
Bill,1017172,6
Donovan,1017172,13
Steve,5566319,7
Molly,5566319,2
Wood,5566319,1
Trampas,5566319,14
Juan,1904012,24
Sherry,1904012,16
Carmen,1904012,14
McDonald,1904012,9
Dora,1904012,5
Pepe,1904012,24
Laura,1904012,3
Lolita,1904012,8
Webber,1904012,10
Green,1904012,10
Don,1904012,3
Murray,1904012,0
Wright,1904012,11
Bacha,28215554,20
Morrar,28215554,1
Horn,28215554,21
Kao,3515134,4
Washington,3515134,7
Derek,3515134,7
Finley,2423917,20
Stevens,2423917,17
Charlie,2423917,19
Keats,2423917,9
Halman,2423917,17
Kirby,2423917,4
Libby,2423917,24
Lucy,2886036,15
Bobby,2886036,11
Reese,2886036,2
Cheveaux,2886036,10
Cal,2886036,9
Dennit,2886036,20
Girard,2886036,15
Susan,2886036,6
Washington,2886036,14
Carly,2886036,14
Ricky,2886036,3
Walker,2886036,6
Naughton,2886036,8
Lucius,2886036,9
Clifford,20016282,4
Red,20016282,2
Marsh,20016282,3
Belle,20016282,18
Margaret,20016282,21
Anne,18982622,4
Chandler,3432061,23
Anel,27797576,19
Jos,27797576,21
Herrera,27797576,8
Ulybin,11472208,16
Vasili,11472208,15
Roman,11472208,13
Ataman,11472208,16
Siddharth,24267412,13
Anjali,24267412,14
Singh,24267412,21
Judas,7832768,17
Paul,7832768,6
God,7832768,21
Satan,7832768,14
Iscariot,7832768,22
Nathaniel,7832768,23
Jesus,7832768,21
Magdalene,7832768,13
Martha,7832768,4
Mary,7832768,23
Lazarus,7832768,8
John,7832768,13
Yashoda,35958854,4
Krishna,35958854,4
Al-Kamal,35958854,18
Ameer,35958854,17
Khaleel,35958854,10
Zaina,35958854,22
Alice,18301225,2
Afzal,23968034,10
Raghav,23968034,3
Sameer,23968034,6
Iqbal,23968034,6
Bhai,23968034,2
Jimmy,23968034,6
Preeti,23968034,3
Danger,23968034,0
don,23968034,15
Deshmukh,23968034,12
Kuet,9966281,1
Wui,9966281,15
Aisha,18498744,21
Mehra,18498744,1
Sid,18498744,3
Kabir,18498744,1
Eddy,22474173,24
Jessie,22474173,4
Kathavarayan,19485792,2
Malathy,19485792,16
Manuela,25665895,2
Bernburg,25665895,4
Alvin,22937227,3
Seville,22937227,9
Spears,22937227,9
Jeanette,22937227,6
Brittany,22937227,10
Eleanor,22937227,10
Hawke,22937227,3
Dave,22937227,23
Simon,22937227,6
Richard,3548070,24
Patricia,3548070,6
Mimi-Siku,3548070,14
Steph,3548070,6
Sophie,3548070,19
Indian,3548070,6
Cinna,9023878,24
Nardo,9023878,10
Batiatus,9023878,16
Draba,9023878,10
David,9023878,10
Wilkes,8913555,22
Butler,8913555,8
Katie,8913555,16
Rhett,8913555,14
Scarlett,8913555,3
Hampton-Butler,8913555,16
Mammy,8913555,23
Benteen,8913555,13
Colum,8913555,7
Hiromi,24127744,24
Weisser,24127744,5
Rashmi,11235792,21
Singh,11235792,8
Kishore,11235792,3
Prem,11235792,14
Deewan,11235792,18
Rekha,11235792,3
Bophana,12249235,14
Wolf,779811,20
Louise,779811,7
Jack,779811,1
Joey,779811,9
Phillip,779811,16
Wolf,4579510,10
Alexander,4579510,6
Castle,4579510,2
Jamin,4579510,20
Bogard,4579510,10
Jai,4579510,5
Mai,4579510,17
Yamada,4579510,21
Hauer,4579510,8
Kaphwan,4579510,20
Gaudeamus,4579510,17
Kane,4579510,20
Terry,4579510,3
Higashi,4579510,17
Rue,4579510,14
Sinzan,4579510,24
Blood,4579510,20
Andy,4579510,17
Sulia,4579510,17
Downe,354536,2
Helsing,354536,3
Keys,354536,20
Voormann,354536,0
Frankenstein,354536,6
Price,354536,19
Merlin,354536,17
Moon,354536,23
Badham,354536,23
Bonham,354536,11
Chakram,4864939,2
Sandhya,4864939,8
Vasu,4864939,21
Wolf,4313403,3
Cinderella,4313403,21
Godmother,4313403,22
Ram,11392834,18
Nirmal,11392834,14
Chandu,11392834,15
Chacha,11392834,23
Chander,11392834,3
Mahal,11392834,23
Radha,11392834,3
Manohar,11392834,6
Sullivan,27674928,24
Cleopatra,733657,5
Horsa,733657,17
Caesar,733657,19
Antony,733657,20
Leo,21271533,2
Kitjo,21271533,6
Louise,21271533,2
Lenny,21271533,20
Louis,21271533,17
Lea,21271533,13
Cooper,2888880,11
Pete,2888880,3
Connors,2888880,6
Lanie,2888880,6
Kerrigan,2888880,21
Tommy,2888880,15
Scanlon,2888880,12
Bowie,1191886,9
Williams,1191886,10
King,1191886,23
Kudo,3523982,18
Mina,3523982,13
Dez,3635829,7
Lester,3635829,10
Yugorsky,3635829,17
Nicky,3635829,17
Anzor,3635829,6
Teresa,3635829,3
Gazelle,3635829,11
Perello,3635829,17
Tommy,3635829,17
Joey,3635829,17
Divina,3635829,5
Oleg,3635829,3
Mila,3635829,17
Allenby,5023581,24
Lanfield,5023581,3
Martha,5023581,12
Pierce,5023581,6
Hannah,5023581,11
Carol,5023581,9
Michael,22074076,7
Kelly,22074076,7
Leo,1891348,3
Braun,1891348,12
Darwin,1891348,23
Newton,1891348,9
Ike,1891348,4
Vinci,1891348,9
Sergei,33125317,7
Lotte,33125317,4
Emmi,33125317,14
Weihrauch,33125317,2
Beier,33125317,8
Knowland,7415873,1
Beresford,7415873,1
Danny,32863724,20
Phil,32863724,20
Reid,32863724,18
Hillary,49800,21
Croft,49800,24
Lara,49800,3
Powell,49800,6
West,49800,0
Wilson,49800,7
Bryce,49800,6
James,25482380,21
Kay,25482380,21
Powell,25482380,19
Sally,25482380,3
Woodbury,25482380,15
Davis,25482380,1
Della,13855249,14
Meg,13855249,3
Ellen,13855249,4
Green,13855249,4
Lane,5338254,21
Boone,5338254,9
Whit,5338254,12
Frank,5338254,15
Ben,5338254,11
John,5338254,15
Lunt,6879392,6
Cemile,29358654,21
Carter,14811925,24
Wilford,14811925,16
Hamilton,14811925,5
Robinson,14811925,6
Jansen,790670,13
Devers,790670,4
Ryder,790670,10
Kalgan,790670,6
Maguire,6880509,24
Menzies,6880509,9
Amy,21434674,3
Ellis,21434674,14
Wilkinson,21434674,17
Catherine,21434674,13
Parithi,21434674,4
Nambi,21434674,13
Patrick,2212338,23
Robert,2212338,17
Sarasu,19286343,1
Nathan,19286343,14
Shankar,19286343,23
Kamala,19286343,23
Slyder,15936289,17
Jeremy,15936289,19
Ian,15936289,19
Courtney,15936289,14
Stacie,15936289,6
Barbie,15936289,7
Lydia,15936289,6
Lily,15936289,10
Liana,15936289,3
Alexa,15936289,6
Jason,3537064,17
Medea,3537064,17
Pasolini,3537064,10
Creon,3537064,8
Absyrtus,3537064,15
Korshack,21675573,2
Ames,21675573,18
Vale,21675573,19
Mann,21675573,8
Suzanne,21675573,3
Faulkner,21675573,3
Wiener,21675573,20
Doris,21675573,3
Frankenthal,21675573,6
Gianni,34139896,4
Chandni,4125153,3
Rohit,4125153,3
Lalit,4125153,21
Lamour,3645643,8
Brignon,3645643,8
Jenny,3645643,3
Antoine,3645643,18
Martineau,3645643,0
Poskett,10085500,6
Krazy,34468436,3
Gulliver,6488612,14
Ted,6488612,3
Ricky,6488612,10
Wagner,21437626,16
Paulun,21437626,17
Angelika,21437626,9
Lick,21437626,4
Freddy,26738341,17
Carlos,26738341,23
Jennifer,26738341,3
Michael,26738341,17
Nicole,26738341,17
Alex,26738341,3
Josie,28470255,23
Hill,28470255,5
Allen,28008719,5
Ali,28008719,14
Fanelli,28008719,20
Laxmi,33301193,2
Choudhury,33301193,1
Ravi,33301193,0
Vijay,33301193,1
Stig-Helmer,5408166,6
derberg,5408166,0
Levander,5408166,6
Ohlsson,5408166,23
Olsson,5408166,1
Kumar,20579737,0
Dindayal,20579737,16
Kamla,20579737,6
Suraj,20579737,16
Rao,20579737,5
Sarju,20579737,21
Singh,20579737,14
Ashok,20579737,23
Sophie,19848011,16
Parango,19848011,17
Asmodeus,4426490,17
Susan,4426490,17
Dave,4426490,4
Watermann,4426490,13
Murchison,19998694,18
Scott,19998694,4
Tom,4634549,3
Jerry,4634549,23
Mammy,4634549,3
William,2748481,19
Barbara,2748481,21
McNeil,2748481,1
Bolton,2748481,21
Latimer,2748481,11
O'Hara,2748481,23
Kay,2748481,14
Susan,2748481,6
Jeff,2748481,6
Jack,2748481,6
Phil,2748481,6
Jennie,20909648,6
Monica,20909648,22
Denton,20909648,2
Marlowe,20909648,19
Norman,20909648,18
Jonas,20909648,8
Pierce,20909648,20
Smith,20909648,12
Rina,20909648,22
Winthrop,20909648,10
Nevada,20909648,0
Rowengartner,1811116,2
Fishman,1811116,20
Mary,1811116,13
Jack,1811116,23
Stedman,1811116,0
Helen,25233202,2
Angie,25233202,14
Albert,29735796,16
Prince,29735796,19
Mary,29735796,3
Scialom,34971552,11
Tahar,34971552,14
Christ,34943279,12
Gopi,9268117,6
Rao,9268117,1
Radha,9268117,14
Judge,92715,14
Hitler,92715,1
Byers,92715,0
Haywood,92715,24
Churchill,92715,0
Janning,92715,20
Jr.,92715,22
Rolfe,92715,9
Danny,343404,17
Monty,343404,21
Withnail,343404,6
Jake,343404,24
Baudelaire,343404,12
Marwood,343404,6
Kumar,5870620,6
Sheetal,5870620,17
Roma,5870620,6
Devi,5870620,22
Narang,5870620,23
J.K.,5870620,3
Verma,5870620,10
K.D.,5870620,14
Ravi,5870620,3
Ashwini,5870620,23
Vijay,5870620,3
Gloria,12231869,6
Kevin,12231869,6
Nicky,12231869,24
Romay,10386609,22
Franco,10386609,9
Whittington,1999677,8
Ferguson,1999677,13
Holt,1999677,15
Wolfen,1999677,17
Warren,1999677,17
Veer,1999677,9
Neff,1999677,23
Wilson,1999677,17
Eddie,1999677,17
Krueger,347235,17
Dylan,347235,3
Heather,347235,3
Freddy,347235,1
Englund,347235,9
Craven,347235,6
Julie,347235,3
Nancy,347235,3
Shaye,347235,17
Langenkamp,347235,3
Winkelmann,13983035,3
Tietze,13983035,14
Andr,22330502,6
Valbret,22330502,11
Yvonne,22330502,21
Montell,22330502,23
Cuddy,1530223,6
Emily,1530223,6
Mats,1530223,11
Izzy,1530223,3
Chris,1530223,6
Poule,1530223,7
Beers,1530223,20
Rob,1530223,24
Malcolm,1530223,15
Cole,1530223,20
Hays,23608595,10
Oldfield,23608595,9
Rose,23608595,6
Armstrong,23608595,23
Robbins,23608595,9
Bob,23608595,6
Tongsu,7362564,21
Sangwon,7362564,21
Jason,25447258,6
Cody,25447258,23
O'Neill,25447258,9
Lynch,25447258,14
Parker,25447258,3
Joe,25447258,16
Rifkin,25447258,3
Walker,25447258,6
Rohit,36448673,19
Lubaina,36448673,5
Banerjee,36448673,1
Oleg,13807033,3
Shepilov,13807033,7
Alina,13807033,6
Kostya,13807033,14
Dee,10473518,21
Jo,10473518,15
Vicenzo,12425249,4
Mathilde,12425249,9
Peruggia,12425249,1
Lisa,12425249,19
Ferdie,7114779,16
Matson,7114779,18
Lewis,7114779,22
Jones,7114779,11
Murray,7114779,23
Smith,7114779,23
Chuck,7114779,3
Doc,7114779,6
Gyu,7482708,24
Sook,7482708,11
Yoo,7482708,7
Akiko,14336880,1
Mark,14336880,10
Evo,14336880,3
McNerney,477385,11
Tom,477385,21
Sarah,477385,3
Prentiss,477385,6
Leezak,477385,3
Barbie,15051827,4
Linden,20678499,15
Milick,20678499,11
Judah,26084706,2
Reuben,26084706,12
Benjamin,26084706,4
Joseph,26084706,6
Yahweh,26084706,23
Potiphar,26084706,23
Yerushalmi,26084706,0
Jacob,26084706,20
Bavli,26084706,0
Strasser,57585,17
Rick,57585,6
Laszlo,57585,6
Blaine,57585,20
Nadia,28995043,19
Hassan,28995043,24
Said,28995043,7
Milchrest,3705395,5
Craddock,3705395,18
Stringer,3705395,7
Enderby,3705395,1
Lanskenay,3705395,7
Crossfield,3705395,4
Marple,3705395,23
Sheetal,29752356,2
Mr.,29752356,16
Khanna,29752356,6
Chopra,29752356,18
Bhaiji,29752356,14
Raj,33921745,0
Venkatesh,33921745,14
Meena,33921745,1
Sanghavi,33921745,14
Sweet,3692484,1
Pete,3692484,3
Pedro,3692484,3
Rocafuerte,3692484,9
Buck,3692484,23
Anderson,2695420,6
Marilyn,2695420,24
Oswald,2695420,9
Milo,18156174,24
Williams,18156174,11
Marcuse,18156174,24
Luddu,27031406,18
Haat,27031406,2
Kumar,27137136,9
Bhargavan,27137136,3
Niro,27137136,9
Crystal,27137136,22
Ramis,27137136,12
Santharam,27137136,3
don,27137136,23
Marquet,3383318,15
Jonathan,3383318,16
Meredith,3383318,4
Aken,3383318,9
Dunoir,3383318,23
Sean,3383318,15
Olyphant,3383318,12
Stuart,32424995,12
Drakulya,32424995,10
Jessica,32424995,14
Vlad,32424995,15
Reggie,32424995,16
Angela,32424995,17
Dracula,32424995,16
Helsley,32424995,17
Doc,32424995,17
Janae,32585784,10
Josey,32585784,10
Otto,1338721,5
Orr,1338721,3
Ann,1338721,3
Felicia,1338721,13
Stephen,1338721,3
Lake,1338721,13
Newhouse,1338721,3
Preminger,1338721,17
Steven,1338721,5
Wilson,1338721,8
Natahniel,1338721,4
John,1338721,5
Ringold,17041756,16
Toby,17041756,7
Windchaser,17041756,0
Guilespie,17041756,0
Reel,17041756,23
Elliot,17041756,21
Leo,12532758,21
Marshal,12532758,0
Flynn,12532758,5
Cass,12532758,6
Lodge,12532758,21
Kemnon,12532758,6
Mark,12532758,16
Daphne,12532758,5
Agrippa,12532758,10
Gary,12532758,21
Therin,12532758,14
Drazuul,12532758,2
Joanna,12532758,22
Appu,26808448,19
Sugandhi,26808448,16
Chandikunju,26808448,3
Chiranjeevi,25209676,23
Chiru,25209676,23
Paresh,25209676,5
Manorama,25209676,3
Shastri,25849276,15
Ravishastri,25849276,1
Rao,28403109,7
Balu,28403109,14
Cathy,2482892,21
Jane,2482892,3
Paul,2482892,23
Merrick,1364299,11
Ellis,1364299,1
Jones,1364299,19
O'Brien,1364299,9
Hurley,6685314,24
Shackleton,6685314,11
Ferguson,1210091,20
Darla,1210091,3
Woim,1210091,24
Crabtree,1210091,5
Waldo,1210091,3
Spanky,1210091,6
Butch,1210091,17
Alfalfa,1210091,23
Clair,36474734,10
Emily,36474734,4
Harold,36474734,3
Williams,18065990,19
Fox,2920077,18
Erik,2920077,3
Zanden,2920077,19
Lanshof,2920077,12
Jan,2920077,20
Jacques,2920077,12
Susan,2920077,10
Guus,2920077,6
Rafelli,2920077,16
Esther,2920077,19
Alex,2920077,14
Froost,2920077,21
Wilhelmina,2920077,5
Durston,848218,7
Baker,848218,15
Yackey,848218,7
Al,848218,24
Pete,848218,3
Sandich,848218,3
Dorinda,848218,3
Ted,848218,16
Nelu,31935934,3
Sylvester,15599485,17
Porky,15599485,6
Zarak,35958353,17
Gaea,35958353,3
Junior,35958353,3
Dirgegun,35958353,4
LioJunior,35958353,24
Gigastorm,35958353,8
Bighorn,35958353,17
Galvatron,35958353,6
Hellscream,35958353,17
Magnaboss,35958353,4
Convoy,35958353,3
Girdhar,5995554,24
Natarajan,5995554,4
Bindiya,5995554,4
Meerabai,5995554,1
Neela,5995554,6
Manilal,5995554,1
Mangal,5995554,6
Antoinette,34530005,5
Corday,34530005,12
Marny,34530005,2
Roulade,34530005,20
Moulin,15820119,2
Watkins,14725249,15
Slade,14725249,17
Bey,3494241,17
Gordon,3494241,13
Banning,3494241,17
Isobel,3494241,0
Evans,3494241,5
Hanson,3494241,17
Coroner,3494241,4
Andoheb,3494241,4
Norman,3494241,12
Broder,4790321,17
Yadwiga,4790321,22
Tamara,4790321,2
Masha,4790321,8
Lonzo,5737121,3
Stone,28759732,14
Susan,28759732,13
Queen,31052221,17
Polly,31052221,4
Darwin,31052221,16
Victoria,31052221,5
Bobo,31052221,14
Willock,2297409,10
Talleah,2297409,10
Patterson,2297409,16
Waltz,2297409,11
Yllana,2297409,22
Birch,2297409,15
Alan,2258378,2
Elizabeth,2258378,14
Angelo,2258378,7
Tom,2258378,21
Winters,2258378,6
Carolyn,2258378,6
Donatello,2258378,4
Zaccardi,2258378,3
Wilson,2258378,24
Robert,2258378,3
David,2258378,14
Dorf,5319350,14
Hatem,14503994,21
Choubra,14503994,12
Nour,14503994,15
Cherif,14503994,19
Andrea,311765,6
Bronski,311765,6
Reeves,311765,6
Sol,311765,14
Valestra,311765,19
Bruce,311765,21
Beaumont,311765,24
Batman,311765,6
Wayne,311765,12
Alice,2684050,13
Caetano,2684050,24
Forsyth,16197097,6
Kate,16197097,8
Standish,16197097,6
Petigrew,16197097,1
Helen,16197097,23
Ed,11028867,17
Olson,19861067,15
Malkovich,19861067,11
Harrison,19861067,19
Banks,19861067,11
Polis,19861067,6
Ferrini,19861067,4
Ceaser,34213003,3
Frankenstein,34213003,16
Lucas,34213003,18
Eleanor,5846373,21
Wilfredo,5846373,12
Ram,36544941,6
BHAGWAN,36544941,17
Patel,36544941,13
Bhagwan,36544941,14
Cheol-min,32669119,21
Pims,13263387,6
Stevie,13263387,6
Nancy,13263387,3
Grum,13263387,22
Radha,6635409,16
Tapassu,6635409,5
Gopalam,6635409,11
Roxanne,12009151,17
Myles,12009151,20
Abby,12009151,17
Duncan,12009151,17
Bill,12009151,22
Ely,12009151,12
Clarkson,12009151,12
Morkos,21760237,3
Tom,21760237,17
Scott,21760237,6
Charlie,21760237,23
Wilson,34973258,0
Madhavan,27504477,15
Radha,27504477,2
Anand,27504477,13
Salmah,35708116,23
Arief,35708116,16
Annabela,35708116,8
Thamrin,35708116,11
Hayat,35708116,15
Weller,25619997,1
Brand,25619997,12
Jonah,25619997,3
Hackwith,25619997,22
Erin,25619997,2
Sandra,25619997,0
Lucas,25619997,9
Wade,25619997,8
Sara,25619997,6
McGuigan,4941269,17
Boab,4941269,20
McKidd,4941269,4
McCormack,4941269,8
Gomez,4941269,15
Kafka,4941269,10
Nero,11880818,13
Queti,11880818,21
Susana,11880818,14
Toraya,11880818,23
Riza,11880818,3
Sexilia,11880818,21
Srivastava,13631613,8
Dasgupta,13631613,6
Bimal,13631613,15
Sadoul,13631613,15
Shinichi,29419841,18
Ice,1962219,18
Butcherson,1962219,16
Winifred,1962219,23
Emily,1962219,22
Sarah,1962219,23
Allison,1962219,19
Dave,1962219,21
Jay,1962219,23
Jenny,1962219,21
Binx,1962219,4
Mary,1962219,23
Max,1962219,3
Dennison,1962219,16
Dani,1962219,4
Geoff,8097289,20
Cassandra,8097289,22
Bunnie,8097289,1
Suhani,23139830,14
Aftab,23139830,13
Shippo,2583808,23
Naraku,2583808,24
InuYasha,2583808,3
Kanna,2583808,0
Kagura,2583808,11
Sanjana,5124302,21
Arjun,5124302,3
Sharma,5124302,11
Raghu,5124302,6
Singh,5124302,5
Shekhar,5124302,6
Katie,4562661,8
Ferguson,4562661,24
Boles,4562661,11
Daniels,4562661,3
Rita,4562661,1
Ravenoff,4562661,24
Woolsey,4562661,19
Jim,4562661,8
Stewart,4562661,8
Roberto,4562661,23
Wheeler,4562661,21
Justine,22243471,16
Maria,26825116,23
Wallander,26296281,6
Virgil,17697095,3
Coleman,17697095,9
Dum,5559871,17
Mahesuan,5559871,17
Kumjorn,5559871,17
Goldberg,5559871,17
Herrador,35808039,16
Chema,35808039,2
Teresa,35808039,6
Lara,35808039,17
Martha,35808039,17
Marchioness,35808039,7
Romero,35808039,6
Rafael,35808039,6
Weiner,5938502,0
Sumi,19437242,12
Choudhury,19437242,9
Rajesh,19437242,17
Shila,19437242,14
Ibuki,12393362,21
Sanae,12393362,1
Yoshino,12393362,6
Sunohara,12393362,6
Ushio,12393362,23
Nagisa,12393362,3
Okazaki,12393362,0
Furukawa,12393362,12
Dora,4207542,23
Charlotte,4207542,14
Mortimer,4207542,3
Monica,4207542,4
Jeffries,4207542,24
Edward,4207542,6
Freda,4207542,6
Young,4207542,12
Shannon,4018516,15
Shanti,4984630,21
Siddharth-Shanti,4984630,14
Raju,4984630,12
Murthy,4984630,2
Ahmad,28102992,3
Maulana,28102992,6
Bijli,28102992,9
Alam,28102992,14
Corbin,1204621,8
Pepinot,1204621,6
Mathieu,1204621,6
Querrec,1204621,10
Morhange,1204621,6
Mondain,1204621,17
Katsuie,1975933,9
Genjur,1975933,3
Ohama,1975933,18
Wakasa,1975933,6
Nakanog,1975933,1
Miyagi,1975933,3
Jin,3878318,11
Qi,3878318,15
Patterson,12122902,15
Josh,12122902,0
Davis,12122902,4
Sara,12122902,21
Shirra,302797,10
Chuck,302797,9
Lyle,302797,9
Marty,302797,24
Suraj,20581262,14
Dulari,20581262,13
Bahadur,20581262,14
Kundan,20581262,9
Rekha,20581262,14
Hiralal,20581262,3
Judge,2150739,17
Raj,2150739,13
Rita,2150739,13
Jagga,2150739,2
Frank,6562947,17
Abigail,6562947,12
Moriarty,6562947,12
Marvin,6562947,6
Bill,6562947,12
Debbie,6562947,17
Sleat,31131834,6
McGovern,31131834,17
Thompson,31131834,3
Beryl,31131834,16
Costa,31744787,3
Ravi,31744787,6
Mohini,31744787,13
Takkar,31744787,12
Malhotra,31744787,15
Eckland,2001498,24
Freneau,2001498,17
Houghton,2001498,23
Richard,19885541,6
Abner,19885541,16
Solvie,19885541,7
White,24165847,7
Thaw,24165847,22
Nesbit,24165847,18
Gunn,36492668,12
Danner,36492668,14
Hart,36492668,21
Moses,36492668,23
Marsha,36492668,11
Clements,28173243,24
Michael,28173243,6
McCall,28173243,14
Viola,113449,18
Royce,113449,24
Frank,113449,21
Margaret,113449,23
Edna,113449,3
Wayne,113449,3
Lane,27617888,8
Ford,27617888,18
Dent,27617888,5
Cugat,27617888,15
Bobby,28028248,12
Thomas,28028248,6
Alex,28028248,3
Siva,22332205,14
Shreya,35900773,9
Sam,35900773,10
Shabri,35900773,4
Wiremu,2480103,12
Po,2480103,11
Nui,2480103,0
Doyle,2480103,14
Sarah,2480103,6
O'Brien,2480103,11
Josephine,9260295,21
Wah,9260295,3
Bo,9260295,3
Philip,9260295,6
Miller,2324959,22
Diane,2324959,6
Peters,2324959,16
Joe,2324959,6
Webb,2324959,6
A.J.,25175182,3
George,25175182,3
Russell,25175182,3
Fredricksen,25175182,23
Muntz,25175182,12
Luna,34378954,17
Lancris,1688975,19
Marquis,1688975,6
Sade,1688975,24
Plunkett,4151108,13
Brogan,4151108,18
Suzuki,2632306,0
William,2291440,3
Jennifer,2291440,6
Daniels,2291440,11
Stanton,2291440,19
Nick,2291440,6
Brad,2291440,13
Karen,2291440,3
Ryan,2291440,3
Rudge,19637784,11
Fletcher,19637784,4
Oakes,19637784,5
Beale,19637784,1
Rutter,19637784,15
Peacock,19637784,12
Godber,19637784,4
Godwin,19637784,9
Pal,11740933,11
Majoni,11740933,12
Stern,11740933,20
Krafft,11740933,24
Dinah,25660562,11
Shemesh,25660562,11
Gilah,25660562,7
Heftzibah,25660562,3
Fuxman,25660562,3
Laurel,8008969,12
Ollie,8008969,6
Cucumber,8008969,19
Stan,8008969,3
Hardy,8008969,15
Milka,28649926,13
Hobbes,1151458,17
Azazel,1151458,17
Sam,1151458,23
Milano,1151458,9
Reese,1151458,24
Stanton,1151458,17
Gretta,1151458,4
Jonesy,1151458,17
Aghion,18637511,5
Shawn,8307454,5
LeAnn,8307454,2
Rimes,8307454,19
Carl,8307454,4
Jones,5252749,5
Bujold,5252749,8
Shaw,5252749,9
Barnet,5252749,24
Durant,5252749,15
Lynch,5252749,4
Fiona,858597,3
Jamie,858597,4
Courtney,858597,1
Igor,4556313,13
Berger,4556313,15
Pells,4556313,24
Anthony,4556313,14
Parker,4556313,15
Spandermann,4556313,7
Sally,4556313,3
Barney,4556313,3
Hilda,4556313,2
Mike,4556313,3
Farnsworth,3066864,5
Germaine,3066864,5
Jared,3066864,6
Max,3066864,21
Alex,3066864,3
Amy,19366458,3
Enker,19366458,24
Tanya,19366458,24
Robert,19366458,9
Sonny,103033,13
Sutton,103033,23
Webster,103033,23
Warshowsky,103033,11
Stapp,26458140,10
Webb,26458140,9
M.,26458140,7
Sheeba,10640608,8
Rajni,10640608,21
Singh,26298466,17
Ekam,26298466,3
Yuen,16915757,13
Yan,16915757,4
Dong,16915757,21
Singh,8093849,3
Franco,28258599,21
Dianne,28258599,3
Joan,32883668,16
Jane,32883668,16
Cooper,32883668,15
Falls,32883668,4
Pike,32883668,20
Anderson,32883668,21
Harrington,32883668,6
Forsythe,32883668,3
Zamunda,54540,23
Aoleon,54540,3
Joffer,54540,14
Darrell,54540,1
Semmi,54540,19
Aeoleon,54540,5
Akeem,54540,2
Izzi,54540,16
Imani,54540,14
Lisa,54540,21
Laura,1684124,19
Pennington,1684124,22
Bradford,1684124,20
Young,1684124,23
Minnett,1684124,12
Orin,3324212,6
Spectra,3324212,20
Brian,3324212,6
Krys,3324212,10
Annetta,23242236,17
Minton,23242236,5
Eddie,23242236,21
Doreen,23242236,4
Carol,23242236,4
Jasper,4625149,23
Beekman,4625149,0
Elaine,4625149,9
Tobey,4625149,3
Rebecca,4625149,20
Archie,192461,21
Saddam,192461,14
Vig,192461,22
Wogeman,192461,0
Bush,192461,0
Gates,192461,17
Daitch,192461,12
d,192461,12
Barlow,192461,17
Cruz,192461,1
Adriana,192461,2
Conrad,192461,22
Troy,192461,17
Diago,35016696,20
Lidoub,35016696,24
Vette,1017650,20
Dean,1017650,1
Paine,1017650,18
President,1017650,17
Pete,1017650,10
Viterbo,1017650,14
Boch,1017650,0
Frankenstein,1017650,15
Annie,1017650,17
Bruce,1017650,18
Sharon,13667132,16
Sarge,13667132,3
Joey,32529107,21
Juan,19253013,16
Rosa,19253013,21
Margarita,19253013,21
Azucena,19253013,21
Jackson,8288693,2
Steele,8288693,15
Patterson,8288693,1
Grayson,8288693,16
Crosby,8288693,6
Pooja,11961005,6
Swami,11961005,21
Radha,11961005,21
Anand,11961005,21
Templeton,5884882,6
Shelby,15301003,3
Joel,15301003,3
Ezra,15301003,0
Dylan,15301003,3
Grant,1443103,6
Dolworth,1443103,0
Raza,1443103,20
Maria,1443103,4
Fardan,1443103,23
Villa,1443103,22
Ehrengard,1443103,1
Sharp,1443103,11
Conchita,1443103,7
Kozinski,576204,20
Vince,576204,9
Edie,576204,14
Maria,576204,23
Tom,576204,5
Tish,576204,13
Phil,576204,16
Hardy,576204,12
Lauda,35460624,15
Hunt,35460624,21
Denis,27722004,16
Marta,3654231,6
Anita,3654231,3
Piero,3654231,3
Riccardo,3654231,6
Vittoria,3654231,3
Serking,4822799,3
Cass,4822799,4
Gordon,7764230,21
Jessica,7764230,6
Smith,7764230,3
Wexmire,7764230,15
Beauty,7764230,11
Jack,7764230,5
Molly,7764230,6
Manly,7764230,17
Joe,7764230,3
Ginger,7764230,14
Park,7764230,8
Green,7764230,23
Barker,7764230,6
Thoroughgood,7764230,3
George,444061,8
Braden,444061,10
Spanky,19400692,13
Marrettie,12424219,11
Wilson,12424219,5
Stel,12424219,9
Ottar,3940904,11
Thor,3940904,6
Barve,2506530,5
Bave,2506530,5
Adi,2506530,7
Master,2506530,17
Panna,2506530,21
Patel,2506530,9
Gulzar,2506530,12
Gadre,2506530,10
Lane,407628,8
Superman,407628,4
Kent,407628,4
White,407628,6
Luthor,407628,4
Lacy,407628,4
Lara,407628,19
Lois,407628,21
Warfield,407628,9
Raja,8974603,6
Matthew,8974603,4
Johnny,8974603,9
Naidu,8974603,13
Malathi,8974603,21
Lawrence,8974603,15
Shravya,8974603,16
Rajesh,8974603,6
Selva,8974603,21
Sole,230481,22
Cooper,230481,16
Ramirez,230481,2
Dillon,230481,6
Anna,230481,24
Schaefer,230481,24
Hawkins,230481,4
Benny,34394367,3
Anderson,34394367,24
Mary,34394367,17
Kristy,25466355,3
James,25466355,21
Gower,4380748,10
Wymark,4380748,3
Sam,733927,6
Ford,733927,4
Daniels,733927,16
Betsy,733927,4
Schuler,733927,1
Robby,733927,24
Jimbo,733927,23
McClintock,733927,20
Motaba,733927,19
Keough,733927,2
Scott,733927,21
Hardin,15974702,11
Tracy,15974702,17
Tuttle,15974702,13
Catherine,15974702,9
Katie,4639222,6
Enslin,4639222,3
Olin,4639222,6
Lily,4639222,3
Kitano,748895,11
Takahashi,748895,17
Murakawa,748895,3
Slater,1336564,19
Orton,1336564,10
Nessen,13383298,19
Marhaban,13383298,8
Ray,7803049,17
Travers,7803049,9
Louise,7803049,3
Easton,7803049,0
Marty,7803049,13
Preston,7803049,3
Judd,7803049,3
Ganesh,9948022,21
Muniyaandi,9948022,18
Nonno,34288815,0
Bambino,34288815,14
Czaban,8908715,13
Lysander,8908715,11
McTavish,6030973,3
Jackson,6030973,17
Genet,6030973,17
Harry,6030973,3
Clark,6030973,12
Banks,6030973,22
Mizzy,6030973,14
Tyrone,6030973,17
Thompson,1873017,12
Bertha,1873017,24
Shelly,1873017,0
Clark,19351229,10
McCullough,19351229,10
Walcott,1231877,14
Lawrence,1231877,1
Adams,1231877,21
Roman,1231877,16
Fisher,1231877,3
Mendelson,1231877,1
Larry,1231877,21
Carin,1231877,2
Schiff,1231877,12
Bleakie,8924330,19
Fertig,8924330,17
Amiel,1798744,4
Rogan,1798744,21
Jallak,1798744,4
Baramunda,1798744,3
Woods,1798744,11
Amarinth,1798744,13
Baramanda,1798744,0
Steel,24646309,20
Zorillo,24646309,4
Huey,7094159,7
Louie,7094159,7
Dewey,7094159,7
Fox,34552669,8
Namikaze,34552669,24
Konoha,34552669,14
Uzumaki,34552669,11
Ross,1064199,23
Marion,1064199,6
Toni,1064199,6
Chris,1064199,13
Annick,1064199,10
Miriam,26546192,10
Brennan,26546192,9
Linda,26546192,21
Clair,26546192,21
Chenoweth,26546192,9
Ralph,26546192,6
Coyle,26546192,11
Gus,26546192,8
Buerlein,26546192,3
O'Brien,26546192,10
Sardar,10572944,21
Shankar,10572944,21
Kamla,10572944,18
Rajpal,10572944,7
Meena,10572944,15
Anita,11804101,9
Sarah,11804101,11
Bernstein,11804101,8
Robert,11804101,10
Lipinsky,11804101,21
Tom,13161598,23
Jerry,13161598,23
Pran,14537381,24
Thuwachit,14537381,4
Opapatika,14537381,12
Sadok,14537381,12
Tadzio,4835940,17
Visconti,4835940,7
Mahler,4835940,12
Aschenbach,4835940,21
Eriksson,2560398,13
Beck,2560398,3
Marja,2560398,20
Shemp,14615341,2
Lloyd,14615341,0
Moe,14615341,6
Larry,14615341,6
Claude,14615341,6
Weishaupt,18733273,0
Saitz,18733273,14
Justin,12713722,6
Moriati,12713722,9
Julie,12713722,19
Charlie,12713722,3
Francis,12713722,6
Eddie,12713722,3
Hector,12713722,13
Xiaojiang,15094348,6
Osamu,15094348,6
Masao,15094348,22
Shunzi,15094348,4
Ida,15094348,6
Yuriko,15094348,10
Tianxiang,15094348,12
Tang,15094348,21
Shuyun,15094348,17
Kadokawa,15094348,6
Rabe,15094348,16
Xiaodouzi,15094348,4
Vautrin,15094348,19
Jianxiong,15094348,10
Andrews,14837619,21
Jane,14837619,19
Cleo,14837619,21
Garner,8910297,11
Oetsch,5703032,21
Vogelschrey,5703032,15
Peter,5703032,17
Baroness,5703032,21
Safferst,5703032,17
Baron,5703032,8
Father,5703032,23
Faramund,5703032,8
Oka,491248,21
zaki,491248,4
Munakata,491248,6
Chesney,24194295,13
Lesedi,24194295,3
Cilla,24194295,3
Kirk,24194295,22
Webster,24194295,10
Brown,24194295,15
Stape,24194295,11
Alex,24194295,6
Harper,9386023,22
Peggy,9386023,14
Sandra,9386023,14
Jack,9386023,20
Sid,9386023,12
Watson,9386023,24
Wynant,24644996,0
Sakhi,36430069,14
Vadhu,36430069,1
Varun,36430069,23
Swami,36430069,24
Padmini,36430069,2
Anand,36430069,21
Cavalli,3645528,21
Wanda,3645528,3
Lily,25772675,7
Jude,25772675,12
Michael,25772675,15
Shelly,25772675,2
Debbie,8413939,10
Ben,26315574,3
Madec,26315574,3
Angermann,14066515,12
Erika,14066515,3
Brikett,14066515,0
Hugo,14066515,21
Edwards,14066515,5
Graubachs,14066515,13
Erica,14066515,13
Lori,14066515,22
Graubach,14066515,23
Upendra,33923731,24
Rai,33923731,5
Mohan,33923731,16
don,33923731,14
Patty,169988,11
Lucy,169988,6
Pelt,169988,19
Franklin,169988,5
Snoopy,169988,3
Marcie,169988,3
Linus,169988,17
Brown,169988,3
Vickie,28362983,17
Melendez,28362983,10
Fletcher,28362983,9
Nick,28362983,3
Sinclair,28362983,1
Marino,28362983,24
Prago,28362983,16
Scott,28362983,17
Sullivan,3123893,6
Collin,3123893,17
Christy,3123893,14
Luther,3123893,15
Frank,3123893,6
Richmond,3123893,17
Kate,3123893,3
Russell,3123893,9
Burton,3123893,17
Whitney,3123893,3
Hyde,2490751,18
Charles,2490751,9
Hunter,2490751,0
Jekyll,2490751,4
Lanyon,2490751,13
Poole,2490751,0
Hargrove,4032134,17
Edwards,4032134,8
Katrina,4032134,6
Medford,4032134,1
Barrett,4032134,0
Matt,4032134,6
Jacinto,4032134,15
Gavin,4032134,2
Patrice,4032134,17
Henderson,4032134,4
Corelli,4032134,3
Vesko,4032134,11
Murugesan,5904996,14
Thankam,5904996,10
Kathir,5904996,19
Meenakshi,5904996,10
Santi,12614703,19
Carlos,12614703,17
Diana,12614703,23
Lennon,12614703,11
Daphne,11115743,14
Charlie,11115743,3
Riggs,10701274,11
Jessica,10701274,14
Blake,12006635,6
Underwood,12006635,14
Maybelle,12006635,6
Kay,12006635,6
Joe,12006635,23
Russell,12006635,6
Hicks,12006635,6
Androzzi,76345,6
Marcy,76345,4
Buford,76345,6
Jonas,76345,4
Craig,5018435,19
Hathaway,5018435,17
Bozo,5018435,20
Judy,5018435,13
Bob,5018435,4
Ames,4518130,16
Latigo,4518130,23
Smith,4518130,12
Morgan,4518130,11
Barton,4518130,0
Kumar,10871400,7
Madhu,10871400,13
Gayetri,10871400,2
Krishna,10871400,3
Narayan,10871400,0
Dhaba,10871400,20
Govind,10871400,19
Bakshi,10871400,0
Anand,10871400,21
Gulager,35071703,11
Vic,35071703,21
Ross,26286352,10
Reynolds,26286352,11
Breakston,26286352,0
Phillips,26286352,9
Hope,3422774,16
Roche,3422774,10
Ray,3422774,16
Walken,3422774,9
Vincent,3422774,15
Connick,3422774,22
Bernice,7111027,21
Freddy,7111027,3
Trudy,7111027,16
Epner,7111027,19
Frank,7111027,24
Ben,7111027,8
McQueen,7111027,24
Dylan,7471088,3
William,7471088,21
Vera,7471088,4
Macnamara,7471088,17
Thomas,7471088,9
Killick,7471088,24
Caitlin,7471088,19
Phillips,7471088,10
Janet,29609038,16
Sudhi,29609038,12
Riya,29609038,16
Disney,36724342,1
Poppins,36724342,13
Banks,36724342,7
Eileen,26205476,13
Harper,26205476,2
O'Brien,26205476,12
Pratt,6752032,20
Tuttle,6752032,18
Kelly,6752032,9
Lewis,6752032,4
Cork,6752032,16
Gary,6752032,21
Marty,6752032,16
Ted,6752032,23
Chris,6752032,6
Daniel,413207,10
Lilly,413207,9
milien,413207,0
Guy,1343517,3
Malyon,1343517,12
Gilda,1343517,14
Bess,1343517,13
Bietrich,1343517,10
Franco,1343517,8
Mia,1343517,21
Amy,13078782,2
Whitman,13078782,5
Tolliver,13078782,2
David,13078782,1
Sif,35487517,17
Lingfei,35487517,14
Thor,35487517,3
Odin,35487517,11
Hel,35487517,17
Aegir,35487517,23
Freyja,35487517,14
Vali,35487517,4
Fenris,35487517,3
Ulfrich,35487517,4
Baldur,35487517,3
Sam,3412583,21
Tony,3412583,20
Astorbilt,1705316,14
Jones,1705316,16
Taylor,5098517,3
Stansfield,5098517,17
Tom,5098517,21
Audrey,5098517,21
T.J.,5098517,6
Hans,5098517,1
Lisa,5098517,21
Stoney,2274481,3
Steve,2274481,3
Warren,2274481,16
Saes,2274481,12
Jenny,2274481,3
Dave,2274481,3
Tanada,27736491,5
Yamagiwa,27736491,23
Morozumi,27736491,18
Todoroki,27736491,20
Niimi,27736491,3
Got,27736491,5
Mashiko,27736491,3
Tomizawa,27736491,23
Okanaka,27736491,20
Iio,27736491,3
Kanjar,21755178,17
Lanterns,21755178,12
Sinestro,21755178,18
Jordan,21755178,3
Ferris,21755178,19
Kilowog,21755178,24
Boodikka,21755178,24
Ollie,8009315,3
Long,8009315,23
Stan,8009315,13
Butch,8009315,4
Sai,26509668,18
Hyde,24655985,2
Jekyll,24655985,13
Alice,6480179,3
Joe,32872969,4
Boop,7192628,23
Fleischer,7192628,13
Amy,9357890,2
Kei,9357890,13
Fong,9357890,16
Philo,9357890,14
Lo,9357890,8
Jack,9357890,0
Ming,9357890,3
Kristi,9357890,14
Earl,7847214,16
Loretta,7847214,24
Lynn,7847214,1
Michel,7195808,14
Lola,7195808,13
Frankie,7195808,0
Cassard,7195808,23
Roland,7195808,1
Aldo,19248582,14
Turner,19248582,14
Hecht,19248582,4
Chitterlow,16198979,17
Kipps,16198979,13
Ann,16198979,13
Shalford,16198979,7
Coote,16198979,12
Walshingham,16198979,21
Pornick,16198979,13
Wilding,16198979,14
Claudia,1213319,10
Parker,1213319,7
Wilson,1213319,4
Brenneman,19025284,11
Chrysty,19025284,21
Alley,19025284,15
Ashlow,7028314,8
Brittingham-Brett,7028314,9
Nelson,1570532,10
Thompson,1570532,21
Venus,8029549,23
Suave,8029549,13
Marte,8029549,16
Sen,15808758,19
Karthik,15808758,7
Vik,15808758,3
Subuddhi,15808758,14
Kartik,15808758,1
Begum,15808758,13
Nondy,15808758,13
Bhootnath,15808758,22
Malik,101555,24
Zijah,101555,16
Williams,8747643,14
Sally,8747643,17
Chester,8747643,16
Blake,2492165,15
Beau,2492165,3
Daly,2492165,15
Burroughs,2492165,0
Earl,2492165,13
Sarah,2492165,5
Scott,2492165,15
Jeff,2492165,6
Huttinger,2492165,3
Robinson,2492165,12
Katharine,2492165,2
Jocelyn,2492165,3
Annie,2492165,2
Gena,7617771,15
Shaitanych,7617771,17
Hottabych,7617771,10
Annie,7617771,5
Jobert,33987050,23
Melo,33987050,18
Regan,9230965,21
Vega,9230965,9
Estrada,9230965,1
Stark,11795259,11
Kate,11795259,18
Caan,11854011,5
K.,30607289,12
Allison,14445050,20
Cohen,27568194,7
Butler,27568194,15
Carwell,27568194,23
Benjie,27568194,20
Bell,27568194,10
Weber,21637956,23
DeSilva,21637956,7
Hatch,21637956,1
Lambert,21637956,6
Ousseini,35014381,17
Zinder,35014381,5
Shambu,19609512,14
Shanti,19609512,20
Tulsi,19609512,3
Chai,6056195,16
Mioko,6056195,23
Fu,6056195,12
Lawdale,8759169,18
Randy,8759169,17
Susan,8759169,21
Pete,8759169,10
Betty,8759169,22
Jack,8759169,3
Stephanie,8759169,3
Leslie,8759169,12
Grant,17469575,7
Boheng,17469575,15
Rong,17469575,5
Luo,17469575,11
Cuifen,17469575,24
Sun,17469575,24
Zhaoling,17469575,21
Mytyl,4597981,13
Berlingot,4597981,13
Tyltyl,4597981,23
Khosro,34979422,23
Jam,34979422,16
Paziresh,34979422,21
Tara,19317198,3
Chand,19317198,21
Rajni,19317198,10
Chanchalabai,32815923,20
Saralabai,32815923,12
Berde,32815923,1
Khote,32815923,21
Dilip,32815923,13
Vijay,32815923,13
Joseph,33232280,14
Kennedy,17594472,0
Lifton,17594472,9
Oswald,17594472,4
Mickey,19758193,6
Momoko,652445,3
Tasza,652445,6
Adolf,652445,3
Amon,652445,6
Elsa,652445,3
Ada,652445,4
Jackie,652445,3
Crichton,30241628,10
Ashley,30241628,4
Mustang,30241628,5
Elric,30241628,24
Julia,30241628,3
Hawkeye,30241628,4
Voyager,30241628,9
Hughes,10393442,9
Evans,10393442,23
Fritz,10393442,23
Margaret,10393442,3
Foster,10393442,9
Kennedy,10393442,12
Long,10393442,1
O'Neill,10393442,6
David,10393442,17
Claire,10393442,6
Boyd,10393442,20
Morgan,10393442,16
Phil,10393442,17
Rolfe,10393442,9
Savitri,9272916,6
Arivu,9272916,21
Arivazhagan,9272916,23
Kishore,9272916,23
Nisha,9272916,11
Roy,24199729,24
Becky,24199729,12
Hayley,24199729,23
Baldwin,24199729,0
Zoe,326124,8
Vep,326124,1
Darlene,7986093,22
Wendell,7986093,13
Francis,7986093,3
David,7986093,3
Diane,924799,3
Brooks,924799,6
Nick,924799,6
Sterling,924799,6
Hendrickson,924799,14
Szalinski,924799,6
Amy,924799,16
Adam,924799,23
Wheeler,924799,18
Park,924799,6
Mar,924799,11
Wayne,924799,17
Wyatt,9337481,0
Findley,9337481,0
Lamont,9337481,16
Lily,9337481,16
Goldberg,9337481,19
Ede,9337481,6
Rodriguez,1102966,3
Gordon,1102966,15
Gloria,1102966,3
Rapallo,1102966,17
Elya,8900180,19
Thomas,8900180,5
Matson,8900180,18
Loren,8900180,15
Jarrett,8900180,5
Diane,2199333,3
Wilton,2199333,23
Vance,2199333,23
Catherine,2199333,6
Charles,2199333,17
Frank,2199333,3
Barrett,2199333,16
Jessup,2199333,24
Mary,2199333,6
Tremayne,2199333,3
Bill,2199333,14
Lai,10815301,10
Fong,10815301,6
Juin,193882,9
Michele,193882,4
Cesira,193882,21
Zeppe,31843968,10
Simeon,31843968,0
Zoe,31843968,4
Horty,31843968,6
Marie,31843968,3
Wolfe,23766228,21
Cody,7556999,13
Donkegin,7556999,23
Arthur,18906393,6
Ashton,18906393,14
Gibson,18906393,4
Sid,18906393,6
Bonko,18906393,2
Sheldon,26616407,17
Francesca,26616407,6
Mishima,1068884,21
Jin-seong,11584574,10
Bee,3175826,12
Jeff,3175826,15
Sooze,3175826,11
Stefanos,17389056,17
Jason,21062404,2
Marcus,4385123,17
Esquire,4385123,3
Tondie,4385123,10
Teddy,4385123,3
Rashad,4385123,3
George,4385123,16
Erin,4385123,6
Garnett,4385123,6
Vicky,26014758,15
Sanjana,26014758,20
Sellers,10330008,16
Morley,10330008,9
Armaan,26655950,21
Sakina,26655950,6
Arif,26655950,2
Ali,26655950,14
Muskaan,26655950,6
Bean,3389311,16
McKinney,3389311,22
Heather,17845260,6
Jason,17845260,9
Mark,17845260,21
Andi,17845260,21
Carol,17845260,13
Lois,17845260,1
Dave,17845260,3
Scudder,17845260,18
Bruce,17845260,21
Terrier,17845260,23
Bernie,17845260,6
Laura,4130795,17
Ollie,4130795,17
Matson,4130795,2
Thorsen,4130795,9
Wheeler,4130795,18
Seton,4807263,1
Carroll,4807263,15
Arthur,1135295,23
Kathy,1135295,3
Kalina,1135295,4
Kriticos,1135295,24
Oretzia,1135295,14
Bobby,1135295,3
Maggie,1135295,6
Rafkin,1135295,12
Moss,1135295,22
Jean,1135295,22
Archer,28786220,9
Harry,28786220,6
Loeb,28786220,13
Honey,28786220,17
Parker,28786220,5
Charlie,28786220,19
Nancy,28786220,21
Denby,28786220,17
Hamilton,28786220,9
Cobb,28786220,8
Mike,2460231,3
Sulley,2460231,6
Jean-Michel,14536762,3
Henri,14536762,23
Carolyn,14536762,17
Victoria,14536762,3
Lizhong,22604307,11
Miao,22604307,7
Shen,22604307,19
Gu,22604307,16
Yufeng,22604307,22
Jin,22604307,5
Lee,22604307,19
Azad,6589725,6
Tasco,6589725,9
Zacharia,6589725,18
Matt,9263475,12
Montgomery,18915082,16
Pitterson,18915082,8
Stone,18915082,21
Reece,1924191,4
Fraser,1924191,15
Fred,18562775,7
Axel,18562775,20
Jarvis,18562775,3
Patricia,18562775,13
Johnson,18562775,22
Brenda,18562775,24
Blackwell,18562775,21
Frentrup,35009216,15
Tonelli,35009216,4
Mimi,35009216,23
Cassie,35009216,21
Patty,21733496,3
Jennifer,21733496,17
Krista,21733496,3
Steve,21733496,17
Doug,21733496,20
Melinda,21733496,3
Jack,21733496,6
Denise,21733496,6
Bogard,4402116,0
Kane,4402116,18
Geese,4402116,3
Terry,4402116,3
Howard,4402116,5
Higashi,4402116,18
McGuire,4402116,19
Meyer,4402116,7
Rue,4402116,17
Lily,4402116,1
Tung,4402116,17
Andy,4402116,24
Ostroff,28352747,19
Walling,28352747,12
Anderson,19828357,17
Garland,19828357,8
Fairbanks,73371,22
B,8960868,2
McCoy,8960868,2
B.,8960868,7
Cathy,670445,14
Clint,670445,22
Reno,670445,20
Brett,670445,21
Vance,670445,1
Potkin,1346601,4
Janis,1346601,16
B.A.,1346601,4
Beck,1346601,2
Stuydevant,1346601,22
Warlock,1346601,14
Polyakov,1346601,14
Yorgi,1346601,17
Kosnov,1346601,23
Erika,1346601,17
O'Neal,1346601,11
Rone,1346601,6
Bresnavitch,1346601,14
Ward,1346601,6
Kitai,1346601,3
Amy,12082059,6
Cooper,12082059,11
Allen,12082059,9
Cornell,12082059,6
Hobart,12082059,6
Karlson,12082059,7
Dracula,8749213,11
Liao,3299612,10
Blackwood,3299612,8
Mickey,33786174,3
Mouse,33786174,14
Manstein,29275321,20
Kishore,6954675,12
Vijay,6954675,12
Pong,5157781,14
Pepe,6871187,3
Mellao,6871187,3
Roque,6871187,3
Tonia,6871187,21
Manuel,6871187,13
Shanshan,10147226,2
Minwei,10147226,11
Rosie,31417443,7
Gabby,31417443,21
Hector,31417443,1
Angel,31417443,3
Randy,23775053,21
Julian,23775053,13
Ricky,23775053,6
Lahey,23775053,3
Giovanna,11783858,6
Antonio,11783858,4
Claudia,6093047,3
Maureen,6093047,21
Ipsita,6093047,3
Martha,6093047,20
Pierre,6093047,1
Superior,6093047,19
Chakraverti,6093047,18
lise,21487398,23
Mouche,21487398,15
Cook,22562616,1
DeSanto,22562616,14
Spencer,22562616,15
Kimo,22562616,24
Emily,22562616,19
Dixon,22562616,18
Angela,22562616,2
Mike,22562616,3
Herod,17955165,6
Anita,37478048,21
Verma,37478048,0
Asha,37478048,21
Sutra,37478048,16
Anand,37478048,6
Krishna,24611221,15
Bhoomi,24611221,12
Prasad,24611221,23
Krish,24611221,3
Jane,7885996,2
Halloran,7885996,10
Hurley,7885996,2
Conlon,7885996,16
Butch,30173996,23
Davis,30173996,4
Blake,3834822,21
Grimes,3834822,4
Frank,3834822,18
Mendez,3834822,9
Doris,3834822,21
Russell,3834822,3
Favor,3834822,12
Daffy,13846179,3
Fudd,13846179,10
Elmer,13846179,3
Holmes,23934336,14
Morstan,23934336,6
Sholto,23934336,6
Theodore,23934336,23
Bartholomew,23934336,23
Small,23934336,17
Mary,23934336,13
Watson,23934336,14
Connelly,24784632,9
Bubba,26351240,14
Dietrich,54166,3
Belloq,54166,0
Ravenwood,54166,19
Marion,54166,23
Brody,54166,11
Nazis,54166,17
Julie,11390255,23
Karl,11390255,6
Nabel,4198757,4
Cindy,4198757,6
Saggs,4198757,6
Keller,4198757,22
John,4198757,6
Lucy,4500088,19
Sadie,4500088,2
Long,4500088,0
Stanton,4500088,9
Burden,4500088,0
Stark,4500088,21
Anne,4500088,19
Beatrice,3550033,20
Dorrie,3550033,16
Patricia,3550033,16
Walker,3550033,12
Paul,14261811,6
Marcel,14261811,21
Rodolphe,14261811,6
Musette,14261811,7
Mimi,14261811,21
Colline,14261811,0
Bernard,14261811,5
Crawley,22449964,5
Louella,22449964,19
Blakey,22449964,6
Goddard,22449964,8
Stanfield,22449964,3
Benji,22449964,3
Chaplin,6845557,22
Maggie,6845557,22
Ayres,6845557,13
Tully,6845557,24
Fane,25532589,18
Michael,25532589,12
Prentiss,25532589,1
Akram,4277910,1
Laila,4277910,24
Prince,4277910,1
Arjun,4277910,9
Singh,4277910,1
Cassandra,3162951,24
Calamari,3162951,0
McCann,3162951,22
Eldridge,3162951,10
Raymond,3162951,14
Tracy,9727542,11
Lewis,9727542,10
Pete,9727542,12
Jimmie,9727542,11
Nitya,18431691,14
Bakra,18431691,24
Douglas,5877719,15
Jenkins,5877719,11
J.J.,5877719,6
Juanita,5877719,7
Dahlia,5877719,6
Mike,5877719,6
Rob,5877719,6
Renzong,33790053,18
Zongbao,33790053,22
Sam,35874076,23
Marko,35874076,22
Mills,35874076,20
Kim,35874076,3
Jamie,35874076,1
Murad,35874076,17
Lenore,35874076,4
Bryan,35874076,3
Daffy,15642630,3
Porky,15642630,3
Bovver,2405253,3
Cockney,2405253,3
Hatcher,2405253,21
Buckner,2405253,2
Pete,2405253,23
Steve,2405253,3
Matt,2405253,3
Dunham,2405253,23
Grin,2405253,15
Holden,2405253,17
Bell,2405253,6
George,3077660,21
Gibbons,3077660,24
Cheryl,3077660,1
Dupler,3077660,0
Hastings,25689802,21
Cartwright,25689802,9
Poirot,25689802,22
Eastman,25689802,23
Roberta,9551895,21
Perks,9551895,22
Peter,9551895,21
Szczepansky,9551895,4
Jim,9551895,19
Phylllis,9551895,21
Bobbie,9551895,16
Mother,9551895,0
Cleopatra,6306820,3
Pothinos,6306820,12
Apollodorus,6306820,6
Octavian,6306820,2
Brutus,6306820,23
Ptolemy,6306820,15
Caesar,6306820,20
Antony,6306820,6
Herod,6306820,17
Bhagvanti,11254779,1
Shankar,11254779,1
Shyam,11254779,14
Navrangi,11254779,1
Govind,11254779,2
Lal,11254779,14
Parvati,11254779,8
Radha,11254779,6
Ann,19360297,13
Chubby,19360297,23
Doherty,33157118,2
Kelly,33157118,13
Vance,33157118,15
Cory,5501399,3
Caldwell,5501399,10
Wyncott,5501399,1
Abby,5501399,16
Reno,5501399,24
Vollard,5501399,9
Alex,5501399,16
Domingo,32559307,1
Rainier,32559307,7
Jocelyn,32559307,7
Bingbong,32559307,7
Marlow,29243068,14
Seema,7906976,22
Reddy,7906976,1
Sastri,7906976,2
Valerie,1094672,13
Henniker,1094672,6
Carrington,1094672,6
Owen,1094672,6
Cross,1094672,11
Graham,1094672,6
Matteo,35663798,3
Shary,35663798,13
Leonard,35663798,22
Francesca,35663798,17
Elena,35663798,8
David,35663798,3
Johnson,32009821,20
Stephens,32009821,21
Blodgett,18584922,18
Kay,18584922,3
Chopin,18584922,24
Kerrigan,18584922,8
Jean,18584922,6
II,18584922,8
Faulkner,18584922,17
Livingstone,18584922,12
Wye,18584922,9
Bruhm,18584922,17
Blackton,18584922,5
Johnson,18584922,7
Sam,18584922,3
Holden,18584922,13
Dylan,2931524,16
Kal,2931524,6
Merlin,2931524,7
Luke,2931524,23
Gwen,2931524,13
Marnie,2931524,20
Gort,2931524,12
Sophie,2931524,23
Alex,2931524,23
Davids,35013030,17
Bucks,35013030,0
Varadharajan,5349098,13
Trisha,5349098,0
Vasu,5349098,21
Ekaterina,17418486,12
Schneer,17418486,13
Kornreich,17418486,1
Owen,17418486,3
Bianski,13779507,2
Bottino,13779507,24
Costa,13779507,19
Jake,13779507,6
Marisa,13779507,12
Tempesti,13779507,14
Mark,6609513,3
Joey,6609513,6
Giallo,15708657,17
Linda,15708657,3
Celine,15708657,5
Avolfi,15708657,23
Alegr,6139849,11
Arcibel,6139849,16
Pablo,6139849,3
Palacios,6139849,2
Abalorio,6139849,20
Rosalinda,6139849,19
Lucky,2511602,3
Parkus,2511602,21
Charisse,2511602,13
Mark,2511602,4
Calloway,2511602,2
Rodney,2511602,24
Jake,2511602,21
Dolittle,2511602,3
Lisa,2511602,6
Litvak,2511602,9
Blaine,2511602,19
John,2511602,3
Street,25452802,9
Junior,25452802,15
Choi,25452802,9
Kin,25452802,5
Ha,25452802,16
Clementi,3824690,19
Miller,3824690,16
Goodwin,3824690,4
Spud,3824690,21
Allen,3824690,18
Ysobel,3824690,13
Gracie,3824690,14
ask,3824690,9
Gordoni,3824690,23
Burns,3824690,13
Hanayagi,3596717,11
Otoku,3596717,18
Onoe,3596717,18
Greenberg,7010510,10
Hantz,7010510,15
Dorine,1146934,13
Michaels,1146934,4
Roberts,10925906,21
Suba,10925906,17
Villard,10925906,16
Gould,1424754,14
Baer,1424754,8
Mae,1424754,3
Braddock,1424754,6
Griffin,1424754,20
Johnston,1424754,21
Runyon,1424754,1
Estella,1198987,9
Rita,1198987,15
Sonia,1198987,3
Makaroff,1198987,17
Ariel,1198987,2
Joseph,1198987,15
Osvaldo,1198987,10
Johanson,980461,3
Etta,99031,14
Garris,99031,11
Cassidy,99031,7
Bledsoe,99031,22
Place,99031,19
Harriman,99031,18
Logan,99031,9
LeFors,99031,14
Butch,99031,16
Tibby,935996,3
Amador,935996,6
Jay,935996,2
Cesar,935996,13
Mendez,935996,6
Cochran,935996,20
Miryea,935996,4
Arthur,28858428,8
Camelot,28858428,15
Uther,28858428,17
Merlin,28858428,14
Chaudhry,11924045,16
Agarwal,11924045,7
Henry,31336743,14
Gabriel,31336743,14
Sawyer,31336743,9
Sacks,31336743,15
Linet,18895191,3
Wolf,18895191,4
Percival,18895191,3
Allen,18895191,8
Nanny,18895191,3
Peter,18895191,3
Godfrey,18895191,3
Kate,18895191,3
Dagger,18895191,3
Bess,18895191,3
Owen,18895191,13
Jean,18895191,6
Boop,28207640,3
Alexander,21234681,24
Angelica,27924680,23
Ryan,27924680,21
Dolores,27924680,8
Hansen,35905888,9
Gleffey,35905888,15
Butler,35905888,20
Hathaway,35905888,9
Amanda,35905888,6
DeAngelo,35905888,18
Gammon,35905888,24
Simpson,35905888,8
Healy,35905888,21
Dix,35905888,13
Stone,35905888,3
Coyote,10131227,3
E.,10131227,3
Brenda,6107147,9
Ellen,6107147,21
Jackson,17726219,3
Klein,17726219,17
Cyrus,17726219,14
Jones,17726219,8
Batman,17726219,3
Hancock,17726219,3
Amy,17726219,3
Indiana,17726219,16
Winehouse,17726219,17
Panda,17726219,17
Chigurh,17726219,7
Seth,17726219,17
Montana,17726219,4
Phil,17726219,17
Simpson,17726219,12
Will,17726219,3
Bradshaw,17726219,18
Edwin,17726219,13
Lisa,17726219,23
Carter,4870165,15
Rudy,4870165,4
Jen,4870165,7
Carmen,4870165,4
Maddy,4870165,6
Mandy,4870165,19
Josh,4870165,3
Chase,4870165,3
Staton,4870165,17
Electra,4870165,18
Harryhausen,4870165,13
Andy,4870165,12
Ne,5253337,20
Laura,5253337,21
Bowman,5253337,22
Kyi,5253337,8
Boop,28207220,4
Bimbo,28207220,14
Betty,28207220,23
Aloysius,28207220,23
Kang,31225806,22
Se-bin,31225806,17
Eun-jung,31225806,6
Kyung-min,31225806,19
Minogue,32818732,9
Vidor,32818732,17
Merde,32818732,2
Oscar,32818732,16
M.,32818732,15
Clarke,27296052,6
Freyne,27296052,0
Siddell,27296052,17
Rains,27296052,20
Morris,27296052,20
Jango,4277346,22
Stewart,4277346,23
Agnes,4277346,21
Duval,4277346,0
Edith,4277346,14
Burns,4277346,9
Nilkanth,2082397,3
Allen,2082397,0
Svaminarayan,2082397,0
Dave,2082397,8
Brick,24458416,6
Bardo,24458416,17
Mithun,30212553,7
Asha,30212553,24
Amar,30212553,6
Gajendra,30212553,10
Singh,30212553,0
Vijay,30212553,17
Joginder,30212553,0
Sharon,16792210,17
Kyle,16792210,14
Reese,16792210,11
Samantha,16792210,19
Bendix,16792210,9
Sheridan,16792210,4
Derek,16792210,3
Lisa,16792210,3
Allen,17884388,12
Ruth,18627879,14
Nick,18627879,14
Karen,18627879,14
Barbara,18627879,2
Daryl,739821,4
Turtle,739821,17
Fox,739821,12
Stewart,739821,17
Ryan,739821,24
Joyce,739821,1
Richardson,739821,0
Lamb,739821,7
Hatcher,20020813,11
Gordon,20020813,23
Welles,20020813,17
Scott,20020813,24
Jake,20020813,17
Naomi,20020813,4
John,20020813,20
Jesse,20020813,5
Cozier,20020813,17
Evil,151465,16
Vanessa,151465,4
Kensington,151465,11
Farbissina,151465,7
Fagina,151465,6
Virtucon,151465,9
Scott,151465,2
Kathy,560837,10
Giovanni,560837,24
McKenna,560837,0
Pops,560837,21
Weaver,560837,21
Farthing,560837,14
Cole,560837,6
Ajay,15022751,3
Anita,15022751,14
Sharma,15022751,22
Grant,1853570,4
Tarantella,1853570,18
Croft,1853570,9
Masterson,1853570,14
Aranya,1853570,13
Doreen,1853570,4
Kaveri,27175946,21
Ramesh,27175946,11
Ravi,27175946,6
Bengaluru,27175946,6
Shekhar,27175946,3
Luis,2451914,2
Nick,2451914,0
Eva,2451914,14
Bose,11335771,2
Shamsheer,11335771,17
Raj,11335771,13
Shankar,11335771,17
Dayal,11335771,15
Singh,11335771,14
Suzy,11335771,4
Tom,5024840,6
Dan,5024840,6
Naoyuki,3103765,17
Yoshida,3103765,3
Akiko,3103765,24
Mami,3103765,4
Moss,22218325,6
Joe,27638152,12
Jim,27638152,6
Emma,27638152,6
Will,27638152,6
Desjardins,16727178,11
Ilkka,22068361,14
Manninen,22068361,24
Kruger,16223480,19
Seligman,16223480,2
Bek,8204800,2
Zaki,8204800,6
Thoraya,8204800,4
Ramzi,11715400,11
Doe,11715400,17
Owen,2792524,23
Lam,2792524,3
Catterfeld,18995832,19
Klitschko,18995832,18
Anna,18995832,21
Decker,18995832,13
Moritz,18995832,23
Ludo,18995832,23
Vogel,18995832,6
Blatt,18995832,9
Gotzlowski,18995832,19
Thorton,26548166,12
Delores,26548166,22
Azad,20130017,2
Nazenin,20130017,20
Tom,10101932,3
Jerry,10101932,23
Cynthia,1958815,24
Christopher,1958815,0
Harding,1958815,13
Monica,1958815,8
Darrington,1958815,12
Howard,1958815,9
Elaine,1958815,8
Rawlinson,1958815,1
Hepburn,1958815,14
Solanas,15248061,9
Redfern,10591637,11
Pleasence,10591637,9
Porter,10591637,3
Neilson-Terry,10591637,2
Helena,10591637,3
Tanner,10591637,23
Kapoor,10591637,14
Jimmy,10591637,21
Alison,10591637,3
Hurst,10591637,21
Cliff,10591637,23
Eltham,4600837,23
Petrie,4600837,23
Manchu,4600837,13
Smith,4600837,18
Ellie,31981147,13
Luke,35132577,3
Chihuly,35132577,1
Shriner,35132577,17
Anne,35132577,5
Vidya,24117367,6
Jhanvi,24117367,3
Kapoor,24117367,15
Chopra,24117367,9
Prem,24117367,6
Ming,10597501,6
Nana,10597501,14
Sombat,7989310,16
Irene,29499967,21
Edwards,606614,4
Nicky,606614,19
Reynolds,606614,11
Lamb,606614,20
Mahadevan,26638304,3
Janardhanan,26638304,21
Vishnu,26638304,17
Marcus,348356,18
Mary,348356,13
Tom,348356,18
Frank,348356,6
Larry,348356,18
Pierce,348356,24
Geetha,10628994,15
Sargunam,10628994,14
Annamalai,10628994,21
Subu,10628994,1
Ashok,10628994,0
Drutan,6690287,17
Andrew,6690287,3
Burrifors,6690287,17
Lewis,6690287,23
Louise,6690287,23
Whitaker,6690287,22
Burrifor,6690287,2
Rodanthe,6690287,23
Tyler,6607195,13
Will,6607195,6
Keane,6607195,8
Volpe,6607195,2
Parker,6607195,15
Millay,6607195,15
Lisa,6607195,3
Danny,3101492,3
Sharon,3101492,23
Tom,3101492,3
Michael,3101492,6
Kim,3101492,23
Robert,3101492,4
Sterling,4767200,13
Noah,4767200,23
Lizzie,4767200,22
Wurtzel,4767200,1
Baloo,6819660,3
Khan,6819660,6
Raksha,6819660,21
Mowgli,6819660,3
Maugli,6819660,3
Tabaqui,6819660,3
Mason,8914341,14
Gabby,8914341,3
Danielle,8914341,8
Lincoln,8914341,3
Devon,8914341,3
Thompson,8914341,19
Davis,8914341,17
Ritchie,8914341,3
Karunakaran,34037062,21
Marimuthu,34037062,2
Taylor,23265233,13
Ann,23265233,13
Parker,23265233,3
Nancy,23265233,16
Suzanne,5216274,18
Bertrand,5216274,8
Bert,19924644,19
Ernie,19924644,14
Piggy,19924644,5
Arzenta,34841834,13
Daninsky,7278140,23
Bathory,7278140,24
Maureen,1505118,21
Collins,1505118,17
Benny,1505118,20
Angel,1505118,6
Roger,1505118,3
Mimi,1505118,3
Joanne,1505118,24
Cohen,1505118,6
III,1505118,0
Kilmer,19502184,7
John,19502184,24
Paul,28702937,8
Amaya,28702937,14
Rossi,17459571,16
Cohen,17459571,18
Spencer,3745331,4
Sandy,3745331,19
Monroe,3745331,4
Cotton,3745331,3
Farrell,3745331,13
Terri,3745331,4
Sylvester,25871615,3
Hector,25871615,16
Alan,896812,6
Dewhurst,896812,13
Brett,896812,17
Anne,896812,17
Crevett,896812,12
Hans,896812,17
Philip,896812,3
Lee,1432805,21
Manuk,1432805,3
Mariana,2901971,10
White,2901971,21
Templeton,2901971,19
Azarak,2901971,3
Jenny,2901971,1
Karen,2901971,16
Hunt,2901971,19
Stirba,2901971,3
Roven,1111223,12
Mbulu,1111223,24
Dog-Boy,1111223,24
Gar,1111223,24
Kidda,1111223,18
Fallon,2704622,6
McCleod,2704622,11
Porter,2704622,2
Zedong,31368008,0
Megaweapon,4188875,23
Prossor,4188875,22
Nastasia,4188875,23
Ramu,16506768,23
Jyothi,16506768,3
Plihal,2196961,24
Holman,2196961,22
Nohavica,2196961,2
Robinson,12894844,21
McKenzie,19534959,5
Max,19534959,20
Moore,19534959,13
Hartley,19534959,10
Purple,19534959,18
Rixley,2441360,10
Ford,2441360,18
Younger,2441360,11
Bob,2441360,17
James,2441360,24
Wendo,35012946,9
Kolosoyi,35012946,10
Tano,15726696,20
Yoda,15726696,4
Rotta,15726696,4
Amidala,15726696,0
Ziro,15726696,6
Ahsoka,15726696,2
Jabba,15726696,6
Hutt,15726696,4
Padawan,15726696,17
Skywalker,15726696,21
Ventress,15726696,6
Anakin,15726696,17
Dooku,15726696,4
Padm,15726696,18
Donald,19361101,13
Ann,19361101,13
Chubby,19361101,13
Crabtree,19361101,21
Garbo,19361101,8
Farina,19361101,9
Jackie,19361101,3
Ferdinand,21296221,15
Caliban,21296221,3
Miranda,21296221,19
Ariel,21296221,15
Prospero,21296221,21
Slagg,21296221,13
O'Hara,32664870,15
Cameron,32664870,16
Barney,32664870,6
Howard,32664870,9
Katkin,32664870,22
Pat,32664870,20
Giacinto,7277067,21
Ishwar,35717108,7
Harish,35717108,3
Thomas,35717108,24
Jignesh,35717108,6
Aayushi,35717108,23
Bachu,35717108,6
Kevin,35717108,4
Chainani,35717108,3
Winters,23961650,11
Kate,23961650,8
Granger,23961650,5
Rudi,3849407,5
Masen,3849407,6
Nicholas,25417974,7
Kringle,25417974,13
Danny,3006708,3
Angel,3006708,3
Armstrong,3006708,14
Weaver,3006708,17
Skinner,3006708,3
Sandford,3006708,1
Butterman,3006708,18
Tan,8915053,24
Shao-Feng,8915053,19
Yunfei,8915053,24
Chan,8915053,10
Shao-feng,8915053,19
Shih,8915053,3
Feng,8915053,12
Du,8915053,0
Fei,8915053,16
Doyle,2328289,5
O'Neill,2328289,16
X,2328289,7
Locke,2328289,9
III,4488504,7
Nadine,4488504,2
Jacques,4488504,8
Mont,4488504,2
Chevalier,4488504,19
Minchin,34991301,3
Sarah,34991301,3
Crewe,34991301,11
Sara,34991301,9
Volney,10374514,21
Jarry,10374514,0
Jia,24230763,6
Maddy,24230763,19
Amalia,33351052,12
Dauphin,33351052,14
Anna,33351052,2
Leopold,33351052,9
Nannerl,33351052,22
Wolfgang,33351052,15
Marie,33351052,20
Chase,4619136,3
Tiffany,4619136,18
Richard,28880684,7
Palmer,28880684,10
Robbie,28880684,6
Jessica,28880684,6
Bernie,28880684,3
Cal,28880684,3
Emily,28880684,3
Kate,28880684,11
Lindhagen,28880684,11
Claire,28880684,16
Riley,28880684,19
Weaver,28880684,11
Hannah,28880684,6
Jacob,28880684,21
Justine,22558707,3
Tasha,22558707,3
Marcus,22558707,13
Helena,22558707,17
Knightley,22558707,21
Banks,22558707,12
Floyd,22558707,17
Mullet,22558707,17
Bradley,22558707,6
Khalilah,22558707,23
Khalillah,22558707,3
Jason,22558707,6
Fielding,22558707,2
Sophie,22558707,3
Alex,22558707,3
Jez,22558707,3
Archie,5262931,9
Barker,5262931,9
Norton,5262931,16
George,5262931,13
Hitchens,1524596,16
Allegra,1524596,6
Melas,1524596,3
Cole,1524596,18
James,1524596,3
Lala,25575072,15
Sonia,25575072,17
Singh,25575072,1
Albaksh,25575072,8
Tujhhe,25575072,22
Alabksh,25575072,19
Daimon,19182579,23
Pando,2100486,9
Michael,2100486,23
Pete,2100486,20
Jimmy,2100486,3
Helen,2100486,17
Alex,2100486,6
Ivan,1636036,6
Veikko,1636036,19
Anni,1636036,14
Babu,19271071,17
Chandni,19271071,13
Sangeeta,19271071,14
Pralay,19271071,14
Mainak,19271071,14
Drexel,11709006,12
Crusoe,11709006,9
Hanks,11709006,17
Alba,11709006,19
Beard,11709006,24
Hitler,33599475,3
Sahiban,33599475,2
David,2942947,16
Ellen,2942947,4
Buchanan,17693186,20
Mitsuko,17693186,10
Mu,29180835,11
Gibson,8914059,21
Herrmann,8914059,18
Rickey,8914059,17
Robinson,8914059,22
Takaiya,2822859,22
Devi,458573,15
Robeson,458573,17
Jenna,458573,12
Sol,458573,5
Meyer,458573,6
Max,458573,3
Cohen,458573,3
Dawson,458573,6
Julio,32747122,2
Paulina,32747122,20
Khan,34198102,22
Basha,5654660,3
Andhrawala,5654660,5
Pehalvan,5654660,16
Mia,5654660,17
Munna,5654660,23
don,5654660,17
McIver,15670343,6
Tesla,15670343,12
Karen,15670343,1
Leland,15670343,23
Ollie,6031723,20
Stan,6031723,17
Hall,6031723,18
Fudd,3007132,3
Betty,7173760,16
Sam,11590470,9
Zeke,11590470,7
Graham,32134054,3
Frazier,27122528,14
Bontempo,27122528,3
Charlie,27122528,14
Ali,27122528,20
Bruza,27122528,21
Spurton,3434688,24
Halleck,3434688,22
Linda,3434688,13
Frank,3434688,17
Hopely,3434688,18
Billy,3434688,3
Horton,3434688,23
Gina,3434688,17
Gabe,3434688,17
Leda,3434688,8
Lempke,3434688,17
Houston,3434688,13
Heidi,3434688,2
Ginelli,3434688,3
Boyce-Smith,11595146,13
Ronnie,11595146,6
Young,11595146,9
Claude,11595146,4
Anjali,6641217,21
Raj,6641217,7
Youssef,23994169,24
Matteo,21630161,21
Scuro,21630161,16
Norma,21630161,5
Guglielmo,21630161,5
Arthur,21050696,1
William,21050696,2
Flo,3694699,2
Crowther,3694699,6
Stevens,3694699,2
Fabrizi,3694699,10
Jenkins,3694699,4
Bridget,3694699,1
Marjoribanks,3694699,18
Haynes,3694699,0
Binn,3694699,6
Gladys,3694699,2
Pratt,2324217,2
Shitzu,2324217,3
Madfeenage,2324217,19
DiPasquale,2324217,19
Bill,2324217,8
Uschi,2324217,19
Menage,2324217,4
Dix,2324217,4
Clinton,2324217,0
Crankshaw,23419513,7
Komba,23419513,18
Leeds,23419513,19
Murumbi,23419513,3
Jackie,23419513,6
Jed,236793,7
Janine,236793,13
Molly,236793,21
Kate,236793,21
Eleanor,236793,10
Craig,22410200,1
Ginibre,34594150,3
Murphy,4558294,15
Bluesmobile,4558294,3
Hall,4558294,21
Blues,4558294,11
Marini,4558294,0
Jake,4558294,3
Elwood,4558294,3
Sharon,20622475,15
Momo,20622475,13
Rose,20622475,2
Zheng,20622475,12
Girji,10594195,24
Avenash,10594195,24
Sumitra,10594195,12
Dheera,31212002,17
Kamli,31212002,2
Jeeto,31212002,8
Preeto,31212002,23
Karamjeet,31212002,0
Singh,31212002,8
Sucha,31212002,4
Joginder,31212002,10
Babuji,29174788,13
Parminder,29174788,19
Praful,29174788,9
Himanshu,29174788,13
Amy,1566225,6
Kal,1566225,6
Ted,1566225,6
Williams,1566225,15
Linda,1566225,3
Tom,1566225,21
Abby,1566225,2
Edith,1566225,6
Alice,1566225,6
Dodgson,6832750,6
Claybourne,6832750,19
Amy,3745507,17
Winter,3745507,7
Klein,3745507,4
LeMarchand,3745507,3
Watanabe,714228,3
Claire,30847851,3
Bill,30847851,8
Nana,30847851,21
Jackson,2448736,11
McQuade,2448736,3
Wilkes,2448736,17
Sanderson,2448736,20
Ramos,2448736,16
Richardson,2448736,2
Ying,2533984,21
Flatty,2533984,2
Gundaswamy,30861685,15
Harish,30861685,0
Chouhan,30861685,18
Tandel,30861685,14
Singh,30861685,11
Suryadev,30861685,17
Wagle,30861685,18
Gendaswamy,30861685,3
Larson,2826413,22
Cody,2826413,2
Bobby,2826413,1
Halpern,2826413,17
Mattox,2826413,12
Moore,2826413,14
Lucas,2826413,14
Lacroix,2826413,19
Mercedes,2826413,9
Carolinus,342926,1
Orrin,342926,9
Milisande,342926,2
Peter,342926,24
Aragh,342926,17
Danielle,342926,4
Bryagh,342926,13
Gregory,342926,21
Zhao,342926,17
Giles,342926,10
Ommadon,342926,17
Dickinson,342926,16
Smrgol,342926,21
Neville-Smythe,342926,9
Tsu,342926,13
Duval,28581630,9
Monteux,28581630,12
Judson,73437,14
Neuwirth,73437,17
Ellis,73437,10
Faithfull,73437,11
Dylan,73437,13
Grossman,73437,22
Baez,73437,7
Ginsberg,73437,9
Burns,73437,18
Baker,73437,18
Dara,27122366,18
Theresa,27122366,23
Bonefacio,27122366,5
Paula,27122366,16
Bernal,27122366,20
Suzanne,27122366,12
Rodney,27122366,19
Sabel,27122366,19
Carillo,27122366,18
Marilou,27122366,21
Vega,27122366,9
Yuen,2183017,13
Wong,2183017,18
Carmen,2183017,13
Sang-zen,2183017,15
Yong,2183017,4
Lee,2183017,6
Chan,2183017,23
Buck,2183017,3
Liu,2183017,22
Walsh,2485103,17
Daniel,31413100,12
Sr.,31413100,12
Moore,31413100,0
Pahlavi,10426237,22
Hatun,10426237,19
Azim,10426237,13
Darani,10426237,1
Shah,10426237,17
Leo,23943222,6
Miriam,23943222,6
Cassy,23943222,3
Mark,23943222,17
Tanya,23943222,2
Sinestro,14119255,6
Jordan,14119255,6
Ferris,14119255,19
Sur,14119255,24
Hammond,14119255,4
Brady,25006668,24
Stovall,25006668,24
Rucker,25006668,4
Colton,25006668,1
Helen,25006668,2
Meg,29121790,21
Jilian,29121790,21
Carol,29121790,21
Roberta,13093495,19
Mathias,13093495,14
Maria,13093495,6
Oliveira,13093495,17
Nascimento,13093495,3
Romerito,13093495,20
Neto,13093495,3
Rosane,13093495,2
Matias,13093495,6
Gouveia,13093495,24
Baiano,13093495,13
Rodrigues,13093495,4
Fabio,13093495,3
Rafael,13093495,23
Edu,13093495,3
Bessai,3878666,1
Freddy,3878666,16
Johnny,3878666,13
Lola,3878666,22
Nadia,3878666,13
Emile,3878666,23
Malini,12320705,2
Shafi,12320705,8
Kapadia,12320705,5
Khan,12320705,5
Reva,12320705,23
Singh,12320705,6
Yogi,12320705,4
Savitri,10890876,5
Upendra,10890876,16
Abdul,10890876,9
Chander,10890876,8
Namrata,10890876,9
Vandana,10890876,8
Surendra,10890876,0
Madan,10890876,11
Tandon,10890876,7
Briggs,3578467,3
Kay,3578467,16
Susan,3578467,20
Colin,3578467,20
Reilly,3578467,24
Carol,3578467,21
Marton,19134187,17
Anatoly,19134187,6
Evans,19134187,2
Duffau,9998297,9
Taramati,31657116,17
Roy,31657116,5
Veena,31657116,2
Kapoor,31657116,19
Pradeep,31657116,6
Raju,31657116,3
Singh,31657116,6
Mangal,31657116,6
Lolita,1208705,21
bastien,1208705,0
Cassard,1208705,13
Mathieu,1208705,9
Sylvia,1208705,3
Millet,1208705,5
Pena,584770,21
Snehamoy,13429005,3
Sandhya,13429005,4
Poltu,13429005,15
Snehmoy,13429005,16
Chatterjee,13429005,12
Amy,5150901,6
Jim,5150901,21
Brian,5150901,15
Georgie,5150901,6
Hornby,9313886,6
Hughes,9313886,11
Firth,9313886,11
Ashworth,9313886,15
Patsy,3815111,5
Thompson,3815111,3
Dorothy,3815111,6
Gargan,3815111,16
Richelieu,27260560,5
Charlemagne,27260560,10
Constance,27260560,6
Bernajou,27260560,21
Dumas,27260560,1
Aramis,27260560,14
Angel,27260560,3
Anne,27260560,15
Rochefort,27260560,24
Treville,27260560,24
Wharton,14091678,12
Sondini,14091678,24
Howard,14091678,10
Garth,14091678,3
Martha,14091678,19
Marth,14091678,3
Loveday,34941246,7
Bind,34941246,12
Hongcai,28064494,10
Shijun,28064494,21
Manlu,28064494,21
Manzhen,28064494,14
Cuizhi,28064494,0
Shuhui,28064494,19
Alex,19271559,8
Christopher,19271559,6
John,17385651,21
Kenan,30740974,3
Lola,3542957,4
King,3542957,17
Robert,3542957,1
Wyburd,17102867,17
Fuller,17102867,9
Florescu,17102867,13
McNeal,17102867,4
Mary,17102867,3
Simon,17102867,17
Arthi,26475355,6
Panicker,26475355,15
Venu,26475355,21
Anandan,26475355,15
Bhavani,26475355,19
Aravindan,26475355,23
Damayanti,26475355,6
Skreslet,6549044,20
Chantabbai,7236640,5
Rao,7236640,16
Pond,7236640,21
Betsy,3921141,19
Mickey,2850308,20
Jordan,23254066,13
Landa,23254066,4
Sedbusk,74984,23
Aysgarth,74984,3
Lina,74984,17
Melbeck,74984,8
McLaidlaw,74984,6
Harry,32456626,22
Jadenburg,32456626,13
Becker,32456626,15
Hanna,32456626,13
Korb,32456626,22
Sum-yee,394536,13
Sam,394536,13
Wong,394536,17
Wai-keung,394536,4
Cheung,394536,18
Lau,394536,17
Lee,394536,0
Wing-yan,394536,10
Chan,394536,17
Piero,394536,18
Mary,394536,9
Hon,394536,5
Purvis,1232216,7
Atchison,1232216,18
Bradley,1232216,1
Trent,1232216,14
Susan,1232216,14
Harvey,1232216,8
Sababathi,21039177,13
Latha,21039177,4
Seenu,21039177,5
Ramaswamy,21039177,0
Bhaskar,21039177,14
Cunningham,31879136,0
Mo,31879136,3
Josh,31879136,20
Goodman,31879136,7
Travis,31879136,1
Ashley,31879136,24
Kyle,31879136,17
Clayton,31879136,12
Maddy,31879136,3
Victoria,31879136,10
Shelby,31879136,21
Dave,31879136,10
Hasselhoff,31879136,3
Chet,31879136,12
Fallon,31879136,23
Barry,31879136,4
Taylor,1526194,17
Roy,1526194,17
Foxx,1526194,6
Hopper,1526194,8
Audrey,1526194,3
Becky,1526194,3
Parish,1526194,1
Woods,1526194,17
Helga,1526194,9
Pizzo,1526194,17
Margie,32883986,23
Maramduke,32883986,23
Huggett,32883986,19
Marmaduke,32883986,21
Mike,32883986,8
Morton,32883986,12
Linda,773501,8
Rosie,773501,19
Varla,773501,21
Lancaster,773501,11
Charles,144798,23
Nick,144798,12
Nora,144798,12
Douglas,1223359,17
Jennings,1223359,6
Ashley,1365411,6
Rachel,1365411,2
Burton,1365411,7
Philip,1365411,16
Cyrus,167724,6
Vera,167724,6
Goode,167724,23
Angie,167724,3
Tucci,167724,15
Lou,167724,21
Jerry,167724,18
Mike,167724,6
Hawkins,167724,6
Flipper,167724,6
Carbone,167724,17
Drew,167724,6
Vivian,167724,14
Leslie,167724,18
Orin,167724,6
Angela,167724,23
Paulie,167724,5
Lucinda,167724,2
Sunmi,3145892,6
George,2821933,3
Wells,2821933,0
Hillyer,2821933,8
Eloi,2821933,12
Cabot,2821933,13
Weena,2821933,17
David,2821933,9
Filby,2821933,6
Luke,21666555,12
Peter,21666555,3
Carla,21666555,20
Hueyin,12715927,21
Aiko,12715927,22
Cheung,12715927,7
Siddiqui,23904207,10
D'Souza,23904207,2
Dutta,23904207,19
Mascarenhas,23904207,13
Ethan,23904207,3
Rajhansmoni,23904207,1
Subramaniam,8562048,11
Shenba,8562048,8
Anna,8562048,19
Nambiar,8562048,24
Chinnappa,8562048,7
Gautham,8562048,3
Costanzo,1220079,23
Lockhart,1220079,22
Battaglia,1220079,16
Gabriella,1220079,24
Ryan,1220079,17
Orde,1220079,10
Oriani,1220079,6
Fincham,1220079,17
Leonard,3510242,24
Elva,3510242,15
Morgan,3510242,10
Raja,24318707,18
Poornima,24318707,11
Nagar,24318707,18
Sura,24318707,21
Mert,28291797,3
Ellen,28291797,0
Cindy,28291797,10
Spanky,28291797,3
Strawberry,28291797,10
Lee,3459901,20
James,3459901,21
Booker,3459901,21
Molly,249956,3
Daisy,249956,3
Kadibil,249956,1
Craig,249956,1
Moodoo,249956,7
Neville,249956,6
Annabelle,249956,15
Riggs,249956,15
Petrofsky,4200803,2
Smerko,4200803,20
Allen,4200803,9
Goldman,4200803,22
Dubois,4200803,20
Corrigan,4200803,15
Iyer,33539015,24
Vellaichamy,33539015,21
Shandilya,22087546,12
Julie,22087546,21
Neil,22087546,17
Rohan,22087546,7
Mihir,22087546,21
Jerry,1380482,2
Nick,1380482,21
Sonya,1380482,12
Inga,1380482,10
Gabriella,1380482,15
Arnout,17824843,3
Ronnie,17824843,3
Frederique,17824843,9
Simon,17824843,3
Riebeeck,17824843,24
Johnny,12230524,21
Isaac,12230524,24
Modine,12230524,11
Kathy,12230524,19
McGinnis,6574607,7
Dominion,6574607,10
Erica,4417953,13
Anderson,4417953,4
Enders,4417953,23
Dean,24566491,20
Wally,2422067,21
Proud,2422067,0
Carver,2422067,6
Oscar,2422067,6
Grazia,8066937,21
Pasquale,8066937,21
Pietro,8066937,3
Murphy,22742441,15
Truman,22742441,17
Halahan,1161955,18
Edwards,1161955,19
Bader,1161955,6
Thelma,1161955,1
Joyce,1161955,3
Fukushima,3654117,6
Nanbu,3654117,21
Takuan,3654117,18
Kita,3654117,8
Michiko,3654117,2
Jane,1849347,21
Sam,1849347,21
Connelly,2236976,15
Sadler,2236976,20
Taylor,2236976,0
Arthur,2236976,5
Roxanne,2236976,21
Hope,2236976,7
Marshall,2236976,15
Jeffries,2236976,17
Jefferies,2236976,19
Lyla,2236976,3
Louis,2236976,3
Evan,2236976,3
Wallace,2236976,22
Novacek,2236976,10
Orbison,6675831,5
Brubeck,6675831,10
Garland,6675831,2
Presley,6675831,9
Spinello,23348055,22
Corrado,23348055,17
Paolo,23348055,15
Julia,23348055,15
Neil,2415005,3
Tennant,2415005,17
Newton-Smith,2415005,2
Dredge,2415005,16
Lowe,2415005,3
Vetri,19356961,2
Lakshmi,19356961,2
Vel,19356961,1
Anjali,19356961,12
Hassan,19356961,19
Essakki,19356961,22
Mela,19769477,23
Soriya,19769477,4
Mek,19769477,14
Sok,19769477,3
Chan,19769477,3
Amanda,209549,4
Bakhtiar,209549,3
Maggie,209549,3
Hayward,209549,7
Beth,209549,24
Kaufman,209549,20
Victor,209549,17
Angela,209549,24
Bob,209549,3
Vaughn,22657183,14
Pierson,3450583,8
Howard,3450583,15
Hoffman,3450583,12
Fanny,32677131,4
Jekyll,32677131,9
Osborne,32677131,5
Anna,30653283,2
Rey,26967437,13
Brandi,11697273,3
Tom,11697273,3
Rashid,11697273,17
Boski,11697273,6
Vijayasanthi,8250183,16
Chanakya,8250183,14
Padmasree,8250183,15
Taylor,7218799,24
Deane-Tanner,7218799,5
Raghuram,16167639,0
Sherin,16167639,4
Pierre,32800688,23
Mary,32800688,2
Depardieu,11617594,5
Perrin,11617594,14
Meyer,11617594,12
Marie,11617594,5
Miri,455182,9
Yutaka,455182,7
Baker,1608019,17
Ellen,1608019,6
Burnett,1608019,0
Gates,1608019,3
Crane,1608019,23
Brewster,1608019,22
Preston,1608019,9
Graham,1608019,4
Phil,33519683,23
Jen,33519683,15
Danny,23407296,16
Banks,23407296,18
Russell,23407296,3
Ivan,23407296,17
Lucre,23407296,21
Miles,23407296,5
Toys,23407296,17
David,23407296,13
Kelly,23407296,23
Matt,23407296,17
Kara,23407296,6
Miriam,23407296,19
Chet,23407296,3
Toler,23407296,3
Chips,23407296,7
Harry,2119835,17
Franklin,2119835,7
Geronimo,2119835,2
Cherry,2119835,21
Raquel,2119835,16
Enrique,2119835,17
Prescott,7206930,23
Lincoln,7206930,0
Junius,7206930,12
Devlin,7206930,13
Mary,7206930,2
III,7206930,7
Booth,7206930,11
Ned,7206930,3
Traherne,3066519,21
Stowfield,35195870,12
Spook,35195870,10
Beresford,35195870,5
Olivia,35195870,3
Young,35195870,15
Shobha,14827370,21
Vinnie,14827370,23
Sona,14827370,3
Steyn,261237,23
Hind,261237,10
Boga,261237,9
Kate,261237,21
Thompson,261237,24
Blaylock,1139763,19
Roberts,1139763,11
Miriam,1139763,3
Tom,1139763,17
Sarah,1139763,6
John,1139763,4
Costa,18777685,15
Coleman,18777685,17
Tito,18777685,17
Alexis,18777685,12
Kenji,9352740,9
Wyke,11671832,22
Tindle,11671832,3
Grishenko,268833,16
Zukovsky,268833,17
Simonova,268833,3
Ourumov,268833,19
Bond,268833,17
Trevelyan,268833,3
Mishkin,268833,0
Wade,268833,23
Carmody,4131838,14
O'Shea,4131838,24
Beryl,4131838,14
Sigman,4131838,9
Yang,4131838,3
Scott,4131838,19
Alfred,61323,4
Louise,61323,14
Babu,11320470,3
Vivek,11320470,21
Rana,11320470,3
Trishna,11320470,17
Bianca,227291,5
Spencer,227291,2
Jessica,227291,3
Clive,227291,5
Hildenburg,227291,10
Billy,227291,13
Billau,26452149,23
Sandy,26452149,21
Sequoia,26452149,21
Portia,26452149,21
Un-Oeil,26452149,9
Andrew,26452149,9
Pennington,26452149,11
Conner,26452149,3
Jack,26452149,11
Myerson,2632500,8
Weber,2632500,9
Rawson,2632500,3
Jones,2632500,5
Allie,2632500,3
Carlson,2632500,10
Hedy,2632500,3
Graham,2632500,21
Mark,550579,3
Ricky,550579,21
Saint,30237779,4
Sarah,30237779,11
Bobby,25971350,13
Dean,25971350,6
Cindy,25971350,6
Frankie,25971350,13
Hallouma,34985261,10
Jenny,21091632,8
Benjie,21091632,2
journal.com,21091632,7
Schindler,13295969,18
Vani,33628861,8
Lakshmi,33628861,24
Raja,33628861,21
Ravi,33628861,6
Kannan,33628861,0
Sarath,33628861,3
Datho,33643382,22
Elene,33643382,2
Tarkovsky,3961516,15
Yusuf,3961516,18
Mahmut,3961516,4
Canyon,155303,0
Wrightson,155303,13
Gilligan,155303,5
Joliffe,155303,12
Bumpass,155303,10
Atkin,155303,9
Vernon,155303,11
Golland,155303,14
Bruno,155303,11
John,155303,11
Rodriguez,155303,20
Van,155303,9
Lavut,155303,18
Levy,155303,1
Ramis,155303,12
Nicks,155303,12
McKie,155303,2
Taarna,155303,4
Jimmy,155303,6
Smith,155303,8
Katherine,155303,16
Semple,155303,8
Gloria,155303,17
Hagar,155303,8
Murakami,155303,18
Director,155303,15
Loc-Nar,155303,23
Schellenberg,155303,9
Waxman,155303,22
Conlon,155303,8
Moore,155303,5
Eugene,155303,19
Harry,155303,6
Anrak,155303,13
Fagen,155303,9
Ard,155303,4
Munson,155303,20
Rudnick,155303,23
Stevens,155303,2
Flaherty,155303,14
Vrana,155303,9
Touliatos,155303,0
Francks,155303,24
Yanovsky,155303,6
Dworkin,155303,9
Sternn,155303,16
Burroughs,155303,10
Playten,155303,2
Coates,155303,11
Doncheff,155303,0
Grimaldi,155303,10
O'Bannon,155303,24
Fiste,155303,15
Wells,155303,16
Romanus,155303,7
Lightstone,155303,9
Fuller,3626936,16
Dooley,3626936,8
Sam,19647434,16
Angelito,19647434,19
Lauren,19647434,23
Beth,19647434,6
Nick,19647434,15
Winters,19647434,9
Marilyn,19647434,19
Cortez,19647434,16
Larry,19647434,19
Lorna,2405186,8
Roman,2405186,15
Gino,2405186,15
Scott,2405186,20
Katherine,331860,6
Coco,331860,9
Mark,331860,6
Gabriel,331860,21
Rich,331860,7
Perry,331860,8
Judy,331860,16
Hannibal,1976777,21
Mischa,1976777,21
Kolnas,1976777,23
Gould,1976777,18
Grutas,1976777,17
Murasaki,1976777,4
Dortlich,1976777,17
Lecter,1976777,3
Popil,1976777,6
Grentz,1976777,8
Milko,1976777,3
Mazzo,7140979,3
Harriman,7140979,21
Barney,7140979,16
Cassie,7140979,2
Eddie,770260,2
Dixie,770260,6
Leonard,770260,8
Murphy,1140398,18
Lymangood,1140398,23
Stern,1140398,17
McNeely,1140398,16
Cochrane,1140398,11
Fletcher,144161,12
Jerry,144161,3
Herriman,144161,6
Sutton,144161,12
Jonas,144161,6
Lowry,144161,6
Alice,144161,3
Mayor,7741538,22
Yakov,7741538,2
Georgi,7741538,3
Pupkin,4232830,21
Gus,4232830,3
Damme,4232830,9
Toby,1747266,21
Claypoole,1747266,12
Holly,1747266,6
Jones,1747266,15
Arthur,1959014,8
Lowery,1959014,24
Vardon,1959014,9
Ray,1959014,22
Francis,1959014,3
Ouimet,1959014,8
Sang-nam,33480755,0
Schwarzenegger,1424178,0
Maggie,1424178,17
Hanks,1424178,5
Flanders,1424178,16
Armstrong,1424178,14
Bart,1424178,16
Colin,1424178,10
Marge,1424178,6
Cargill,1424178,14
Lisa,1424178,16
Menon,25850782,7
Kochi,25850782,12
Pillai,25850782,13
Prakash,25850782,21
Anu,25850782,2
Arthur,12270563,14
Frohman,12270563,12
Peter,12270563,15
Asquith,12270563,8
Davies,12270563,7
Sylvia,12270563,2
Michael,12270563,21
Nico,12270563,15
Pan,12270563,19
George,12270563,6
Mary,12270563,2
Jack,12270563,14
Cannan,12270563,18
Hodgson,12270563,19
Jim,12270563,16
Barrie,12270563,21
Sethulakshmi,36355103,17
Garud,36355103,24
Chettiar,36355103,6
Kochi,36355103,17
Joseph,36355103,16
Inspector,36355103,21
Kutty,36355103,18
Carl,3978804,6
Brown,3978804,6
Oksana,15657123,19
Boris,15657123,23
Lane,12428147,8
White,12428147,3
Kent,12428147,2
Superman,12428147,16
Clark,12428147,3
Lois,12428147,23
Henderson,12428147,4
Warren,6531718,22
Young,6531718,17
McReynolds,6531718,6
Conan,25748112,0
Jabez,10875573,24
Scratch,10875573,6
Shirley,10875573,19
Webster,10875573,20
Craig,10875573,21
Daniel,10875573,21
Hathorne,10875573,11
Stone,10875573,18
Heather,7239107,13
Doogie,7239107,17
Sam,7239107,13
Bradley,7239107,21
Buchanan,7239107,6
Horne,7239107,11
Denetra,7239107,3
Pete,7239107,3
Bently,7239107,3
Loretta,7239107,14
Griff,7239107,3
Griffith,7239107,21
Arriega,12782082,3
Maria,12782082,8
Harris,12782082,3
Reece,12782082,21
Vidal,12782082,17
Garris,30548381,21
Tane,30548381,15
Eze,1101306,10
Kazar,1101306,6
Bridget,1101306,4
Nigel,1101306,16
Benny,1101306,3
Samson,1101306,3
Ryan,1101306,3
Larry,1101306,4
Stan,1101306,10
Carmine,1101306,10
Maura,13461141,11
Toshiko,31740844,13
Fukuhara,31740844,15
Kimura,31740844,16
Grasso,865561,10
Maplewood,865561,19
Allen,865561,11
Johnny,865561,4
Jordan,865561,23
Mona,865561,19
Lenny,865561,2
Adams,865561,23
Vladimir,865561,5
Farber,865561,1
Helen,865561,3
Billy,865561,3
Andy,865561,14
Lando,35562747,17
Pilger,2669734,11
Sameer,1765978,13
Darbar,1765978,15
Vanraj,1765978,13
Romain,3479622,14
Chris,3479622,20
Abrams,4920511,1
Henrik,4920511,0
Koster,4920511,4
Doris,4920511,4
Dominic,12149946,2
McKinley,12149946,24
Grace,12149946,11
James,12149946,12
Wilkens,12149946,11
Douglas,26163584,7
Richard,26163584,22
Gaiter,26163584,4
Gordon,26163584,12
Valerie,26163584,3
Melissa,26163584,13
AFB,26163584,15
O'Sullivan,26163584,14
Dwyer,26163584,7
Ryan,26163584,17
Eddie,26163584,3
Sahand,25640063,3
Maroufi,25640063,22
Foroozandeh,25640063,21
Cervi,13055932,15
Chaplin,238484,16
Tillie,238484,23
Sammy,5305120,21
Dicey,5305120,3
Eunice,5305120,13
Tillerman,5305120,6
Cilla,5305120,12
Joseph,5305120,8
James,5305120,2
Vishal,20903190,23
Kumar,20903190,0
Aruna,20903190,21
Seeta,10658708,4
Ranga,10658708,14
Sager,10658708,13
Kumar,13048303,0
Satish,13048303,10
Geeta,13048303,14
Khaitan,13048303,1
Laxmi,13048303,16
Sanjay,13048303,19
Meena,13048303,9
Vijay,13048303,6
Ward,14144257,20
Franklin,3033155,13
Nevitt,3033155,23
Ashton,3033155,11
Mitchell,3033155,16
Stan,2792455,10
Liam,2792455,6
Chantelle,2792455,24
Benson,18502214,21
Lincoln,18502214,2
Kellogg,18502214,16
Benteen,18502214,4
Reno,18502214,1
Custer,18502214,0
Martha,18502214,2
Perasso,32490775,15
Naren,19437157,13
Soudamini,19437157,3
Bishnupriya,19437157,6
Ghanashyam,19437157,16
Charlie,11450820,14
Spencer,247098,17
Verloc,247098,17
Loder,247098,11
Stevie,247098,12
Wainwright,948706,3
Hanson,948706,4
Aimes,948706,3
Latour,26897990,22
Keith,23461492,6
Conan,23461492,13
Gill,23461492,13
Sakura,23461492,17
Edogawa,23461492,16
Zenigata,23461492,3
Mira,23461492,1
Goemon,23461492,16
Kudou,23461492,23
Jigen,23461492,24
Mouri,23461492,3
Ganesh,4253806,4
Seesteinen,19818759,3
Lerkkanen,19818759,15
Paul,1405221,21
Denton,1405221,15
Lauren,1405221,13
Victor,1405221,3
Hynde,1405221,12
Bateman,1405221,8
Lara,1405221,23
Sean,1405221,3
Mace,3252860,7
Corazon,3252860,17
Evans,3252860,20
Trey,3252860,21
Searle,3252860,3
Cassie,3252860,23
Pinbacker,3252860,4
Harvey,3252860,17
Pink,20599974,23
Mosha,34764344,4
Salwala,34764344,0
Lindsay,19860911,7
Scott,19860911,15
Ram,33270747,6
Krishna,33270747,6
Sravanthi,33270747,4
Srinidhi,33270747,21
Germain,1406573,6
Lesage,1406573,13
Brigitte,1406573,14
Lewis,1406573,21
Giroux,1406573,18
Ste-Marie-la-Mauderne,1406573,5
Reith,10085735,15
Jessica,5871867,24
Logan,5871867,6
Sandmen,5871867,18
Francis,5871867,13
Marie,32896224,14
Vernon,32896224,4
Philip,32896224,14
Gloria,13934307,6
Leo,13934307,21
Ellen,13934307,21
Jackie,13934307,10
Harringway,10899890,16
Yu,10899890,17
Venus,10899890,15
Brinkman,10899890,4
Sikarna,10899890,12
Talua,10899890,5
Stewart,20719704,5
Walton,20719704,19
Corazon,16690320,3
Barbara,16690320,6
Gardo,16690320,6
Juico,16690320,14
Saavedra,16690320,3
Perez,16690320,13
Angela,16690320,6
Blanca,16690320,6
Rosales,16690320,24
Isidra,16690320,17
Emil,16690320,21
Sandy,30050474,23
Phillips,30050474,16
Scott,30050474,4
Ballard,3097826,3
Woody,3097826,17
Bull,3097826,23
Slater,3097826,0
Tolliver,3097826,6
Cora,3097826,2
Wilkins,3097826,6
Redding,3097826,6
D.A.,3097826,4
Billy,3097826,6
Conrad,3097826,17
Darren,9825500,3
Ralphie,9825500,22
Coleman,9825500,6
Jett,2037403,11
Fox,2037403,11
Rasnick,2037403,23
Patti,2037403,2
Fernandez,33712804,22
Celine,33712804,21
Giam,33712804,5
Paul,31315579,0
Angela,31315579,3
Camilo,31315579,6
Cristobal,31315579,3
Araucaima,31315579,10
Camelo,31315579,7
Machiche,31315579,6
Graci,31315579,6
Bana,17951202,22
Mulokole,17951202,22
Molly,18515925,16
Al,18515925,6
Howard,18515925,14
Dorothy,18515925,10
Luana,18515925,14
Hope,12857910,3
Paul,12857910,17
Sam,12857910,9
Crayle,12857910,13
Ronald,12857910,9
Leeland,12857910,5
Hale,12857910,2
Willie,12857910,6
Colman,12857910,9
Milton,19392800,10
Dubreton,10455572,16
Farthingdale,10455572,15
Hakeswill,10455572,17
Isabella,10455572,15
Sharpe,10455572,6
Byrne,10455572,14
Frederickson,10455572,20
Harper,10455572,17
Fraser,10455572,0
Sarah,10455572,21
Pope,10455572,15
Ducos,10455572,6
Zena,12139569,6
Laura,12139569,1
Chet,12139569,21
Collins,12139569,17
Ricardo,12139569,18
Weiss,12139569,12
Black,12139569,9
Terry,12139569,9
Frank,12139569,1
Bruno,12139569,6
Mike,12139569,6
Brown,12139569,17
Morisaki,12139569,22
Sondra,12139569,13
Johnsy,30105461,3
Behrman,30105461,6
Sando,6722122,16
Hiroko,6722122,13
Tanner,6722122,20
Kohji,6722122,9
Mousie,17453425,3
Abby,17453425,3
Grand,26729747,24
Freddy,26729747,7
Shelley,240173,11
Chiles,240173,23
Clyde,240173,0
Roedel,240173,11
Wright,240173,18
Amy,19027884,7
Jane,19027884,0
Louise,19027884,20
West,19027884,11
Macefield,5641052,12
Khan,5641052,21
Elsa,5641052,14
Warrenton,5641052,9
Vickers,5641052,24
Bisson,22920536,1
Surkov,22920536,3
Arthur,18589178,17
Aleta,18589178,16
Ilene,18589178,2
Valiant,18589178,3
Luke,18589178,17
Aguar,18589178,17
Gawain,18589178,2
Knight,18589178,5
Brack,18589178,21
Sligon,18589178,16
Boltar,18589178,16
Kamini,10615842,17
Prakash,10615842,1
Jyoti,10615842,3
Vinod,10615842,3
Gina,19575497,3
Dick,19575497,3
Po,4861212,23
Succat,4861212,2
Lutfi,4861212,6
Larry,4861212,16
Bob,4861212,6
Hadrian,4861212,11
Mikey,4861212,6
Spike,11360989,23
Tom,11360989,3
Jerry,11360989,3
Marston,27670293,4
Starlight,27670293,17
Kate,27670293,19
Jim,27670293,23
Jean,27670293,19
Dick,27670293,17
Ginko,26282750,6
Koharu,26282750,6
Tetsuro,26282750,2
Ella,474527,6
Sam,474527,3
Steppe,474527,2
Eliza,474527,21
Santini,474527,2
Lola,474527,6
Gerard,474527,10
Wolff,474527,23
Linda,24381383,22
Montclare,24381383,14
Jeke,3849792,10
Aira,3849792,4
Jack,13048086,12
Marion,13048086,6
Shige,32571554,21
Kantaro,32571554,6
Maggie,3463593,22
Rampion,3463593,22
Sorenson,3463593,13
Ursula,18149943,6
Giovanni,18149943,23
Hillary,18149943,13
Peter,18149943,6
Heidi,18149943,21
Clarissa,18149943,15
Bonelli,18149943,23
Chin,3584534,17
Lan,3584534,10
Ku,3584534,12
Sherman,3584534,6
Lewis,3584534,17
Kune,3584534,17
Lo,3584534,3
Hood,34760845,19
Clark,34760845,3
Bowery,34760845,22
Agis,34760845,17
Smith,34760845,10
Gunther,1204638,4
Fantaghir,11781740,4
Jackson,5593097,8
Marlow,5593097,11
Popper,5593097,9
Dickie,5593097,23
Farrow,5593097,24
Karla,5593097,2
Crawford,5593097,16
Fyodor,2480504,24
Vorobyanninov,2480504,3
Dostoevsky,2480504,9
Bender,2480504,20
Vorobyaninov,2480504,13
Bruns,2480504,10
Ugran,6062060,3
Ugrabuddhan,6062060,16
Arasan,6062060,2
Sangilimaayan,6062060,9
Rajguru,6062060,13
Buddy,29164086,3
Jenkins,29164086,23
Denton,29164086,17
Jones,29164086,0
Gabby,29164086,6
Ramirez,28679286,12
Diane,28679286,7
Ellen,14187360,4
Lin,14187360,13
Gomez,14187360,6
Vanner,14187360,24
Jill,2804211,13
Samantha,2804211,1
Scudder,2804211,3
Joanne,2804211,24
Cassie,2804211,3
Osborne,2804211,21
Tom,6612985,22
Rani,31133095,14
Ouseph,31133095,17
Eragon,1571097,3
Galbatorix,1571097,17
Saphira,1571097,3
Durza,1571097,0
Arya,1571097,1
Hollander,2397550,7
Emily,2397550,3
Glassen,2397550,0
Luffrono,2397550,11
Kaminski,603557,16
Samad,603557,16
Daskal,603557,7
Koverchenko,603557,21
Golikov,603557,4
Regalito,29417291,6
Yo,29417291,16
Enrique,29417291,3
Cassidy,17415962,13
Yeats,17415962,18
Sophia,11202796,5
Jennifer,11202796,16
Nopur,20168380,1
Claire,20168380,7
Lescot,20168380,6
Djorah,20168380,1
Di,9049730,4
Patton,9049730,20
Hung,9049730,1
Jie,4600711,17
Yanhong,4600711,18
Rui,4600711,3
Tiejun,4600711,10
Xiong,4600711,16
Davidson,29424022,20
Tiede,29424022,4
Nugent,29424022,4
Clark,18998739,21
Fingall,18998739,1
Morgana,18998739,3
Milner,18998739,17
Merlin,18998739,22
Maggie,8293411,7
Ben,8293411,15
Shel,8293411,13
Sepa,10815137,12
Cupang,10815137,10
Chayong,10815137,12
Elsa,10815137,3
Briggs,245515,20
MIKE,245515,3
Teresa,245515,17
Jeffries,245515,11
Banks,245515,12
Smith,245515,6
Graham,245515,3
Hurley,245515,11
Jacques,245515,19
Mike,245515,4
James,245515,14
Leo,245515,6
Laura,245515,3
Cooper,245515,6
Rosenfield,245515,22
Blackburn,245515,6
Ronette,245515,3
Renault,245515,6
Stanley,245515,13
BOB,245515,6
Pulaski,245515,1
Chet,245515,6
Palmer,245515,0
Desmond,245515,13
Marshall,245515,21
Dale,245515,21
Chalfont,245515,6
Leland,245515,3
Donna,245515,6
Cole,245515,6
O'Dowd,27420928,3
Stephen,27420928,6
Pat,27420928,13
Moira,27420928,11
Marius,27420928,7
nach,30039,2
Hitler,30039,17
Wiedergeburt,30039,12
Lutze,30039,3
Wagner,30039,7
Goebbels,30039,20
Hess,30039,21
Himmler,30039,11
Blutfahne,30039,3
Weltkrieges,30039,1
Blomberg,30039,20
Schirach,30039,11
Schramm,7871584,21
Marianne,7871584,3
Aniyan,26694002,10
Udhayan,26694002,19
Jyothi,26694002,10
Winnie,26694002,19
Nina,773089,21
MacKenzie,773089,21
George,773089,21
Eggelhoffer,773089,13
Banks,773089,6
Joanna,773089,19
John,773089,19
Annie,773089,6
Bryan,773089,6
Vidhya,22328317,21
Rao,22328317,18
Satya,22328317,3
Lincoln,5171974,2
Sammy,5171974,6
Emily,5171974,4
Lily,5171974,24
Wen,5171974,17
Bond,5171974,24
Moore,5171974,10
Billy,5171974,12
Hatton,3213541,6
Douglas,3213541,9
Elizabeth,3213541,17
Dudley,3213541,9
Throgmorton,3213541,4
Raleigh,3213541,24
Kelly,524813,24
Hale,524813,17
Terry,524813,6
Pritchett,524813,6
Carmichael,524813,8
Employee,30471090,18
Venjaramoodu,30471090,0
Anupama,30471090,20
Krishna,30471090,14
Harikrishnan,30471090,2
Alexander,30471090,4
Padamadan,30471090,4
Jackie,13443734,12
Thakurs,33007764,23
Jeevan,33007764,8
Mandakini,33007764,9
Singh,33007764,18
Lakhan,33007764,7
Joanna,18226465,23
Albert,18226465,5
Turner,5649246,14
Gigi,106262,2
Marshall,106262,3
Nick,106262,3
Darcy,106262,7
Perkins,106262,0
Lola,106262,5
Erin,106262,12
Dan,106262,24
McGuire,106262,21
Alex,106262,2
Fink,20168100,20
McGinnis,5101168,23
Lane,5101168,6
Olmstead,5101168,11
Goodall,5101168,17
Dixon,5101168,10
Frank,5101168,13
Bob,5101168,6
Andy,5101168,14
Clifton,2421596,4
Langdon,2421596,0
Robinson,2421596,16
Ames,24165798,12
Elisabeth,24165798,1
Banjo,24165798,17
Warren,24165798,2
Beth,23278626,6
Rachel,23278626,10
Moss,23278626,13
Roci,13287017,23
Lucero,13287017,0
Pablo,13287017,3
Hintten,15280057,6
Rigby,15280057,24
Carwood,15280057,0
Bealer,15280057,3
Fong,30298630,2
Chan,30298630,16
Moreland,30298630,20
Blake,26282777,16
Francesca,26282777,7
Charlie,26282777,6
Jim,26282777,21
Moretti,26282777,14
Owen,26282777,8
Marie,26282777,23
Alice,26282777,6
Dora,34541743,3
Mikky,34541743,20
Luisito,34541743,13
Kang,34541743,16
Hae,34541743,7
Barry,34541743,6
Johnson,34541743,6
Daniel,34541743,3
Gertrude,34541743,3
Kimmy,34541743,1
Barclay,30366792,17
McCuskey,30366792,4
Bosuto,30366792,18
Autry,30366792,8
Frog,30366792,23
Dunbar,30366792,11
Cardigan,30366792,6
Johnson,30366792,6
Gwen,30366792,4
Gene,30366792,17
Namba,30366792,11
Tex,30366792,3
Fred,5240350,10
McClatchie,5240350,21
Chi-Hsing,16024773,6
Lin,16024773,23
Tang,16024773,18
Niang,16024773,7
Chai-Chu,16024773,7
Tseng,16024773,18
White,11217280,8
Buddy,11217280,6
Joely,11217280,0
Kate,11217280,3
Reno,11217280,5
Mercer,11217280,3
Arlen,11217280,21
George,28715960,4
Cory,28715960,8
Regina,28715960,23
Gamera,2718584,3
Ayana,2718584,4
Asagi,2718584,17
Nagamine,2718584,23
Iris,2718584,16
Gyaos,2718584,22
Shinji,2718584,6
Asukura,2718584,9
Kitty,19005561,2
Hunter,19005561,0
Mike,19005561,7
McCarthy,19005561,1
Spiggott,685440,23
Moon,685440,13
Peter,685440,6
Barrett,685440,6
George,685440,21
Luna,685440,23
Freud,685440,8
Margaret,685440,13
Stanley,685440,6
Rousseau,685440,8
Beryl,685440,7
Dempsey,21137576,5
White,3099675,11
Sam,3099675,16
Carlyn,3099675,7
Frank,3099675,24
Weitz,3099675,14
Charlie,3099675,14
Hank,3099675,24
Chuck,3099675,21
Buck,3099675,6
Paul,944960,21
Elvira,944960,16
Noel,944960,2
Aaron,3648312,14
Angela,3648312,2
Aaron,20922800,13
Rodriguez,20922800,3
Kroft,20922800,7
Jason,20922800,6
Copeland,20922800,3
Samantha,20922800,13
Sullivan,20922800,20
Eckert,20922800,24
McGill,20922800,18
Cook,26248852,1
Lockhart,26248852,21
Celeste,26248852,20
Krista,26248852,3
Abby,26248852,3
Jay,26248852,6
Kepler,26248852,20
Mike,26248852,16
Jensen,26248852,8
Bey,4050489,12
Yelena,4050489,16
Kuzmina,4050489,14
kulak,4050489,12
Verette,9362656,14
Verrett,9362656,8
Sandy,935950,3
Laird,935950,14
Streible,28703057,14
Corbett,28703057,4
Sullivan,28703057,11
Siler,28703057,0
Agnes,35005329,23
Dandolo,28525801,21
Leonora,28525801,23
Lyman,920062,6
Megan,920062,13
Barclay,920062,7
Myles,920062,6
Johannsen,920062,5
McKeeson,920062,9
Woodley,920062,13
Elsa,8690279,9
Leo,29462138,21
Collins,29462138,21
Jeremy,29462138,3
Rita,29462138,6
Thornton,29462138,1
Bill,29462138,23
Paige,29462138,0
Martini,6873410,2
Slymenstra,6873410,16
Oderus,6873410,16
Skulhedface,6873410,22
Forbes,19048332,12
Berkeley,19048332,19
Scott,19048332,9
Gallo,11453579,17
Grey,11453579,7
Teddy,11453579,3
Gwen,11453579,17
Bath,11453579,9
Stravinsky,11453579,1
Aguinaldo,23969020,4
Miguel,23969020,23
Rodriguez,23969020,23
Chayong,23969020,23
Charlie,5971762,1
Regina,5971762,24
Lambert,5971762,20
Hiranyakashipu,32751118,8
Vishnu,32751118,4
Johnny,24029496,15
Sohapi,24029496,12
Lydia,24029496,23
Mother,24029496,21
Bingham,23168010,17
Alette,17112291,8
Brandon,17112291,21
Korch,17112291,23
Bloomwood,17112291,12
Rebecca,17112291,6
Salatin,31421277,6
Allen,31421277,24
Jacqueline,27584028,21
H,27584028,9
Stephen,27584028,21
O.,27584028,23
Anne-Marie,27584028,7
Jones,12706080,20
Katherine,11959646,2
Davis,24508400,11
Divya,5004716,6
Vinod,5004716,3
Aadhi,5004716,4
Kumar,662746,16
Shyamlal,662746,21
Ramu,662746,5
Kundanlal,662746,1
Rekha,662746,21
Harry,4417478,6
Hoffa,4417478,15
Bannerman,4417478,22
Cooper,24200785,5
Hollister,24200785,14
Martin,24200785,18
Hickok,24200785,0
Shirley,14573459,10
Flo,14573459,10
Mary,14573459,10
Tyrrell,14573459,5
Nigel,21871346,5
Willets,9322953,17
Enoch,26889567,13
Annabel,26889567,21
Gray,33207268,22
Rodriguez,33207268,8
Francine,33207268,6
Pfeiffer,33207268,5
Dale,33207268,19
Donahey,33207268,5
Evans,33207268,6
Banks,33207268,6
Wilson,33207268,12
Ginsburg,33207268,13
Cabell,3015828,18
Anitra,3015828,4
Asmodeus,3015828,17
Cyon,3015828,2
Sebastian,3015828,13
Manor,3015828,24
Qualus,3015828,13
Ham,3015828,23
Mitri,3015828,23
Hamilton,3015828,13
Geoffrey,3015828,3
Kline,3090812,12
Sanderson,3090812,10
Morton,3090812,12
Littlejohn,4813288,2
Jody,4813288,17
Varner,4813288,21
Clara,4813288,13
Eula,4813288,20
Stewart,4813288,24
Quick,4813288,3
Yuanzhi,26599616,11
Emperor,26599616,7
Qi,26599616,22
Nell,32896071,21
Gilden,32896071,15
Gilder,32896071,15
Peggy,32896071,2
Garvin,32896071,6
Geoffrey,32896071,8
Berrigan,6060885,22
Collogero,6060885,13
Marco,6060885,15
Mike,24572702,9
Harlan,24572702,20
Mahatre,28973039,7
Divya,28973039,23
Rana,28973039,3
Chhaya,28973039,23
Singh,28973039,8
Barbara,34771652,19
Sandman,31070060,4
Palm,11765429,22
Maggie,11765429,6
Tom,11765429,6
Sarah,11765429,20
Olly,11765429,3
Miki,11765429,6
Luisa,11765429,6
Cassin,2285357,21
Nanette,2285357,2
Leon,2285357,13
Cindy,3845803,20
Dad,3845803,6
Poultra,3845803,6
Jimmy,3845803,6
Neutron,3845803,12
Goobot,3845803,3
Peng,10777972,11
Ping,10777972,5
Liang,10777972,11
Mao,10777972,11
Sam,9415710,4
Donner,9415710,14
Kesslee,9415710,17
Rebecca,9415710,4
Girl,9415710,4
Howe,30548208,4
Reagan,30548208,1
Neave,30548208,11
Mark,30548208,13
Heseltine,30548208,14
Thatcher,30548208,16
Margaret,30548208,13
Heath,30548208,18
Cinderella,24016193,16
Artemir,32307438,15
Damara,32307438,10
Blackthorne,32307438,15
Gogh,7784121,9
Tracy,7784121,6
Michael,7784121,6
Jensen,7784121,3
Kenny,7784121,23
Monroe,7784121,13
Sara,7784121,21
Grant,20795238,17
Blakey,20795238,3
Lewis,20795238,23
Stan,20795238,15
Jack,20795238,14
Swarbrick,12795377,3
Wyre,12795377,0
Annie,12795377,15
Eleonora,35303280,3
Leslie,35303280,15
Karl,35303280,22
Merliah,26328632,3
Break,26328632,3
Hadley,26328632,23
Kayla,26328632,24
Eris,26328632,23
Zuma,26328632,23
Boop,28207765,4
Harry,2538123,17
Andrea,2538123,0
Parker,2538123,22
Stewart,2538123,0
Trevor,2538123,3
Richards,2538123,10
Anson,2538123,3
Giller,2538123,6
Clive,2538123,13
Chris,2538123,11
Shahnawaz,2538123,7
Clarke,2538123,24
Ranvir,5548592,3
Sonia,5548592,3
Rajiv,5548592,6
Singh,5548592,23
Kabir,5548592,5
Ahmat,16915874,23
Gavin,16915874,17
Martijn,16915874,20
Youseff,16915874,17
Gratz,23669013,15
MacDonald,23669013,22
Buck,23669013,17
Lang,23669013,14
Lou,21618542,3
Donna,21618542,23
Pelikan,21618542,3
Mona,21618542,2
Mash,8628620,18
Gopi,8628620,4
Mukesh,8628620,20
Balan,8628620,11
McAlpine,3376392,24
Parsons,3376392,17
Mary,3376392,3
Corky,3376392,1
Jackie,3376392,1
Jones,36132343,8
Scooby,36132343,24
Amy,5975630,21
Jo,5975630,13
Art,5975630,17
Martin,5975630,21
Chandler,5975630,17
Jordan,5975630,15
Beiderbecke,5975630,12
North,5975630,12
Smoke,5975630,0
Hazzard,5975630,18
Willoughby,5975630,4
Andrews,6524086,3
Lightoller,6524086,20
Fox,6524086,18
Murdoch,6524086,3
Rostron,6524086,1
Smith,6524086,18
Joughin,6524086,23
Ross,217750,21
DeLeon,531747,14
Satch,531747,21
Sullivan,531747,20
Frank,531747,21
Julia,531747,2
Shepard,531747,23
John,531747,3
Cynthia,27978764,11
Nichols,27978764,24
O'Connell,27978764,20
Lynn,27978764,15
Jackson,27888833,19
Williams,27888833,10
Hart,27888833,9
Zora,27888833,6
Ippolito,27888833,17
Savage,27888833,11
Marie,27888833,3
Billy,27888833,17
Phoebe,27888833,3
Graham,24155754,23
Walker,24155754,24
Jaafar,20008114,20
Jun,33324775,16
Polo,24577764,24
Marco,24577764,24
Douglas,798584,16
Haney,798584,6
Tanner,798584,23
Fleming,798584,10
Kramer,798584,6
Reynolds,798584,9
Heard,798584,22
Rita,798584,5
Witnaur,798584,14
Hollis,798584,1
Rathi,22265682,2
Pappu,22265682,2
Brodie,236651,16
Mosier,236651,9
Jones,236651,15
Lee,236651,10
Tricia,236651,6
Bruce,236651,6
Bob,236651,16
T.S.,236651,21
Svenning,236651,6
Jared,236651,12
Hamilton,236651,8
Quint,236651,6
Jay,236651,17
Hicks,236651,24
Semra,26524826,19
Kerem,26524826,11
Gionoffrio,9830229,19
Minnie,9830229,6
Hill,9830229,13
Marcato,9830229,11
Terry,9830229,6
Evans,9830229,3
Woodhouse,9830229,23
Rosemary,9830229,3
Elise,9830229,20
Sapirstein,9830229,21
n,9520953,3
Teresa,9520953,3
Flynn,16749397,5
O'Dea,16749397,2
Caan,16749397,24
Krishnaveni,24479315,1
Siva,24479315,4
Peter,13022883,16
M.D.,13022883,15
Nichols,10688518,16
Jolene,10688518,19
Cronkite,11020901,15
Krankheit,11020901,13
Gigi,27306334,13
Lam,27306334,13
Tun-wong,27306334,3
Lewis,16143062,20
Finch,16143062,5
Hatchett,16143062,3
Merlin,16143062,10
Colby,16143062,6
Ray,7605182,6
Veronica,7605182,4
Jorge,7605182,3
Adriana,7605182,3
Megan,22872100,3
Samantha,22872100,3
Hughes,22872100,12
Ulman,22872100,6
Javed,26088981,5
Roy,26088981,24
Ifti,26088981,17
Annie,26088981,13
Janet,3132637,20
Rosario,3132637,0
Cormack,3132637,3
Daryl,22735303,6
Vanessa,22735303,6
Allen,22735303,7
Dietrich,22735303,19
Ahmad,22735303,24
Blake,28138971,17
Hudson,28138971,17
Keith,28138971,19
Dolores,28138971,17
Pinarski,32629206,24
Kalluweit,32629206,23
Mala,32629206,18
torff,32629206,22
Stefan,32629206,4
Gertrud,32629206,21
Schneider,32629206,6
Habersaat,32629206,24
Frank,32629206,17
Heyer,32629206,24
Palvner,32629206,16
Peiru,31910718,21
Zhendong,31910718,21
Rameshan,28275706,14
Satheeshan,28275706,14
Menon,28275706,12
Gounder,28275706,20
Madhavan,28275706,14
Saxena,11140687,16
Abirami,11140687,2
Janakaraj,11140687,3
Janaki,11140687,0
Haasan,11140687,19
Guna,11140687,2
Taylor,25337747,23
Delauney,25337747,14
Theodore,25337747,15
Patterson,25337747,18
Teddy,25337747,13
Charles,25337747,6
Saunders,25337747,15
Andre,25337747,10
Malcolm,25337747,6
McLeod,20872587,14
Mayer,20872587,14
Stapleton,20872587,22
Marsden,20872587,9
Stockman,20872587,0
Robinson,20872587,8
Varadarajan,36057880,18
Pandian,36057880,24
Srinivasan,24472535,16
Arjun,24472535,6
Archana,24472535,24
Johnson,24472535,12
Jed,9609346,2
Williams,9609346,0
Hall,9609346,8
Yasha,31478629,20
Mazur,31478629,3
Wolsky,31478629,24
Hackett,27474133,14
Ann,32657867,2
Rudd,32657867,10
Entwistle,32657867,18
Jim,32657867,15
Webster,32657867,3
McDowell,31528868,14
Molly,31528868,24
Hagney,31528868,14
Patrick,31528868,3
Winters,31528868,12
Mamie,31528868,4
Joe,31528868,12
Brian,31528868,1
Pearce,28413162,3
Jones,28413162,13
Frank,28413162,4
Clifton-Ward,28413162,3
Tupelo,28413162,24
Elise,28413162,3
Shaw,28413162,17
Acheson,28413162,13
Welling,13900943,11
Caldwell,13900943,19
Cartier,13900943,9
Hastings,13900943,9
Barbie,13900943,15
Milan,13900943,1
Reynolds,13900943,18
Ryan,13900943,6
Torrance,13900943,20
Blaine,13900943,16
Desiree,13900943,8
Sivaranjani,11140631,17
Divya,11140631,6
Indrajeet,11140631,3
Klauser,1503023,13
Josch,1503023,13
Blackhawk,29659855,15
Bauman,29659855,18
Vernon,29659855,18
Parshall,29659855,2
Markham,29659855,4
Patterson,29659855,10
Evans,29659855,7
Mr.,5186681,19
Gallini,2162119,15
Gallinis,2162119,11
Matthew,2162119,10
Andrew,2162119,3
Antonio,2162119,15
Dudley,2162119,13
Elmwood,2162119,16
Larabee,2162119,21
Fairchild,2162119,16
Selena,2162119,6
Zorica,34821308,24
Joe,4609022,14
Dan,4609022,12
Hauser,101998,2
Daumer,101998,7
Beni,36045246,23
Mae,36045246,6
Rendy,36045246,3
Eman,36045246,23
Guntoro,36045246,21
Nyai,36045246,21
Arthur,8260752,6
Mark,8260752,1
LeBlanc,8260752,18
Terry,8260752,14
Nikki,8260752,14
Dors,8260752,24
Childs,8260752,19
Chisholm,8260752,14
South,8260752,23
Annie,8260752,15
Cole,8260752,0
Jesus,7517861,21
Kosi,7517861,11
Thomasson,20066145,21
Stahr,685720,5
Dattanna,31939665,17
Johny,31939665,13
Gubbi,31939665,10
Bonda,31939665,5
Rakesh,31939665,8
Raghu,31939665,1
Rangayana,31939665,5
Naam,31939665,19
Vijay,31939665,5
Arena,3661762,23
Timarchus,3661762,0
Mamawi,3661762,4
Sandy,3152877,2
Pellet,3152877,5
Al,3152877,23
Chester,3152877,24
Scully,3152877,15
Faraday,23184272,18
Ruth,23184272,21
Kamilla,23184272,13
Durai,34234169,5
Thangam,34234169,0
Mani,34234169,2
Kavitha,34234169,24
Duria,34234169,7
Mittal,25433944,21
Joy,25433944,0
Brooks,9695354,14
Maggie,9695354,6
Bill,9695354,4
Whitey,9695354,14
Dan,9695354,3
Pettigrew,9695354,12
Alice,9695354,14
Higgins,9695354,11
Albini,2750304,7
Willis,2750304,2
Kinko,2750304,20
Hsiang,10931140,1
Lan,10931140,17
Xinyi,10931140,12
Marshall,10931140,15
Mi,10931140,20
Chang,10931140,12
Ma,10931140,14
Li,10931140,7
Raina,31521717,22
Bohun,12765604,20
Betty,12765604,21
Bixby,12765604,10
Locke,12765604,18
Hogan,12765604,3
Rita,24970545,2
Jacqueline,24970545,13
Struutz,24970545,3
Anna,20986251,3
Ronny,20986251,3
Eddie,20986251,19
Karl,20986251,19
Kumar,11537813,14
Kothari,11537813,13
Prasad,11537813,12
Patel,11537813,9
Nisha,11537813,2
Anand,11537813,14
Marudhamalai,11320437,3
Nila,11320437,14
Maasi,11320437,4
Othenan,18004274,18
Chanthu,18004274,18
Ambadi,18004274,23
Chandrappan,18004274,8
Moyideen,18004274,0
Kunjilakshmi,18004274,6
Kuruppu,18004274,18
Lynne,25955274,6
Leo,25955274,6
Samantha,25955274,12
Marshall,25955274,6
Zane,25955274,19
Terry,25955274,24
Lindsey,25955274,4
Lively,25955274,17
Rhodes,25955274,13
Sean,25955274,17
Dovereux,24598944,23
Nefesh,20511727,23
Nir,20511727,17
Moon,1954206,11
Hollander,21739909,15
Krojak,21739909,18
Marion,21739909,2
Susan,21739909,13
Magee,21739909,5
Kuwata,11310867,4
Asai,11310867,1
Miyata,11310867,3
Ragnar,18689180,20
Enberg,18689180,9
Madonna,22740168,10
Matteo,3656559,4
Krishnayya,3656559,5
Chitra,3656559,12
Stalin,3656559,3
Sumati,3656559,0
Bender,18647257,24
Gilliad,18647257,4
Hercules,8427316,12
Trotter,8427316,7
Smith,8427316,23
Marvin,8427316,17
John,7544443,2
Elizabeth,7544443,1
Wolf,14850708,11
Tik,14850708,22
Ong,14850708,4
Yin,14850708,4
Suen,14850708,9
Bumbarash,15221159,7
Red,15221159,8
Winston,26761990,16
Quixote,26761990,24
Viol,26761990,5
Thomas,26761990,18
Guthrie,26761990,12
God,9653767,5
Zahedi,9653767,11
Fenn,3309192,15
Lynch,3309192,16
Hitler,17120190,1
Jane,17120190,3
Maria,601923,19
Peter,601923,21
Margit,601923,21
Suzanne,601923,2
O'Brian,5590914,3
Dennis,5590914,15
Coot,5590914,4
Howard,5590914,3
Jenny,5590914,16
Johnson,5590914,10
Hallenbeck,5590914,18
Gissing,5590914,13
Rex,5590914,5
O'Brien,5590914,4
Lawrence,2094253,21
Firth,2094253,1
MC,2094253,18
Beatrice,9092451,1
Elizabeth,9092451,3
Gordon,9092451,2
Joyce,9092451,0
Stanley,9092451,6
Gray,21070862,10
Clark,21070862,21
Wangler,21070862,0
Gabe,26460996,6
Louie,26460996,6
Nair,18975264,21
Neeli,18975264,2
Nalini,18975264,16
Polly,23463534,12
Tom,23463534,3
Finn,23463534,21
Sawyer,23463534,17
Becky,23463534,5
Joe,23463534,17
Thatcher,23463534,2
Potter,23463534,24
Yuki,32293582,22
Wilson,24027834,2
Stone,24027834,9
Andy,24027834,12
Hardy,24027834,21
Pedelty,15112212,7
Killifer,449547,3
Krest,449547,20
MI6,449547,11
Pam,449547,22
Truman-Lodge,449547,23
Dario,449547,17
Leiter,449547,4
Fallon,449547,11
Bond,449547,4
Sanchez,449547,4
Roberts,7830482,6
Yancy,7830482,23
Craig,7830482,6
Sonny,7830482,6
Jimmy,7830482,21
Robin,7830482,23
Crocco,7830482,13
Appleday,7830482,14
Basanti,648216,11
Veeru,648216,3
Gabbar,648216,24
Singh,648216,18
Jai,648216,6
Radha,648216,15
Thakur,648216,3
McTavish,7634531,9
Bishop,7634531,2
Darby,7634531,21
Rosen,7634531,4
Dittmann,7634531,14
Burns,7634531,20
Liao,14838849,16
Zhuli,14838849,6
Bai,14838849,21
Luohua,14838849,21
Luting,14838849,5
Shi,14838849,17
Ross,18471018,19
Jordan,18471018,16
Laurie,18471018,23
Donovan,18471018,4
Stratten,1683515,23
Zack,1683515,3
Jake,1683515,20
Olivia,1683515,13
Foster,1683515,1
Elvis,1683515,17
Susan,1683515,17
Frankie,1683515,6
Butch,1683515,20
Truelove,1683515,4
Martinez,1683515,22
Mazursky,1683515,11
Keith,1683515,3
Alma,1683515,12
Johnny,1683515,6
Thornton,1683515,9
Julie,1683515,6
Sonny,1683515,13
Linda,4851257,4
Hansen,4851257,6
Ashley,4851257,6
Birch,4851257,2
Smith,4851257,17
Terri,4851257,17
Robert,4851257,11
Colby,4851257,3
Joshua,3815680,13
Ray,3815680,6
Lauren,3815680,6
Bell,3815680,21
Warren,5874219,4
Chad,5874219,1
Rogers,5874219,9
David,5874219,6
Moco,326446,4
Azul,326446,17
Domin,326446,6
Wajda,12352451,16
Samson,12352451,2
Wadja,12352451,7
Mili,556974,6
Kamal,556974,19
Munna,556974,21
Luna,26122958,13
Amar,26122958,6
Ellison,7273232,21
Colbert,7273232,13
Christy,7273232,22
Howard,7273232,11
Angel,7273232,3
Curtis,7273232,13
Sono,7667364,23
Aochi,7667364,3
Nakasago,7667364,21
Koine,7667364,4
Sayaka,2951156,2
Goutetsu,2951156,3
Fuka,2951156,4
Gouki,2951156,8
Hadou,2951156,17
Ryu,2951156,3
Hadouken,2951156,22
Ken,2951156,6
Ian,3909180,6
Hempstall,3909180,24
Annik,3909180,21
Tony,3909180,6
Gretton,3909180,7
Anderson,3909180,19
Wilson,3909180,21
Morris,3909180,23
Debbie,3909180,21
Woodruff,3909180,9
Lewis,3909180,12
Sumner,3909180,21
Natalie,3909180,13
Curtis,3909180,0
Jayaram,11140795,14
Menon,11140795,24
Johnson,11140795,2
Benjamin,16781552,1
Regina,16781552,15
Bagtry,16781552,11
Hubbard,16781552,21
Sincee,16781552,4
Oscar,16781552,3
Sebas,8770396,23
Pablo,8770396,6
Healy,6695231,6
Revere,6695231,15
Tinghoff,2324846,10
Cahill,2324846,18
Stites,2324846,12
Tory,2324846,6
Skinner,2324846,19
Chris,2324846,3
Raj,13180264,13
Puli,13180264,17
Maggie,12839891,7
Gates,12839891,10
Janet,8829690,3
Matthias,8829690,13
Johnny,8829690,21
Hall,8829690,23
MacFarquhar,8829690,5
Helen,8829690,3
Rosemeyer,1145761,10
Thomas,1145761,23
Jones,1145761,17
Schmidt,1145761,18
Smith,1145761,17
Turner,1145761,17
Elison,1145761,11
MacPherson,1145761,17
Carnaby,1145761,20
Mary,1145761,21
Rolland,1145761,21
Kramer,1145761,13
Adler,1145761,3
Schaffer,1145761,3
Christiansen,1145761,17
Harrod,1145761,10
Heidi,1145761,11
McCarthy,1145761,17
Eliot,23759625,2
Quinn,23759625,15
Cathkart,23759625,21
Holmes,11507737,17
Galeano,7883438,3
Driscoll,7883438,12
Oliver,7883438,4
Belicec,7883438,12
Kaufman,7883438,18
Tucker,7883438,6
Ben,7883438,16
Bennell,7883438,8
Yorish,7883438,8
Carol,7883438,3
Katie,10320328,3
Grimes,10320328,15
Keller,10320328,13
Cole,10320328,6
Robbie,35527324,13
Stevens,35527324,24
Joy,35527324,6
Royce,35527324,18
Townsend,35527324,7
Parker,35527324,19
O'Brien,35527324,10
Wally,35527324,1
Neil,35527324,17
Whitney,35527324,19
Woody,20721001,3
Woodpecker,20721001,12
Strudel,20721001,18
Deutsch,2080825,7
Tanner,2080825,23
Barrett,2080825,0
Daniel,2080825,16
Fischer,2080825,3
Belasco,2080825,24
Edith,2080825,13
Winnegar,14832787,7
Cadwallader,14832787,1
Warren,14832787,14
Howard,14832787,16
Greene,14832787,24
David,14832787,21
Bock,29677455,16
Chuikov,29677455,22
Hitler,29677455,1
Blau,29677455,18
Veronica,33273644,15
Routledge,35117027,6
Griffin,35117027,0
Masilela,35117027,22
Bobo,35117027,22
Hartman,35117027,0
Dash,35117027,19
Lakshmaner,3894665,12
Chowdhury,3894665,5
Tagore,3894665,14
Rama,3894665,8
Pala,3894665,16
Dutt,3894665,23
Samaj,3894665,12
Ray,3894665,13
Tabol,3894665,7
Shaktishel,3894665,20
Chatterjee,3894665,11
Diary,3894665,2
Raymonde,18703589,23
Ren,18703589,17
Lecouvreur,18703589,16
Pierre,18703589,17
Edmond,18703589,6
Renee,18703589,6
Lewis,3317165,6
Tucker,3317165,19
Universe,504242,7
Inara,504242,23
Mal,504242,6
Kaylee,504242,0
Miranda,504242,9
Reynolds,504242,17
River,504242,14
Zoe,504242,17
Simon,504242,6
Tam,504242,0
Harry,18514527,6
Nikolai,8020399,3
Emily,8020399,6
Jones,8020399,5
Natalie,8020399,14
Marie,8020399,3
Stanford,3889952,9
Tara,3889952,6
Suzuki,3889952,17
Larry,3889952,2
Dean,28355282,18
Smith,28355282,21
Gephardt,28355282,1
Nina,24539635,14
Blume,24539635,14
Manny,1582683,23
Balestrero,1582683,22
Rose,1582683,16
O'Connor,1582683,24
Vinod,26022310,16
Karthika,26022310,24
Wernher,877044,4
Greene,877044,20
Briteis,877044,16
Moore,877044,1
Tutarinov,21061501,8
Keenan,4110642,6
McCarthy,4110642,0
Whitman,2040174,6
Michael,2040174,17
Oona,2040174,18
Pepe,32309840,3
Pew,32309840,8
Garven,16208244,14
Sam,16208244,13
Egan,16208244,7
Hurley,16208244,9
Ashton,16208244,17
Kay,16208244,24
Fleming,16208244,6
Moore,16208244,4
Wally,1800944,14
Caterham,1800944,8
Delia,1800944,20
Pinner,1800944,6
Man,1800944,7
Sandman,1800944,14
Hancock,1800944,11
Skynyrd,2063141,21
Wydell,2063141,3
Jimmy,2063141,18
Marx,2063141,15
Ray,2063141,22
Otis,2063141,3
Gloria,2063141,3
Forsythe,2063141,24
Altamont,2063141,12
Adam,2063141,4
Firefly,2063141,4
Roy,2063141,2
Rufus,2063141,17
Charlie,2063141,7
Spaulding,2063141,3
Baby,2063141,3
Fullerton,20297563,6
Warren,20297563,9
Vincent,20297563,2
Lee,20297563,13
Bristow,20297563,15
Bullit,20297563,18
Ken,20297563,6
Bill,20297563,6
Astral,3751460,23
Flannery,35969103,19
Colosimo,35969103,8
Maureen,35969103,20
Weiss,35969103,24
Moran,35969103,17
Torrio,35969103,17
Keely,35969103,18
O'Bannion,35969103,9
Capone,35969103,21
Schaefer,35969103,1
Aso,3445885,3
Woman,3445885,17
Man,3445885,17
Seikichi,3445885,13
Hiroshi,3445885,17
Mochizuki,3445885,23
Fudd,1641416,23
Elmer,1641416,3
Doc,1641416,2
Sopha,19133615,19
Rockwell,19133615,17
Poisson,19133615,19
Fife,19133615,12
Ives,22540979,19
Powell,22540979,22
Harrison,22540979,14
Kapoor,33323341,5
Tilson,1388981,13
Pinski,1388981,4
Leah,1388981,16
Ferguson,1388981,17
Dale,1388981,16
Massie,1388981,0
Stephanie,1388981,13
Jerri,2530377,0
Muriel,9442979,16
Cato,18926657,15
Greco,18926657,15
Anna,18926657,3
Kelly,18926657,15
Antonio,18926657,3
Candelas,18926657,2
Pedro,18926657,24
Powell,18926657,14
Bentley,18926657,20
Diego,18926657,24
Teruel,18926657,17
Massine,18926657,9
McClearly,3220552,11
Chapman,3220552,10
Allison,3220552,23
McCleary,3220552,23
Barnes,3220552,6
Forbes,26044505,21
Rita,964721,22
Henderson,964721,20
Whitehorse,964721,23
Enders,964721,3
Yahzee,964721,4
Delton,6322722,19
Angela,6322722,2
Dixie,6322722,13
Price,6322722,2
Claire,28551215,24
Burns,28551215,17
Taylor,88609,13
Scott,88609,12
Vulcan,88609,9
Chekov,88609,4
George,88609,3
Bird-of-Prey,88609,18
Uhura,88609,6
Spock,88609,16
Kirk,88609,4
Sternberg,24004275,1
Lumaconi,30690327,18
Mok,30690327,12
Mildred,19554323,12
Berrigon,19554323,3
Kyle,19554323,23
Carson,19554323,18
Kate,19554323,24
Jonas,19554323,17
Morgan,19554323,0
Gravytrain,27134958,12
Ana,10026747,9
Thomas,10026747,16
Anne,4530423,5
Donald,1392986,3
Sandy,1392986,3
Lou,1392986,12
Peter,1392986,8
Carl,1392986,13
Ed,1392986,6
Alice,1392986,3
Marsh,8267742,11
Bennett,8267742,22
Haruchi,8267742,12
Kir,16921881,3
Herman,12212954,3
Gill-Man,12212954,7
Gateman,12212954,7
Eddie,12212954,21
Pamela,2805108,24
Quid,2805108,3
Rushworth,2805108,11
Stuart,27782311,15
Phyllis,27782311,3
Carter,27782311,3
Down,27782311,21
Anderson,27782311,11
Doc,27782311,13
Brown,27782311,20
Siu,10934134,23
Kim,10934134,20
Dennis,11925733,13
Evans,11925733,6
Schweinhafen,11925733,16
Eaker,11925733,20
Jenks,11925733,13
Garnet,11925733,10
Martin,11925733,6
Carwood,11925733,21
Kanes,11925733,13
Arnold,11925733,1
Malcolm,11925733,6
Kane,11925733,6
Alou,22081857,24
Ammon,2905998,10
Tony,40672,6
Stansfield,40672,6
Lando,40672,5
Mathilda,40672,3
Leone,40672,24
Megan,5501952,13
Carrie,5501952,13
Kern,5501952,10
Holly,5501952,12
Gillian,5501952,21
Josh,5501952,15
Fairchild,5501952,6
Harvey,5501952,23
Belmont,5501952,10
Wara,29408584,1
Parry,171051,21
Anne,171051,19
Knight,171051,23
Jack,171051,3
Lucas,171051,23
King,171051,13
hen,7771466,4
Pig,7771466,18
Porky,7771466,3
Satyanarayana,25440524,16
Chiru,25440524,18
Galbraith,26011350,22
Szlovak,6199153,3
Carpenter,6199153,11
Zimmer,6199153,19
Tim,5157418,16
Flo,5157418,19
Hotte,5157418,16
Manowsky,5157418,2
Nele,5157418,9
Maik,5157418,3
Richard,5343145,22
Riot,5343145,7
Maurice,5343145,3
Dill,5343145,17
Sam,8899981,3
Johnny,8899981,3
Kapahala,8899981,5
Jared,8899981,6
Tsunami,8899981,22
Kama,8899981,19
Carla,8899981,7
Chris,8899981,3
Harmon,35159749,10
Thomas,35159749,16
Jones,35159749,1
Abby,35159749,6
Lynn,35159749,7
Kramer,103026,22
Margaret,103026,16
Ted,103026,6
Billy,103026,21
Joanna,103026,6
Janet,35754303,23
Miller,35754303,24
Patterson,35754303,9
Leslie,35754303,4
Oakes,19524834,4
Sheriek,19524834,10
Mostyn,19524834,17
Chekhov,19524834,14
Iris,19524834,22
Rico,5134079,3
McGinley,5134079,11
Dupre,5134079,5
Killa,5134079,16
Larry,5134079,9
Elise,5134079,9
Daddy,5134079,12
Lance,5134079,5
Levin,35789374,18
Hansson,35789374,21
Paul,30872204,3
Lana,30872204,3
Brady,5493659,18
Fitzwaring,3492340,12
Petersham,3492340,8
Stern,3492340,12
Fuller,3492340,22
Cornell,3492340,4
Lang,3492340,22
Corey,3492340,1
Roy,3305827,6
Jill,3305827,23
Burt,3305827,17
Thelma,3305827,3
Joyce,3305827,15
Simpson,8866943,8
Rankin,8866943,9
Nelson,8866943,9
Ortiz,11220590,13
Clarridge,11220590,13
Hunt,11220590,18
Chavez,11220590,2
Pinochet,11220590,0
Pilger,11220590,6
Witt,11220590,24
Donald,21325575,2
Caius,21678052,0
Burke,21678052,18
Maria,21678052,4
Felix,21678052,17
Tanner,21678052,11
Cullen,21678052,18
Riley,21678052,17
Jasper,21678052,24
Edward,21678052,6
Seth,21678052,17
Jane,21678052,6
Victoria,21678052,17
Jacob,21678052,3
Biers,21678052,6
Bree,21678052,16
Charlie,21678052,12
Black,21678052,4
Clearwater,21678052,8
Alice,21678052,3
Miller,24135578,18
Marcelline,24135578,23
Petrovna,24135578,9
nchez,11667699,13
Luisa,11667699,21
Lily,25131085,9
Lam,25131085,23
Angel,25131085,6
Nino,9221733,3
Angela,9221733,10
Cosima,4483482,21
Wagner,4483482,3
Hitler,4483482,20
Chopin,4483482,5
Carolyn,4483482,6
Siegfried,4483482,8
Hans,4483482,12
Liszt,4483482,3
Marie,4483482,6
Judson,2404582,0
Hammond,2404582,9
Bianca,5321895,7
Biancas,5321895,15
Manson,5321895,18
Hatkins,5321895,21
Hanson,5321895,12
Charlie,5321895,4
Hate,5321895,1
Disraeli,7222016,5
Victoria,7222016,5
Pattelar,7759122,17
Saroja,7759122,3
Thommy,7759122,3
Rosendo,35785369,14
Sonia,35785369,8
Bates,3166983,17
Willie,3166983,5
West,3166983,24
Scourby,24036235,15
Fechter,24036235,19
Adams,14038231,6
Dracula,14038231,4
Uday,25893588,17
Kaveri,25893588,2
Babu,25893588,22
Sharma,25893588,0
Mohan,25893588,17
Shankar,25893588,6
Kasai,25893588,18
Deshmukh,25893588,5
Camille,10146400,4
Trimble,14997446,6
Safiya,31383930,21
Ajayan,31383930,2
Deepu,31383930,15
Shannon,30273553,8
Cook,30273553,6
Benicio,30273553,18
Irene,30273553,6
Rose,30273553,17
son,30273553,19
Blanche,30273553,17
Davis,15117659,16
Puckett,15117659,18
Lorca,13403078,8
Jos,13403078,2
Miguel,13403078,2
Laura,70508,22
Jesson,70508,6
Fred,70508,9
Messiter,70508,21
Coward,70508,3
Alec,70508,6
Dolly,70508,9
Harvey,70508,10
Productions,8702038,24
Philip,8702038,16
Phillip,8702038,6
Paul,3648503,18
Manny,3648503,17
Rodriguez,3648503,21
Maria,3648503,4
Kaprov,3648503,12
Kathryn,3648503,17
Shriker,3648503,17
Bennett,3648503,6
Kersey,3648503,3
Hector,3648503,18
Davis,3648503,11
Fraker,3648503,4
Abdul,9040455,6
Pradhan,9040455,6
Badshah,9040455,3
Raju,9040455,21
Sultan,9040455,19
Sapna,9040455,3
Lohar,9040455,6
Edipo,18651829,13
Yocasta,18651829,19
Boop,27970777,4
Anne,35562670,13
Peter,26839407,7
Ammaiyappan,26839407,21
Siva,26839407,21
Bharathi,26839407,6
Mudaliar,26839407,17
Chidambaram,26839407,21
Vasantha,26839407,21
Manorama,26839407,11
Sarojini,26839407,6
Fernandes,26839407,3
Godavari,26839407,24
O'Doyle,19744255,19
Taro,19744255,3
O'Hara,19744255,15
Clancy,19744255,3
Shimamura,19744255,16
Tama,19744255,6
Braden,19744255,1
Seki,19744255,6
Reo,19744255,6
Sara,19744255,6
Renu,1582000,2
Mathur,1582000,21
Raju,1582000,3
Jai,1582000,6
Susan,4073773,19
Ellis,4073773,13
Loretta,5369583,7
Henri,5369583,7
Derya,26408267,13
Bertani,239009,8
Stevens,239009,13
Hughson,239009,12
Francie,239009,6
Danielle,239009,6
Robie,239009,14
Ho-Cheung,3787617,8
Clayton,4788277,18
Deemer,4788277,7
Hastings,4788277,9
Pendrake,683486,8
Louise,683486,18
Crabb,683486,15
Hickok,683486,17
Custer,683486,6
Bear,683486,5
Hickey,683486,20
Merriweather,683486,10
Jack,683486,21
Olga,683486,21
Caroline,683486,24
Shim-in,35080777,18
Merriman,32644388,9
Rusty,32644388,13
King,32644388,13
Sugrue,11825918,9
Caulfield,11825918,9
McCluskey,11825918,4
Cass,11825918,17
Skeffington,11825918,21
Bucky,1022566,4
Killian,1022566,11
Saber,1022566,22
Darwin,1022566,8
Mooch,1022566,21
Juarez,1022566,11
Ben,1022566,17
Tim,5668860,16
Jim,5668860,3
Sally,5668860,24
Anika,5668860,11
Teofilatto,3312256,11
Matelda,3312256,10
Brancaleone,3312256,21
Leonzi,3312256,24
Norcia,3312256,9
Victor,22644694,13
Abel,22644694,4
Naomi,25943503,21
Tsujiyama,25943503,21
Mrs.,1591831,13
Monty,1591831,13
Clift,1591831,6
Ryan,1591831,13
Larson,400797,7
Grandma,400797,3
Barker,400797,6
Donald,400797,3
Lincoln,400797,2
Peterson,400797,23
Gilmore,400797,24
Thompson,400797,11
McGavin,400797,5
Venit,400797,18
Virginia,400797,18
Chubbs,400797,21
Hal,400797,10
rush,145892,10
Mark,145892,17
Farrell,145892,17
Frank,145892,17
Mitchell,145892,24
Jim,145892,3
Hannah,145892,6
Selena,145892,14
Mailer,145892,17
Hortense,18456072,2
Lou,18456072,1
Samuels,18456072,1
Winchester,18456072,24
MacKyle,18456072,14
Mulvey,19105438,15
Morelli,19105438,5
Max,19105438,18
Leo,8335457,10
Mebius,8335457,17
Yapool,8335457,10
Madeline,23388551,18
Amajan,23388551,22
Saganne,23388551,21
Dubreuilh,23388551,16
Omar,23388551,19
Sylvester,18867292,23
Granny,18867292,8
Sonny,564947,6
Lanning,564947,16
Calvin,564947,3
of,564947,16
Robertson,564947,5
Spooner,564947,16
Bergin,564947,16
D'Souza,4956603,14
Michael,4956603,1
Nandini,4956603,6
Julie,4956603,21
Ashok,4956603,12
Shih,10604801,24
Sheng,10604801,1
Mao,10604801,14
Chiang,10604801,9
Al,5318135,3
Seymour,5318135,4
Steve,5318135,6
Irma,5318135,4
Wilson,5318135,16
Roy,32269287,4
Chacha,32269287,7
Lili,32269287,12
Prakash,32269287,20
Uma,32269287,3
Shalu,32269287,2
Raghuveer,32269287,0
Amar,32269287,14
Sunderlal,32269287,24
Munna,32269287,17
Mangal,32269287,24
Miller,967999,17
Eegah,967999,3
Roxy,967999,4
Harry,4838538,16
Monika,4838538,21
Blake,5979988,12
Charley,5979988,6
Volkmann,5979988,1
Charlie,5979988,13
Dottie,5979988,11
Hecht,5979988,21
Deanie,206721,3
Ginny,206721,22
Loomis,206721,2
Stamper,206721,21
Tonja,1086222,24
Shawn,1086222,5
Tonya,1086222,17
Neely,1086222,1
Tanja,1086222,2
Martin,1086222,3
Waters,1086222,6
Julia,1086222,2
Christina,1086222,21
Cha-Po,10620698,7
Sai-Yuk,10620698,9
Chu,10620698,3
Chien,10620698,9
Ah-Chin,10620698,16
Mei,10620698,19
Si-Kuan,10620698,4
Tsai,10620698,4
Ah-Chun,10620698,24
Hung,10620698,17
Chi,10620698,3
Ching,10620698,17
Naomi,11059900,24
Carly,11059900,3
Singer,11059900,19
Jack,11059900,23
Norris,11059900,21
Zeke,11059900,11
Leung,6085720,24
Cardo,6085720,16
Duvalier,6085720,21
Alex,6085720,15
Lucy,6939673,22
Linden,6939673,0
Miranda,6939673,24
Davidson,6939673,16
Presley,6939673,5
Beal,1041202,6
Dave,1041202,15
Raghuvaran,19286389,24
Ajith,19286389,3
Vikram,19286389,19
Diamzon,10720467,2
Velasquez,10720467,24
Lance,10720467,2
Liam,10720467,15
Pascual,10720467,0
Matteo,1789884,14
Angelo,1789884,19
Sara,1789884,21
Andrea,1789884,15
Giorgia,1789884,4
Carati,1789884,3
Giulia,1789884,21
Mirella,1789884,3
Nicola,1789884,21
Adriana,1789884,19
Gigliotti,1024448,4
Bang,1024448,20
Peter,1695219,3
McLaren,1695219,17
Aubertine,1695219,3
Garrett,1695219,19
Tom,1695219,17
Royce,1695219,8
Vaughn,1695219,4
Monique,1695219,3
Ali,1695219,15
Malcolm,1695219,4
Annie,1695219,24
Cyril,1695219,3
Kareem,1695219,6
Eddie,105401,4
Chrissy,105401,2
Warren,105401,3
Chakraborty,33699900,5
Yvette,14088008,14
Akira,14088008,18
Chan,14088008,12
Chang,14088008,2
Owen,3166845,8
Anderson,3166845,23
Victoria,3166845,5
Poporului,25668166,1
Keith,4806533,3
Al,4806533,5
Natalie,4806533,3
Billy,4806533,6
Rafael,4806533,1
Carney,32343017,18
Dickson,32343017,13
Sarah,24069500,12
Horace,24069500,16
Gus,24069500,6
Dan,24069500,24
Pooja,10139922,13
Ritu,10139922,13
Verma,10139922,23
Jamnadas,10139922,2
Santho,10139922,2
Amirchand,10139922,13
Sonu,10139922,3
Biharilal,10139922,4
Monu,10139922,23
Cathy,25830355,3
Palmer,25830355,24
Byrnes,25830355,23
Kenneth,25830355,19
Duff,17672196,2
Theresa,17672196,3
Dinkie,17672196,3
Kelly,17672196,24
Terry,17672196,3
Crane,17672196,3
O'Reilly,17672196,21
Sonny,17672196,17
Jeff,17672196,4
Glass,17672196,4
Black,17672196,16
Tony,619688,20
Hopf,619688,20
Sakata,427173,17
Atsushi,427173,2
Juan,12441423,16
Corio,12441423,22
Bartolom,12441423,21
Garc,12441423,4
Coatl,12441423,17
Pedro,12441423,21
Carvajal,12441423,8
Catana,12441423,23
Botello,12441423,1
Silva,12441423,24
Cort,12441423,21
God,12441423,2
Vargas,12441423,24
Montezuma,12441423,18
Ash,19672025,10
Sanders,19672025,23
Jenna,19672025,3
Bolen,19672025,11
Emmett,19672025,20
McKensie,19672025,0
John,19672025,3
Sinatra,20127118,24
Frankie,20127118,23
Crosby,20127118,22
Foamo-Seltzer,20127118,8
Stern,8558285,16
McCain,8558285,22
Owen,8558285,17
Mohua,13516269,1
Babu,13516269,20
Ayan,13516269,7
Chowdhury,13516269,17
Sawyeresque,13516269,17
Biswajit,13516269,9
Banerjee,13516269,17
Dutt,13516269,12
Lane,30009835,4
Selene,30009835,3
Michael,30009835,4
Thomas,30009835,21
Quint,30009835,17
Sebastian,30009835,13
Corvin,30009835,14
Corvinus,30009835,15
David,30009835,3
Amy,16368206,21
Paul,16368206,4
Kent,16368206,4
Simms,16368206,17
Howard,16368206,17
Anderson,16368206,11
Blart,16368206,3
James,16368206,4
Leon,16368206,0
Nita,23775497,12
Jacobson,23775497,21
Greg,23775497,21
Bennett,23775497,24
Jesse,23775497,15
Mary,23775497,6
Bill,23775497,6
Sanders,5531874,4
Pierce,5531874,1
Collier,5531874,2
Winslow,5531874,4
Hamil,5531874,13
Reilly,5531874,4
Julianne,18316313,3
Lyubshin,3371773,10
Alekseev,3371773,15
Vershinin,3371773,12
Galich,3371773,4
Gveleciani,3371773,16
Vishnyakov,3371773,7
Moshkantsev,3371773,23
Borisov,3371773,23
Lyubeshkin,3371773,18
Vasin,3371773,7
Kosykhin,3371773,14
Marenkov,3371773,12
Kuravlyov,3371773,7
Morosov,3371773,10
Ferrigno,25330086,0
Jesse,25330086,1
Abby,26316286,9
Kate,26316286,18
Mary,26316286,8
Andra,26316286,21
Rebecca,26316286,5
Alex,26316286,18
Forestier,2332654,4
Dreyer,2332654,7
Palivoda,2332654,17
Cluett,9149498,21
Brown,9149498,23
Dickson,9149498,4
O'Brien,9149498,2
Kabeera,3826681,3
Pappu,3826681,13
Shyam,3826681,3
Baburao,3826681,21
Tiwari,3826681,16
Seth,3826681,9
Joshi,3826681,11
Anuradha,3826681,16
Apte,3826681,12
Tod,8178460,0
Marten,8178460,5
Ibuki,3654479,4
Leary,9125100,1
Sarah,9125100,3
Pritchett,9125100,20
Muriel,9125100,23
Macon,9125100,6
Yaz,2862407,21
Quinn,2862407,3
Kathryn,2862407,4
Cepraga,17321552,8
Rotaru,17321552,2
Arthur,32977375,1
Garval,32977375,3
Jimmy,32977375,6
Mary,32977375,6
Pender,5126944,12
Jenkins,5126944,21
Gracie,5126944,21
Mickey,6170272,24
Louise,6170272,8
Morales,2318141,17
McAdoo,2318141,0
Vivian,2318141,17
Shanway,2318141,9
Allen,14738217,10
Mr.,14738217,10
Shemp,14738217,3
MacDonald,14738217,16
Moe,14738217,6
Larry,14738217,6
Mrs.,14738217,10
Tendou,6339348,3
Drake,6339348,1
Hiyori,6339348,23
Caucasus,6339348,3
Daisuke,6339348,14
Kazama,6339348,4
Kagami,6339348,17
Yaguruma,6339348,17
Hercus,6339348,1
TheBee,6339348,1
Oda,6339348,3
Sou,6339348,20
Hokuto,6339348,2
Shura,6339348,14
Katherine,26628884,19
Justin,26628884,13
Purvis,26628884,23
Steele,26628884,5
Mapes,26628884,4
Ricco,26628884,6
Tanner,26628884,17
Barrett,26628884,10
Cronyn,26628884,8
Gwen,5384618,13
Kellerman,5384618,0
Minot,318772,6
Tom,318772,6
Jonathan,318772,6
Zimmermann,318772,17
Ripley,318772,17
O'Shea,15402569,12
Matt,15402569,3
Ryan,15402569,24
Alex,15402569,3
Blondie,16455553,0
Gordon,16455553,9
Kral,16455553,21
Poe,16455553,9
Smith,16455553,24
Patti,16455553,0
O'Donnell,5756611,2
McSweeney,5756611,19
Bong-choon,5221043,12
Arthur,6703830,14
Taylor,6703830,9
Lancelot,6703830,14
Percival,6703830,3
Modred,6703830,17
Fay,6703830,10
Rosa,13522574,16
Chand,13522574,14
Grant,3075802,6
Eduardo,3075802,8
Kong,3075802,16
Nicky,3075802,15
Jones,3075802,20
Frank,3075802,3
Andy,3075802,21
Dynamite,3075802,20
Anne,3075802,20
Roz,3075802,17
Fockyerdoder,3075802,19
Julia,3075802,6
Frodo,3075802,23
Bernie,3075802,13
Munoz,19751960,15
Bourne,19751960,4
Calbert,19751960,12
Lewis,19751960,2
Jack,32456420,23
Kubelik,43849,6
Dreyfus,43849,18
Sheldrake,43849,16
Baxter,43849,6
Beth,15114837,21
Jody,15114837,22
Heartbreak,15114837,8
Matt,15114837,23
Macauley,15114837,0
Coleman,15114837,4
Simon,15114837,12
Chris,15114837,2
Hugh,7566141,17
Eric,7566141,23
Janelle,7566141,18
Thomas,7566141,3
Holden,7566141,6
Jimmy,7566141,23
Karen,7566141,21
Tess,7566141,23
Lulu,7566141,3
Jack,7566141,3
Dave,7566141,6
Daddy,7566141,15
Stickmen,7566141,24
Marie,7566141,2
Wayne,7566141,3
Sara,7566141,3
Youssef,15204633,8
Anna,204019,6
Mari,204019,9
Spike,204019,13
Thacker,204019,21
King,204019,3
James,204019,3
Scott,204019,19
Drum,2294746,18
Kingsley,2294746,23
Coley,2294746,6
Spear,2294746,21
Gashade,2294746,6
Hutcheson,15306630,1
Rienzi,15306630,16
Garrison,15306630,9
Nora,15306630,20
John,33319413,9
Lightfoot,18993404,8
Lucious,18993404,6
Dean,18993404,10
Lilly,18993404,21
MaryAnn,18993404,5
Lopez,18993404,6
Hill,18993404,6
Reverend,18993404,22
Darrin,18993404,1
Lewis,18993404,7
Washington,18993404,8
Johnson,18993404,7
Sally,18993404,21
Paulina,18993404,23
Bianca,15532254,15
Clara,15532254,24
Rishi,6852733,16
Anand,6852733,1
Nina,28703923,17
Geiger,28703923,24
Wenzel,28703923,19
Husen,28703923,11
Baltan,14921009,21
Musashi,14921009,6
Ultraman,14921009,6
Rosamond,24491288,17
Millet,7586530,2
Jackson,2979277,10
Cooke,2979277,16
Sandoval,2979277,1
Buck,2979277,18
Sara,2979277,16
Freddy,7515465,16
Betty,7515465,6
Ollie,5604654,6
H,5604654,2
Bernal,5604654,6
Stan,5604654,6
Hardy,5604654,18
Charles,17528010,12
Tricatel,17528010,24
Duchemin,17528010,14
Ballard,2077360,3
Dean,2077360,21
Vaughan,2077360,14
Catherine,2077360,12
Remington,2077360,2
Gabrielle,2077360,16
Alice,829663,16
Holliday,5455247,2
Virgil,5455247,17
Earp,5455247,6
Ike,5455247,12
Melville,5455247,9
Williams,2108445,7
Flavel,2108445,24
Turner,2108445,23
Jarvis,2108445,18
Brackett,2108445,5
Wendy,2108445,21
Gebhardt,2108445,13
Gloria,2108445,5
Shakespeare,2108445,19
Tommy,2108445,24
Steve,2108445,3
Juliet,2108445,2
Beach,2108445,7
Brian,2108445,18
Balbricker,2108445,16
Shivshankar,452313,3
Divya,452313,6
Jeeva,452313,6
Thottampuram,452313,24
Vishnu,452313,6
Shivashankar,452313,21
Rahithan,30466346,4
Lucy,3832964,21
Blake,3832964,5
Albert,3832964,21
Maria,3832964,12
Hernandez,3832964,12
Patten,3832964,24
Bink,3832964,5
Chandler,3832964,10
Brodsky,3832964,9
Casey,3832964,20
Donnie,14498428,3
Katie,14498428,23
Luke,14498428,3
Beth,14498428,17
Frank,14498428,23
Rodney,14498428,21
Greene,14498428,17
Rolf,25157921,6
Rudy,25157921,16
Willy,25157921,3
Kirra,25157921,6
Gus,25157921,6
Mansa,25157921,21
Woods,25157921,7
Willie,25157921,4
Hyde,32362473,9
Nozomu,32362473,24
Knight,32362473,16
Eri,32362473,19
Alata,32362473,21
Yumeko,32362473,23
Kitty,33157980,24
Samantha,33157980,2
Jarasandha,33157980,7
Poojari,33157980,15
Miller,28170061,22
Everage,28170061,18
Blundell,28170061,3
Morris,28170061,11
Chubb,2873368,24
Miller,2873368,16
Callie,2873368,3
Webb,2873368,16
Hack,2873368,22
Rooney,29634498,14
Bogdanovich,29634498,19
Sherry,4544500,16
Goutham,14914342,23
Nandini,14914342,0
Raju,14914342,17
Abhi,14914342,19
Nenoddantana,14914342,14
Choudary,14914342,2
Griffin,1411281,10
Connor,1411281,10
Devi,33175831,4
Raja,33175831,21
Dheeraj,33175831,15
Shakti,33175831,8
Durgeshwari,33175831,16
Duregeshwari,33175831,3
Rekha,33175831,19
Raja,34977675,4
Babu,34977675,5
Ravindra,34977675,5
Mogudu,34977675,9
Vincenzo,23687920,4
Gennaro,23687920,4
Nannarella,23687920,0
Vincent,23687920,21
Ling,55720,19
Mushu,55720,17
Yu,55720,14
Yao,55720,19
Shang,55720,6
Zhou,55720,16
Mulan,55720,3
Li,55720,20
Carson,2354153,6
Wyman,2354153,17
Parker,2354153,20
Judy,2354153,3
Fifi,2354153,14
Trent,2354153,6
Amour,2354153,10
Neal,2354153,0
Curtiz,2354153,14
Bushdinkle,2354153,2
Yvonne,2354153,6
Robinson,2354153,18
Morgan,2354153,21
Heindorf,2354153,18
Adams,2354153,7
Kaye,2354153,20
Alstyne,13957349,4
Mark,13957349,23
Rose,13957349,23
Agnes,13957349,8
Henrietta,13957349,10
Bertie,13957349,6
Merrill,2514817,23
Tom,2367298,3
Sullivan,2367298,17
Patti,2367298,19
Heather,2367298,10
Monica,31165263,22
Lynch,31165263,8
Golda,31165263,6
Dimsdale,31165263,6
Barton,31165263,15
Pomeroy,31165263,18
Ellie,31165263,8
Irene,12728222,19
Jo,12728222,19
Roy,12728222,14
Garcia,16788448,14
Baxendale,16788448,3
Caldwell,35509800,24
Angela,35509800,3
Jeff,35509800,3
Cross,35509800,1
Griffith,35509800,9
Jane,16451841,23
Evelyn,16451841,3
Ophelia,16451841,23
Joe,16451841,3
Ruth,16451841,3
Blink,35945026,0
Hongreonjeon,33636465,20
Kim,33636465,10
Weatherby,1469221,23
Ayers,1153485,3
Helen,1153485,24
Norm,1153485,22
Pete,17082171,20
Framm,1204611,3
Barker,1204611,6
Snively,1204611,17
Buddy,1204611,3
Tom,1204611,0
Chaney,1204611,1
Dorsey,6079405,10
Alex,6079405,11
Harrison,6079405,6
Heidi,6079405,3
Moseley,6079405,11
Jackie,6079405,3
Bala,27013148,21
Tony,27013148,6
Abhimanyu,27013148,6
Ameer,27013148,6
Sabhapathi,27013148,12
Chaverpada,27013148,6
Vivek,27013148,6
Thomas,25923604,11
Maurice,25923604,15
Brenda,25923604,3
Owen,25923604,21
Laibach,16880543,10
Christ,18881791,12
Graham,18881791,19
Anjali,13517585,3
Dilipa,13517585,6
Page,2649865,8
Willoughby,2649865,1
Weaver,3419442,7
Nancy,3419442,2
Drizella,5150937,6
Tremaine,5150937,16
Anastasia,5150937,23
Cinderella,5150937,3
Gus,5150937,4
Lucifer,5150937,12
Sommer,26655268,23
Harry,26655268,6
Jo,26655268,6
Jerome,26655268,0
Georg,26655268,3
Carlotta,26655268,2
Nolte,26655268,15
Garth,2968058,12
Black,2968058,1
Foley,2968058,21
Kovac,2527873,18
Royle,2527873,3
Sonia,2527873,14
Singleton,2527873,17
Malley,2527873,22
Barton,2527873,3
Margaret,2527873,6
Mauro,33887035,4
Brewer,33887035,17
Lobo,33887035,23
Ramirez,33887035,12
Selena,33887035,17
Armstrong,33887035,19
Perrini,33887035,17
Brandt,33887035,17
Issac,33416147,3
Isaac,33416147,17
Deepak,23852142,21
Madan,23852142,6
Singh,23852142,1
Prakash,23852142,6
Jyoti,23852142,21
Jackson,26707166,14
Gracey,26707166,3
Alamein,26707166,3
Kingi,26707166,15
Padmanabhan,16166115,6
Omana,16166115,10
John,16038065,14
Andy,16038065,0
Harnish,7642474,20
Archie,1705391,15
Johnny,1705391,14
Maggie,1705391,17
Louise,1705391,7
Coveney,1705391,2
Brian,1705391,24
Sophie,1705391,13
Dobbs,3116758,17
Fennan,3116758,22
Ann,3116758,2
Elsa,3116758,2
Frey,3116758,24
Mendel,3116758,18
Johnny,19485841,23
Sathyanathan,19485841,6
Uppilinathan,19485841,21
Daddy,19485841,14
Asifbhai,19485841,11
Alexis,25502984,13
Moran,25502984,13
Kelly,25502984,6
Tania,25502984,1
Bell,25502984,5
Kumar,24468896,14
Laxmidas,24468896,23
Tara,24468896,10
Dinanath,24468896,2
Kamla,24468896,6
Shyama,24468896,10
Kishore,24468896,14
Alicia,5682277,14
Warley,11574995,13
Roula,9426325,13
Manolas,9426325,12
Georgoulis,9426325,19
Jane,8760054,23
Shepherd,8760054,14
Donat,8760054,9
Oberon,8760054,10
Anderson,8760054,8
Tom,11589529,23
Jerry,11589529,3
Bermingham,10980086,9
Ahmed,10980086,11
Evans,10980086,11
North,10980086,18
Rhodes,10980086,7
Begg,10980086,11
Jennifer,10980086,16
Blair,10980086,5
Rai,10980086,8
Sihali,10980086,6
Koyair,10980086,21
Deghayes,10980086,21
Powell,10980086,0
Brown,10980086,12
Willcock,10980086,22
Kristalnacht,10980086,17
Haw,10980086,24
Tulloch,10980086,11
Blunkett,10980086,9
Carroll,10980086,13
Wolfgang,10980086,15
Kahar,10980086,18
Straw,10980086,23
Benn,10980086,20
Durrell,22500985,19
Larry,22500985,0
Leslie,22500985,22
Manuela,1520391,20
Vergerus,1520391,12
Rosenberg,1520391,4
Kara,1471636,7
Trent,1471636,17
Catherine,1471636,17
Bricklin,1471636,3
Viciy,1471636,5
Casey,1471636,23
Pedrosa,826409,11
Durocher,826409,3
Ida,826409,19
Max,826409,4
Fanning,826409,18
Farrell,826409,18
Ayala,826409,1
Davis,826409,23
Annie,826409,23
Baker,826409,22
Clarke,826409,16
Lim,826409,0
Vincent,826409,17
Reyes-Torrena,826409,15
McBride,2298699,0
Cordell,2298699,17
Purvis,2298699,4
Mapes,2298699,18
Brodie,2298699,23
Benny,2298699,17
Yvonne,2298699,2
Talman,2298699,20
Tatarsky,31513300,10
Galbraith,25887597,22
Johnny,17877562,15
Alice,17877562,11
Ruth,17877562,19
Brady,27365004,17
Sloan,27365004,17
Ruth,27365004,6
Campbell,27365004,15
Galt,19161747,17
Johnny,19161747,2
Clemont,19161747,9
Jack,30637134,15
Astro,30637134,5
Wilkes,25854460,17
Frank,25854460,6
Matheson,25854460,14
Ivan,25854460,12
Singer,25854460,22
Marvin,25854460,13
Cooper,25854460,11
Stanton,25854460,3
Simanov,25854460,11
Victoria,25854460,17
Moses,25854460,6
Boggs,25854460,22
Dunning,25854460,17
Sarah,25854460,4
Aimee,21633125,19
Simone,21633125,9
Alex,21633125,9
Hans,26661348,2
Ben,26661348,0
Karla,26661348,6
Payton,16201346,17
Howe,27891311,11
Fuson,27891311,24
Beane,27891311,16
Isringhausen,27891311,9
Brand,27891311,19
Bradford,27891311,10
Zito,27891311,5
Hatteberg,27891311,15
Tejada,27891311,8
Damon,27891311,9
Cannings,18198974,15
Sandrelli,11733949,11
John,32079433,21
Chun,10933245,10
Huang,10933245,17
Donald,17672486,3
Martin,17672486,11
Nora,17672486,2
Bell,17672486,15
Chico,1214384,21
Serafina,1214384,17
Orfeu,1214384,6
Benedito,1214384,21
Mira,1214384,23
Zeca,1214384,21
Lazaroff,10488450,8
Grant,10488450,0
Dezzirae,10488450,17
Percy,10488450,17
Mak,7237781,13
Lo-Tai,7237781,20
Kwok,7237781,6
Chui,7237781,3
Chai,7237781,6
Yee,7237781,22
Cheung,7237781,23
Hung,7237781,3
Yung,7237781,6
Wai,7237781,9
Douglas,780888,15
Keith,780888,9
Dunnigan,780888,16
Cosick,780888,2
Moksar,780888,18
B.B.,525270,4
Elle,525270,17
Kiddo,525270,7
Beatrix,525270,3
Esteban,525270,16
Vihaio,525270,7
Budd,525270,24
Bill,525270,6
Mei,525270,13
Yama,36165497,10
Markandeya,36165497,10
rishi,36165497,14
Shivalingam,36165497,4
Fox,2294568,17
Stewart,2294568,24
Dunbrea,2294568,20
Forbes,2294568,6
Blackwood,2294568,9
MacDonald,2294568,14
George,2294568,17
MacPherson,2294568,12
Ryan,2294568,17
Earl,2294568,4
Ewan,2294568,12
Breck,2294568,17
McGrath,2294568,24
Balfour,2294568,24
Shuan,2294568,7
Reid,2294568,17
Campbell,2294568,6
Stuart,2294568,13
Allan,2294568,3
Charlie,2294568,13
Vallavan,11143326,14
Hassan,11143326,8
Elvis,24792097,3
Matthew,19844332,12
Melissa,19844332,3
Warren,19844332,17
Calder,19844332,17
Ruger,19844332,14
Doc,19844332,15
Roberta,28222345,23
Lockhart,28222345,9
Williams,28222345,12
Delacroix,28222345,3
Clampett,28222345,17
Elizabeth,28222345,6
Debbie,28222345,23
Martha,28222345,21
Morgan,28222345,1
Dembrow,28222345,19
Lucy,28222345,21
Sayers,28222345,19
Borst,624314,0
Caldwell,624314,12
McKlennar,624314,12
Martin,624314,18
Lana,624314,6
Roshan,33396523,1
Wahab,33396523,5
Chakraborty,33396523,5
Dushman,33396523,24
Bowen,2755048,4
Ellen,2755048,2
Tom,2755048,2
Brindale,2755048,15
Ashmond,2755048,8
Wagner,7567720,20
Ann,7567720,23
Nick,7567720,21
Colton,7567720,6
Moramax,2638184,1
Dimmick,2638184,14
Mr.,2638184,9
Sadie,2638184,13
Sheltons,2638184,11
Roone,2638184,9
Rose,2638184,13
Gross,2638184,14
Jay,2638184,13
Alberici,2638184,3
Ratliff,2638184,21
Sherbourne,2638184,3
Shelton,2638184,21
Sam,952682,14
Vinny,952682,3
Vincent,952682,8
Joey,952682,21
Luigi,952682,9
Brody,952682,15
Leguizamo,952682,11
Dionna,952682,5
Ritchie,952682,24
Jeff,22952630,21
Seetha,26810531,23
Chackochan,26810531,1
Geetha,26810531,15
Seema,26810531,23
Satyaraj,26810531,7
Jayachandran,26810531,20
Radha,26810531,6
Unnikrishnan,26876259,18
Venu,26876259,6
Isabella,26876259,21
Bella,26876259,23
Bookman,17339815,9
Dunne,299490,11
Mourad,299490,4
Concha,299490,6
Marcus,299490,3
Pierre,299490,3
Alex,299490,3
O'Neal,6034093,11
Layton,6034093,11
Victoria,6034093,19
Simon,11735332,21
Anna,11735332,19
Winter,8861805,7
Phil,8861805,6
Alice,8861805,2
Preobrajenska,26452704,4
Malaysia,16943176,2
Lim,16943176,23
Badrol,16943176,21
Prince,13702668,5
Moe,13702668,13
Cedric,13702668,8
Elaine,13702668,5
Foster,13702668,9
George,35002872,0
Jean-Michel,35002872,0
Axel,35002872,0
Beckett,30265813,1
Denko,35786906,3
Kostane,35786906,16
Valerie,35786906,21
Red,35786906,6
Jim,35786906,20
McNamara,35786906,15
Comachi,26165733,8
Keogh,26165733,8
Demetrius,2425809,6
Mina,2425809,2
Jay,2425809,20
Bernice,14573581,23
Merkin,14573581,23
Ferkin,14573581,23
McGraw,14573581,21
Mary,14573581,5
Baron,14573581,3
Boo,14573581,21
Yogi,14573581,3
Geeta,25496280,21
Hari,25496280,18
Vasu,25496280,21
Miles,20338576,2
Evan,20338576,21
Doughton,20338576,16
Wheeler,20338576,17
Meg,20338576,14
Oswald,31751448,3
Jim,6819976,10
Finn,6819976,15
Sara,16645962,10
Saheb,33251410,22
Gangster,33251410,4
Begum,33251410,16
Nawab,33251410,3
Singh,33251410,20
Babloo,33251410,4
Cleary,21886221,6
Rachel,21886221,12
Annie,21886221,1
O'Leary,21886221,7
Eddie,21886221,12
Cummings,21886221,11
Fingal,961749,4
Rick,961749,20
Novicorp,961749,4
Julia,961749,0
Azam,16870091,21
Alec,16870091,3
Presto,16870091,3
Chanduku,8623910,23
Tarun,8623910,6
Craig,10394260,3
Pari,29687012,6
Srikanth,29687012,13
Sevarkodi,29687012,13
Santhanam,29687012,7
Pasapugazh,29687012,10
Pappu,29687012,13
Srivatsan,29687012,3
Panchavan,29687012,13
Senthil,29687012,21
Ria,29687012,21
Venkat,29687012,3
Parivendan,29687012,7
Vijay,29687012,12
Zorua,25394470,21
Zoroark,25394470,4
Rowena,25394470,6
Tammy,25394470,12
Brock,25394470,17
Goone,25394470,14
Kodai,25394470,13
Pikachu,25394470,2
Celebi,25394470,4
Karl,25394470,0
Gallo,25461969,22
Calderelli,10353968,15
Dubarry,10353968,5
Holt,10353968,9
Blomfield,10353968,8
Goldman,10353968,1
Guinevere,10353968,12
Lafosse,10353968,19
Mary,10353968,5
Pettigrew,10353968,21
Pardue,10353968,14
Moss,4148551,3
Travis,4148551,23
Mark,4148551,5
Miosky,4148551,12
Morgan,4148551,4
Hoover,4148551,8
Perkins,4148551,4
Milford,4148551,24
Stevens,9751411,18
Thomas,9751411,9
Sharp,9751411,12
Bessy,9751411,12
Elliot,29073421,20
Warren,29073421,3
Terry,29073421,2
Jenny,29073421,5
Karp,15644748,0
Garcia,15644748,4
Ortiz,15644748,10
Meyers,15644748,17
Emile,15644748,16
Robideaux,15644748,23
Myers,15644748,23
Nestor,15644748,12
Pawnell,15644748,14
Jack,15644748,17
Ramona,15644748,3
Kassie,15644748,13
Harry,23778776,17
Traynor,23778776,6
Mitchell,23778776,2
Sellas,23778776,19
Richardson,23778776,11
Elise,23778776,21
Norris,23778776,9
Thompson,23778776,6
David,23778776,3
Lilka,30348021,3
Stefan,30348021,3
Jerzy,30348021,3
Zenek,30348021,3
Charles,30348021,24
Micha,30348021,15
Krzysztof,30348021,5
Krumpetzki,1406622,7
Krumpet,1406622,3
Tourette,1406622,3
Arjun,22047983,21
Chamunda,22047983,14
Bhishma,22047983,10
Galbraith,25847898,22
Megan,32463466,0
Tirek,32463466,10
Bonderhoof,15984648,0
Cavanaugh,15984648,9
Heather,15984648,3
Crocker,15984648,9
Hines,15984648,17
Kelvin,15984648,3
Cheatum,15984648,22
Nair,30536216,0
Buono,8679855,19
Clarin,8679855,21
Bolla,8679855,8
Chiarello,8679855,24
Chinna,6736378,15
Raghavendra,6736378,21
Vishnu,6736378,15
Vamsi,6736378,15
Jack,27749761,23
O,27749761,2
Fairbairn,12625575,0
Snow,12625575,3
Derval,18968523,23
Cromwell,18968523,1
O'Flaherty,18968523,12
Gohan,1565282,5
Saiyan,1565282,16
Master,1565282,5
Roshi,1565282,17
Krillin,1565282,5
Camori,1565282,9
Goku,1565282,3
Piccolo,1565282,4
Vegeta,1565282,3
Broly,1565282,23
Harry,9461535,24
Donne,9461535,11
Maggie,9461535,4
Braddock,9461535,17
Myron,9461535,4
Rey,9461535,1
Parker,9461535,4
Harmison,3229227,9
Casillas,3229227,8
Foy,3229227,4
guez,3229227,8
Garcia,3229227,14
Harper,3229227,2
Harris,3229227,3
Enrique,3229227,6
Jessica,20672258,21
Jasper,20672258,3
Cullen,20672258,6
Victoria,20672258,0
Charlie,20672258,18
Edward,20672258,6
Bella,20672258,14
Black,20672258,21
Alice,20672258,2
Garrett,24314472,4
Danny,24314472,17
Sloan,24314472,3
Laura,24314472,4
Corso,24314472,13
Conroy,24314472,17
Volpe,24314472,3
Evans,24314472,10
Bhyle,24314472,13
Baxter,24314472,22
Billy,24314472,12
Jackson,31956136,17
Barbara,31956136,17
Carter,31956136,22
Gough,31956136,11
Everett,31956136,17
madha,12253731,4
Madhavi,12253731,16
Nanjunda,12253731,9
Kama,12253731,18
Jayanthi,12253731,4
Kodagu,12253731,12
Devaki,12253731,1
Nigel,846354,21
Fiona,846354,21
Mimi,846354,21
Oscar,846354,3
Luke,24166398,16
Amundsen,7018379,6
Joe,27461296,6
Bates,27461296,3
Raja,5090136,14
Rita,5090136,2
Chunilal,5090136,0
Bahadur,5090136,6
Kishore,5090136,23
Huerta,3757903,1
Darbinyan,16975028,10
Arsen,16975028,15
Swamy,22172240,7
Veronica,17413692,3
Silvia,17413692,24
Moorthy,24646299,8
Mahalakshmi,24646299,4
Eeeti,24646299,23
Marcelino,6877863,3
Razia,5945009,8
Sharma,5945009,21
Pathan,5945009,1
Neha,5945009,9
Thakur,5945009,23
Rohan,5945009,15
Advani,5945009,4
Ganga,5945009,19
Shiv,5945009,17
Joshi,5945009,5
Munna,5945009,19
Trini,33881833,19
Djibril,33881833,15
Baxters,441926,17
Silvanito,441926,6
Consuelo,441926,9
Chico,441926,17
Marisol,441926,4
Ramon,441926,17
Rojo,441926,7
Miguel,441926,18
Kuei,14299402,1
Ho,14299402,17
Ching-Yun,14299402,19
Jo-Yu,14299402,24
Li-Chun,14299402,1
Sun,14299402,8
Tien-Chen,14299402,12
Avinash,1986108,3
Sanjana,1986108,3
Rohit,1986108,3
Sonia,1986108,19
Stokes,9006277,12
Terrell,9006277,10
Steve,9006277,24
Eunice,9006277,2
Reggie,9006277,9
Jack,9006277,23
Scotty,9006277,1
Marly,9006277,6
Desiree,9006277,19
Grandpa,77653,16
Albert,77653,14
Randolph,77653,3
Martha,77653,3
Cleve,77653,2
Warren,1482871,12
Parry,1482871,13
Helen,1482871,2
Dado,27762093,15
Thelma,27762093,15
John-John,27762093,3
Tom,11340821,3
Jerry,11340821,3
Mammy,11340821,23
Saki,23542046,10
Godden,19048774,0
Marsh,19048774,2
Alce,19048774,1
Trevor,19048774,11
Hyde,10208216,7
Tweety,10208216,3
Sylvester,10208216,3
Jekyll,10208216,3
Babu,23393658,16
Sneha,23393658,8
Shinde,23393658,24
Madhav,23393658,23
Sharma,23393658,14
Dharmavarapu,23393658,14
Prasad,23393658,23
Anjali,23393658,21
Bhagwan,23393658,3
Paandu,23393658,21
Manhattan,6602969,13
Atom,6602969,13
Jason,25084991,21
Monica,25084991,3
Juilian,25084991,22
Julian,25084991,3
Caldwell,25084991,6
Shory,25084991,17
Frank,25084991,13
Simon,25084991,17
Ali,17906864,14
Antony,17906864,18
Mohanlal,17906864,3
Sukumaran,17906864,11
Alex,17906864,0
Roland,3095001,6
Stacey,3095001,15
Mike,3095001,3
Nelson,3095001,8
Lisa,3095001,13
Alicia,3095001,10
Rabb,19738730,19
Henry,10753947,9
Clare,10753947,6
Alba,10753947,13
DeTamble,10753947,6
Richard,8708612,13
Covett,8708612,11
Simpson,8708612,3
Barbara,8708612,6
Hart,8708612,17
Sheba,8708612,6
Annabel,8708612,14
Linda,24932519,22
Pleasence,24932519,9
Lidell,24932519,24
Cavendish,24932519,17
Young,24932519,24
Hill,24932519,13
Forwood,24932519,2
Daniel,24932519,4
Andrew,24932519,11
Markham,24932519,23
Conti,24932519,17
Christabel,24932519,24
Elliot,24932519,21
Nicholls,24932519,2
Brennan,7984798,16
Derek,7984798,24
Scott,7984798,9
Nancy,7984798,21
Huff,7984798,3
Robert,7984798,21
Doback,7984798,19
Karena,13207398,3
Jane,2994014,10
Falkor,2994014,24
Nicole,2994014,23
Koreander,2994014,7
McNulty,2994014,4
Bux,2994014,3
Barclay,13980265,8
Dennis,13980265,20
Miranda,13980265,23
Marian,9190913,3
Stuart,9190913,6
Al,9190913,3
Martin,9190913,18
Mark,9190913,6
Moreland,9190913,13
Manning,9190913,22
Wally,9190913,22
Whitney,9190913,12
Cush,142435,14
Ray,142435,16
Dorothy,142435,6
Jerry,142435,21
Tidwell,142435,21
Maguire,142435,22
Boyd,142435,15
Sugar,142435,17
Cushman,142435,24
Rod,142435,16
Prasad,21513978,15
Carl,24922016,23
Susan,24922016,3
Julie,24922016,3
Lucas,24922016,3
Lyman,1163257,10
Dooley,1163257,18
Belushi,1163257,11
Brannigan,1163257,10
Lee,1163257,12
Carroll,1888906,18
Nancy,1888906,9
Alex,1888906,16
Vargas,14020694,10
Robin,21286292,5
Grubeck,21286292,7
Ivarsson,3269896,6
Brieux,3269896,4
Donald,3269896,5
Astragard,3269896,2
Ross,3269896,9
Godi,3269896,6
Oomiak,3269896,11
Freyja,3269896,10
Hartman,3269896,9
Victor,13985033,24
Brennan,15368904,13
Chris,15368904,22
Bryant,15946757,18
Trammell,15946757,18
Hexum,15946757,11
Sam,3932594,6
Vicky,12800749,6
Qi,12800749,0
Pedak,24586274,17
Thor,4644216,18
Kleiser,4644216,17
Betty,4644216,18
Wakanda,4644216,4
Varkichan,25499757,14
Bobby,25499757,13
Panicker,25499757,6
Soma,25499757,6
Paniker,25499757,0
Joseph,25499757,12
Janaki,25499757,3
Vareeth,25499757,4
Mozer,5889958,24
Ronald,14595722,3
Sandra,14595722,6
Leonard,14595722,3
Michelle,14595722,3
Yan,33577044,11
Wenying,33577044,9
Hua,33577044,10
Shi,33577044,10
Blomberg,30391537,15
Baras,30391537,20
Shamsky,30391537,9
Berthier,13652133,3
Perrin,13652133,6
Whitacre,16264226,16
Herndon,16264226,11
Shepard,16264226,11
Ginger,16264226,4
Crabtree,19375225,23
Ho,6656961,9
Kishida,10270840,3
Sato,10270840,20
Ray,818234,16
Cochran,818234,18
Fallon,818234,3
Wyatt,818234,3
Rita,818234,24
Sykes,818234,17
Teddy,818234,20
Peterson,818234,9
Frank,818234,3
Mike,818234,17
Buck,818234,1
John,818234,21
Nam-woo,3004271,21
Mari,3004271,10
Takeshi,11053868,3
Yuuki,11053868,3
Kanae,11053868,3
Yaeko,11053868,17
Noriko,11053868,3
Nana,11053868,3
Maria,12768837,2
Orban,12768837,13
Andris,12768837,13
Skilling,10198804,5
Skene,10198804,22
Blue,10198804,7
Wynne,10198804,22
Cruver,10198804,24
Dennehy,10198804,24
Lay,10198804,9
Kane,10198804,22
Attila,18823192,16
Aron,18823192,11
Elvira,4524798,11
Marana,4524798,24
Lucrezia,4524798,23
Donati,4524798,4
Jose,4524798,24
O'Hagan,1211241,1
Grady,1211241,6
Thorn,1211241,17
Cox,1211241,24
Farva,1211241,17
Camero,18545216,17
Fuchs,18545216,10
Hel,18545216,3
Pinky,18545216,10
Gage,18545216,23
Felipe,29405798,14
Castellammare,29405798,22
Castillo,29405798,16
Cravat,2410609,6
Sabra,2410609,2
Dix,2410609,7
Daniels,1431305,16
Lena,1431305,2
Inger,1431305,8
Stig,1431305,12
Gabriella,1431305,0
Dar,1431305,3
Arne,1431305,22
Ginny,7006903,1
Terry,7006903,21
Gambril,7006903,9
McKay,7006903,19
Mike,7006903,3
Lohmann,66322,18
Beckmann,66322,12
Grieg,66322,9
Lang,66322,20
Beckert,66322,3
Sethupathi,24708434,17
Sivasubramaniam,24708434,4
Sivaprakasham,24708434,15
Satyabhama,24708434,19
Sivaprakasam,24708434,3
Saraswathi,24708434,13
Nicolas,13904879,6
Mastronardi,13904879,15
Rodriguez,13904879,0
Bertram,13904879,13
Shens,13904879,16
Shekhar,23205788,8
Devane,14794717,24
Johnson,14794717,0
Banger,14794717,14
Reilly,14794717,18
Michael,23281607,14
David,23281607,3
Sara,23281607,16
Quinn,14587187,12
Staziak,14587187,14
Xien,3225960,20
Hoi,3225960,11
Salmi,13767243,9
Razak,13767243,9
Ani,13767243,9
Angee,13767243,9
Bill,31567568,7
Karl,31567568,15
Xavier,31153511,12
Danny,34851972,6
Joseph,34851972,12
Shambhu,10773864,15
Nath,10773864,17
Neelkanth,10773864,21
Pamela,10773864,6
Bhagwantiprasad,10773864,21
Pandey,10773864,22
Parvati,10773864,21
Nightingale,15336376,10
Thakur,33427517,3
Jeet,33427517,3
Silas,23227309,11
Medina,23227309,13
Remmegar,23227309,3
Fastrad,23227309,16
Wednesbury,23227309,14
Monachan,26614307,17
Josekutty,26614307,13
Jansi,26614307,8
Nancy,26614307,5
Mary,2779486,6
Kirkwood,2779486,19
Vivian,2779486,9
Arnold,2779486,1
Loftus,2779486,20
Deuce,1735236,3
Kate,1735236,3
Fowler,1735236,6
Hicks,1735236,2
Forsythe,1735236,11
Bigalow,1735236,1
Antoine,1735236,17
Laconte,1735236,23
Mercado,3665600,23
Delgado,3665600,18
Victor,3665600,3
Carmen,3665600,11
Ricky,3665600,5
Mary,3665600,6
Rivera,3665600,11
Rico,3665600,16
Fala,3665600,12
Tom,3665600,6
Tomas,3665600,14
E.,3665600,18
Morales,3665600,4
Rodriguez,3665600,2
Rodrigo,3665600,23
Pescador,3665600,17
Vidal,3665600,15
Lorena,3665600,3
Cici,3665600,6
Hemingway,1614042,0
Lancaster,1614042,14
Thompson,1614042,21
Dundee,1614042,5
Siodmak,1614042,10
Nasha,13407047,6
Rashmi,13407047,1
Rahul,13407047,2
Jaitly,13407047,4
Arora,13407047,19
Kapoor,13407047,5
Mallika,13407047,13
Jaidev,13407047,23
Wilson,27042639,21
Vimal,25515516,10
Saxena,25515516,21
Gangadhami,25515516,11
Pooja,25515516,6
Prasad,25515516,14
Gloria,25515516,19
Agnar,12060940,17
Thorsson,12060940,2
Ingrid,12060940,3
Odin,12060940,24
Sven,12060940,3
Freya,12060940,6
Maggie,24907027,15
Warren,24907027,7
Praskins,24907027,18
Helen,24907027,13
John,24907027,6
Joey,4348164,3
Sam,4348164,9
Nandagopan,26704612,2
Raghavan,26704612,10
Sooryakiran,26704612,6
Beige,23978071,18
Fellini,23978071,22
Soli,23978071,17
Arbore,23978071,11
Carr,23978071,2
Caporetto,23978071,16
Crescenzo,23978071,24
Kaiser,594295,9
Toby,594295,3
Margo,594295,16
Laura,594295,4
Nicole,594295,3
Terry,594295,14
McCall,594295,3
Walker,594295,13
Gary,594295,17
David,594295,17
Harry,68374,16
Simon,68374,19
Gibson,68374,22
Tasker,68374,17
Dana,68374,2
Trilby,68374,7
Aziz,68374,6
Skinner,68374,0
Helen,68374,6
Friedrich,4781857,9
Gennaro,4781857,7
Bryer,2198086,18
Hanson,2198086,0
Lorie,2198086,11
Dan,2198086,14
Kwapis,2198086,9
Danny,997174,23
Morrison,997174,1
Parnell,997174,17
Rick,997174,21
Susan,997174,13
Frank,997174,13
Coleman,997174,1
Barnes,997174,13
Roy,23690998,13
Harmon,23690998,20
Warren,23690998,23
Hayes,23690998,0
Reynolds,23690998,3
Moore,23690998,22
Rogers,23690998,5
Madison,23690998,19
Sunil,10494887,21
Raghu,10494887,24
Ramudu,10494887,1
Radha,10494887,21
Grandma,1643973,13
Avery,1643973,24
Wolf,1643973,17
Garcia,35004807,16
Greer,3688458,17
Vista,3688458,12
Clint,3688458,7
Clete,3688458,17
Bodeen,3688458,4
Stride,3688458,17
Annie,3688458,6
Gangadhar,16167652,23
Alaudin,16167652,6
Ashima,16167652,24
Kuppam,16167652,5
Satoris,3077365,13
Thomas,3077365,18
Rowsdower,3077365,2
McGreggor,3077365,0
Pipper,3077365,13
Troy,3077365,3
Sarah,213015,11
Thaw,213015,22
Washington,213015,18
Waldo,213015,5
Jr.,213015,6
Conklin,213015,4
Mother,213015,21
Nesbit,213015,18
Iturbi,149786,11
Wilde,149786,20
Chopin,149786,6
Vidor,149786,3
Oberon,149786,10
Sand,149786,0
Kolhapure,33447396,10
Chakraborty,33447396,5
Kapoor,33447396,5
Claudia,1353277,2
Pompey,1353277,11
Barabbas,1353277,4
Iscariot,1353277,10
Jesus,1353277,4
Antipas,1353277,4
Herod,1353277,17
Joseph,1353277,10
Mary,1353277,2
John,1353277,14
Magdalene,1353277,13
Pilate,1353277,21
Lucius,1353277,17
Simcox,6768832,17
Morrison,6768832,17
Horn,6768832,22
Atherton,6768832,22
Arlington,9331521,17
Descartes,9331521,13
Towers,9331521,7
Yu,27342926,21
Zhou,10988128,21
Meng,10988128,11
Kao,10988128,6
Britton,27682546,7
Rio,27682546,11
Jose,27682546,2
Weston,27682546,10
Belmont,27682546,10
Murietta,27682546,23
Kilian,27682546,24
Montalvo,27682546,14
Antonio,27682546,8
Reed,27682546,14
Anthony,32075558,4
Gizi,7537205,16
Jen,7537205,15
Vendel,7537205,21
Lajoska,7537205,4
Bruce,24036291,21
Kellogg,24036291,1
Laurie,24036291,21
Granger,3401395,11
Mills,3401395,11
Ollie,5603901,23
Stan,5603901,23
Shawn,642867,4
Foley,642867,21
Irya,30086970,22
Kudureyaneri,30086970,4
Halikere,30086970,15
Kasarvalli,30086970,12
Manohar,30086970,0
Ollie,7971740,21
Oliver,7971740,0
Stan,7971740,21
Hardy,7971740,20
Nielsen,26031336,16
Drummond,26031336,0
Mickey,34467400,3
Mouse,34467400,14
Kathy,8449814,2
Tate,8449814,4
Zane,8449814,8
Dave,8449814,12
Chris,8449814,19
Bigelow,238846,3
Paula,238846,22
Halliday,238846,16
Rakubian,238846,24
Gibson,238846,14
Chester,238846,17
Philips,238846,6
Stanley,238846,6
Eugene,238846,16
Foster,238846,17
Jenny,8513659,21
David,8513659,21
Fritz,8513659,23
Crawley,1291587,6
Jane,1291587,3
Sharp,1291587,3
Tosconi,25655938,11
Birmington,25655938,23
Fitzgerald,25655938,9
Kimbel,25655938,14
Kate,25655938,6
Robert,25655938,21
Gomathy,1973137,5
Manju,1973137,2
Sakthi,1973137,4
Vikram,1973137,21
Chithan,1973137,6
Towns,5667453,6
Dorfmann,5667453,13
Scot,5667453,10
Renaud,5667453,18
Gabriel,5667453,22
Moran,5667453,21
Cobb,5667453,22
Watson,5667453,20
Carlos,5667453,2
Harris,5667453,4
Crow,5667453,15
Standish,5667453,9
Herb,13679495,1
Ariana,13679495,3
Rosella,13679495,7
Tallulah,13679495,0
Tika,13679495,6
Frazer,13679495,12
Antonio,13679495,21
Sagi,13679495,4
Peter,13679495,21
Marissa,13679495,14
Luciana,13679495,14
Danielle,13679495,5
Lincoln,22102102,4
Barry,22102102,5
Field,22102102,9
Donne,3738468,11
Posner,3738468,9
Bearing,3738468,15
Monahan,3738468,18
Ashford,3738468,0
Vivian,3738468,3
Brown,3738468,9
Kelekian,3738468,3
Tina,6299214,0
Cook,27348158,12
Aggie,27348158,20
Ploycarp,27348158,10
Nipper,27348158,3
Gaffney,27348158,18
Dawlins,27348158,21
Mary,27348158,4
Wilson,27348158,21
Rhodes,27348158,20
Ginger,27348158,21
Jocko,27348158,6
Lugaluda,20591773,14
Williams,320506,22
Parker,320506,15
Petersen,320506,5
Strachan,320506,2
Strano,320506,18
Forero,320506,14
Dreesen,320506,0
Getman,320506,0
York,320506,18
Lehne,320506,15
Goodwin,320506,9
Cranston,320506,3
Hendricks,320506,12
Corey,320506,12
Jansen,320506,11
Giovinazzo,320506,22
Held,320506,14
Bobo,320506,22
Gatley,320506,3
Mayfair,320506,10
Farr,320506,5
Simpson,320506,9
Doyle,320506,7
Harris,320506,0
Ricupito,320506,15
Sarno,320506,24
Bagwell,320506,10
Freemont,320506,11
Casserly,8012754,13
Summerfield,8012754,13
Kristina,10878913,6
Khayy,10878913,3
Omar,10878913,4
Khalif,10878913,21
Ameer,10878913,6
Murad,10878913,0
Ghenia,10878913,21
Simon,10878913,4
Sinbad,10878913,4
Aristides,10878913,19
Penelope,13769297,13
Hildern,13769297,13
Team,32140858,14
Kamakura,32140858,23
Claw,32140858,14
Malotte,5679960,22
Glenister,5679960,16
Simms,5679960,0
Glennister,5679960,16
Dextry,5679960,14
Voorhees,5679960,11
Chester,5679960,19
Helen,5679960,10
McNamara,5679960,10
Queerschlag,4602108,22
Leo,4602108,16
Tobi,4602108,21
Anke,4602108,0
Jackson,27645415,10
Sam,27645415,19
Kaden,27645415,17
Lord,27645415,22
Lori,27645415,19
Taiga,27645415,19
Brutus,27645415,10
McCarty,27645415,21
Milla,27645415,5
David,27645415,3
Phyllis,73438,13
Norton,73438,8
Lola,73438,17
Neff,73438,3
Dietrichson,73438,7
Keyes,73438,6
Achim,1991057,3
Stefan,1991057,23
Ramu,19609453,21
Radha,19609453,21
Raja,19609453,22
Jaha,24656235,3
Buchek,24656235,10
Paul,24900519,17
Darryn,24900519,23
Sam,24900519,13
Tim,13902854,6
William,13902854,8
Moore,13902854,19
Sloan,13902854,1
Martin,13902854,3
Christie,13902854,9
Peter,13902854,16
Jack,13902854,6
Raymond,13902854,3
Graham,13902854,3
Bryan,13902854,23
Porter,1665725,10
Walter,1665725,24
Roger,1665725,24
Vivian,1665725,2
Whitney,1665725,15
Sophia,5349271,3
Richard,5349271,6
Sullivan,5349271,11
Patrick,5349271,6
Lloyd,5349271,9
Emma,5349271,3
Paul,31733931,8
Mahi,31733931,3
Arora,31733931,19
Bhai,31733931,6
Khanna,31733931,20
Aryan,31733931,6
Reza,31733931,9
Carmona,2025145,0
Alastair,2025145,6
Stoneman,2025145,1
Chavez,2025145,23
Mickey,24237252,23
Minnie,24237252,3
Pete,24237252,21
Patty,15080990,3
Russo,15080990,13
Wilford,15080990,11
Palmeri,15080990,17
Angie,15080990,21
Montanari,15080990,16
Flowers,29381755,2
Faye,2718285,3
Rick,2718285,23
Whitney,2718285,23
Warren,2718285,4
Patsy,2718285,3
Hanlon,2718285,12
Monroe,2718285,20
Atkins,2718285,9
Gopi,33709712,5
Venua,33709712,7
Zarina,33709712,14
Venu,33709712,3
Cholli,33709712,16
Wahab,33709712,5
Biju,33709712,24
Rahman,33709712,11
Raja,2930434,2
Annaa,2930434,11
Vicky,2930434,6
Priti,2930434,2
Damani,2930434,12
Anne,12596096,18
Dominic,12596096,20
Gilbert,12596096,18
Richard,32525195,6
Daisy,32525195,23
Travis,32525195,23
Bobby,32525195,6
Sarah,32525195,21
Matt,32525195,2
Nancy,32525195,9
JoAnne,32525195,6
Ken,32525195,21
Margaret,32525195,6
Sam,1726126,13
Edie,1726126,3
Fogerty,1726126,8
Tom,1726126,6
Fogarty,1726126,17
Cusack,1726126,17
Stall,1726126,17
Jack,1726126,20
Joey,1726126,22
Roc,630701,24
Ann,630701,21
Muriel,630701,4
Brown,630701,19
Claude,630701,21
Nogma,12100263,2
Kourgi,12100263,17
Kougri,12100263,5
Italo,10457303,24
Marcello,10457303,6
Anna,10457303,3
Giulia,10457303,6
Quadri,10457303,12
Manganiello,10457303,6
Clerici,10457303,11
Mussolini,10457303,13
Sharma,35083022,2
Supriya,35083022,17
Chandrasekhar,35083022,4
Venkatraman,35083022,14
Marudapandi,35083022,17
Vikram,35083022,6
Kaitlyn,33238079,6
Ku,3746391,3
Hsien-Chen,3746391,23
Wei,3746391,18
Hui,3746391,22
Yuan,3746391,20
Yang,3746391,3
Burnquist,5374194,17
Oliver,5374194,6
Ben,5374194,6
Louie,5374194,6
Jack,5374194,21
Sherman,9375401,10
Tucker,9375401,23
Bradford,9375401,17
Thorn,9375401,12
Kenniston,9375401,14
Steel,9375401,24
Brian,9375401,20
Elena,9375401,4
Satank,9375401,18
Katie,9431878,17
Jennifer,9431878,6
Caldwell,9431878,6
Berger,9431878,15
Nigel,9431878,3
Jenny,9431878,21
Vivian,9431878,23
Morgan,9431878,19
Alex,9431878,17
Subbuni,3371527,0
Reena,3371527,13
Rajiv,3371527,3
Samuel,3371527,17
Chockalingam,3371527,21
Hood,22544242,5
Marian,22544242,2
John,22544242,3
Jackson,16916460,24
Davis,16916460,7
Morris,18790597,22
Holly,982243,4
Blackavar,982243,17
Kehaar,982243,19
Hazel,982243,21
Woundwort,982243,17
Hyzenthlay,982243,23
Frith,982243,21
Jack,15213832,22
Mickey,15213832,22
Mitch,16298384,17
Tom,16298384,15
Elena,16298384,6
Julia,16298384,3
So-sa,23316410,1
MacCormick,12010127,11
Vernon,12010127,0
Stuart,12010127,2
Ross,12010127,2
Boyd,12010127,13
Matheson,12010127,2
Hamilton,12010127,6
Herb,1785981,8
Angela,1785981,12
King,1785981,7
Renee,1785981,22
Corey,1785981,15
Moore,1179213,16
Caldwell,1179213,9
DiGiorgio,1179213,17
Maxwell,1179213,17
McKay,1179213,4
Mustapha,1179213,19
Callahan,1179213,3
Randall,3235385,18
Thornton,3235385,15
Jerilee,3235385,3
Rinty,31434310,24
Bobby,31434310,15
Johnny,31434310,15
Adams,31434310,15
Pearson,31434310,18
Ruth,31434310,16
Morgan,31434310,13
Nikolai,17022948,24
Julian,17022948,8
Andrey,17022948,5
Marya,17022948,6
Kennedy,14833861,15
Stone,14833861,19
Caselle,14833861,22
Shela,14833861,7
Matthau,14833861,15
Calvin,14833861,12
Stillwell,14833861,3
Menon,22085818,0
Mohanlal,22085818,11
Baker,345825,15
Tibbs,345825,17
Inga,345825,4
Adams,345825,23
MacKenna,345825,4
Hachita,345825,4
Bergmann,345825,13
Algernon,27546208,21
Khan,26066433,13
Kapoor,26066433,19
Johri,26066433,24
Anya,26066433,20
Chatterjee,26066433,4
Conovan,2731103,9
Pemberton,2731103,18
Swami,24128130,24
Muthuswami,24128130,9
Travis,31304479,19
Carter,31304479,15
Roselle,31304479,0
Shaw,1826578,17
Randy,31946692,10
Gorvy,31946692,10
Mickey,31946692,7
Maureen,7160018,13
McFee,7160018,24
Patrick,7160018,14
Diana,7160018,3
Emma,7160018,23
Manny,30270338,14
Marcus,30270338,24
Justin,30270338,8
Randy,30270338,3
Hill,30270338,24
Dale,30270338,8
Hsu,30270338,7
Rose,30270338,3
G.,30270338,3
Sparrow,30270338,19
Caleb,30270338,16
Tom,4114130,23
Jerry,4114130,3
Pecos,4114130,3
Mjolnir,18373306,9
Sabretooth,18373306,3
Thor,18373306,3
Thornton,18373306,3
Hela,18373306,14
Ross,18373306,4
Wolverine,18373306,3
Odin,18373306,17
Loki,18373306,17
Jr.,18373306,4
Deadpool,18373306,17
Deathstrike,18373306,10
Ichtyandr,8007040,8
Carrigan,12405367,6
Glendon,12405367,16
Kelly,12405367,1
Sangster,12405367,0
Tommy,12405367,19
Judith,698969,17
Gulliver,698969,23
Tom,698969,3
Grace,698969,11
MacLean,698969,6
Annie,698969,21
Booker,698969,13
Nina,29303092,2
Chapin,29303092,6
Sarah,29303092,3
Stacy,29303092,3
Liza,29303092,6
Silvers,29303092,7
Wright,29303092,3
Cecily,29303092,7
Janet,28870327,8
Logan,1280397,3
Ames,1848371,19
Sandy,1848371,6
Lauren,1848371,23
Michael,1848371,23
Sanders,1848371,14
Korzenowski,1848371,10
Brozinsky,1848371,21
Bessieres,30760858,9
LeGuen,30760858,5
Kaspar,15047154,23
Joosep,15047154,3
Joseph,15047154,5
Devaivre,25341428,12
Aurenche,25341428,15
cha,13713473,1
Cristal,13713473,20
Nilaa,28219052,14
Fred,26670965,21
Sammy,26670965,12
Jesus,26670965,21
Wook,26670965,8
Monteya,26670965,12
Petra,26670965,16
Sangmin,2987468,14
Boeun,2987468,14
Jungwoo,2987468,11
White,20927374,5
Carrie,20927374,20
Elfrida,20927374,6
Lucinda,20927374,7
Novgorod,8447974,14
Mikhailovich,8447974,6
Sergei,8447974,4
Mikhalovich,8447974,6
Stepan,8447974,24
Simon,8447974,17
Baklazhan,8447974,17
Agartha,29542934,23
Asuna,29542934,3
Shin,29542934,3
Mana,29542934,10
Amaurot,29542934,11
Quetzalcoatl,29542934,23
Morisaki,29542934,6
Lisa,29542934,4
Annaka,12276195,6
Turner,12276195,9
Starrbooty,12276195,6
Sheetal,19518500,1
Pyaasa,19518500,20
Desai,19518500,0
Prem,19518500,9
Keaton,5674562,3
Shiori,1312231,2
Shuya,1312231,3
Nanahara,1312231,19
Aoi,1312231,14
Nakagawa,1312231,13
Kitano,1312231,8
Takeuchi,1312231,4
Connie,3584252,6
Mason,3584252,17
Crowley,3584252,5
Steve,3584252,6
Carl,3584252,6
Ennis,3584252,20
Timmy,3584252,3
Davis,3584252,18
Harry,1364174,6
Torlato-Favrini,1364174,1
Edwards,1364174,9
Maria,1364174,6
Dawes,1364174,22
Bravano,1364174,15
Muldoon,1364174,1
Kirk,1364174,3
Vargas,1364174,9
Brownlow,626916,6
Oliver,626916,3
Sowerberry,626916,7
Bumble,626916,7
Corney,626916,18
Bedwin,626916,2
Fagin,626916,13
Sikes,626916,17
Nancy,626916,3
Jojima,1976548,14
Dev,1836603,23
Suman,1836603,6
Laxmi,1836603,17
Gopal,1836603,3
Prashant,1836603,6
Radha,1836603,21
Tao,12038438,23
Jeffers,12038438,22
Chucky,12038438,12
Lauren,13301546,3
Ritch,13301546,17
Sean,13301546,24
Wes,13301546,3
Wilkes,12724719,13
Hahn,12724719,13
Chase,12724719,13
Mary,12724719,6
Owen,32943637,18
John,32943637,9
Frank,32943637,24
Jenkins,12204772,20
Revol,13473620,3
Joshua,13473620,15
Carter,13473620,6
Lawrence,13473620,16
Lee,13473620,20
Roach,1190931,23
Palotti,1190931,24
Timmonds,1190931,23
Rachel,1190931,23
Tatopoulos,1190931,13
Phillipee,1190931,23
Mak,33289463,4
Wah,33289463,24
Yung,33289463,17
Kwan,33289463,17
Bill,33289463,17
Pao,33289463,17
Indra,24615533,21
Bhama,24615533,3
Chitraradhan,24615533,18
Brahma,24615533,6
Pradeep,24615533,18
Devan,24615533,6
Marsh,6532516,4
Stewart,6532516,24
Holly,5309958,5
Charles,5309958,23
Twitchell,5309958,14
DeCarlo,5309958,15
Telepods,456601,8
Borans,456601,3
Quaife,456601,19
Brundle,456601,3
Veronica,456601,3
Seth,456601,13
Richard,1082656,17
Luthor,1082656,4
Superman,1082656,3
Kent,1082656,3
Lane,1082656,8
Lex,1082656,4
White,1082656,4
Kitty,1082656,4
Lois,1082656,3
Roy,19590171,21
Mitra,19590171,14
Indranil,19590171,23
Das,19590171,19
Shekhar,19590171,22
Radhika,19590171,3
Damian,1289049,3
Dorothy,1289049,5
Anthony,1289049,6
Varyam,21850374,22
Singh,21850374,21
Hartog,451023,22
Juliana,451023,17
Candice,451023,11
Mayer,451023,15
Raglan,451023,13
Frank,451023,6
Ruth,451023,17
Carveth,451023,18
Nola,451023,6
Mike,451023,6
Barton,451023,21
Gamera,3632060,24
Onodera,3632060,16
Keisuke,3632060,20
Karen,3632060,16
Harbor,3632060,18
Barugon,3632060,17
Jane,1704458,21
Blake,1704458,24
Valerie,1704458,3
Paula,1704458,6
Phelan,1704458,8
John,1704458,1
Nik,1704458,6
bush,1704458,21
Sonja,1704458,21
Leon,1704458,3
Cloud,24162851,18
Sam,24162851,23
Charlie,24162851,3
Claire,24162851,3
Carroll,24162851,5
Alistair,24162851,6
Carla,24162851,6
Ferrente,24162851,6
Tess,24162851,6
Megan,8819415,21
Higgs,8819415,22
Garcia,8819415,13
Danner,8819415,14
Tom,8819415,13
Susan,8819415,3
Stark,8819415,17
Davey,8819415,3
Maureen,1425483,14
Kathleen,1425483,22
Cooper,1425483,15
Nielson,1425483,13
Jody,1425483,11
Jonathan,1425483,15
Sawyer,1425483,8
Erik,1425483,15
Sergei,1425483,14
Palitz,1425483,10
Charlie,1425483,15
Eva,1425483,3
Stiefel,1425483,20
Fred,2053380,6
McKnight,2053380,1
Daphne,2053380,21
Ben,2053380,16
Thorn,2053380,6
Scooby,2053380,3
Ravencroft,2053380,21
Velma,2053380,6
Corey,2053380,13
Arvind,27087930,9
Kapoor,27087930,0
Anamika,27087930,23
Vicky,27087930,1
Jing,28763145,5
Bin,28763145,17
Stone,28763145,6
Renfeng,28763145,3
Camillo,23688010,21
Brusco,23688010,10
Gina,23688010,23
Sally,23688010,12
Peppone,23688010,16
Filotti,23688010,10
Christina,23688010,22
Katja,8356458,19
Peters,8356458,1
Nani,18513873,6
Brahma,18513873,15
Nagesh,18513873,7
Jaggesh,18513873,24
Matha,18513873,2
Martha,18513873,23
Sudarshan,18513873,6
murthy,18513873,16
Kosta,18513873,18
Everett,25102073,19
Boyle,25102073,14
Sarah,25801465,24
Fitch,25801465,17
Diaz,25801465,16
Monroe,25801465,12
Tracy,9943749,3
Linda,9943749,3
Bobby,9943749,17
Beth,9943749,3
Craig,9943749,3
John,9943749,6
Andy,9943749,2
Sara,9943749,3
D,11168754,14
sir,11168754,5
Mobutu,11168754,18
Henry,11398844,3
Tom,11398844,3
Jerry,11398844,16
Smaal,3866194,6
Franken,3866194,3
Gein,3866194,8
Rosenthal,3866194,18
Akkermans,3866194,3
Kuipers,3866194,24
Diep,3866194,6
Ronnie,3866194,24
Rachel,3866194,3
Vries,3866194,24
Stein,3866194,18
Rob,3866194,15
Andrew,6030859,3
Christophe,6030859,24
Thomas,6030859,6
Philippe,6030859,3
Johnson,6030859,3
Lorena,6030859,3
Phillipe,6030859,3
Louette,6030859,3
Pauline,6030859,6
Cunninham,6030859,1
Harriet,6030859,3
Salud,9789345,21
Cyril,9789345,22
Ears,9789345,7
Plata,9789345,21
Masombuka,27736078,13
Sarafina,27736078,24
Tomoko,23416118,5
Jonathan,7134109,23
Jowee,7134109,1
Eva,7134109,23
Christina,7134109,7
Jia-Jen,881249,18
Jia-Chien,881249,2
Asha,32345990,3
Seema,32345990,14
Ashok,32345990,6
Starr,9223339,16
Bond,9223339,14
Amantha,9223339,16
Michele,9223339,8
Dutton,28459920,12
McGuire,28459920,21
Hungate,28459920,18
Lily,28459920,21
Gigi,30382519,16
Monika,25843561,8
Juan,3244025,13
Hitler,3244025,23
Lenny,3244025,10
Fritz,3244025,3
Kissinger,3244025,9
Niki,3244025,13
Ralphie,3244025,10
Morris,3244025,21
Chita,3244025,23
Duke,3244025,16
Mahadevan,34214660,21
Aravind,34214660,21
Chekov,7250001,2
Uhura,7250001,4
Harriman,7250001,7
Evans,7250001,5
Kirk,7250001,4
Tuvok,7250001,24
Mitchell,7250001,3
Rand,7250001,4
God,19351170,9
Maghan,19351170,0
Mamadi,19351170,13
Hampton,20185209,5
Goodman,20185209,21
Ory,20185209,18
Hall,20185209,1
Henderson,20185209,24
Wilson,20185209,5
Hammond,20185209,19
Alice,20185209,19
Mobutu,930141,14
Kasa-Vubu,930141,0
Lumumba,930141,15
Sayo,28317618,16
Arima,28317618,6
Kamisama,28317618,17
Haigo,28317618,13
Amy,12213159,3
Assassin,12213159,4
Satan,12213159,10
Rick,12213159,23
Cindy,12213159,3
Tommy,12213159,12
Eddie,12213159,23
Tsang,7466292,3
Siu-Chi,7466292,9
Allabarba,7466292,13
Teague,2710154,5
Travis,2710154,19
Preuss,2710154,15
Kelso,2710154,24
Haas,2710154,15
Mike,2710154,15
Washington,28095821,0
Proctor,28095821,16
Amy,2021400,11
Marla,2021400,20
Trish,2021400,6
Jill,2021400,3
Hart,2021400,4
Beth,2021400,22
Paula,2021400,20
Stitzer,2021400,3
Piedmont,2021400,23
Andy,2021400,7
Jay,2021400,17
Bernadette,2021400,9
David,2021400,17
Amar,30734851,3
Pasha,30734851,14
Kenny,13667818,20
Kennedy,932407,11
Dee,932407,0
Nina,932407,13
Sinatra,932407,24
Cassotto,932407,22
Darin,932407,21
Georgie,1137578,16
Darcy,1137578,19
Balraj,1137578,17
Wickham,1137578,9
Kholi,1137578,7
Bakshi,1137578,21
Lalita,1137578,3
Lakhi,1137578,10
Figg,14754221,16
Spaulding,14754221,7
LEO,14754221,9
Ryn,9117035,6
Turner,9117035,13
Katrine,9117035,13
Nicholas,9117035,22
Ryns,9117035,21
Wells,9117035,13
Manor,9117035,17
Johanna,9117035,22
Pig,357478,19
Horsecollar,357478,3
Vaches,357478,1
Mickey,357478,23
Mouse,357478,14
Proshanto,3377341,21
Majumdar,3377341,8
Sumangala,31503958,8
Viswanathan,31503958,16
Barry,23750252,23
Omar,23750252,6
Faisal,23750252,2
Waj,23750252,23
Hassan,23750252,22
Laden,23750252,7
Tim,23510332,17
Jeremy,23510332,21
Elisabeth,23510332,17
Gates,23510332,17
Warren,23510332,17
Daniel,23510332,17
Maha,23510332,17
Stein,23510332,24
Nathalie,23510332,17
Moha,23510332,6
Katie,62668,13
Embry,62668,15
Richard,62668,17
Kotler,62668,21
Cox,62668,24
Grasnik,62668,13
Anna,62668,4
Noah,62668,17
Rachel,62668,3
Morgan,62668,19
Aidan,62668,17
Jeniffer,26665890,8
Aryadevi,26665890,22
Yousuf,26665890,22
Dileep,26665890,11
Pooja,26665890,21
Jennifer,26665890,6
Gregory,26665890,14
Sachi,26665890,13
Jane,8267243,21
Jerry,8267243,12
Haller,8267243,7
Lizzie,8267243,12
Poe,518687,8
Craven,518687,3
Scarabus,518687,17
Rexford,518687,4
Estelle,518687,5
Bedlo,518687,6
Lenore,518687,2
Juan,26224240,6
Oliver,26224240,2
Utrilla,26224240,6
Malamadre,26224240,13
Elena,26224240,2
Charan,10189688,3
Sanjana,10189688,3
Biku,10189688,3
Bhai,10189688,17
Teja,10189688,14
Mattu,10189688,23
Sado,3341961,16
Taro,3341961,6
Zushio,3341961,6
Namiji,3341961,20
Anju,3341961,4
Sansho,3341961,6
Tamaki,3341961,2
Connelly,5730679,17
Tzu,5730679,6
Thornton,5730679,11
Fung,5730679,6
Valdez,5730679,6
Cahill,5730679,23
Phillips,5730679,4
Iris,5730679,23
Arakawa,26754873,11
Tomoko,26754873,21
Lane,11278891,4
Edwards,11278891,17
McCorn,11278891,6
Verdis,11278891,1
Steve,11278891,17
Crandall,11278891,24
Moore,11278891,19
Louisa,418252,13
Dad,418252,16
Modesto,418252,17
Rio,418252,3
Emory,418252,17
Longworth,418252,17
Doc,418252,10
Govindan,28978641,5
Narayanan,28978641,18
Ravi,28978641,3
Ravishankar,28978641,17
Sandra,28978641,3
Jayashankar,28978641,17
Alexandra,28978641,4
Gowda,28978641,5
Shivappa,28978641,21
Harishankar,28978641,21
Katie,30019520,20
Horacio,31365129,4
Maxi,31365129,14
Alex,31365129,20
Gage,9236773,18
Paul,17645471,18
Sebastian,17645471,8
Contini,20329403,2
Massimo,20329403,10
Rosalba,20329403,8
Antonella,20329403,23
MacDougall,20329403,4
Atakan,26564418,17
Halil,26564418,6
Melek,26564418,3
Naz,26564418,22
Gandolfini,10844001,21
Rita,10844001,16
Gus,10844001,16
Leonora,10844001,11
Marlene,4729744,2
Carrington,4729744,6
Duberman,21530274,7
Robeson,21530274,2
Jos,14469799,0
Moe,14469799,20
Sanchez,14469799,19
Larry,14469799,20
Netta,11276518,11
Christopher,11276518,7
Martine,11276518,10
Hitler,11276518,17
G,11276518,15
Kaltenborn,11276518,4
Ephraim,11276518,10
Hasan,5116790,3
Grant,24077910,19
Charnofsky,24077910,8
Miriam,24077910,21
Blair,24077910,19
Panofsky,24077910,21
Barney,24077910,3
Izzy,24077910,24
Boogie,24077910,3
Ortiz,20745486,22
Rodriguez,20745486,2
Hitler,20745486,3
Nazerman,20745486,17
Corrigan,21586409,3
Crane,21586409,6
Leary,20731623,0
Hell,20731623,7
Mancuso,20731623,9
Lee,20731623,11
Russell,20731623,3
Ginsburg,20731623,9
Ginsberg,20731623,9
Ganz,22993733,24
Dekker,22993733,16
Trahan,22993733,4
Crowe,22993733,13
Colin,22993733,6
Besson,22993733,10
Riley,22993733,17
Weddo,22993733,14
Phillips,22993733,4
Gretel,24816130,12
Vasumathi,5916068,21
Chandu,5916068,6
Bhavana,5916068,23
Indira,5916068,6
Janardhanan,5916068,6
Krishnan,5916068,6
Lal,5916068,6
Sharma,10620699,3
Alia,10620699,0
Gopuram,10620699,3
Singh,10620699,10
Meena,10620699,15
Ajit,10620699,21
Craig,1129299,17
Allen,215873,5
Abagnale,215873,23
Carl,215873,6
Frank,215873,3
Hanratty,215873,18
Brenda,215873,3
Jack,215873,23
Oswald,31789405,3
Narasingh,3377394,3
Gulabi,3377394,21
Sukhanram,3377394,6
Chatterjee,3377394,11
Bala,3626312,4
Roy,3626312,10
Nisha,3626312,23
Francon,5274232,21
Wynand,5274232,8
Roark,5274232,6
Toohey,5274232,12
Keating,5274232,23
Opal,8928152,6
Otis,8928152,22
Thomas,8928152,9
Gloria,8928152,6
Dunlap,8928152,19
Buloni,8928152,4
Stevie,8928152,12
Dump,8928152,15
Samantha,36166703,3
Casey,36166703,11
Anna,1442628,7
Townsend,1442628,1
Wieland,31322355,17
Gottschalk,31322355,11
Elisabeth,31322355,2
Schiller,31322355,4
Blohm,31322355,15
Wolff,31322355,2
Vercel,405152,12
Becker,405152,11
Massoulier,405152,1
Julien,405152,5
Yeo,3900943,19
Denning,6215998,8
Dennis,6215998,15
Starkweather,6215998,4
Howard,6215998,5
Woolsey,6215998,6
Rhonda,6215998,0
Stan,6215998,23
Kennedy,6215998,11
Jack,6215998,12
Loomis,6215998,8
Sandra,6215998,0
Gene,6215998,21
Andy,6215998,18
Sivaranjani,28031590,16
Prasad,28031590,18
Woodlore,19165776,8
Humphrey,19165776,3
Blake,113651,17
Jarmusch,113651,5
Johnny,113651,20
Pickett,113651,20
Twill,113651,18
Thel,113651,17
Charlie,113651,17
Cole,113651,3
Russell,113651,3
Wilson,113651,20
Dickinson,113651,15
Sinha,7679820,9
Surendra,7679820,16
Archana,7679820,15
Johnathan,24705139,7
Hanswald,24705139,12
Wyatt,24705139,0
Joel,24705139,16
Beyonc,24705139,10
Kranz,24705139,4
Ben,24705139,21
Dwayne,24705139,13
Meyer,24705139,1
Amy,9559119,23
Michelle,9559119,23
Lauren,9559119,3
Sarah,9559119,4
Dan,9559119,23
Zach,9559119,3
James,9559119,24
Charlie,30301695,0
Barbara,19104102,6
Heyde,19104102,16
Lucy,3782980,20
Betsy,3782980,3
Powell,3782980,21
Batts,3782980,24
Bell,3782980,3
Yasmina,32086341,21
Byne,3377246,13
Pandit,3377246,0
Udayan,3377246,4
Raja,3377246,2
Goopy,3377246,22
Gyanochuramoni,3377246,17
Rajya,3377246,2
Bagha,3377246,3
Gobeshok,3377246,1
Merlin,31530086,16
Reagan,11864037,14
Bacall,11864037,12
Bogart,11864037,15
Smith,11864037,17
Scott,11864037,7
Adam,8259794,11
Naseema,8259794,11
Shannon,1605320,14
Rice,1605320,4
Carlos,1605320,21
Lucas,1605320,6
Walter,1605320,3
Vicki,1605320,6
Robin,1605320,10
Kirkman,2444294,8
Roth,2444294,8
Lynn,2444294,18
Amy,3932157,3
Vanessa,3932157,3
Christy,3932157,6
Wells,3932157,19
Claire,3932157,3
Jeff,3932157,19
Locke,3932157,6
John,3932157,6
Laura,1992647,6
Evie,1992647,6
Bishop,1992647,17
Marshall,1992647,1
Peter,1992647,19
Sarah,1992647,3
Ben,1992647,3
Walton,1992647,18
Bryony,1992647,18
Robert,1992647,3
Fincham,1992647,10
Allshard,3466023,9
Pennell,3466023,10
Johnson,3466023,1
Custer,3466023,0
Dandridge,3466023,5
Tyree,3466023,4
Quincannon,3466023,17
Cohill,3466023,10
O'Brien,3466023,0
Wilson,32820811,24
Nelson,32820811,24
Wiggins,20309964,9
Barbara,20309964,6
Harding,20309964,15
Drake,20309964,3
Amos,8355122,2
Jed,8355122,3
Pruit,8355122,9
Mae,8355122,5
Clayton,8355122,2
Griffin,8355122,13
Boss,8355122,17
Smith,8355122,20
Nigger,8355122,24
Johnson,5148441,0
Robert,5148441,10
Clifford,5148441,2
McNamara,5148441,9
Duran,934809,10
Sherman,934809,23
Holden,934809,14
Crandall,934809,4
Bissoon,34971621,13
Kisaragi,1295625,4
Godzilla,1295625,4
Kiryu,1295625,4
Igarashi,1295625,5
Mothra,1295625,17
Kamoebas,1295625,9
Chujo,1295625,22
Ames,19517431,18
McLean,19517431,24
Kay,19517431,15
Phil,19517431,7
Mercedes,19517431,1
Paul,32849380,24
Michelle,32849380,20
Dana,32849380,10
Liza,32849380,5
Haley,32849380,5
Kirsten,32849380,3
Jeff,32849380,5
Ryan,32849380,5
Babish,32849380,4
Mike,32849380,23
Ethan,32849380,5
Laura,32849380,24
Kate,32849380,24
Alison,32849380,17
Anne,32849380,17
Jamie,32849380,5
Alex,32849380,5
Kristen,32849380,5
Kirk,32849380,5
DiMaggio,10593987,18
Smith,10593987,4
Daffy,10593987,6
Porky,10593987,3
Vern,2289802,5
Dick,2289802,2
Raam,25714947,13
Franco,5959458,13
Ricci,5959458,13
Veronica,5959458,2
Ji-young,30552508,10
Fellowsby,6647011,23
McCoy,6647011,4
Burns,6647011,21
Zasu,8843407,24
Thelma,8843407,24
Meldrick,11144406,14
Duren,11144406,12
Chang,11144406,24
Sharpe,4055486,12
McCadden,4055486,4
Rossmore,4055486,7
Melrose,4055486,9
Plummer,4055486,13
Serrano,4055486,17
Tutankhamun,4055486,3
Arthur,2324841,6
Jackie,2324841,17
Willis,2324841,17
Louise,2324841,17
Ummu,31186833,6
Razzak,31186833,21
Kamarudeen,31186833,16
Kamar,31186833,16
Kholzu,31186833,20
Laila,9506553,16
Afandy,9506553,0
Hamam,9506553,24
Pasha,9506553,5
Ram,30496084,3
Chandru,30496084,12
Latha,30496084,3
Vicky,30496084,14
Charu,30496084,3
Baumer,5926353,22
Hitler,5926353,1
Finkelstein,5926353,23
Alvenstor,5926353,18
Horst,5926353,23
Sophie,5926353,17
Max,5926353,13
Shimizu,34333356,9
Itsuki,423019,3
Hiroko,423019,3
Fujii,423019,16
Fujiis,423019,16
Akiba,423019,6
Watanabe,423019,21
York-Odessa,20011474,7
Nechyporuk,20011474,17
Glushko,20011474,10
Mishchenko,20011474,8
Karachentsov,20011474,1
Wysocki,20011474,22
Nich,20011474,22
Stepanov,20011474,11
Petrova,20011474,9
Machulska,20011474,20
Golovin,20011474,12
Belousov,20011474,12
Pollack,20011474,16
Vengerov,20011474,20
Petrovich,20011474,23
Shapovalov,20011474,19
Safonov,20011474,9
Mark,6041144,10
Royce,6041144,23
Great,6041144,8
Julie,6041144,2
Buffo,6041144,1
Philbin,6041144,13
Veidt,6041144,22
Cathy,26192837,0
Casalotti,26192837,22
Louie,26192837,20
Cazuza,1783356,14
Vermelho,1783356,15
Gore,15871089,13
Stowe,30192015,24
Womack,30192015,15
Gordet,30192015,6
Sally,30192015,24
Cole,30192015,3
Douglas,924954,11
Pedersen,924954,22
Straud,924954,20
Ollie,5477209,3
Grainger,5477209,17
Nick,5477209,14
Stan,5477209,3
Katie,26608129,8
Hepple,26608129,18
Tom,26608129,21
Ronnie,26608129,21
Carl,26608129,17
Gerri,26608129,21
Joe,26608129,14
Mary,26608129,3
Ken,26608129,3
Pierre,28902041,5
Mou-Mou,28902041,24
Madeleine,28902041,9
Thorne,35886865,21
Adams,35886865,9
Meirelles,3878392,1
Kurosawa,3878392,9
Nadesico,1974897,20
Ruri,1974897,8
Makibi,1974897,18
Akito,1974897,20
Hoshino,1974897,21
Yurika,1974897,20
Marina,14375863,6
Eleni,14375863,3
Katherine,14375863,13
Nicholas,14375863,4
Peter,14375863,3
Anna,14375863,6
Michael,14375863,3
Catherine,14375863,11
Alex,14375863,15
Mary,14375863,6
Helen,14375863,24
Petros,14375863,23
Myrsine,14375863,24
Miller,36329561,15
Jake,36329561,6
Cassie,36329561,6
Russell,36329561,6
Wes,36329561,16
Sanders,36329561,6
Mayor,36329561,7
Nightingale,36329561,2
Lori,36329561,3
Brandon,36329561,6
Tinsdale,36329561,17
Abigail,36329561,6
Scobie,7848565,10
Bentley,7848565,21
Lalor,7848565,10
Paul,8997652,3
Kinjo,8997652,23
Takeda,8997652,4
Racine,8997652,15
Junko,8997652,19
Mieko,8997652,4
Oshima,8997652,9
Kirina,8997652,6
Cooper,645111,11
Theresa,645111,3
Rudolph,645111,3
Greg,645111,13
Parker,645111,11
Python,645111,17
Tommy,645111,17
Lisa,645111,24
Kristin,645111,3
John,645111,3
Keeler,645111,15
Spencer,1794176,10
Belphegor,1794176,6
Faussier,1794176,0
Verlac,1794176,11
Lisa,1794176,24
Geetha,25502752,13
Raghuram,25502752,10
Geeta,25502752,21
Saxena,25502752,12
Nagarjuna,25502752,11
Krishna,25502752,15
Babu,25502752,3
Mohan,25502752,1
Sudhakar,25502752,7
Vamsi,25502752,2
Elie,17155163,2
Norma,17155163,4
Loren,5501492,0
Hodges,5501492,16
Tim,10069910,19
Miller,10069910,17
Tracy,10069910,3
Rick,10069910,6
Elvis,10069910,21
Juanita,10069910,3
Angela,10069910,23
Mike,10069910,9
Moorehouse,10069910,23
Ryan,10069910,6
Sofie,10069910,3
Carver,10069910,19
James,10069910,17
Mason,4073844,18
Holden,4073844,11
Grayson,4073844,14
Gavin,4073844,7
Benson,19099601,0
Blair,19099601,16
Adams,19099601,22
Duval,19099601,16
Garrett,8279491,10
Shelia,8279491,24
Sheila,8279491,23
Craig,8279491,17
Layton,8279491,0
Foster,8279491,3
Risa,5576724,17
Kova,5576724,11
David,5576724,3
Tish,5576724,23
Kapoor,32189232,9
Khanna,29574385,4
Seema,29574385,2
Khan,29574385,19
Marshall,4040589,9
Jordon,4040589,21
Stanwyck,4040589,11
Thelma,4040589,12
Cleve,4040589,3
Sim,34985047,3
Dana,9139404,2
Aishwarya,3545795,13
Gautham,3545795,21
Aishu,3545795,2
Kundavi,3545795,3
Vega,18960432,22
Mansi,1792621,21
Babu,1792621,21
Kapoor,1792621,15
Manav,1792621,21
Vikrant,1792621,21
Mehta,1792621,21
Pavana,24176843,6
Danny,5823255,17
Miller,5823255,1
Ryerson,5823255,9
Burke,5823255,9
Mears,5823255,6
Callahan,5823255,8
Mark,5823255,23
Susan,5823255,23
Straker,5823255,17
Petrie,5823255,4
Norton,5823255,4
Sawyer,5823255,21
Barlow,5823255,4
Glick,5823255,9
Crockett,5823255,15
Leila,1275719,6
Mashira,1275719,8
Dracula,1275719,4
Benge,1275719,1
Caroline,1275719,14
Link,1275719,3
Franklin,9401743,2
Nathan,9401743,6
Barry,9401743,6
Matt,9401743,14
Masterson,9401743,23
Tori,9401743,6
Fredreking,9401743,23
Kittser,8594350,24
Paul,8594350,3
Marian,8594350,8
Janine,8594350,23
Georgie,8594350,14
Matthew,8594350,10
Martin,8594350,0
Orla,8594350,15
Adam,8594350,6
Stella,32766712,19
Swift,32766712,17
Vanessa,32766712,19
Bobby,246963,17
Farragut,246963,22
Peru,246963,20
Durango,246963,22
Lula,246963,3
Santos,246963,14
Ellen,14480043,21
Corliss,14480043,21
Kingship,14480043,2
Bud,14480043,13
Lewis,26332561,1
Wahl,26332561,0
Hoshaw,26332561,9
Niedermayer,26332561,18
Cunningham,15886402,12
Nick,15886402,24
Kewzer,15886402,0
Nadia,15886402,1
Lane,15886402,12
George,15886402,17
Monroy,15886402,8
O'Bannon,15886402,3
Janet,15886402,17
Lori,15886402,3
Lanter,15886402,22
Groves,15886402,17
Milligan,15886402,19
Samantha,15886402,20
Hunt,15886402,4
Andy,15886402,24
Maria,18606338,6
Cesare,18606338,13
Karan,11625280,3
Yash,11625280,24
Natasha,11625280,5
Pat,11625280,13
Tanya,11625280,3
Bakshi,11625280,2
Dolly,11625280,12
Grant,433824,17
Stuart,433824,16
Holly,433824,24
McClane,433824,3
Gruber,433824,17
Thornburg,433824,17
Esperanza,433824,4
Lorenzo,433824,4
Barnes,433824,17
Jorgen,24565005,15
Jimmy,24565005,12
Lola,24565005,21
Crowley,15399751,18
Haddo,15399751,8
McCormack,2561398,21
Abby,2561398,13
Lansing,2561398,16
Fiona,2561398,16
Stevie,2561398,3
Terrance,2561398,21
James,2561398,3
Alex,2561398,3
Darnley,223904,23
Bothwell,223904,1
Stewart,223904,22
Cecil,223904,9
II,223904,8
Warner,223904,7
Elizabeth,223904,21
Mary,223904,6
Massey,223904,9
James,223904,21
Walsingham,223904,0
Riccio,223904,9
Douglas,6555693,23
Hump,6555693,12
Valentine,6555693,12
Prevert,6555693,2
Lyons,6555693,17
Dangle,6555693,18
Emmannuelle,6555693,6
Benbow,5482994,11
Livesey,5482994,13
Smollett,5482994,4
Gunn,5482994,10
Silver,5482994,11
Jim,5482994,23
Hawkins,5482994,3
Bones,5482994,17
Yegor,142852,8
Vera,142852,21
Serge,142852,18
Nadja,142852,4
Azim,7534904,23
Aditya,7534904,3
Sana,7534904,5
Garewal,7534904,4
Healy,6736424,15
Rufus,3402601,17
Killigan,3402601,24
Drakken,3402601,4
Stoppable,3402601,8
Kim,3402601,4
Wade,3402601,18
Kazu,26961604,4
Brothers,23691324,5
Pearl,23691324,22
Edwards,23691324,17
Simms,23691324,17
Spenser,23691324,19
Tom,23691324,24
Scarlotti,23691324,6
Eleanor,23691324,23
Gene,23691324,16
Boccherini,370858,2
Horn,370858,16
Howard,370858,4
Maturin,370858,23
Aubrey,370858,6
Jackson,7639116,19
Rory,7639116,24
Emily,7639116,17
Woodrow,7639116,12
Leprechaun,7639116,17
Doria,7639116,6
Thompson,7639116,22
Duncan,7639116,12
Jamie,7639116,20
Jacob,7639116,17
Davis,7639116,17
Lisa,7639116,17
Buddy,7330661,3
Hall,7330661,23
Steve,7330661,6
Kelly,7330661,14
Tia,7330661,6
Ashley,7330661,19
Finch,7330661,3
Pak,7330661,20
Dave,7330661,17
Madison,7330661,6
Douglas,8152043,19
Cooper,8152043,2
Herbie,8152043,4
Horace,8152043,16
Alex,8152043,7
Hank,8152043,6
Rupert,8152043,6
Stumpful,8152043,12
Hannah,8152043,18
Simon,8152043,2
Shotz,8152043,13
Judah,2457326,7
Mark,2457326,10
Aviva,2457326,3
Bob,2457326,4
Wiener,2457326,7
Ruytenburch,2231977,9
Rembrandt,2231977,22
Josie,3408831,21
Pyle,3408831,4
Dodge,3408831,21
McClellan,3408831,18
Kinney,3408831,24
Kent,8521952,9
Samson,8521952,5
Lisa,8521952,12
McBain,8521952,14
Moki,30238213,16
Johnny,30238213,21
Harris,30238213,11
Lingo,30238213,6
Mahana,30238213,13
Moe,7063029,0
Larry,7063029,10
Edwards,1741327,15
Ben,1741327,6
Murph,1741327,6
Duvane,1741327,22
Pan,1741327,19
Phlim,1741327,22
Peabody,1741327,7
Corky,1741327,23
Bertha,1741327,12
Healy,1741327,16
Burtis,1741327,7
Sarah,1741327,11
Hicks,1741327,9
Ding,32301635,5
Nan,32301635,3
Yueqin,32301635,14
Wei,32301635,15
Chang,32301635,3
Bo,32301635,3
Feng,32301635,3
Li,32301635,10
Babalu,17711048,10
Coyle,7242242,11
Grimes,7242242,9
Grace,7242242,24
Karin,3955571,21
Bergman,3955571,11
Lama,9645095,23
Fred,555857,13
Cooper,555857,2
Georgie,555857,6
Sylvie,555857,3
Darrel,555857,6
Maracle,1419513,9
Steelpost,1419513,20
Crow,1419513,8
Gaskill,1419513,24
Hammer,8949311,5
Linda,28462988,3
Ann,28462988,5
Chandler,28462988,13
Marsh,28462988,8
George,28462988,6
Mandy,28462988,6
Willie,28462988,3
Drew,28462988,20
Marie,28462988,13
Scott,28462988,15
Bobby,17571248,4
Napier,17571248,12
Glenna,17571248,1
Jack,17571248,3
Ray,2337370,3
Munro,2337370,18
Trent,2337370,9
Hastings,2337370,11
Tomas,2337370,4
Joe,2337370,20
Quick,2337370,18
Ned,2337370,3
Leon,2337370,0
Kodi,3581722,13
Stella,3581722,6
Balto,3581722,21
Boris,3581722,3
Jenna,3581722,13
Trudy,7639376,0
Harris,7639376,0
Crothers,7639376,16
Framm,5026441,10
Molly,5026441,10
Sullivan,5026441,8
Josh,5026441,11
Stewart,5026441,17
Emma,5026441,19
Jackie,5026441,10
Allan,5906571,20
Keerthi,5906571,23
Anand,5906571,17
Shekhar,5906571,2
Saji,5906571,15
Satish,27562889,3
Banglore,27562889,17
Verma,27562889,17
Menon,27562889,18
Narayan,27562889,10
Chitra,27562889,3
Issac,27562889,15
Gunderson,8134017,8
Kennedy,1365451,1
Blake,1365451,6
Angel,1365451,10
Chavez,1365451,5
Nyle,1365451,22
David,1365451,4
Jane,4791224,13
Kala,4791224,5
Tarzan,4791224,19
Greystoke,4791224,8
Jefferson,4791224,18
Clayton,4791224,11
Binns,4791224,16
Porter,4791224,22
Burroughs,2352397,4
Bookman,2352397,17
Cox,2352397,10
Deidre,2352397,18
Balleu,6676241,18
Balleau,6676241,22
Balan,35875851,3
Bloodworth,26800826,16
Fleming,26800826,14
Julia,26800826,15
Hitler,7298917,18
Reich,7298917,8
Nazis,7298917,14
Siddharth,9785975,4
Dutt,9785975,10
Madlock,2372982,4
Holly,2372982,4
Meechum,2372982,17
Gillian,2372982,11
Cleve,2372982,17
Barlow,15868571,23
Parlington,15868571,23
Magnus,2093556,4
Helsing,2093556,3
James,2093556,9
Severien,2093556,20
Severin,2093556,11
Greta,2093556,17
Baroness,2093556,13
Stepnik,2093556,8
Gina,2093556,3
Marianne,2093556,21
Meinster,2093556,23
Danielle,2093556,3
Baron,2093556,24
Jude,29714107,9
Taylor,29714107,24
Hugo,29714107,9
Jass,29714107,8
Steph,29714107,3
Bliss,35244336,21
Henry,24436496,2
Freddy,24436496,2
Sharon,24436496,10
Petosa,24436496,9
Franks,24436496,7
Sonya,24436496,7
Rosie,24436496,11
Paris,24436496,7
Kirk,24436496,10
Dersu,1624660,2
Uzala,1624660,3
Arseniev,1624660,6
Charly,22714216,2
Sujitha,22714216,21
Uma,22714216,13
Boban,22714216,5
Chowdury,22714216,7
Felix,26741752,3
Fisch,26741752,4
Brown,26741752,19
Sanziani,4580345,21
Mario,4580345,6
Valentina,4580345,22
Nina,4580345,3
Vicari,4580345,13
Pia,4580345,23
d'Orazio,4580345,7
Contessa,4580345,3
Randolph,33529082,8
Linda,33529082,16
Katherine,1543289,9
Foxy,1543289,18
Brown,1543289,19
Elias,1543289,24
Elizabeth,18537242,3
Benjamin,18537242,17
Christine,18537242,3
put,18537242,23
Freddie,18537242,6
Lindsay,18537242,22
Morgan,18537242,11
Ted,18537242,20
Joanna,18537242,21
Alex,18537242,6
Clark,6812190,19
Martin,6812190,13
Story,6812190,0
Jeffrey,28858127,0
Iturbi,28858127,1
Christine,28858127,16
Evans,28858127,0
Karpathy,28858127,5
Gretel,19062669,15
Kotler,19062669,12
Norton,19062669,7
Ralf,19062669,6
Reich,19062669,8
Pavel,19062669,17
Elsa,19062669,6
Shmuel,19062669,6
Bruno,19062669,3
Jews,19062669,1
Samuel,22119521,1
Mahmoud,13422867,24
Karol,13422867,11
Rose,13422867,13
Jamie,13422867,8
Angie,13422867,6
Hussain,29739677,0
Deol,29739677,3
Neetu,29739677,2
Muehl,7251868,7
Potemkin,7251868,17
Planeta,7251868,17
Marx,7251868,5
Herb,14684782,16
Kathy,14684782,3
Sam,14684782,6
Millie,14684782,3
Ellen,14684782,21
Bunny,14684782,19
Pete,14684782,3
Charles,14684782,3
Frankie,14684782,17
Barb,14684782,23
Al,22751151,6
Capetti,22751151,15
Gianni,12662789,2
Manni,12662789,1
Ercole,12662789,3
Marta,3489518,13
Kharis,3489518,4
Solvani,3489518,19
Banning,3489518,6
Petrie,3489518,22
Ananka,3489518,1
Grainger,34080708,2
Kwast,34080708,23
Priyadarshani,7731316,7
Chinnababu,7731316,3
Narasimham,7731316,20
Jeremy,30887985,19
Parrish,30887985,5
Weldon,30887985,21
Seta,28006082,5
Tovoli,28006082,10
Gazzano,28006082,24
Consolo,28006082,7
Raghavan,9689762,21
Anitha,9689762,6
Vijay,9689762,3
Moe,14738317,0
Shemp,14738317,6
Larry,14738317,0
Smit,20777420,17
Obesandjo,20777420,17
Merwe,20777420,9
Johnson,20777420,4
Tania,20777420,0
Wikus,20777420,23
James,20777420,24
Hakbarah,9513043,0
Oori,9513043,4
Salim,9513043,16
Michael,9513043,14
Fatoush,9513043,8
Walbridge,9513043,17
Dvir,9513043,6
Dalia,9513043,23
Zohan,9513043,2
Eva,10518816,13
Georg,10518816,13
Hanz,29070972,17
Vera,29070972,6
Kathrina,29070972,3
Remminger,29070972,6
Katharina,29070972,17
Nicki,29070972,20
Hans,29070972,6
Christian,29070972,3
Skye,20959633,21
Myron,20959633,3
Thirumalamba,24120424,5
Timmarusu,24120424,14
Raya,24120424,22
Krishnasini,24120424,14
Ramakrishna,24120424,18
Sultnate,24120424,8
Vijayanagaram,24120424,12
Raman,24120424,24
Kai,8351318,15
Stewart,14143940,17
Calvert,14143940,9
LaMotte,8637926,8
Browning,8637926,11
Susie,8637926,6
Claudia,22377867,3
Polo,22377867,24
Hammer,22377867,11
Tamblyn,22377867,9
Tommy,22377867,21
Gillen,22377867,3
Karl,22377867,3
Anne,32650066,2
Michael,1610563,20
Nelson,1610563,8
Lockwood,7421657,8
Grady,7421657,0
Joe,7421657,23
Walker,7421657,24
Todd,3204685,10
Michelle,3204685,3
Twana,3204685,19
Jordan,3204685,5
Nicole,3204685,12
Reggie,3204685,10
Jakes,3204685,9
Petrukha,1463386,24
Rakhimov,1463386,3
Sukhov,1463386,24
Gyulchatai,1463386,17
Vereschagin,1463386,21
Sayid,1463386,4
Abdullah,1463386,16
Matveyevna,1463386,20
Roxanne,23890141,10
Oswald,33019335,3
Regret,3746837,4
Graile,3746837,4
Cutter,3746837,24
Emil,3746837,24
Maria,24704005,17
Rob,24704005,6
L'Heureux,24704005,7
Meyers,24704005,14
Dunlap,24704005,13
Felice,24704005,6
Roby,24704005,3
Sal,24704005,5
Kelly,24704005,18
Chris,24704005,6
John,24704005,3
Marshall,24704005,15
Richmond,24704005,7
Draper,8628327,16
Berry,8628327,9
Govardhan,8628327,20
Kapoor,8628327,11
Kolvenbach,8628327,11
Hutton,8628327,0
Mohanlal,8628327,4
Diop,35013392,11
Fletcher,15799232,24
Churchill,27996383,1
Woods,27996383,9
Kluck,27996383,8
Meiser,27996383,0
Carney,27996383,14
MacCorkle,27996383,15
Grey,27996383,19
Hayes,27996383,19
Butts,27996383,11
Lake,27996383,22
Milan,27996383,9
Stanley,27996383,13
Cobb,27996383,8
Downing,27996383,14
Lisotti,27996383,20
Nicole,6392570,4
Jesus,6392570,4
Gigot,6392570,4
Collette,6392570,16
High,2296056,0
Peace,2296056,12
Penny,2296056,20
Warren,2296056,3
Gwen,2296056,17
Zach,2296056,12
Grayson,2296056,7
Layla,2296056,12
Ethan,2296056,1
Man-Yee,9148637,11
Kar-fu,9148637,24
Simms,29594386,5
Aaron,6787832,15
Moe,6787832,3
Sally,6787832,3
Mayor,6787832,3
God,22042951,2
Sheri,22042951,4
Titali,5989683,13
Kali,5989683,12
Basanti,5989683,17
Panda,5989683,6
Chandan,5989683,6
Strap,21326887,18
Sweeney,13980546,0
Jo,35057029,2
Randy,35057029,13
Curtiss,35057029,18
Steve,35057029,4
Dover,35057029,9
Corky,35057029,3
Billy,35057029,22
Liang,12498480,8
Shu,12498480,6
Bao,12498480,16
Xing,12498480,16
Fei,12498480,6
Bei,12498480,3
Zilong,12498480,3
Cao,12498480,14
Changshan,12498480,4
Yu,12498480,6
Shan,12498480,9
De,12498480,20
Ping,12498480,6
Wei,12498480,24
Ying,12498480,14
Ambler,19931038,12
Phonse,6212003,6
Dave,6212003,2
Alice,6212003,2
Bendel,11016612,10
Magus,11016612,19
Bass,2060829,4
Turner,10367777,7
Sandy,10367777,3
Gill,10367777,23
Macaleese,10367777,3
Foster-Burrows,10367777,4
Randall,10367777,3
Brooks,5474126,23
Nelly,5474126,2
Doyle,5474126,9
Grace,5474126,10
Wilson,5474126,20
Sam,28198085,4
Douglas,23983916,24
Jane,23983916,4
Winwood,23983916,21
Beth,23983916,19
Barbie,23983916,2
Coleman,23983916,21
Diana,23983916,6
Alper,20632582,6
Skolmen,13183597,7
berg,13183597,5
Devi,719000,16
Veera,719000,13
Anita,719000,2
Verma,719000,14
Ravi,719000,21
Kapoor,719000,3
Vijay,719000,8
Ali,31339377,12
Gamo,31339377,21
Fakir,31339377,8
Ligurio,22706056,1
Lucrezia,22706056,6
Callimaco,22706056,6
Timoteo,22706056,15
Hadley,17553916,2
Wells,17553916,11
Riley,17553916,22
Master,2149056,6
Thomas,2149056,3
Biederbeck,488623,13
Vulnavia,488623,7
Kemp,488623,19
Victoria,488623,11
Phibes,488623,3
Diana,488623,21
Julia,1164497,5
Castorini,33845451,3
Anjali,15698879,12
Rahul,15698879,5
Julie,2451503,6
Richie,2451503,6
Fowler,2451503,24
Keppler,449352,15
Warner,449352,9
Zoll,449352,14
Dietz,449352,17
Reisenauer,449352,22
Kiesel,449352,4
Meyer,449352,10
Stransky,449352,16
Steiner,449352,6
Franz,7324640,4
Jason,7324640,16
Kitty,7324640,4
Jellusic,7324640,6
Sonya,7324640,4
Haghi,7324640,17
Baranikowa,7324640,1
Masimoto,7324640,17
Sonja,7324640,24
Walidah,35020296,0
Abubakar,35020296,18
Hisyam,35020296,8
Fahrudin,35020296,8
Darwis,35020296,8
Kamaludiningrat,35020296,24
Dahlan,35020296,13
Sangidu,35020296,8
Mara,1872336,17
Klausman,1872336,19
Ariel,1872336,19
Singer,1872336,21
Eden,1872336,3
Katie,27856465,22
Tyler,27856465,17
Arber,27856465,21
Korbitz,27856465,24
Lara,27856465,3
Ballani,27856465,24
Gravel,1328188,14
Bosley,1328188,16
Jacques,1328188,7
McHenry,1328188,12
Carlotta,1328188,18
Brown,1328188,18
Mortville,1328188,13
Mash,31406574,12
Venu,31406574,7
Nair,31406574,2
Appunni,31406574,19
Ammukkutty,31406574,12
Salzman,3826340,21
Ming,3826340,0
Uschu,3826340,1
Laraine,1493245,9
Grissom,1493245,0
Bink,1493245,23
Mauser,1493245,23
Jr.,1493245,12
Eddie,1493245,11
Laurel,3177256,7
Stan,3177256,23
Walker,3177256,23
Hardy,3177256,7
Ollie,6169108,3
Oliver,6169108,2
Stan,6169108,3
Hardy,6169108,15
Harry,60164,24
Zuzu,60164,13
Billy,60164,16
Ernie,60164,23
George,60164,13
Mary,60164,0
Bick,60164,12
Bailey,60164,13
Clarence,60164,23
Wainwright,60164,4
Edmunds,60164,0
Park,60164,0
Martini,60164,16
Sawyer,60164,17
Gower,60164,7
Potter,60164,6
Amanda,11703461,19
Jim,11703461,21
Alex,11703461,23
Marshall,7156183,8
Luana,7156183,1
Layton,7156183,4
Varnoff,7156183,23
Wyatt,31023204,21
Tomato,6791617,17
Asparagus,6791617,10
Jimmy,6791617,3
Percy,6791617,3
Junior,6791617,6
Gourd,6791617,12
Laura,6791617,7
Pea,6791617,15
Larry-Boy,6791617,6
Carrot,6791617,22
Snuggly,6791617,7
Alfred,6791617,9
Larry,6791617,6
Lily,25848285,6
Evans,29210441,13
Marlow,9126014,19
Hart,9126014,11
Kai-shek,9126014,10
Lorenz,9126014,3
Leland,9126014,6
Smith,9126014,14
Morton,9126014,8
Totsuiko,9126014,14
Leung,2350468,4
Ching,2350468,3
Zau,2350468,3
Dragon,2350468,24
Farina,19299521,20
Dean,5254819,11
Gazal,5254819,2
Freya,5254819,13
McAllister,5254819,10
Suk-Young,30109909,13
Douglas,80923,15
Bishop,80923,8
Finney,80923,19
Phipps,80923,3
Brad,80923,14
George,80923,21
Addie,80923,8
Manleigh,80923,12
Hollingsway,80923,13
Ross,80923,6
Deborah,80923,21
Rita,80923,21
Sadie,80923,8
Porter,80923,6
Weatherby,18019926,8
Rollins,18019926,3
Michael,18019926,14
Miranda,18019926,6
Lindsay,18019926,17
Mary,18019926,17
William,31979208,6
Bertha,31979208,22
Sam,31979208,24
Rika,31979208,16
Hitler,31979208,23
Waldemar,31979208,3
Hank,31979208,6
Nods,31979208,4
Boy,31979208,21
Jans,31979208,4
Waldy,31979208,6
Sam,23513341,3
Jennifer,23513341,3
Chesney,23513341,17
Dwayne,23513341,23
Tommy,23513341,5
Hills,23513341,19
Djebena,22740792,14
Ryad,22740792,14
Tarik,22740792,12
Jordi,22740792,1
Latif,22740792,0
Vettori,22740792,12
Lattrache,22740792,23
Hassan,22740792,12
Lingherris,22740792,8
Luciani,22740792,22
Malik,22740792,4
Marcaggi,22740792,22
Judith,3860172,24
Nebuchadnezzar,3860172,17
Bartlett,6190804,10
Ratan,3076462,6
Sanju,3076462,14
Devika,3076462,3
Sharma,3076462,18
Ramlal,3076462,3
Anjali,3076462,3
Shekhar,3076462,5
Malhotra,3076462,16
Joan,68082,3
Talbot,68082,17
Chick,68082,6
Raymond,68082,8
Stevens,68082,7
Frankenstein,68082,13
Wilbur,68082,3
Man,68082,23
Mornay,68082,13
Leighos,68082,13
Sandra,68082,3
McDougal,68082,17
Dracula,68082,4
Roberts,28940363,24
Frank,28940363,10
Rhodes,28940363,17
Krishnan,24641171,6
Archie,4264016,13
Harry,4264016,21
Tynan,4264016,13
Gus,4264016,6
Billingham,4264016,1
Jarrod,8448026,3
Gordon,8448026,16
Tracy,8448026,21
Jonah,8448026,16
Jerrod,8448026,6
Jenny,8448026,16
Lily,8448026,6
Damon,8448026,6
Elisi,8448026,6
Jacob,25609202,3
Julie,25609202,16
Mario,19783345,16
Dale,19783345,24
Rogers,19783345,0
Mackey,30822465,15
Lena,30822465,2
O'Donnell,30822465,10
Romeo,30822465,6
Jonny,30822465,2
Toller,30247669,23
Allmovie,13987143,21
Sokichi,13987143,21
Andrews,26679558,3
Lorraine,26679558,1
Denise,26679558,1
Berunda,34153889,2
Laird,23725400,19
O'Neil,23725400,19
Karai,23725400,4
Hun,23725400,17
Eastman,23725400,4
Dean,19221106,6
Joel,19221106,6
Cindy,19221106,3
Suzie,19221106,21
Brad,19221106,3
Reynolds,19221106,9
Adler,19221106,14
Willie,19221106,3
Donnelly,19865922,16
Tracy,19865922,3
Petersen,19865922,15
Kevin,19865922,3
Kagenuma,29552477,21
Mashiro,29552477,14
Marian,1417586,22
Jo,1417586,22
P.J.,1417586,6
Cutler,1417586,15
Bud,1417586,3
Parks,1417586,15
Alice,1417586,23
Asaji,102580,3
Washizu,102580,13
Noriyasu,102580,10
Miki,102580,6
Daniel,26208121,16
Beth,26208121,6
Tommy,26208121,6
Marshall,770348,2
Johnson,770348,18
Carly,770348,2
Alex,770348,13
Kate,21880834,11
Argo,21880834,3
Dragan,1044633,11
Cody,1044633,16
Morty,1044633,16
Harris,1044633,14
Tammy,1044633,8
Charlie,1044633,13
Jimmy,1044633,16
Sidney,1044633,8
Gene,1044633,17
Trevor,1044633,11
Gill,239587,10
Crush,239587,10
Sherman,239587,14
Coral,239587,21
Jacques,239587,1
Darla,239587,9
Dory,239587,23
Nigel,239587,4
Deb,239587,1
Marlin,239587,3
Bruce,239587,6
Barnett,22318770,18
Patricia,22318770,2
Osborne,22318770,1
Cross,22318770,17
Pramila,29528534,13
Rishta,29528534,22
Mary,29528534,21
Bob,29528534,17
Brown,29528534,13
Robert,29528534,9
Karen,1099277,24
Holbeck,1099277,4
Vasilikov,1099277,23
Kaiser,13076097,9
Herzog,13076097,3
Bowser,13076097,1
Gorham,13076097,19
Zeitlinger,13076097,19
Ainley,13076097,9
Pawlowski,13076097,22
Oftedal,13076097,14
Shackleton,13076097,0
MacAyeal,13076097,13
Maria,26624825,12
Horst,26624825,15
Olivier,26624825,17
Annie,26624825,15
David,13044759,4
Kenny,13044759,16
Yeh,12633105,17
Boles,17985706,17
Kelly,17985706,13
McGonegle,17985706,3
Jeannie,10931608,13
MacNairn,10931608,2
Smith,10931608,19
Stanley,10931608,8
MacLean,10931608,2
Henry,31093623,6
Willsy,31093623,23
Ramirez,31093623,17
Ralph,31093623,17
Nial,31093623,5
Preston,31093623,8
Bundt,31093623,10
Stevens,31093623,15
George,31093623,3
Britz,31093623,17
Treadwell,31093623,10
Doc,31093623,23
Shilah,31093623,23
Forrest,31093623,4
Jenny,31093623,3
Hartwicke,6417790,14
Ralph,6417790,17
Judy,6417790,17
Jackson,2938845,1
Guerrero,2938845,9
Tarantino,2938845,20
White,2938845,22
Hayes,2938845,9
Cohen,2938845,20
Hendry,2938845,15
Peebles,2938845,9
Williamson,2938845,7
Finley,2938845,15
Mayfield,2938845,14
Arthur,3650653,6
Uther,3650653,2
Kay,3650653,16
Bart,3650653,5
Pellinore,3650653,18
Hobbs,3650653,17
Merlin,3650653,6
Joshua,25248397,6
Vincent,25248397,6
Frankie,25248397,23
Tahoe,25248397,10
Alfred,9463801,23
Butler,9463801,18
Ken,13606911,1
Bouba,34991883,1
Nidiobina,34991883,23
Kaveri,35485631,21
Viswanath,35485631,3
Govind,35485631,12
Sandhya,35485631,23
Anand,35485631,21
Mickey,3825785,23
Mouse,3825785,14
Minnie,3825785,14
Paul,26068451,15
Volkan,26068451,4
Nihat,26068451,7
Sikita,6765829,21
Wooley,6765829,3
Livingston,6765829,19
Dorothy,32440704,21
Willard,32440704,15
Taylor,1969294,0
Jennifer,1969294,5
Bliss,1969294,23
Murdoch,1969294,3
Moxey,1969294,5
Tucker,1969294,19
Fishbine,1969294,5
Malatesta,1969294,24
Warren,1969294,15
Leroy,1969294,17
Mother,1969294,6
Andrew,30654425,22
Sarah,30654425,2
Edward,30654425,22
Mandeville,30654425,13
Jill,6121312,6
Strasser,6121312,17
O'Hara,6121312,2
Garth,6121312,3
Joe,6121312,16
Ruth,6121312,6
Young,6121312,15
Junior,13393790,17
Jennifer,13393790,3
Vicki,13393790,17
Karen,13393790,17
Ernest,13393790,17
Thompson,13393790,12
Keller,13393790,10
Sou,6219438,6
Chea,6219438,3
Cooper,35628369,17
Sheriff,35628369,24
Jimbo,35628369,3
Jasmine,35628369,17
Tober,35628369,17
Hoss,35628369,3
Andre,35628369,8
Butcher,35628369,17
Kristy,35628369,23
Hollingsworth,35628369,17
Carl,18512674,21
Daly,4185266,3
Carlo,4185266,21
Giordani,4185266,13
Ulmann,4185266,10
Martha,4185266,17
Joe,17947683,3
Eugenio,17947683,24
Hilda,17947683,20
Pontes,17947683,23
Bruno,17947683,11
Elena,17947683,6
Sandy,13555251,1
John,13555251,6
Pasha,6790301,6
Barney,6790301,4
Sillywhim,6790301,6
Laurie,6790301,10
Finnigan,6790301,14
Scott,6790301,10
Humpty,28042876,13
Kitty,28042876,6
Jill,28042876,5
Dumpty,28042876,15
Jack,28042876,3
Roshan,20724748,3
Rama,20724748,5
Gobar,20724748,7
Jaigopal,20724748,4
Annapurna,20724748,6
bandar,20724748,14
Baig,20724748,14
Suresh,20724748,23
Bittu,20724748,3
Bhairam,20724748,10
Madangopal,20724748,15
Mamdu,20724748,22
Jalebi,20724748,17
Bandar,20724748,14
Fudd,18408667,10
Elmer,18408667,20
Coyote,18408667,3
Esmeralda,402866,4
Frollo,402866,3
Phoebus,402866,4
Clopin,402866,0
Quasimodo,402866,3
Daniels,892031,6
Rachael,892031,17
Blaire,892031,2
Starkman,892031,17
Bateman,892031,17
Newman,892031,10
McGuire,892031,22
Cassandra,892031,6
Leo,18146509,15
Edison,18146509,0
Random,18934473,14
Tanner,18934473,12
Lester,14147899,6
Vince,14147899,13
Ray,14147899,9
Irene,14147899,5
Grimm,14147899,3
Poke,14147899,13
Frank,14147899,6
Steven,14147899,23
Ramona,14147899,3
Hitihiti,3992212,11
Miamiti,3992212,10
Pandora,3992212,12
Byam,3992212,10
Tehanni,3992212,9
Banks,3992212,9
Bacchus,3992212,7
Christian,3992212,21
Bligh,3992212,20
Lucy,19351485,16
Tony,19351485,3
Newley,19351485,9
Carmichael,19351485,19
Ronson,16543797,14
Holmes,4265882,4
Grant,4265882,7
Mycroft,4265882,17
Lestrade,4265882,18
Moriarty,4265882,22
Sherlock,4265882,17
Watson,4265882,0
Shekhar,21821426,4
Mohan,21821426,14
Rathod,21821426,18
Danny,99984,23
Menudo,99984,2
n,99984,7
guez,99984,19
Lozada,99984,15
Jr.,99984,8
Concepci,99984,20
Wallace,99984,11
John,99984,13
ndez,99984,16
Trucco,99984,7
Barbara,1252955,17
Dalchimsky,1252955,5
Bortsov,1252955,17
Pakenham,12142819,14
Snyder,12142819,7
Karin,12142819,23
Koerner,12142819,17
Steinof,12142819,7
Larkin,12142819,14
Garrett,12142819,6
Koener,12142819,10
Nielsen,12142819,20
Borgmann,12142819,3
Leonor,26533548,19
Rush,3755901,10
Puckov,3755901,7
Beau,3755901,12
Jarod,3755901,14
Chase,3755901,7
Griff,3755901,15
Andy,3755901,22
Evelyn,2721109,6
Kelly,2721109,22
Ryan,2721109,10
Helsing,17911663,2
Octavio,17911663,23
Harris,17911663,14
Michael,17911663,13
Morgan,17911663,16
Arad,17911663,16
Magus,17911663,4
Blair,30727655,2
Miya,30727655,4
Sterling,25169758,12
Cook,2285254,17
Powers,2285254,6
Trenholm,2285254,21
Ann,2285254,3
Carter,2285254,13
Brody,2285254,20
Jr.,2285254,12
Nietzsche,2285254,4
Courtland,2285254,6
J.R.,2285254,14
Victor,22407961,24
Gloria,22407961,3
Cruz,22407961,19
Avery,22407961,6
Evan,22407961,0
Christina,22407961,21
Lina,22407961,6
Sara,1306774,3
Lowes,1306774,6
Russell,1306774,17
Brandeston,1306774,4
Hopkins,1306774,17
Tweedy,19868108,4
Nickerson,19868108,6
Carson,19868108,20
Drew,19868108,9
Nancy,19868108,16
Phillips,19868108,22
Talbert,19868108,12
Charlie,2898822,11
Talbot,407591,16
Ross,407591,3
Betty,407591,3
Bruce,407591,17
David,407591,3
Jeremy,6195949,6
Gil,6195949,6
Marty,6195949,6
Shane,6195949,24
Victim,6195949,2
Kerri,6195949,6
Ross,6920292,12
Jonathan,6920292,1
Violet,6920292,6
Denise,6920292,6
Denis,6920292,12
Neil,6920292,3
Jessica,13481880,12
Karl,13481880,2
Harriet,13481880,11
Guenther,13481880,5
Sophie,13481880,12
Galirad,14086748,4
Gates,14086748,15
Elen,14086748,13
Zhadoba,14086748,13
Baker,22090777,23
Benson,22090777,9
Payne,22090777,20
Dillwood,22090777,7
Elsie,29558371,6
Roy,29558371,6
Seema,29558371,23
Sherly,29558371,6
Superior,29558371,19
Baby,29558371,21
Alex,29558371,21
Kyle,4276030,3
Johnson,4276030,13
Halloway,4276030,11
Seamus,4276030,10
Benny,19815384,3
Yvonne,19815384,6
Kjeld,19815384,3
Reed,11324565,6
Sakura,11324565,3
Meiling,11324565,4
Syaoran,11324565,6
Tomoyo,11324565,6
Yukito,11324565,6
Pig,3198630,18
Porky,3198630,3
Bosko,18456463,3
Adeline,18456463,2
Ronny,22821369,11
Singh,22821369,3
Judith,7352319,3
Nan,7352319,22
Beresford,7352319,4
Higgins,7352319,19
David,7352319,23
Bowie,33743516,9
Tsatsiki,35140220,3
Maria,35140220,14
Niclas,35140220,13
Elena,35140220,9
Laurie,22545667,0
Allen,2194799,22
Mark,2194799,6
Daria,2194799,6
Marx,2194799,18
Kongo,12238490,24
Mwana,12238490,11
Devika,24504158,4
Manohara,24504158,4
Talikote,24504158,11
Bhat,24504158,18
Beller,25187050,8
Sara,25187050,24
Mahler,25187050,22
Beth,25187050,3
Florence,25187050,3
Roger,25187050,6
Muriel,25187050,12
Carol,25187050,21
Marr,25187050,12
Schrank,25187050,21
Greenberg,25187050,13
Susan,716738,21
Allison,716738,19
Joe,716738,6
Parrish,716738,3
Drew,716738,10
Munuswamy,25111821,23
Janaki,25111821,21
Saroja,25111821,21
Tyler,23992760,1
Ronnie,23992760,4
Odusami,23992760,4
Ashley,23992760,4
Campos,23992760,18
Fisher,23992760,17
Wren,213246,17
Purvis,213246,16
Gediman,213246,13
DiStefano,213246,10
Betty,213246,12
Ripley,213246,4
Hall,22703750,24
Adamson,22703750,8
Manson,22703750,4
Robinson,22703750,11
Harry,414180,5
Klein,414180,7
Marin,414180,6
Erica,414180,6
Barry,414180,19
Martinez,414180,14
Zoe,414180,3
Mercer,414180,6
Sanborn,414180,6
Hope,7570243,21
Holn,7570243,14
Abby,7570243,21
V,7570243,9
Starkey,7570243,10
Petty,7570243,17
Nayakar,27957563,4
Bommi,27957563,5
Vellaiyamma,27957563,1
Veeran,27957563,7
Lowry,5313889,13
Viola,5313889,5
Errol,5313889,14
Kumar,11094452,7
Mashal,11094452,15
McCauley,30249152,12
Wolecki,30249152,20
Dean,27439922,6
Lamar,27439922,21
Busik,27439922,19
Frank,27439922,24
Gordo,27439922,1
Larry,27439922,6
Jack,27439922,11
Talia,27439922,21
Matsutani,27439922,9
Crowne,27439922,20
Bakhil,9186114,21
Murni,9186114,10
Labi,9186114,4
Manisah,9186114,13
Marcus,3039544,19
Virgil,3039544,17
Clanton,3039544,12
Holliday,3039544,14
White,3039544,9
Rudabaugh,3039544,12
Wyatt,3039544,3
Earp,3039544,0
Masterson,3039544,9
James,3039544,15
Sutherland,3039544,2
Blaylock,3039544,23
Behan,3039544,17
Josie,3039544,3
McPherson,1530085,11
Andrews,1530085,11
Tom,1530085,16
Garcia-Thompson,1530085,7
Rand,1530085,6
Young,1530085,20
Clinton,1530085,0
Quinn,8105232,17
Cusack,8105232,5
McCann,8105232,19
Steve,21898833,21
Minutemen,21898833,23
White,4187434,3
Hicker,4187434,20
Brawny,4187434,20
Grunyon,4187434,18
Malli,30674,10
Hall,4120837,16
Clarence,4120837,18
Badger,4120837,3
Toad,4120837,3
Geoffrey,4120837,18
John,4120837,22
Deepak,8045017,2
Swapna,8045017,3
Kamesh,8045017,23
Lugosi,23974542,11
Fairfax,11789084,6
Cromwell,11789084,11
Charles,11789084,17
Anne,11789084,8
Tom,26181218,17
Joe,26181218,4
Moore,26181218,14
Byron,26181218,15
Morton,26181218,22
Hans,21146018,17
Paul,5444420,22
Jaime,5444420,2
Juniper,5444420,15
Manuel,5444420,21
Amat,5444420,24
Rosa,5444420,0
Clara,5444420,21
Esteban,5444420,1
Villegas,5444420,19
Perricholi,5444420,3
Juniet,5444420,1
Parada,5444420,24
Alvarado,5444420,4
Zapata,23367243,2
Gertrudis,23367243,6
Pereira,23367243,2
Maria,23367243,14
Pinilla,23367243,12
Lozano,23367243,21
Potts,23367243,22
Potes,23367243,22
Sandy,76394,6
Lester,76394,21
Dorsey,76394,3
Michaels,76394,22
Nichols,76394,8
Slater,76394,15
Michael,76394,2
Horn,76394,11
Julie,76394,3
Carlisle,76394,15
Fields,76394,0
Dorothy,76394,23
Grant,27889108,0
Caroline,27889108,17
Maria,14900129,13
O'Rourke,14900129,8
Holman,14900129,16
Candome,14900129,19
Sundaram,18557380,17
Simran,18557380,4
Muthalali,26877256,0
Manikkunju,26877256,3
Krishna,26877256,14
Menon,26877256,21
Appacha,26877256,14
Mathayi,26877256,17
Maash,26877256,6
Paappi,26877256,6
Shashankan,26877256,17
Annie,26877256,6
Monika,17477511,3
Mark,17477511,6
Betty,17477511,22
Robert,17477511,23
Dabney,11934067,6
Arthur,11934067,14
Taylor,11934067,21
Ferguson,11934067,20
Carstairs,11934067,15
Clara,11934067,8
Catherine,11934067,6
Claude,11934067,6
Burns,11934067,12
Narasimhavarman,33675944,21
Kundhavi,33675944,13
Kingdom,33675944,0
Laird,32998860,11
Carter,32998860,13
Joey,32998860,15
Kkotnim,20513862,18
Chung-su,20513862,14
Dongbaek,20513862,14
Kate,33154313,2
Jane,27391398,4
Eunson,27391398,17
Robbie,27391398,4
Elizabeth,27391398,15
Kirk,27391398,12
Annabelle,27391398,1
Robert,27391398,17
Lukman,28795611,21
Langit,28795611,21
Mozart,35303753,21
Cottrell,28163885,17
Hansen,28163885,18
Charlie,28163885,23
Lee,28163885,7
Deb,28163885,6
Slim,28163885,5
Kip,28163885,13
Davis,28163885,21
Cee,33459447,23
Bowie,33459447,14
Karam,33459447,5
Jilette,4038581,24
Michele,4038581,14
Barbara,5550410,4
Serena,5550410,4
Daisy,5550410,3
Andrea,5550410,10
Nicole,5550410,22
Darryl,5550410,9
Kimmy,5550410,24
Young,5550410,9
Mike,5550410,9
Ken,5550410,9
Jennings,5550410,9
Brancaleone,3347674,21
Norcia,3347674,15
Berta,3347674,1
Leila,5385325,21
Reza,5385325,21
Rawley,29171260,19
Joan,29171260,17
Clandon,29171260,13
Oliver,29171260,15
Angela,29171260,2
Robert,29171260,13
Simon,29171260,13
Crown,2367145,6
Vicki,2367145,6
Royce,2367145,18
Anderson,2367145,19
Malone,2367145,24
Erwin,2367145,16
Abush,34971565,14
Shigero,26814445,17
Amy,26814445,17
Laura,26814445,3
Fletcher,26814445,22
Otami,26814445,5
Curtis,26814445,16
Masanori,26814445,10
Ted,26814445,3
Alex,26814445,17
Jessop,17786624,0
Abu-Riadd,17786624,18
Stevens,17786624,7
Linda,17786624,8
Lucilla,29565990,21
Domitian,29565990,20
Rufus,29565990,13
Artamne,29565990,19
Soteros,29565990,4
Sejanus,29565990,7
Elpidion,29565990,16
Lucillius,29565990,12
Valerius,29565990,17
Kudirka,23721976,21
Lock,27292746,4
Clare,27292746,23
Yorke,27292746,3
Greene,27292746,23
Damon,27292746,11
Ikito,2689093,22
Sorensen,2689093,4
Stauffer,2689093,24
Griffin,2689093,4
Schmidt,2689093,14
Sorenson,2689093,12
Raymond,2689093,24
Blanc,6020979,9
Jacque,6020979,6
Shellacque,6020979,22
Flora,12799543,6
Carlyle,12799543,19
Stella,12799543,3
Duggan,12799543,3
Wong,12799543,16
Mavis,12799543,12
Olive,12799543,4
Edwina,12799543,24
Tex,12799543,6
Alice,12799543,0
Maddox,12799543,12
Dee,12799543,6
Johnson,12799543,19
Newton,12799543,1
Glover,12799543,18
Reilly,12799543,15
Baker,12799543,22
Finley,12799543,12
Blaney,508044,17
Rusk,508044,3
Brenda,508044,3
Milligan,508044,11
Foster,508044,5
Oliver,10361558,4
Dana,10361558,0
Clarice,10361558,15
Bobo,10361558,5
Woody,20529868,4
Glutton,20529868,15
Panda,20529868,19
Walrus,20529868,3
Woodpecker,20529868,19
McKenzie,9103852,11
Barry,9103852,15
Whitlam,9103852,17
Dame,9103852,1
Edna,9103852,15
Gohan,1062898,23
Saiyan,1062898,20
Shenron,1062898,17
Videl,1062898,23
Janemba,1062898,21
Satan,1062898,7
Yemma,1062898,17
Goku,1062898,21
Kai,1062898,17
Vegeta,1062898,3
Pikkon,1062898,16
Goten,1062898,3
Henry,16897584,17
Tanner,16897584,17
Eaker,16897584,18
Coker,16897584,6
Tate,16897584,14
Dobson,16897584,23
Hand,16897584,2
Grady,16897584,21
Witter,16897584,6
Ann,16897584,3
Buford,16897584,3
Stilson,16897584,3
Pardee,16897584,3
Pusser,16897584,7
Obra,16897584,6
Elliot,3528767,20
B.,31404750,8
Durai,33412185,16
Vallatharai,33412185,23
Stuart,25856684,22
suke,25856684,15
Meld,14658543,10
Gamma,14658543,20
Bealey,14658543,18
Cowlacey,14658543,22
Belhaven,14658543,18
Monty,23778616,3
Abner,23778616,13
Vijaya,24240349,3
Nila,24240349,12
Sonia,24240349,12
Rohit,20217753,14
Raja,20217753,21
Sikander,20217753,20
Rony,20217753,10
Riya,20217753,2
Rosli,8258361,4
Gabriel,8258361,14
Yamin,8258361,16
Yusof,8258361,20
Pratt,3747178,6
McCord,3747178,6
Cannon,3747178,22
George,3747178,14
Bilal,312228,23
Christopher,312228,23
Martin,312228,1
Peter,312228,23
Dolemite,312228,13
Sharane,312228,6
Henry,1851374,23
Stu,1851374,6
Lidia,1851374,16
Elvadine,1851374,16
Stephen,1851374,23
Lipnicki,1851374,6
Simmons,1851374,21
Gopi,9289196,14
Vinayagam,9289196,7
Aaradhana,9289196,15
Raman,9289196,3
Vicky,23510371,16
Jules,7549834,6
Moe,8378844,3
Larry,8378844,3
Oui,2903806,21
Bua,2903806,12
Shinawatra,2903806,5
Michael,31509103,3
Wolfgang,31509103,21
Leake,31204098,12
Skippett,31204098,13
Bogle,31204098,7
Dudley,31204098,22
Piper,31204098,3
Allister,31204098,12
Petroff,24328000,4
Tanya,24328000,19
Brusiloff,24328000,8
Winthorpe,520990,6
Mortimer,520990,3
Randolph,520990,21
Valentine,520990,3
Ophelia,520990,19
Beeks,520990,4
Dukes,520990,16
III,520990,3
Nik,14791763,15
Hart,14791763,20
Jane,10667864,3
Hensley,10667864,6
Watts,10667864,16
Browning,10667864,17
Knight,10667864,21
Erfan,10667864,3
Kline,12601907,8
Keaton,12601907,11
J.L.,3150852,23
Chamberlain,3150852,17
Flynn,3150852,9
Melissa,3150852,3
Daffy,3150852,13
Donnie,1995696,4
Pistone,1995696,11
Ruggiero,1995696,19
Napolitano,1995696,4
Brasco,1995696,21
Caldicott,2224471,16
Herzog,2224471,1
Anna,2224471,4
Marsen,2224471,6
Randall,2224471,13
Bomasch,2224471,21
Nirmala,24510690,8
Patni,24510690,7
Sharma,24510690,22
Kapoor,24510690,15
Naito,786972,6
Barashin,786972,4
Casshern,786972,4
Kozuki,786972,17
Saguree,786972,7
Luna,786972,17
Midori,786972,2
Azuma,786972,16
Burai,786972,17
Kamijo,786972,20
Luis,1775698,1
Conchita,1775698,21
Silvia,1775698,3
Martelle,31626786,19
Keith-Trimble,31626786,5
O'Farrell,31626786,14
Marie,31626786,24
Tom,12774808,3
Jerry,12774808,23
Pelada,38088,1
Kei,10195586,22
Fong,10195586,9
Charlie,10195586,22
Keung,10195586,2
Sze,10195586,11
Dick,10195586,11
Patty,2803158,2
Kathy,2803158,6
Turner,2803158,13
Sandy,2803158,21
Michaels,2803158,21
Myers,2803158,9
Dianne,2803158,17
Billy,2803158,4
Leslie,2803158,21
Pacino,28014683,6
Jill,28014683,6
Felipe,28014683,13
Monica,28014683,9
Jack,28014683,14
Vaithi,15662922,12
Kathakalakshepam,15662922,16
Varadhu,15662922,12
Govind,15662922,12
Vichu,15662922,12
Beatrice,18918743,15
Lilly,18918743,13
Pape,18918743,6
Govinda,26802520,11
Juan,20998524,24
Stanhope,20998524,11
Pete,20998524,14
Arturo,20998524,5
Pepillo,20998524,3
Magdalena,20998524,16
Donna,20998524,13
Kiran,33375064,13
Manjari,33375064,19
Raju,33375064,3
Narayan,33375064,13
Ali,33375064,17
X,33375064,7
Goofy,32371910,16
Mickey,32371910,21
Donald,32371910,16
Pete,32371910,3
Tove,29534579,2
ask,29534579,9
Joe,29534579,20
Sven,29534579,3
Eva,29534579,6
Kicki,29534579,2
Adam,29534579,3
Jackie,29534579,2
Miguel,18648118,6
Shama,30662782,2
Keshav,30662782,17
Vaze,30662782,22
Cicero,3616797,11
Maximus,3616797,24
Zucchabar,3616797,4
Flanagan,3616797,17
Hagen,3616797,19
Commodus,3616797,6
Lucius,3616797,15
Meridius,3616797,20
Aurelius,3616797,18
Lucilla,3616797,5
Proximo,3616797,17
Swordsman,27122123,21
Ge,27122123,23
Hao,27122123,13
Mei,27122123,23
Harry,52390,3
Truman,52390,7
Lev,52390,11
Frost,52390,13
Stamper,52390,22
Grace,52390,21
Andropov,52390,9
Danielle,17941264,0
Brookes,17941264,20
Spike,9925910,23
Tom,9925910,3
Jerry,9925910,3
Ramulamma,30345613,4
Shima,6527176,17
Konakawa,6527176,11
Atsuko,6527176,7
Paprika,6527176,3
Tokita,6527176,12
Himuro,6527176,15
Osanai,6527176,17
Chiba,6527176,3
Royce,8101258,15
Warren,8101258,20
Parker,8101258,23
Kavanaugh,8101258,7
Claire,8101258,11
LeMaise,8101258,3
Curtis,8101258,17
Juan,708870,24
Mickler,708870,15
Marilyn,708870,9
Kravinsky,31428668,13
Lily,33088248,1
Firmino,31746580,17
Vicente,31746580,19
Chico,31746580,19
Blanc,5894794,9
Daffy,5894794,17
Woodpecker,5894794,22
Radha,21037636,12
Krishnan,21037636,7
Krisnan,21037636,7
Douglas,24053482,3
Tony,24053482,8
Romeo,24053482,12
Morrell,24053482,15
Scripps,24053482,14
Anne,24053482,3
Tori,24053482,3
Annie,24053482,2
Alex,24053482,6
Parr,1695314,23
Dicker,1695314,13
Kari,1695314,3
Jack-Jack,1695314,3
Anita,24902637,8
Ashwin,24902637,24
Susan,6233834,12
Menard,1040518,13
Curt,1040518,20
Bolt,1040518,13
McCulloch,1040518,0
Susan,1040518,17
Barrett,1040518,1
Johnson,1040518,18
West,1040518,23
Anne,1040518,16
Brian,1040518,8
Miriam,3150125,14
Elizabeth,3150125,1
Simms,3150125,11
Trent,3150125,8
Willy,3150125,3
Agar,3150125,16
Burgess,3150125,12
Pierce,3150125,3
Fowler,3150125,3
Hyder,34087468,19
Singh,34087468,24
Anselmi,318810,2
Satan,7676315,13
Murray,7676315,8
Black,7676315,1
Lugosi,7676315,9
Zombie,7676315,15
Narendran,24550060,17
Sethu,24550060,17
Behan,24550060,23
Nari,24550060,6
Pillai,24550060,2
Sethumadhavan,24550060,18
Narendram,24550060,11
Jose,24550060,17
Ratnakumari,24550060,13
Appichai,24550060,17
Nagasaki,3531568,13
Laura,22657030,8
Kane,22657030,7
Malini,18906532,2
Karthik,18906532,20
Cook,4593920,7
Gow,4593920,1
Dundy,4593920,17
Iva,4593920,2
Cairo,4593920,6
Effie,4593920,3
Digges,4593920,12
Jacoby,4593920,4
Wonderly,4593920,3
Spade,4593920,3
Wilmer,4593920,17
Archer,4593920,17
Gutman,4593920,6
Thursby,4593920,14
Polhaus,4593920,17
Ramesh,4888602,15
Kailashpati,4888602,13
Pati,4888602,14
Nath,4888602,10
Sharma,4888602,2
Ramola,4888602,19
Lalaji,4888602,1
Francis,33408613,5
Worthing,33408613,21
Madeline,33408613,21
Alton,24426132,22
Cain,24426132,17
Ruffalo,24426132,11
Jackson,14143833,11
Aranho,14143833,10
Sherman,14143833,11
Brent,14143833,13
Whitney,14143833,17
Eddie,4544340,7
Ho,1350590,14
Star,1350590,16
Harry,26911870,10
Brooks,26911870,11
Keenan,26911870,6
Smith,26911870,21
Parks,26911870,21
Caleb,26911870,17
Ray,26911870,23
Travis,26911870,13
Pete,26911870,3
Cooper,26911870,3
Wynan,26911870,6
Jared,26911870,3
God,26911870,21
Sarah,26911870,17
Howe,193868,17
Franklin,193868,12
Eleanor,193868,2
Sara,193868,19
Meri,30958099,3
Toni,30958099,21
Rozi,30958099,13
Morgan,33424556,7
Fay,33424556,23
Jack,33424556,21
Annie,33424556,15
Andrey,23925171,5
Carlo,8638966,19
Marco,8638966,17
Linda,8638966,2
Sidonie,844325,21
Freddy,844325,8
Gaby,844325,17
Valerie,844325,19
Kant,844325,22
Karin,844325,3
Marlene,844325,6
Pierre,844325,13
Petra,844325,6
Thimm,844325,14
Joe,5083563,11
Julian,27930967,21
Clare,27930967,9
Anna,27930967,19
Kumar,12578919,3
Kada,12578919,17
Das,12578919,1
Lallu,12578919,17
Amar,12578919,17
Singh,12578919,1
Gomti,12578919,4
Sunita,12578919,21
Amit,12578919,6
Vijay,12578919,9
Mala,5207807,23
Chandrashekhar,5207807,23
Jeevan,5207807,14
Shekhar,5207807,21
Rajkumari,5207807,19
Stacey,36324236,11
Grace,36324236,21
Ade,36324236,7
Reynaud,1765026,24
Josephine,1765026,3
Roux,1765026,6
Anouk,1765026,3
Serge,1765026,22
Armande,1765026,13
Vianne,1765026,3
Rocher,1765026,23
Caroline,1765026,3
Chezhiyan,29259915,12
Poorani,29259915,23
Nayagam,29259915,17
Reshma,29259915,10
Vinoth,29259915,12
Sangayya,29259915,6
Easan,29259915,23
Gatchaman,17516121,10
Galactor,17516121,4
Raju,33404579,19
Antony,33404579,18
Weatherbe,32400923,10
Garg,32701112,12
Mahadeo,32701112,2
Andrew,32701112,17
Gayatri,32701112,3
Constructions,32701112,10
Aranya,32701112,3
Ganga,32701112,17
Andy,32701112,6
Kok,23669481,12
Mun,23669481,2
Grandma,11020715,23
Wolf,11020715,6
Murray,23119616,13
Margaret,5566219,2
Haldane,5566219,1
Rebecca,15790648,2
Peterson,15790648,17
Rockefeller,17344142,4
Rootentootin,13730827,17
Shemp,13730827,16
Tutamon,13730827,4
Moe,13730827,17
King,13730827,20
Tuttle,9987816,4
Moe,9987816,16
Hotsy-Totsy,9987816,5
Kathy,1367110,2
Joan,1367110,8
Wilma,1367110,6
Johnny,1367110,14
Bea,1367110,1
Jerry,1367110,21
Susan,1367110,3
Frank,1367110,1
Richie,1367110,0
Brenda,1367110,2
Mike,1367110,2
Hal,1367110,6
Greenleaf,1279798,9
Tom,1279798,3
Marge,1279798,3
Miles,1279798,8
Ripley,1279798,17
Philippe,1279798,24
Sankara,35267583,14
Miller,6984559,6
Franklin,6984559,3
Mallory,6984559,6
Maria,6984559,8
Andrea,6984559,14
Anna,6984559,5
Muesel,6984559,5
Brown,6984559,7
Kirkpatrick,33114573,11
Babu,13371377,11
Nath,13371377,10
Bean,13371377,7
Sharma,13371377,6
Dinanath,13371377,21
Dhanraj,13371377,23
Raju,13371377,16
Shanno,13371377,23
Rajesh,13371377,2
Govinda,13371377,13
Meena,13371377,4
Pappi,13371377,15
Malhotra,13371377,13
Shalini,5856167,21
Sharat,5856167,4
Krishna,5856167,14
Arjun,5856167,3
Sandhya,5856167,2
Padmavathi,5856167,6
Sravani,5856167,3
Ledda,3529788,19
Gavino,3529788,21
Lawton,32817565,10
Marion,32817565,4
Mannister,32817565,8
Drake,32817565,4
Hastings,32817565,24
Raynor,31748550,24
Neila,31748550,17
Donaldson,31748550,22
Myers,2982138,6
Nozi,3790323,6
Napoleon,26660584,14
Julie,7697111,6
Laxmi,7697111,23
Bhattacharya,7697111,9
Vikram,7697111,0
Kittu,10004664,3
Mathur,10004664,7
Malika,10004664,3
Nisha,10004664,6
Douglas,6210573,9
Auchinleck,6210573,16
Bartlett,6210573,17
Carstairs,6210573,10
Rommel,6210573,0
Currie,6210573,4
Smith,6210573,17
Barlett,6210573,3
Jack,20812616,4
Joe,20812616,17
Gary,20812616,4
Mason,20224734,12
Diana,20224734,22
Fairfax,20224734,12
Hall,20224734,11
Brocklehurst,20224734,7
Edward,20224734,4
Mary,20224734,22
Rivers,20224734,13
Jane,20224734,6
Oliver,20224734,22
Temple,20224734,13
Burns,20224734,12
Rochester,20224734,7
Poole,20224734,9
Reed,20224734,10
Beauregard,31757535,14
Allard,31757535,2
Desjardins-Tremblay,31757535,0
Racine,31757535,13
Dumont,31757535,22
Goyer,31757535,12
Vijayan,9962261,24
Sethu,9962261,21
Ramana,9962261,10
Vijayakanth,9962261,13
Simran,9962261,2
Vijaykanth,9962261,2
Fanchetti,2506848,4
Gurkel,2506848,17
Schoichet,2506848,16
Liz,12344891,14
Pete,12344891,6
Moore,12344891,8
Russell,17354667,11
Columba,17354667,8
Ngor,17354667,20
Verma,3910693,0
Raghavan,3910693,2
Paul,17781178,17
Kaga,17781178,17
Lan-Ting,17781178,17
Sumiko,17781178,23
Anthony,17781178,19
Tanaka,17781178,4
Soames,17781178,3
Conner,17781178,4
Rao,8719223,1
Krishnaveni,8719223,1
Madhu,8719223,4
Dugan,8158494,10
Link,8158494,1
Baxter,8158494,16
Lucas,8158494,3
Verna,8158494,6
Fudd,10477331,6
Norton,10477331,9
George,10477331,15
Custer,10477331,22
Elmer,10477331,4
Marx,10477331,15
Weiland,11919304,11
Sarah,11919304,11
Callan,35908365,21
Ann,35908365,3
Sonya,35908365,3
Bartow,35908365,8
Hollis,35908365,13
Richardson,35908365,20
Krishna,25548266,12
Chitra,25548266,16
Niles,4123241,13
Ben,4123241,0
Nola,4123241,6
Margaret,4123241,19
Danny,3626050,3
Walter,3626050,3
Zathura,3626050,1
Lisa,3626050,3
Webley,22278175,6
Fay,22278175,23
Cheyney,22278175,10
Dilling,22278175,1
Elton,22278175,15
Kaveri,23092641,4
Kalabhujanga,23092641,4
Parvathi,23092641,9
Kishan,23092641,10
Shankar,23092641,21
Parameswari,23092641,10
Prameswari,23092641,10
Lakshmana,23092641,13
Legrand,21971893,0
Bernhardt,21971893,11
Keane,21971893,5
Lucien,21971893,5
Marianne,21971893,5
Unger,21971893,12
Barker,14738953,15
Doaks,14738953,0
Shemp,14738953,4
Moe,14738953,21
B.K.,14738953,4
Belle,14738953,8
Kendal,106344,12
Alexandra,106344,24
Tennyson,106344,15
Merrick,106344,3
Victoria,106344,5
Mothershead,106344,24
Carr-Gomm,106344,3
Treves,106344,4
Ann,106344,13
Porter,106344,9
Edgar,2280521,21
Harald,2280521,21
Adamson,2280521,6
Matty,2280521,6
Alabaster,2280521,21
Eugenia,2280521,6
Grant,74387,0
Gant,74387,17
Rawlings,74387,22
Peterson,74387,5
Rebecca,74387,10
Ramsey,74387,0
Valen,74387,0
Sherman,74387,20
Hawkins,74387,13
Prescott,74387,16
Clegg,74387,1
Lange,74387,5
Morgan,74387,6
Zeb,74387,3
Stuart,74387,0
King,74387,9
Snow,896182,9
Peggy,896182,14
Greene,896182,17
Corky,896182,6
Bobby,26968456,17
Edvard,22188807,16
Morgan,22188807,13
Eddie,22188807,6
Scott,22188807,15
Paige,22188807,6
Paraf,35588517,4
Ljubica,35588517,6
Slobodan,35588517,3
Prljavo,35588517,5
Godard,35588517,18
Riefenstahl,35588517,1
Akrobata,35588517,8
Merck,9379337,0
Evan,9379337,5
Hampton,2737675,15
Quinn,2737675,12
Hartwig,2737675,3
Fiorilli,2737675,21
Tyler,16125220,24
Lawson,16125220,9
Kearns,16125220,21
Previck,16125220,24
Venus,7780069,21
Maurice,7780069,3
Jessie,7780069,21
Bing,7976935,3
Chandler,7976935,6
Medusa,7976935,14
Phillips,7976935,0
Roo,7976935,6
Cassidy,7976935,3
Willene,7976935,6
Hammond,7976935,7
Toydy,7976935,3
Bond,7976935,6
Blossom,7976935,13
Jacobs,2302448,12
Nixon,2302448,24
Orwell,2302448,0
Cornelia,2302448,13
Kikuko,18080043,6
Sugiyama,18080043,23
Kenji,18080043,6
Takako,18080043,6
Shukichi,18080043,17
Kaiser,6594677,17
McCord,6594677,10
Sal,6594677,23
Al,6594677,23
Julie,6594677,19
Boyd,6594677,16
Ellie,6594677,19
Trisha,16870243,6
Hilary,16870243,23
Hilshire,16870243,0
Luis,16870243,3
R.,16870243,24
Walker,16870243,17
Mike,16870243,6
Casey,16870243,6
Vince,16870243,3
Joe,16870243,17
Phil,16870243,6
Gavin,16870243,5
Donovan,16870243,15
Freek,16870243,18
Klemm,16870243,13
Derek,16870243,6
Robertson,16870243,6
Brian,16870243,13
Ellie,16870243,14
Spence,33666391,17
George,33666391,21
John,33666391,5
Stella,21985080,13
Peter,21985080,6
Dickens,21985080,1
Ridgeway,4738951,12
Allerton,4738951,15
Ferguson,4738951,12
Bourget,4738951,4
Robson,4738951,20
Otterbourne,4738951,17
Linnet,4738951,6
Pennington,4738951,1
Bessner,4738951,13
Jacqueline,4738951,17
Doyle,4738951,5
Jaqueline,4738951,20
Bellefort,4738951,24
Poirot,4738951,6
Schuyler,4738951,9
Simon,4738951,17
Gangadharan,26011442,10
Dileep,26011442,21
Ramanan,26011442,10
Unni,26011442,14
Mohini,26011442,2
Greg,1619323,6
Ruthie,1619323,24
Linc,1619323,6
Foster,1619323,19
Karl,1619323,21
Satan,1619323,15
Ingrid,1619323,6
Main,1619323,3
David,1619323,3
Eric,1619323,6
Strunc,1619323,10
Dwyer,1619323,10
Boyd,1619323,12
Esther,1619323,1
Morely,1619323,1
Sarah,1619323,11
Patrick,1619323,6
Larry,1619323,3
Stone,1619323,13
Kappel,1619323,12
Lisa,1619323,6
Rajini,10628977,17
Paandiyan,10628977,17
Haji,13328842,6
II,13328842,22
Tony,13328842,16
Jeannie,13328842,6
Hunt,13328842,9
T.J.,13328842,3
Nelson,13328842,8
Glynis,35923292,12
Williams,35923292,13
Collins,35923292,18
Olwen,35923292,6
Jones,35923292,22
Glenis,35923292,2
Ann,2037993,13
George,2037993,3
John,2037993,24
Willie,2037993,20
Gino,2037993,3
Fowler,2037993,13
Huseyn,13227518,18
Sara,13227518,14
Woody,28954592,3
Cody,28954592,6
Pickett,28954592,0
London,28954592,11
Martin,28954592,16
Zack,28954592,3
Olsen,28954592,6
Tipton,28954592,12
Spaulding,28954592,13
Moseby,28954592,7
Shona,29642103,4
Sameer,29642103,3
Kulbhata,29642103,19
Kaalo,29642103,23
Daninsky,7277772,4
Naschy,7277772,6
Kian,7277772,10
Khan,20904667,9
Khanna,20904667,24
Ranjit,20904667,4
Somesh,20904667,10
Rekha,20904667,5
Anand,20904667,18
Daninsky,7277895,18
Yuhan,19892255,0
Lingzhi,19892255,8
Liuxiang,19892255,11
Suifeng,19892255,23
Paul,24445186,4
Rae,24445186,10
Ray,24445186,23
Kelly,24445186,14
Morgan,24445186,17
Norris,21807476,24
Frankenstein,4823450,23
Stein,4823450,13
Kleve,4823450,13
Margaret,4823450,17
Santy,1241475,2
Fudd,1241475,18
Elmer,1241475,23
Sapiens,18465367,9
Lucy,18465367,19
Angelicus,18465367,23
Marla,18465367,6
Maria,18465367,17
Jourdain,18465367,16
Sullivan,18465367,21
Tobi,18465367,3
pez,18465367,9
Jacinto,18465367,6
Lopez,18465367,6
Mar,18465367,2
Jeevan,26482542,14
Sneha,26482542,6
Spencer,181658,12
Mormon,181658,21
Bambino,181658,23
Hill,181658,4
Harriman,181658,1
Sergio,4874236,8
Martin,4874236,4
Carla,4874236,4
Baek,1979808,10
Nina,1979808,16
Williams,1979808,19
Michelle,1979808,3
Lee,1979808,6
Ganryu,1979808,10
Mishima,1979808,12
Chang,1979808,15
Boskonovitch,1979808,23
Jin,1979808,13
Lei,1979808,22
Jack,1979808,3
Jane,1979808,12
Kazuya,1979808,3
Heihachi,1979808,17
Wulong,1979808,22
Chaolan,1979808,8
Edwige,30443374,18
Thombsthay,30443374,1
Forest,30443374,12
Aurphet,30443374,17
Tombsthay,30443374,20
Julia,30443374,17
Graham,30443374,17
David,30443374,21
Bilge,25532685,3
Gertrude,803813,5
Fadge,803813,23
Newman,803813,17
Greville,803813,22
Spatch,803813,13
DuBois,803813,10
Harper,803813,14
Bernardo,803813,8
Wakefield,803813,9
Raymond,803813,19
Katie,6838264,0
Fawkes,6838264,22
Parker,6838264,18
Tommy,6838264,6
Jack,6838264,23
Bruno,6838264,8
McBride,9264341,20
Silver,9264341,11
Denton,9264341,0
Red,9264341,17
Dale,9264341,3
Saul,9264341,3
Corrigan,9264341,4
Angie,9264341,23
Matheson,9264341,6
Robinson,9264341,11
Brazier,9264341,17
Rice,11612605,3
Vitucci,11612605,11
Peters,11612605,21
Bynum,11612605,0
Reynolds,11612605,5
Brooke,11612605,3
Benson,28377370,18
Mark,28377370,21
Bakker,28377370,15
Meyer,28377370,13
Nespen,28377370,9
Murdoch,8527516,20
I.,917665,5
Elizabeth,917665,6
Yi,3845313,3
Woo,3845313,3
Timothy,8828263,10
Carrey,8828263,19
Parker,8828263,10
Amy,2442464,3
Kennedy,2442464,6
Yanko,2442464,6
ral,2442464,6
Swaffer,2442464,6
Bates,2442464,22
Mary,2442464,2
Foster,2442464,1
Jang,33313466,15
Hyun-soo,33313466,20
Hye-jin,33313466,11
Krishna,26499358,15
Chiun,930561,1
Makin,930561,15
Adelaide,343408,16
Gabble,343408,8
Berlioz,343408,21
Napoleon,343408,10
Amelia,343408,18
Bonfamille,343408,17
Waldo,343408,16
O'Malley,343408,18
Marie,343408,2
Hautecourt,343408,9
Anger,1329509,16
Mary,1329509,19
Pearce,1329509,13
Mills,1329509,20
Coathanger,1329509,13
Danny,1825320,23
Tooney,1825320,18
D.,1825320,20
Max,1825320,6
Morton,1825320,3
Ollie,5608667,21
Stan,5608667,7
Macijewski,33776202,22
Steineck,33776202,22
Rodriguez,17203681,2
Mauricio,17203681,6
Johnny,17203681,3
Torres,17203681,17
Sarah,17203681,3
Edy,17203681,6
Anna,17203681,3
Roxanna,17203681,21
Susan,17203681,8
Lenny,17203681,17
Marissa,17203681,6
Fernando,17203681,3
Jesse,17203681,3
Eddie,17203681,12
Hector,17203681,3
Father,17203681,20
Natwarlal,10638177,23
Harbanslal,10638177,20
Ritu,10638177,2
Jain,10638177,6
Singh,10638177,17
Bahadur,10638177,0
Anand,10638177,17
Hersko,14182741,2
Michael,24160744,14
Karbone,24160744,15
Moe,8780928,23
Larry,8780928,3
Daffy,6672824,3
Porky,6672824,17
Rose,24539738,24
Wolf,22850072,23
Mali,22850072,2
Shiran,22850072,21
Toufik,22850072,5
Meir,22850072,5
Hassan,22850072,8
Cheuk,30830552,22
Charles,30830552,10
Simon,29125425,22
Perez,29125425,15
Jamai,30011023,1
Chakraborty,30011023,5
Usgaonkar,30011023,5
Bhatt,30011023,10
Zaccai,17213363,5
Frank,17213363,6
Vandot,33198278,22
Kekec,33198278,21
Bedanec,33198278,17
Halil,28325333,13
Lane,2908457,4
Dooley,2908457,14
Welles,2908457,17
Tracy,2908457,2
Pinscher,2908457,19
Lee,2908457,23
Jim,187107,14
Johannsen,187107,19
Margaret,187107,3
Elliot,187107,19
Gretchen,187107,24
Lamanski,1312481,5
Harry,1312481,21
Baxter,1312481,17
Shannon,1312481,3
Kaminsky,1312481,3
Patrovita,1312481,4
Monique,1312481,3
Brenner,1312481,6
Wood,1635059,11
Tom,1635059,3
Shepherd,1635059,16
Cecilia,1635059,6
Haynes,1635059,1
Rogers,1635059,18
Astaire,1635059,8
Baxter,1635059,17
Pappu,27613748,12
Swamy,27613748,7
Murukan,27613748,7
Swami,27613748,6
Jayamohan,27613748,13
Haji,27613748,0
Settu,27613748,8
Kailas,27613748,13
Menon,27613748,12
Baker,6272794,15
Calamitous,6272794,23
Carl,6272794,4
Jimmy,6272794,4
Molly,12687445,3
Greenleaf,12687445,9
Boone,12687445,21
Johnson,12687445,6
Bud,12687445,6
Dirkie,13893870,21
Hayes,13893870,16
Pete,13893870,16
Desert,13893870,7
Bushmen,13893870,4
Saxena,9034157,19
Ajay,9034157,3
Abdul,9034157,17
Anju,9034157,19
Mohan,9034157,18
Fred,15802022,10
Ashley,15802022,13
Matt,15802022,10
Jake,15802022,13
Naomi,15802022,6
Beye,6789361,15
Rob,34953147,3
Giovanna,1127016,21
Simone,1127016,23
Veroli,1127016,13
Lorenzo,1127016,21
Filippo,1127016,2
Jones,17618085,16
Dasu,6961860,3
Nakshatra,6961860,3
Van,16285439,6
Armen,16285439,6
Sandra,16285439,6
Aline,16285439,5
Stan,16285439,16
Pablo,32759391,18
Paco,32759391,10
Julia,32759391,10
Baxter,7421620,13
Bull,7421620,15
Autry,7421620,8
Frog,7421620,3
Conway,7421620,8
Dural,7421620,20
Gene,7421620,17
Millhouse,7421620,10
Mary,7421620,5
Moore,7421620,4
Woody,20533274,4
Kalyani,2651593,6
Chuyia,2651593,6
Gulabi,2651593,18
Shakuntala,2651593,13
Narayan,2651593,13
Madhumati,2651593,3
Gandhi,2651593,21
Abraham,2651593,11
Tom,9677936,3
Jerry,9677936,3
Vasanth,35485637,4
Kannan,35485637,6
Uma,35485637,14
Gayatri,35485637,6
Chellappa,35485637,3
Mary,35485637,13
Paul,16067750,17
Bobby,16067750,6
Funke,16067750,13
Facchini,16067750,0
Clara,16067750,15
Kirkpatrick,16067750,20
Francesca,16067750,0
Piazza,16067750,19
Moore,16067750,15
Beal,1735676,11
Cathryn,4473622,3
Hugh,4473622,7
Amaravati,8659765,23
Krishnaveni,8659765,21
Jerry,11105496,23
Tom,11105496,3
Burke,6150355,13
Sharpe,6150355,13
Forsythe,6150355,23
Marvin,11020879,23
Taek,19962677,15
Seema,1834411,6
Arjun,1834411,24
Dutta,1834411,23
Mohan,1834411,24
Zorawar,1834411,3
Kher,1834411,12
Miyan,1834411,8
Singh,1834411,6
Neha,1834411,6
Dixit,1834411,16
Milo,1485962,23
Carlyle,1485962,12
Russell,1485962,23
Brandt,1485962,9
Kellaway,1485962,4
Tyrell,1485962,4
Bongo,1485962,4
Dickey,1485962,7
Peenman,1485962,12
Stanley,1485962,3
Tilton,1485962,6
Neuman,1485962,10
Schumaker,1485962,18
Niko,1485962,18
Tina,1485962,3
Miller,535979,9
Beth,535979,21
Rick,535979,3
Nick,535979,10
Clemens,213251,1
Andrews,213251,13
Aaron,213251,17
Morse,213251,1
Bishop,213251,17
Golic,213251,4
Ripley,213251,17
Dillon,213251,17
Webb,213251,20
Hicks,213251,4
Paul,2521806,4
Briggs,2521806,19
Meddows,2521806,17
Meeker,2521806,7
Anthony,2521806,18
Eddie,2521806,4
Flagg,2521806,24
Kevin,2521806,4
Brian,2521806,3
Meg,2521806,24
Woodley,2521806,3
Kitala,5295514,18
Einar,5295514,3
Erik,5295514,3
Odin,5295514,24
Ragnar,5295514,4
Aella,5295514,16
Morgana,5295514,13
Egbert,5295514,6
Teja,8605283,15
Anjaani,8605283,2
Chopra,8605283,5
Samrin,8605283,17
Kapoor,8605283,5
Anand,8605283,5
Dutt,8605283,0
Subramanyam,8605283,12
Lucy,2572668,13
Othmar,2572668,21
Sally,2572668,13
Linus,2572668,6
Brown,2572668,6
Suneo,18612911,11
Shisuka,18612911,6
Adam,18612911,23
Gian,18612911,6
Burger,1809672,12
Miller,1809672,18
Stuart,1273558,20
Rice,1273558,6
Susan,1273558,6
Hanniger,16055802,21
Megan,16055802,2
Palmer,16055802,5
Axel,16055802,6
Foley,16055802,17
Irene,16055802,3
Tom,16055802,3
Kirkpatrick,16055802,20
Warden,16055802,17
Atkins,16055802,17
Lippman,812818,0
Mildred,812818,6
Lochner,812818,8
Steele,812818,3
Nicholai,812818,23
Charlie,812818,18
Stewart,812818,19
Mel,812818,6
Kushi,5022040,14
Ronnie,5022040,12
Khushi,5022040,23
Radha,5022040,12
Irma,210219,2
Nestor,210219,6
Patou,210219,15
Douce,210219,6
Amy,2059713,23
Diane,2059713,21
Justin,2059713,8
Monica,2059713,3
Petersen,2059713,3
Alex,2059713,22
Sanjana,5273926,3
Ria,5273926,3
Aryan,5273926,3
Saira,5273926,6
Abraham,5273926,17
Ranveer,5273926,6
Usman,35834262,6
Zahra,35834262,16
Heri,35834262,2
Wahyuni,35834262,19
Miller,2304640,6
Diamond,2304640,6
Daniel,2304640,18
Julia,2304640,3
Foster,2304640,1
Roach,21867934,23
RuPaul,4192073,23
Witherspoon,4192073,7
Judith,20825612,6
Tabitha,20825612,11
Purvis,20825612,21
Donaho,20825612,10
Chevalier,20825612,3
Bronco,20825612,24
Agnes,1475745,19
Smith,1475745,0
O'Connor,13007900,8
Mirren,13007900,5
Branden,13007900,5
Delpy,13007900,5
Stoltz,13007900,15
Fonda,13007900,19
Menon,31419116,12
Willarsky,6482317,8
Sebastyen,6482317,5
Karrer,6482317,6
Kilgore,28963392,24
Anuradha,10640368,2
Sunil,10640368,2
Collyer,31893898,21
Hester,31893898,11
Hauk,168593,8
Taylor,168593,24
Garlick,168593,6
Wah,168593,3
Trinh,168593,19
Tuan,168593,16
Cronauer,168593,3
Dickerson,168593,17
George,23978412,4
Mullen,23978412,10
Simon,23978412,1
Annie,23978412,6
Ridgemont,453236,16
Linda,453236,21
Stacy,453236,6
Ratner,453236,12
Lincoln,453236,21
Damone,453236,6
Hand,453236,2
Halen,453236,11
Hamilton,453236,6
Spicoli,453236,7
Jefferson,453236,12
Shields,453236,5
Vargas,453236,7
Lisa,453236,6
Zalhus,4334606,21
Rinaldo,4334606,19
Frankenstein,4334606,24
Eva,4334606,21
Goodman,471370,12
Hirsch,471370,13
McManus,471370,17
Kessler,471370,9
Jack,471370,3
Price,471370,5
David,471370,3
Alex,471370,17
Chanel,22507490,21
Capel,22507490,1
Balsan,22507490,12
Dada,33159887,2
Raja,33159887,14
Kallu,33159887,2
Bhaiya,33159887,14
Rao,33159887,21
Mohan,33159887,10
Blick,6840273,12
Whitman,6840273,4
Jones,6840273,4
Mort,6840273,17
Oba,14543552,4
Haru,14543552,6
Matsushima,14543552,4
Goda,14543552,3
Flannery,32099336,2
Ana,32099336,2
Lewenden,32099336,22
Burke,32099336,3
Ottway,32099336,3
Hernandez,32099336,17
Henrick,32099336,17
Anderson,32099336,14
Talget,32099336,3
Diaz,32099336,6
Hendrick,32099336,3
Roy,30710227,7
Rahul,30710227,3
Shibu,30710227,4
Jeet,30710227,5
Monteil,3644720,16
Rabour,3644720,12
Claire,3644720,10
Joseph,3644720,6
Celestine,3644720,21
Nilambar,10725408,23
Chakraborty,10725408,12
Deodhar,10725408,24
Biraj,10725408,6
Emery,2592990,1
Winters,2592990,14
Smith,2592990,23
Basilashvili,6822795,23
Kalugina,6822795,3
Nemolyayeva,6822795,22
Anatoly,6822795,20
Freindlich,6822795,1
Verochka,6822795,3
Ryzhova,6822795,3
Novoseltsev,6822795,3
Ludmila,6822795,6
Samokhvalov,6822795,6
Shura,6822795,18
Stanton,11800174,1
Danbury,11800174,18
Gabler,11800174,15
Morrell,11800174,14
Webster,11800174,19
Dunning,11800174,12
Conan,8039067,17
Shiratori,8039067,4
Takagi,8039067,18
Nishino,8039067,20
Sagawa,8039067,9
II,8039067,1
Megure,8039067,18
Rasputin,8039067,9
Kousaka,8039067,8
Holmes,3653578,1
Delambre,3653578,17
Beecham,3653578,4
Ronnie,3653578,17
Hines,3653578,24
Francois,3653578,6
Max,3653578,10
Phillipe,3653578,5
Frere,3653578,17
Street,21404478,7
Tyler,21404478,1
Samantha,21404478,3
McMurray,21404478,12
Ben,21404478,3
Pierce,21404478,23
Vic,3303352,3
Trend,3303352,3
Raimi,3303352,22
Pressman,3303352,1
Odegard,3303352,22
Manny,21254702,16
Wilma,21254702,3
Jennifer,21254702,6
Randy,21254702,3
Sandino,21254702,3
Joe,21254702,23
Tanya,21254702,24
Madea,21254702,6
Bryon,21254702,13
Brian,21254702,4
Bryan,21254702,3
Groogen,10359369,4
Feefa,10359369,5
Pock,10359369,3
Pontoffel,10359369,6
McGillicuddy,10359369,6
Higbee,10359369,9
Alyona,2723966,16
Sasha,2723966,23
Kolya,2723966,21
Volodya,2723966,3
Ziggy,14677635,23
Kaufman,32956666,15
Clark,32956666,1
Peter,32956666,14
Logan,32956666,21
Roger,32956666,14
Crockett,32956666,17
Huss,32956666,20
Fitzgerald,22454630,0
Freeth,22454630,0
Britton,22454630,2
Danny,5466192,17
Mittenspider,5466192,17
Zarina,5466192,4
Mittenhand,5466192,1
Kowalski,5466192,4
Reeves,5466192,12
Harold,5466192,6
Malloy,5466192,17
Tina,5466192,8
Dolores,5466192,17
Dev,18497134,3
Chanda,18497134,14
Leni,18497134,12
Ching,10035818,24
Montel,10035818,3
Jones,10035818,6
Lee,10035818,16
Gerard,10035818,12
Denise,10035818,4
Micheaux,12773962,7
Thomas,12773962,18
Jeffries,12773962,5
Foster,12773962,20
Gilpin,34386655,19
Jackson,34386655,13
McCarey,34386655,14
Jr.,34386655,13
Nora,34386655,3
Peter,1714944,17
Hamer,1714944,12
Surya,6809379,3
Hyde,7870349,7
Jekyll,7870349,13
Alice,7870349,2
Malini,3676388,7
Lakshmi,3676388,8
Raja,3676388,21
Gurunatham,3676388,3
Laxmi,3676388,6
Sreedhar,3676388,21
Hari,3676388,21
Mukkamala,3676388,3
Bahadur,3676388,14
Joginatham,3676388,22
Kishtaiyya,3676388,1
Oliver,5088914,24
Ollie,5088914,1
Stan,5088914,5
Hardy,5088914,19
Gibson,2513630,17
Rickenbacker,2513630,12
Haley,2513630,13
Mary,2513630,17
Strat,2513630,9
Simmons,2513630,23
Fender,2513630,22
Sharda,10636802,3
Sagar,10636802,14
Balraj,10636802,1
Kohli,10636802,20
Amerika,20363375,6
Laura,8817675,6
Coogan,8817675,8
Poppins,8817675,13
Custer,8817675,10
Mee-Shee,8817675,17
Watkins,8817675,24
Mac,8817675,3
Sean,8817675,3
Snead,8817675,14
Borscht,8215272,20
Rumpo,3737168,4
Burke,3737168,1
Earp,3737168,22
Knutt,3737168,3
Oakley,3737168,15
Hawtrey,3737168,12
Marshal,3737168,10
Herman,11738477,4
Grandpa,11738477,4
Marilyn,11738477,2
Eddie,11738477,2
Melchisidek,89818,11
Fadlan,89818,22
Hrothgar,89818,17
Buliwyf,89818,4
Kane,21161719,13
Allen,21161719,0
Audrey,21161719,3
Sarah,21161719,3
Lindsey,21161719,5
Morris,21161719,11
David,21161719,23
Chakraborty,29382004,17
Nangia,29382004,18
Bedi,29382004,11
Manik,29382004,17
Billy,526277,3
Williams,28134939,15
Kyle,28134939,6
Emily,28134939,21
Ashley,28134939,2
Lola,28134939,6
Anne,28134939,3
Willowby,13874749,6
Adelaide,13874749,4
Baxter,13874749,3
White,16694193,18
Alfie,16694193,3
Abby,16694193,6
Louise,16694193,0
Fay,16694193,6
Claire,16694193,3
Bakey,16694193,20
Annachi,5394632,16
Thiru,5394632,23
Charu,5394632,2
Westbrook,23097775,21
God,23097775,13
Jimbo,23097775,3
Stephens,23097775,23
Hiroko,27652591,22
Dougie,21318106,4
Jane,21318106,16
Shirley,21318106,3
Valentine,21318106,9
Jeanette,21318106,4
Valentine-Bradshaw,21318106,10
Dimitriades,21318106,18
Joe,21318106,3
Costas,21318106,6
Kaiser,28649243,23
Constance,28649243,9
Salomon,28649243,12
Heyer,28649243,2
Marianne,28649243,22
Martha,28649243,3
Helmut,28649243,6
Eric,20964715,6
Fernando,20489956,21
Alexis,20489956,6
Jin,20398475,20
Shanbagh,20727580,10
Sophia,20727580,12
Tauba,20727580,1
Gomes,20727580,7
Enrico,23687966,13
Geraldine,23687966,13
Ottavia,23687966,6
Callie,5136480,17
Parker,5136480,5
Jake,5136480,4
Sandy,5136480,17
Camparelli,5136480,17
McPhearson,5136480,10
Cole,5136480,17
Jack,5136480,8
Nixon,5136480,0
Sharon,5136480,2
Barlow,5136480,23
Walkawitz,5136480,3
Troy,5136480,10
Paul,3870912,4
Fred,3870912,6
Georgie,3870912,17
Rolfi,3870912,7
Peter,3870912,22
Anna,3870912,3
Mahender,4182999,21
Sudha,4182999,6
Keegan,34643778,0
Dae-Gyu,3844016,22
Eddie,34406218,12
Michael,34406218,12
Joyce,31079480,11
Paul,31079480,23
Unanga,31079480,20
Susan,31079480,19
Badcock,1702604,6
Brewster,1702604,15
Hall,1702604,7
Craddock,1702604,9
Lola,1702604,17
Marple,1702604,13
Babcock,1702604,3
Jason,1702604,14
Rudd,1702604,16
Mead,1702604,22
Morgan,1702604,7
Marina,1702604,3
Baker,1702604,8
Ella,1702604,13
Fenn,1702604,17
Zielinsky,1702604,6
Miller,1367498,22
Ferguson,1367498,0
Tucker,1367498,5
Tremulis,1367498,16
Jr.,1367498,19
Karatz,1367498,5
Lockman,8481,3
Miller,8481,11
Blake,8481,2
Levy,8481,13
Liz,8481,3
Peter,8481,3
Kate,8481,3
Elliott,8481,6
Bobbi,8481,23
Villarama,10092382,9
Blanco,10092382,21
Locsin,10092382,7
Gutierrez,10092382,7
Manansala,10092382,20
Montes,10092382,22
Calzado,10092382,20
Guevara,10092382,7
Yllana,10092382,15
Jameson,26347221,24
Chamberlain,26347221,14
Boers,26347221,23
ger,26347221,15
Victoria,26347221,21
Kitchener,26347221,7
Sanna,26347221,2
Rhodes,26347221,6
Petra,26347221,16
Arjun,23688242,0
Verma,23688242,5
Kathy,15120929,6
Ferguson,15120929,8
Doyle,15120929,2
Pope,15120929,17
Alidos,15120929,11
Helsing,2280366,6
Van,2280366,24
Kah,2280366,10
Dracula,2280366,17
Layland,2280366,3
Ching,2280366,24
Buren,2280366,22
Helsings,2280366,24
Levis,30623023,5
Maria,20581172,19
Sudhir,20581172,14
Shankarlal,20581172,8
Alex,21833763,3
Bradly,4055526,22
Ruth,4055526,12
Jaggan,12567800,21
Sinha,12567800,6
Sanjay,12567800,7
Acharya,12567800,10
Jagdish,12567800,22
Raghu,12567800,15
Parvati,12567800,7
Vidyarthi,12567800,10
Dudley,11575197,12
Bob,11575197,16
Deepa,25954897,12
Mannar,25954897,6
Ambujakshi,25954897,17
Kurup,25954897,13
Madhan,25954897,14
Madan,25954897,6
Rajan,25954897,4
Steve,4215177,21
Honeydew,4215177,22
Jack,4215177,11
Ram,590462,2
Sands,590462,4
Marquez,590462,17
Barillo,590462,17
Archuleta,590462,1
Ajedrez,590462,7
Lorenzo,590462,12
Chambers,590462,19
Cucuy,590462,2
Mariachi,590462,17
Tim,31462683,24
Eric,31462683,24
Bishopman,31462683,15
Belisa,19097189,21
Whitman,19097189,20
Wilde,19097189,1
Stern,19097189,12
Bashant,19097189,20
Ryker,19097189,22
Ted,19097189,21
Jamie,19097189,21
Neil,6983705,6
Felix,6983705,21
Kellogg,10940395,12
Cyclotram,10940395,12
Morley,10940395,24
Nash,10940395,6
Bannon,10940395,19
Toby,2248157,13
Sam,2248157,23
Rodriguez,2248157,2
Eric,2248157,3
Emily,2248157,13
Allison,2248157,6
Hector,2248157,6
Sabrina,25665099,11
Jenifer,25665099,11
Wulfran,25665099,11
Aurore,25665099,20
Herv,25665099,24
Maharshi,35544161,3
Suchitra,35544161,3
Tilak,35544161,3
Railly,30575,3
Morse,30575,13
Jones,30575,18
Jose,30575,1
Goines,30575,6
Cole,30575,3
Ranni,9169526,12
Ballesteros,9169526,0
Sanchez,9169526,7
Nicola,9169526,13
Wayne,9459581,24
Dean,9459581,21
Coburn,9459581,12
Carol,9459581,19
Reed,9459581,11
Tim,2763171,23
Aaron,2763171,4
Mark,2763171,17
Frank,2763171,3
Norma,2763171,20
Hannagan,2763171,13
Jack,2763171,3
Cheri,2763171,3
Eddie,2763171,17
Foster,2763171,1
Sanju,36354625,14
Don,6071715,3
Vicki,6071715,3
Clayton,6071715,6
Rose,6071715,21
Anthony,6071715,13
ask,6071715,1
Neisha,6071715,21
Mikey,6071715,3
Sekin,23542126,3
Kazama,23542126,6
Brady,9139466,13
Arobi,9139466,17
Mahri,9139466,12
Morgan,9139466,13
Lorna,9139466,17
Lorentz,9139466,22
Blake,8267784,24
LaSalle,8267784,18
Ali,8267784,1
Rommler,8267784,14
Wong,7515161,11
Sandler,7515161,24
Chang,7515161,5
Phillips,7515161,11
Mohan,23866355,2
Subramani,23866355,6
Banu,23866355,16
Ruben,29754100,18
Marie,29754100,5
Archie,33540451,7
Hudson,33540451,6
Mason,33540451,17
Ashleigh,33540451,3
Samantha,33540451,3
Cain,33540451,14
Kenny,33540451,6
Ricky,33540451,14
Bates,33540451,18
Davey,33540451,17
James,33540451,3
Curtis,33540451,14
Ed,8320074,24
Branish,8320074,12
Kilvitus,8320074,6
Harnett,22091841,16
Gates,22091841,3
Pat,22091841,23
Carlos,1882947,3
Oakley,1882947,13
Nicole,1882947,23
Lolita,1700067,24
Marlowe,1700067,20
Hurley,1700067,15
Martinez,1700067,17
Carlton,1700067,6
free,1700067,13
Martha,1700067,2
Mary,1700067,6
Houser,1700067,20
John,1700067,1
Carlos,4744678,15
Melonie,4744678,23
Vicki,4744678,23
Victor,4744678,21
Donna,4744678,11
Harold,4744678,12
Judy,4744678,6
Nino,4744678,9
Jane,181333,6
Amory,181333,6
Augustus,181333,6
Talbot,181333,4
Parkington,181333,19
Livingstone,181333,11
Conti,181333,11
Susie,181333,21
Tony,11577317,21
Diane,11577317,21
Bob,11577317,6
Heather,32861946,23
Bobby,32861946,6
Samantha,32861946,16
Kowalski,32861946,17
Carol,32861946,17
Dora,32944879,6
Cameron,32944879,2
Matthews,32944879,2
Betty,32944879,3
Swales,32944879,7
Mike,32944879,6
Harvey,32944879,9
Galloway,32944879,19
Duke,32944879,22
Doo-hwan,13920598,16
Woo,13920598,8
Luis,22372060,2
Rodriguez,22372060,7
Popi,22372060,3
Junior,22372060,2
Lupe,22372060,9
Will,1066956,2
Luke,1066956,13
Levritt,1066956,0
Mandrake,1066956,23
Chloe,1066956,9
Caleb,1066956,17
McNamara,1066956,17
Craig,19813033,22
Jones,19813033,0
Shikha,20904527,14
Telanbai,20904527,16
Debu,20904527,15
Bihari,20904527,7
Sharma,20904527,14
Jagdish,20904527,14
Jagmohan,20904527,12
Lau,1640215,17
Chow,1640215,6
Linda,8551364,2
Matthew,8551364,20
Gissing,8551364,16
Barnes,8551364,5
Reid,29322223,1
Ray,29322223,3
Watson,29322223,20
Yoshiko,27769335,2
Kioga,8267507,16
Solerno,8267507,0
Munro,8267507,4
Mokuyi,8267507,11
Rand,8267507,11
Pilar,6052674,8
Preston,4112362,0
Stubby,4112362,14
Clem,4112362,22
Long,379851,17
Parkes,379851,3
Tomek,25612693,3
Magda,25612693,3
Collins,31531004,0
Love,31531004,14
Pablito,31531004,19
Greta,31531004,7
Karen,31531004,23
Artie,31531004,1
Schenke,10045430,7
Cuihau,894709,11
Yu,894709,5
Ajiao,894709,6
Shuisheng,894709,17
Jinbao,894709,6
Zheng,894709,8
Liu,894709,15
Li,894709,21
Stuart,25875813,22
Madonna,25875813,15
Kiran,19900467,13
Shackelford,14436640,23
Belladon,14436640,2
West,14436640,6
Crane,14436640,11
Gabby,14436640,17
Yin,14436640,3
David,14436640,21
Icey,14436640,5
Elliot,14436640,12
Fallon,14436640,4
Arbutny,14436640,6
Mattoo,12438366,15
Hath,12438366,5
Saeen,12438366,17
Rana,12438366,14
Ali,12438366,14
Saima,12438366,23
Noor,12438366,16
Emin,13763482,12
Sernikli,13763482,2
Dogan,13763482,1
Gatt,9034331,24
Spiteri,9034331,13
Angela,9034331,4
Caruana,9034331,9
Dong-won,29846796,1
Langford,482383,24
Show,482383,12
Rita,482383,14
Pupkin,482383,6
Rupert,482383,13
Masha,482383,3
Nono,2847291,11
Angeline,2847291,22
Littlejohn,5638049,18
Cang,5638049,4
Lin,5638049,17
Polanski,5638049,7
Van,5638049,4
Quoc,5638049,4
Braddock,5638049,3
Raja,10468824,6
Sharma,10468824,16
Randhawa,10468824,20
Nisha,10468824,23
Sundowner,92703,16
Venneker,92703,19
Carmody,92703,23
Brown,92703,7
Liz,92703,2
Firth,92703,12
Halstead,92703,2
Ida,92703,2
Rupert,92703,21
bush,92703,20
Sean,92703,15
Paddy,92703,6
Ransom,2471946,4
Warne,2471946,6
Sarita,6180798,1
Helm,6180798,24
Kravezit,6180798,16
Hendricks,6180798,19
Macdonald,6180798,12
Lockhart,1401912,10
Ericson,1401912,17
Bennett,1401912,10
Rachele,8788984,8
Mussolini,8788984,6
Harry,936429,3
Landa,936429,10
Julie,936429,23
Elton,32959873,12
Petrova,32959873,21
Lawton,21406278,13
Ann,21406278,4
Duckworth,21406278,3
Tommy,21406278,24
Bhoominathan,26599792,6
Haman,1600036,18
Aliyah-Din,1600036,10
Scooby,1600036,24
Manny,32204472,3
Diper,32204472,11
Rodrick,32204472,6
Greg,32204472,3
Susan,32204472,20
Frank,32204472,21
Warren,32204472,17
Rowley,32204472,21
Stan,32204472,11
Hills,32204472,21
Heffley,32204472,17
Allen,26299725,13
Healy,26299725,6
Jenn,26299725,6
Jesse,26299725,17
Gino,26299725,6
Elliot,26299725,20
John,26299725,23
Sanchez,35829183,1
Dominique,35829183,21
Raja,13133779,17
Goliath,13133779,3
Pan,13133779,19
Sanda,2073543,3
Gaira,2073543,4
Majida,2073543,6
Stewart,2073543,3
Akemi,2073543,3
Turner,11381825,0
Audrey,11381825,3
Elvis,11381825,6
Cornack,11381825,2
Charles,11381825,16
Frankie,11381825,3
Edward,11381825,4
Bromley,11381825,22
Ed,11381825,21
Caruso,11381825,20
Dalton,11381825,3
Alison,11381825,18
Chris,11381825,6
Mekhala,12543510,3
Henry,2714347,9
McKenna,2714347,23
Sabrina,12355683,21
Martin,12355683,13
Hilary,12355683,10
Salem,12355683,18
Gwen,12355683,7
Jeff,7022631,1
Claire,7022631,19
Brooks,7022631,16
Landon,3607133,12
Jennifer,3607133,6
Lopez,3607133,13
Medina,3607133,20
Joe,3607133,13
Kennedy,20581106,11
Cameron,20581106,11
Amy,26861455,24
Kamli,26861455,23
Devi,26861455,7
Sohan,26861455,8
Saanwari,26861455,5
Sanwari,26861455,21
Shobha,26861455,21
Meena,26861455,19
Dhabri,26861455,1
Purohit,26861455,1
Kramer,26340076,9
Sellers,26340076,15
Tarrant,26340076,23
Shinde,6309400,3
Manju,6309400,8
Meenakshi,6309400,23
Simhachalam,6309400,13
Krish,6309400,3
Jeanne,28470515,11
Paul,28286160,21
Jeanne,28286160,21
Gao,28286160,15
Christine,2291894,20
Faber,2291894,20
Alexis,2291894,10
Baker,1397198,3
Jill,1397198,3
Fletcher,1397198,13
Linda,1397198,6
Don,1397198,3
Twain,1397198,10
Ralph,1397198,10
Tanner,1397198,13
Dickens,1397198,12
Skimpole,1397198,12
Clarkson,25861920,1
Muthukaruppan,16168133,8
don,16168133,7
Murthy,16168133,17
Paul,6302496,4
Maathai,12165949,13
Gorbachev,12165949,24
Blair,8970301,20
Cameron,8970301,9
Cherie,8970301,3
Bush,8970301,0
Clinton,8970301,0
Brown,8970301,6
Toby,9068424,7
Charley,9068424,3
Carter,12286771,16
Lockner,12286771,21
D.,12286771,9
C.,12286771,0
Coombes,28833073,15
Simpson,28833073,24
Carter,28833073,14
Mohsina,36281191,13
Khan,36281191,23
Faizal,36281191,2
Nagma,36281191,17
Farhan,36281191,13
Sultan,36281191,17
Fazlu,36281191,17
Qureshi,36281191,1
Alam,36281191,17
Singh,36281191,14
Ramadhir,36281191,23
Definite,36281191,17
Asghar,36281191,17
Freud,5581958,1
Vishnu,9679150,2
Vijay,9679150,16
Zenobia,2685725,10
Dione,2685725,13
Melanthius,2685725,6
Farah,2685725,1
Rafi,2685725,15
Minaton,2685725,10
Sinbad,2685725,13
Kassim,2685725,13
Molly,5326370,2
Witzky,5326370,21
Luke,5326370,17
Farzan,5326370,7
Cogan,5326370,22
Max,5326370,22
Ted,5326370,3
Srivastava,21980563,17
Manvela,21980563,7
Belli,21980563,9
Sam,12496727,16
Morrison,12496727,4
Rob,12496727,16
Ashcroft,12496727,1
Nash,12496727,5
Bill,12496727,17
Campbell,12496727,5
Hopkins,12496727,24
Mason,21153376,8
Melman,21153376,23
Sonya,21153376,17
Soleil,21153376,5
Stefano,21153376,3
Phil,21153376,6
DuBois,21153376,11
Julien,21153376,3
Alex,21153376,21
Simonides,1343342,1
Miriam,1343342,16
Harareet,1343342,23
Balthasar,1343342,19
Gratus,1343342,13
Tiberius,1343342,18
Arrius,1343342,21
Ben-Hur,1343342,13
Jesus,1343342,3
Pilate,1343342,7
Valerius,1343342,8
Raj,33508772,17
Nath,33508772,6
Sitaram,33508772,8
Atachi,33508772,15
Narayan,33508772,1
Asha,33508772,6
Krazy,33307850,4
Kat,33307850,15
Shannon,32895865,19
Eileen,32895865,1
Darcy,32895865,6
Burton,32895865,4
John,32895865,1
Dau,16417244,10
Edwin,31323871,19
Bassi,31323871,19
Thomas,725103,5
Snyder,725103,17
Michael,725103,5
Carillo,725103,6
Tommy,725103,6
John,725103,6
Nokes,725103,4
Marcano,725103,17
Benny,725103,17
Styler,725103,9
Leeds,113463,20
Sarah,113463,6
Norman,113463,24
James,113463,23
Sudha,7440652,13
Hichem,35005243,14
Inverse,6180967,13
Gabriev,6180967,15
Joyrock,6180967,10
Orlova,23989889,2
Alexandrov,23989889,24
Kate,444919,17
Averell,444919,6
Maxwell,444919,11
Duncan,444919,4
Blaine,444919,17
Richard,14832115,3
Vince,14832115,17
Ian,14832115,17
Lucio,14832115,6
Tikoy,14832115,7
Tonee,14832115,3
Paeng,14832115,12
Hans,14832115,20
Dang,14832115,21
McBride,23810915,20
Bingham,23810915,22
Julie,23810915,20
Jim,23810915,16
Ryan,23810915,3
Keener,23810915,5
Alex,23810915,13
Halloran,1961644,2
Sellinger,1961644,2
Tao,7742799,16
Mee,7742799,15
Moo,7742799,5
Tun,7742799,6
Ricks,4343377,21
Bench,4343377,12
Reese,4343377,6
Justine,1785123,10
Elizabeth,1785123,1
Victor,1785123,12
Urquhart,1785123,9
Frankenstein,1785123,3
Krempe,1785123,3
Chella,5021251,1
Madhava,5021251,1
Azhagu,5021251,1
Madava,5021251,23
Simran,5021251,5
Vivek,5021251,21
Pugazh,4853407,6
Aranganathan,4853407,6
Thenmozhi,4853407,8
Pughazh,4853407,5
Jeb,22318957,17
Grant,22318957,3
Lilah,22318957,17
Burke,22318957,17
Jonah,22318957,3
Lusk,22318957,12
Slocum,22318957,6
Hex,22318957,3
Turnbull,22318957,17
Crick,22318957,21
Whitney,22318957,1
Mythili,18618751,3
Thiru,18618751,16
Ramakrishnan,18618751,14
Taylor,2325674,0
Kingsford-Smith,2325674,16
Ulm,2325674,12
Stannage,2325674,11
Hughes,2325674,5
Sutton,2325674,1
Powell,2325674,13
Ayse,26346516,12
Isekender,26346516,0
Buyuk,26346516,6
Piatkowska,28559151,1
Reschke,28559151,15
Azazel,28648635,4
Salvadore,28648635,22
Mu,28648635,15
Lensherr,28648635,4
Schmidt,28648635,5
Frost,28648635,4
McCoy,28648635,2
Xavier,28648635,4
Shaw,28648635,4
MacTaggert,28648635,6
Darwin,28648635,17
McCone,28648635,10
Wolverine,28648635,4
Hendry,28648635,0
Havok,28648635,16
Hayek,32745648,6
Martin,32745648,21
Lola,32745648,12
Krofta,15779363,13
Tereza,15779363,21
Mitchell,15779363,14
Cernik,15779363,6
Moore,15779363,10
Barovik,15779363,17
Lidia,23960253,14
Serafino,23960253,3
Gesiuna,23960253,12
Flem,16643469,14
Gillus,16643469,3
Poindexter,16643469,3
Jimmy,16643469,6
Mae,16643469,17
Jeff,16643469,6
May,16643469,3
Talley,16643469,20
Bob,16643469,13
Caroline,16643469,21
Priest,16643469,3
Bailey,16643469,14
Maydew,16643469,13
Gillespiere,16643469,17
Krishna,20904123,0
Sapru,20904123,0
Tina,20904123,20
Poojary,20904123,22
Radha,20904123,2
Vijay,20904123,24
Stan,5467528,11
Mario,1515876,7
Klein,1515876,19
Frida,1515876,22
Lorenzo,1515876,22
Martha,1515876,6
Lea,1515876,15
Lina,1515876,2
Tony,21241505,14
Elizabeth,21241505,1
Snooks,21241505,19
Howard,21241505,22
Jake,21241505,2
Carroll,21241505,19
Judy,21241505,6
Pell,21241505,17
Swanson,1957162,22
Loam,1957162,13
Max,1957162,14
Mary,1957162,8
Maina,33629945,5
Elias,33629945,21
Victor,33629945,2
Casanova,33629945,0
Elsa,33629945,3
Lucas,33629945,12
Marius,33629945,17
Gorostiza,8402917,11
Cobb,6105347,3
Aema,23393961,16
Hanako,23393961,22
Jeanine,12619795,22
Lucie,12619795,4
Sauvagnac,12619795,24
Benjamin,12619795,21
Martin,12619795,3
ric,12619795,5
Alice,12619795,6
Jane,23954729,21
Luke,23954729,3
Harley,23954729,6
Jake,23954729,21
Adam,23954729,3
Sheriff,72453,6
Reddy,72453,23
Paski,72453,3
Pritchard,72453,0
Morgan,72453,4
Hess,72453,16
Bo,72453,3
Graham,72453,3
Colleen,72453,2
Jake,1644364,24
Shuttlesworth,1644364,0
Paul,16702817,1
Jordan,16702817,15
Cecere,16702817,20
Fishman,16702817,12
Carey,16702817,2
Harrison,16702817,1
Max,16702817,1
Russo,16702817,15
Lewis,16702817,5
Antonelli,16702817,21
Baker,16702817,18
Rothery,16702817,10
Terzo,16702817,16
Holden,16702817,19
Cornelius,13910273,23
Larkin,3535920,15
Fisher,3535920,10
Oberkugen,3535920,14
Tom,12774976,3
Jerry,12774976,3
Tarquin,16970911,18
Fenn,16970911,24
Kugash,16970911,9
Patimkin,3256132,2
Klugman,3256132,16
Dorothy,19360990,19
Miller,11958787,8
Norton,11958787,9
Harris,11958787,9
Natalie,11958787,3
Dennison,11958787,9
Serena,18727961,15
Reynolds,18727961,21
Olivia,18727961,17
Xifeng,18727961,24
Stagnetti,18727961,12
Jules,18727961,16
Chow,18727961,20
Jellybean,7766704,10
Hankshaw,7766704,21
Gitche,7766704,10
Sissy,7766704,24
Nesta,12392394,6
Baadila,12392394,1
Stroberi,12392394,18
Dani,12392394,21
Andrews,13798364,22
Tyler,13798364,4
Tomlinson,13798364,9
MacGinnis,13798364,16
Ashton,13798364,14
Jeffries,13798364,11
Mills,13798364,11
Douglas,4610810,14
Buelow,4610810,20
Dragon,4610810,10
Jennifer,4610810,6
Rogers,4610810,0
O'Brien,4610810,9
Jacobson,4610810,3
C.J.,4610810,5
Dave,4610810,3
Lothar,4610810,6
Sam,4610810,8
Tum,4610810,2
Ann,4610810,20
Amanda,4610810,3
Arch,6081230,17
Wainwright,6081230,7
Jedd,6081230,21
Matty,6081230,6
Anderson,6081230,16
Bella,6081230,3
Wilson,6081230,9
Bell,6081230,3
Hart,35247891,11
Houdini,35247891,22
Hargrave,35247891,15
Smith,35247891,15
Kogar,3178133,23
Lord,3178133,23
Barker,34631031,6
Louise,34631031,6
Saunders,34631031,6
Baker,5842075,15
Lucy,5842075,3
Lacerda,5842075,6
Gonzo,5842075,6
Sam,23646229,3
Jeff,18676748,10
Dan,18676748,24
Hammett,144640,5
Church,144640,22
Charles,144640,24
Jr.,144640,3
Seok-i,22705277,6
Min-soo,22705277,3
Hyun-Jin,22705277,8
Hanford,9880482,24
Houdini,9880482,24
Pei,8719021,16
Lee,8719021,8
Kong,8719021,17
Lam,8719021,8
Long,8719021,8
Dominic,8719021,4
Tiger,8719021,4
Pearson,8719021,11
Sun,8719021,17
Yuen,8719021,14
Ko,8719021,3
Sun-Ho,8719021,13
Suet,8719021,21
Ho,8719021,3
Lok,8719021,17
Yuet,8719021,17
Ching,8719021,17
Zai-Jun,8719021,9
Duen,8719021,9
Petros,8719021,3
Anderson,29024768,23
gore,29024768,20
Ginola,29024768,9
Jackson,21350474,24
Christian,21350474,6
Greeley,21350474,23
Coogan,21350474,13
Kelly,21350474,4
Francies,21350474,16
Chan,21350474,12
Francis,21350474,8
Eddie,21350474,24
Leon,21350474,4
Yeonsan,22631529,13
Sang-ok,22631529,10
Martin,3859075,17
DeBruin,3859075,8
Dengler,3859075,6
Oshii,6630151,9
Midori,6630151,5
Tetsu,6630151,20
Suzana,9020753,2
Carlos,9020753,21
Celeste,9020753,4
Narciso,9020753,20
Alfredo,9020753,24
Evaristo,9020753,9
Subramanya,22754336,6
Whitey,26209823,20
Cooper,288360,11
Kathleen,288360,15
Linda,288360,20
Sediqi,16007317,6
Hussainzada,16007317,22
Sakhizada,16007317,7
Karthika,9121945,8
Amrita,9121945,12
Amu,9121945,14
Paglu,9121945,14
Anjali,9121945,6
Abhi,9121945,21
Kartika,9121945,2
Naomi,2547324,21
Hikikomori,2547324,16
Izumi,2547324,23
Tim,30871834,22
Sam,30871834,16
Sejavka,30871834,9
Meo,30871834,7
Michael,30871834,23
Anna,30871834,9
Luchio,30871834,23
Lowenstein,30871834,21
Hipolito,31025139,13
Yip,6372770,18
Clemens,27030724,1
Pizarro,27030724,8
Gozen,27030724,1
Ellman,27030724,2
Burton,27030724,7
Yoshinaka,27030724,20
Riverworld,27030724,20
Laure,31653535,5
Buddha,19752996,15
Kunal,19752996,15
Ashoka,19752996,18
Pangborn,19752168,24
Gaunt,19752168,17
Keeton,19752168,12
Kitty,77641,1
Paula,77641,13
Rainier,77641,21
Charles,77641,6
Smith,77641,23
Margaret,77641,21
Benet,77641,17
Sheila,4484593,17
Christine,4484593,0
Dexter,4484593,20
Greene,4484593,9
Clinton,4484593,17
Victorio,30827126,18
Jones,2162640,12
Skin,2162640,7
Chiarelli,2162640,24
Dylan,2162640,17
Breck,2162640,19
Bangs,2162640,19
Watson,2162640,7
Falco,2162640,4
McKellar,2162640,5
Jackie,2162640,24
Holbrook,5570745,20
Hall,5570745,23
Rita,5570745,3
Bilko,5570745,6
Thorn,5570745,1
Custard,11171190,5
Richard,11171190,6
Hood,11171190,5
Lobelia,11171190,8
Coward,11171190,6
Grunt,11171190,18
Lurkalot,11171190,6
Eleanor,11171190,6
Saladin,11171190,12
Sutra,11171190,4
John,11171190,13
Penelope,3875767,21
Franklin,3875767,1
Vanderman,3875767,21
Jessica,3875767,1
Wilhern,3875767,13
Johnny,3875767,3
Martin,3875767,10
Edward,3875767,4
Campion,3875767,24
Max,3875767,3
III,3875767,18
Annie,3875767,19
Adleth,30242825,18
Badu,3949733,3
Hill,3949733,8
Chappelle,3949733,21
Scott,3949733,13
Asih,13879045,6
Sugeng,13879045,22
Heru,13879045,17
Wojnar,9471180,20
Kasia,9471180,8
Janusz,9471180,1
Bach,1985814,0
Jasmin,1985814,4
Brenda,1985814,23
Rosenheim,1985814,16
Hunch,1913775,5
Chanticleer,1913775,3
Goldie,1913775,10
Snipes,1913775,7
Edmond,1913775,3
Giovanni,14436563,8
Colvin,14436563,5
Rogers,14436563,13
Richard,1126401,12
Bagg,1126401,3
Van,1126401,21
Taj,1126401,6
Gwen,1126401,21
Naomi,1126401,10
Wilder,1126401,22
Pearson,1126401,14
Kumar,24253128,2
Karthik,24253128,6
Kapadia,24253128,13
Mukherjee,24253128,13
Thomachan,31481142,23
Appukuttan,31481142,23
Nair,31481142,7
Katie,12810600,6
Heller,12810600,6
David,666026,3
Reagan,666026,1
Hayes,666026,23
Allison,666026,4
Parker,666026,19
Jim,666026,2
Eldridge,666026,13
Herdeg,666026,3
Longstreet,666026,13
Mannes,29845871,0
Reshiram,29845871,15
Ash,29845871,3
Victini,29845871,3
Juanita,29845871,12
Pikachu,29845871,24
Zekrom,29845871,15
Damon,29845871,6
Iris,29845871,22
Carlita,29845871,23
Ramses,2439396,17
Ignacio,2439396,23
Silencio,2439396,16
Steven,2439396,6
Schmidt,23419883,1
Hogan,23419883,9
Judith,19226290,6
Danny,19226290,20
Arthur,19226290,21
Ableman,19226290,21
Groshkover,19226290,3
Clive,19226290,20
Sarah,19226290,13
Gopnik,19226290,16
Larry,19226290,17
Park,19226290,2
Nina,16888056,6
Paley,16888056,19
Millbarge,820919,5
Fitz-Hume,820919,3
Boyer,820919,10
Forrest,820919,24
God,27063955,13
Network,27063955,6
Sarah,27063955,21
Jacques,27063955,22
Frank,27063955,3
Darbo,27063955,1
Libby,27063955,3
Jim,10056712,11
Chandram,23581277,17
Rao,23581277,1
Seeta,23581277,14
Gopalakrishna,23581277,13
Livia,22696045,6
Horv,22696045,23
Nagy,22696045,4
Tanya,5512647,12
Simar,5512647,6
Nikhil,5512647,6
Kabir,5512647,3
Antonia,19626266,2
Altnikol,19626266,6
Marchand,19626266,17
Kollowrat,19626266,7
Frederike,19626266,23
Bach,19626266,5
Sebastian,19626266,4
Fiorini,19626266,1
Friedemann,19626266,3
Markham,5207995,7
Tommy,5207995,2
Danny,249406,6
Lila,249406,2
Reed,249406,6
Hanover,249406,22
Linda,249406,3
Mason,249406,8
Valentine,249406,5
learn,249406,20
Mamie,249406,20
Gus,249406,20
Jim,249406,3
Ted,249406,3
Hardy,249406,19
Biscane,1089071,0
Kahuna,1089071,10
Ramesh,33896582,14
Peter,33896582,17
Saanthanathan,33896582,20
Uma,33896582,2
raja,33896582,3
Chandran,33896582,3
Devi,33896582,17
Poojayil,33896582,9
Lakshmana,33896582,13
Vasanthi,33896582,3
Tyagi,33896582,5
Maamarathu,33896582,17
Vijay,33896582,3
Raja,33896582,3
Rita,33896582,7
beldam,33896582,6
Velu,33896582,3
chandran,33896582,13
Andrews,31378480,19
Gerald,31378480,19
Samantha,31378480,21
Ethel,31378480,10
Mother,31378480,5
Edward,31378480,12
Lamtet,31378480,3
Helen,31378480,12
Dolly,31378480,12
Carman,23822373,1
Mills,23822373,19
Carol,23822373,3
Annie,23822373,1
Coude,17515227,24
Jane,17515227,24
Tarzan,17515227,21
D'Arnot,17515227,12
Rokoff,17515227,17
Gamera,3639599,17
Aoki,3639599,13
Eiichi,3639599,1
Kanamura,3639599,23
Gyaos,3639599,6
Tsutsumi,3639599,0
Moti,10701143,18
Kumtekar,10701143,21
Prema,10701143,17
Shiri,10701143,23
Mangeshkar,10701143,19
Ashok,10701143,21
Choti,10701143,9
Yaping,35696452,6
Kyung-sub,35696452,18
Yeon-jung,35696452,22
Nam-poong,35696452,15
Hong,3865259,8
Seetoh,3865259,5
Tiong,3865259,16
Tanya,3865259,17
Chew,3865259,19
Toledo,3865259,11
Lui,3865259,9
Mei,3865259,10
Tan,3865259,15
Chee,3865259,16
Zui,3865259,19
Chen,3865259,7
Lim,3865259,16
Fulmer,34983379,8
Sin,34983379,7
Savannah,34983379,20
Helga,34983379,15
Bixby,34983379,4
Malone,34983379,16
Thompson,34983379,23
Black,29114879,13
Remy,14941280,4
Tatou,14941280,10
Colette,14941280,17
Django,14941280,17
Gusteau,14941280,15
Skinner,14941280,4
Linguini,14941280,3
Ego,14941280,13
Jill,1727511,23
London,1727511,1
Anna,1727511,24
Abigail,1727511,22
Sally,1727511,6
Shine,1727511,19
Perodi,10715230,2
Martin,10715230,10
Ferris,10715230,2
Parker,10715230,15
Kahan,4837697,12
Krabat,21683717,23
Stoller,33813952,18
Harry,302491,21
Ellerby,302491,17
Lawson,302491,23
Peter,302491,6
Trimble,302491,18
Clyde,302491,1
Emmett,302491,13
Adele,302491,6
Leffert,302491,16
Coleman,302491,9
Roosevelt,302491,0
Keller,302491,10
Doc,302491,6
Stanton,302491,15
Appleton,302491,3
Luke,302491,3
Doyle,302491,0
Saunders,302491,17
Cole,302491,18
Sylvester,25884226,23
Miranda,8615612,6
Gerardo,8615612,3
Escobar,8615612,15
Paulina,8615612,6
Paxton,26628347,6
Bonner,26628347,2
Deedstown,7986861,4
Mantha,7986861,19
Alder,7986861,22
Muggs,32173262,23
Stimpson,904335,24
Schwartz,1291429,20
Fuzzhead,1291429,2
Royce,1291429,5
Ralph,1291429,16
Lang,1291429,20
Chandramohan,25712352,6
Gowri,25712352,8
Gopalan,25712352,8
Lakshmi,25712352,13
Mallaya,25712352,17
Nagendran,25712352,3
Kurupp,25712352,6
Mallayya,25712352,3
Unithan,25712352,3
Unnithan,25712352,23
Kattappilly,25712352,11
Kurup,25712352,5
Meenakshi,25712352,12
Vasu,25712352,10
Saikumar,25712352,18
Damu,25712352,14
Veeru,25712352,23
Murugan,25712352,14
Harmon,27380224,10
Cynthia,5855306,3
Paul,5855306,9
Woody,5855306,3
Teddy,5855306,17
Jeff,5855306,17
Terri,5855306,3
Lynn,5855306,3
Rob,5855306,21
Ma,5855306,23
Arvind,35968680,8
Inder,35968680,2
Urmi,35968680,23
Govindanunni,31113422,16
Gopi,31113422,13
Parvathi,31113422,14
Panicker,31113422,13
Panickar,31113422,12
Pillai,31113422,5
Unni,31113422,3
Raghu,31113422,5
Lucy,22547614,17
Kathy,22547614,3
Hailsham,22547614,13
Ruth,22547614,6
Tommy,22547614,6
Geetha,31357914,3
Sanju,31357914,21
Kodagu,31357914,4
Sylvester,1283046,3
Hippety,1283046,16
Junior,1283046,3
Datou,1815818,11
Shanpao,1815818,22
Rajnikanth,10791717,14
Saritha,10791717,6
Jayalaksmi,10791717,12
Fumiko,22985747,2
Kashiwagi,22985747,4
Akira,22985747,22
Masaru,22985747,2
Yuki,22985747,17
Martin,26717073,22
Liz,26717073,17
Harris,26717073,3
Bressler,26717073,1
Shada,26717073,22
Gina,26717073,3
Jones,26717073,16
B,26717073,17
Smith,26717073,17
Erfurt,26717073,7
Cole,26717073,7
Vic,1830472,15
Alan,1830472,20
Deepak,16702881,2
Bhagath,16702881,6
Swapna,16702881,13
Bhagat,16702881,10
Sunil,16702881,0
Sarath,16702881,21
Srihari,16702881,13
rokda,16702881,5
Baba,16702881,4
Geetha,16702881,16
Chandu,16702881,10
Seenu,16702881,16
Shravani,16702881,19
Munna,16702881,4
King,16702881,6
Blade,27215811,15
Patrick,24918380,12
Hunter,24918380,0
Carlson,24918380,10
Emma,24918380,13
Kyoko,24295254,24
Azaad,10592815,6
AZAD,10592815,23
Subhashini,10592815,6
Gokulchand,10592815,11
Sam,26318066,22
Kathleen,26318066,6
Krishna,12867527,3
Nandhini,12867527,4
Sona,12867527,3
Bardot,12883645,11
Ursula,12883645,21
Ribera,12883645,17
Lambert,12883645,6
Frank,31558158,24
Leo,20225956,4
Felix,20225956,17
Rebecka,20225956,3
Therese,20225956,3
Ynge,20225956,12
Sara,20225956,3
Grossman,25008517,22
Irina,25008517,12
Leia,25008517,19
Strum,25008517,19
Jacquet,25008517,12
Brezhnev,25008517,7
Anne-Marie,25008517,3
Sasha,25008517,24
Gavrilov,25008517,11
Filipov,25008517,4
Chanda,30703058,14
Madhukar,30703058,6
Srikant,30703058,4
Gangu,30703058,21
Ramu,30703058,14
Laxmi,30703058,14
Jaggu,30703058,9
Jagu,30703058,21
Tom,9113663,14
Jackie,9113663,0
Heather,4292601,6
Bishop,4292601,6
Maggie,4292601,6
Frank,4292601,4
Laurents,4292601,0
Turner,4292601,3
Harrison,4292601,17
Ludlow,4292601,5
Dalton,4292601,3
Dylan,4292601,17
Martinez,4292601,14
Reisner,4292601,13
Griffin,4292601,17
Lisa,4292601,3
Fred,11064746,7
Nicky,11064746,3
Joey,11064746,4
Chernak,11064746,2
Jennifer,11064746,3
Martin,11064746,17
Dominick,11064746,3
Johnson,11064746,7
Theresa,11064746,2
Luciano,11064746,15
Vincent,11064746,12
Larry,11064746,23
Eugene,11064746,3
Gianelli,11064746,6
Mikey,11064746,24
Jane,677929,13
Simpson,677929,6
Jenkins,677929,6
Guy,677929,7
Smoke-a-Lot,677929,9
Garcia,677929,12
Potman,677929,10
Kenny,677929,6
Samson,677929,17
Brian,677929,6
Travis,5110054,6
Rachel,5110054,1
Willart,3778721,22
Ralph,3778721,15
Annabel,3778721,10
Berry-Berry,3778721,6
Clinton,3778721,24
O'Brien,3778721,9
Moore,5109530,10
Julian,34996704,24
Jenna,34996704,17
Paul,14270537,21
Martin,14270537,21
Nicole,14270537,23
Barnard,14270537,7
Adam,14270537,9
Penelope,20260520,6
Halliday,20260520,13
Mazda,20260520,8
Larabee,20260520,3
Doris,20260520,3
Ryland,20260520,17
Emma,20260520,14
Burns,20260520,17
Amy,1688593,3
Toby,1688593,6
Vanessa,1688593,4
Reese,1688593,22
Travis,1688593,20
Solomon,1688593,17
Dirk,1688593,17
Sandra,1688593,17
Trevor,1688593,17
Brenda,1688593,24
Stan,1688593,17
Wilson,1688593,3
Belcher,1688593,24
Simon,1688593,22
Graham,1688593,17
Lisa,1688593,3
Mayfield,1688593,10
Hank,1861566,12
Lucas,1861566,12
Garrison,1861566,23
Vlassakis,31539054,6
Elizabeth,31539054,13
Wagner,31539054,9
Bunting,31539054,6
Barry,31539054,5
North,31539054,21
John,31539054,23
Dave,31539054,17
Troy,31539054,4
Ryberg,12143456,21
Karina,12143456,15
Alextzavich,12143456,22
Blair,12143456,16
Mitchell,12143456,4
Nadir,12143456,8
Molly,36459739,6
Paul,163456,21
Schneider,163456,12
Jeanne,163456,6
Lloyd,29380609,16
Leopold,29380609,24
Derek,29380609,24
Carver,29380609,0
Teresa,22415226,18
Boon,10202645,23
Corrie,10202645,23
Boss,10202645,9
Ned,10202645,23
Hoggenbeck,10202645,12
Manzoni,23951232,0
Kurath,23951232,18
Thomas,23951232,3
Elizabeth,3644661,12
Peter,3644661,21
Alexei,3644661,4
Catherine,3644661,0
Frederica,3644661,9
Stephan,5586296,19
Lena,5586296,3
Cassandra,5586296,15
Joan,1654789,24
Linda,1654789,21
Clayton,1654789,8
Jack,1654789,8
Brighton,1654789,18
Barrie,1654789,2
Dorf,5319616,20
Harry,8379881,24
Jake,8379881,11
Dan,8379881,1
Benton,8379881,1
Lorna,8379881,21
Davis,8379881,5
Jensen,8379881,11
Ballard,2499926,13
Harry,2499926,3
Clark,2499926,11
Schneider,2499926,3
Browning,2499926,3
Delos,2499926,21
White,5454949,6
Harding,5454949,11
Engvall,5454949,21
Foxworthy,5454949,21
Larry,5454949,15
Bush,5454949,0
Dorothea,4289078,21
Joaquin,4289078,23
Marisol,4289078,6
Dorethea,4289078,19
Juanita,4289078,21
Lola,4289078,24
Galleria,4289078,3
Aquanette,4289078,3
Dorinda,4289078,21
Belinda,4289078,9
Vic,2084045,5
Wendell,2084045,6
Buckshot,2084045,5
Tony,2084045,17
Snuffy,2084045,3
Viola,2084045,6
Powell,2084045,3
Brown,2084045,16
Woody,2084045,3
Maxine,2084045,6
Nate,2084045,3
Carolyn,2084045,3
Ace,2084045,5
Queenie,2084045,6
La,2084045,3
Joseph,2084045,4
Clinton,2084045,6
Troy,2084045,14
Janet,13525782,16
Lanier,13525782,4
Mitch,13525782,22
Mark,13525782,4
Courtney,13525782,3
Wildman,13525782,7
Charlie,13525782,19
Gary,13525782,20
Lisa,13525782,3
Halima,3406838,24
Ahmad,3406838,13
Sultan,3406838,13
Jaffar,3406838,17
Abu,3406838,3
Lathi,10230968,8
Divya,10230968,23
Baba,10230968,14
Thapa,10230968,9
Nigel,3316775,21
Kapoor,3316775,5
Anamika,3316775,21
Evil,23472193,4
Adam,23472193,13
Beena,31685356,9
Menon,31685356,13
Jayaprakash,31685356,23
Donnie,915315,16
Angelica,915315,3
Stu,915315,12
Eliza,915315,3
Nigel,915315,0
Spike,915315,6
Thornberry,915315,20
Debbie,915315,15
Charlie,11449217,3
Murchison,80488,6
Edwardes,80488,17
Brulov,80488,13
Ballantyne,80488,4
Petersen,80488,14
Dr.,80488,16
Brown,80488,3
Katie,29165410,8
Trish,29165410,12
Heinrich,29165410,6
Collins,29165410,15
Hansen,29165410,5
Lauren,29165410,3
Joe,29165410,14
Jonas,29165410,15
Tuck,29165410,3
Scott,29165410,12
Ella,31508246,6
Bobbie,31508246,3
Morita,31508246,13
Charlie,9669953,3
Munroe,9669953,4
Howard,9669953,13
Hall,9669953,17
Judas,221748,10
Magdalene,221748,13
Smith,221748,0
Webb,221748,18
Jacobs,221748,20
O'Malley,221748,8
Lily,221748,6
Plotka,221748,10
Clark,221748,11
Garland,221748,19
Jaffe,221748,6
Hubert,497081,13
Ichaha,497081,12
Vinz,497081,3
Bickle,497081,20
Jane,28210328,6
Collins,28210328,24
Harding,28210328,1
Jim,28210328,3
Diana,28210328,6
Thompson,28210328,17
Burns,28210328,12
Kyle,23257674,12
Hamilton,23257674,10
Laurens,23257674,16
Jackie,23257674,3
Cassidy,21757632,9
Kathy,21757632,2
Patrick,21757632,6
Amy,25700722,11
Adam,25700722,3
Cormier,25700722,9
Delmonte,25700722,15
Sadha,33355085,5
Latha,33355085,6
Madhu,33355085,3
Rathnam,21037109,1
Lakshmi,21037109,15
Maria,11074028,19
Dante,11074028,2
Stecchino,11074028,15
Catharina,5959715,3
Ruijven,5959715,9
Thins,5959715,21
Vermeer,5959715,6
Pieter,5959715,4
Simba,580855,13
Ji-wook,32644845,14
Jeong-ho,32644845,16
Azhagappan,11919670,23
Naradha,11919670,1
Vadivelu,11919670,6
Yama,11919670,3
Rambha,11919670,21
Pike,32987327,21
Dorothy,32987327,16
Alice,25226299,16
Ben,25226299,1
Rebecca,25226299,3
Evans,25226299,2
Nandhakumar,26745434,21
Meera,26745434,2
Krishnan,26745434,9
Vasudevan,26745434,19
Sukumaran,26745434,21
Ileana,12307993,13
Marcus,12307993,13
Iliana,12307993,1
Beth,12307993,3
Camryn,12307993,6
Aron,12307993,4
Miranda,12307993,6
Demitri,12307993,21
Karsh,12307993,1
David,12307993,0
Alex,12307993,6
Dae-ho,35667026,16
Jo,35667026,7
Yoon-hee,35667026,22
Namdeo,36372517,7
Helfgott,142443,21
Rosen,142443,15
Peter,142443,21
Gillian,142443,2
Prichard,142443,14
Katharine,142443,24
David,142443,3
Rachmaninoff,142443,4
Sofie,22600179,3
Trine,22600179,19
Christian,22600179,6
Kyle,8368963,3
Marc,8368963,3
Octavio,8368963,11
Tiffani,8368963,11
Gwen,8368963,3
Jacob,8368963,20
Troy,8368963,3
Murdock,618628,9
Kingsley,469019,22
Penelope,469019,17
Alan,469019,21
Tracy,469019,11
Ray,469019,22
Kyrano,469019,24
Tintin,469019,17
Parker,469019,1
Jeff,469019,6
John,469019,17
Mohanty,32115658,4
Baba,32115658,18
Carmela,9635156,3
Massimo,9635156,10
Lupo,9635156,1
Pasquale,9635156,7
Joe,9635156,17
Wakeman,9635156,19
Harriet,9635156,21
Taylor,16498630,5
Parton,16498630,12
Leana,16498630,3
Leanna,16498630,5
Sidharthan,29077218,5
Ramanujan,29077218,16
Pooja,29077218,19
Chellan,26588184,17
Bhadran,26588184,24
Chandri,26588184,2
Shivan,26588184,17
Thampi,26588184,6
Pappi,26588184,13
Malloy,14143521,9
Farrel,14143521,12
Valden,14143521,9
Drew,14143521,4
Arnold,14143521,10
Severn,14143521,17
Twiggs,27649189,7
Judy,27649189,4
Steven,27649189,3
Deborah,27649189,23
Vic,32786862,0
Small,32786862,9
A.J.,32786862,4
Jack,32786862,5
Nayak,31741575,0
Nicolas,18625617,13
Bourjus,18625617,21
Monsieur,18625617,6
Plessis-Belli,18625617,9
Philippe,18625617,13
Peyrac,18625617,4
Desgrez,18625617,15
Viveka,31892161,21
Sune,31892161,6
Hobbes,24290521,23
Justin,24290521,10
Jasmine,24290521,19
Max,24290521,19
Esther,24290521,16
Teri,24290521,16
Murphy,864183,21
Diana,864183,21
Gage,864183,6
David,864183,21
Keith,22840825,14
Sowah,22840825,22
Dozier,22840825,8
Murphy,32273564,17
Lex,32273564,20
Burke,32273564,10
O'Hara,32273564,4
Frost,32273564,13
Hazebrouck,4168921,18
Kant,4168921,18
Thomas,4168921,18
Maizie,24583492,24
Lantz,225573,15
Dunwitty,225573,6
Womack,225573,6
Delacroix,225573,6
Black,225573,21
Hoskins,225573,9
Hopkins,225573,6
Constantine,4536823,11
Moore,4536823,24
Ball,9257011,0
Amy,9257011,2
butler,9257011,19
T.C.,9257011,14
Kitty,9257011,13
Dibble,9257011,17
Buckman,9257011,6
Vandergelt,9257011,7
Snerdly,9257011,23
Benny,9257011,13
Glitter,9257011,1
Mendham,28365633,3
Earl,28365633,8
Monroe,28365633,19
Lawrence,10057067,14
Maria,10057067,24
Hammell,10057067,24
Morris,10057067,18
Tucker,192469,8
Wicker,192469,1
Joyce,192469,20
Younger,192469,5
Rintels,192469,0
Hammond,192469,0
Davis,192469,19
Carter,192469,6
Carroll,192469,18
Frady,192469,3
Bunty,15256842,4
Suman,15256842,4
Sinha,15256842,0
Raghavan,15256842,4
Raghu,15256842,7
Bardha,15256842,17
Laroque,14039143,13
Louis,14039143,1
Floriot,14039143,4
Brady,23367787,24
Ann,23367787,23
Lange,23367787,16
Joe,23367787,14
Webster,23367787,15
Ainsworth,23367787,21
Nordahl,24979450,3
Judie,24979450,4
Craig,24979450,0
Bland,24979450,17
Kudumbam,19286405,9
Periera,12715828,12
Khan,12715828,6
Kapoor,12715828,14
Prince,24587933,24
Sterling,24587933,6
Lillie,24587933,3
Allasio,1789600,20
III,1789600,24
Ralston,1789600,19
Revere,1789600,11
Castle,1789600,21
Marini,1789600,2
Bonelli,1789600,13
Bryant,9150668,20
McHugh,9150668,14
Toms,9150668,19
Boyle,9150668,10
Kosterman,9150668,6
Santiago,9150668,22
Lois,9150668,2
Samuels,9150668,9
Stan,9150668,20
Ferguson,4228598,12
Morgan,4228598,4
Swanson,32388899,22
Solange,32388899,23
Callan,32388899,20
Loring,32388899,21
Paul,3979518,11
Clay,3979518,7
Cowie,3979518,11
Levinsky,3979518,3
Virginie,3979518,3
Gann,1553486,2
Natty,1553486,23
Luna,31524231,12
Toninho,2647404,6
Monica,2647404,6
Isabella,2647404,3
Yemanja,2647404,24
Cliff,2647404,20
Sutra,33625220,15
Gomez,15150993,17
Bootsie,15150993,2
Hood,15150993,5
Lemoyne,15150993,1
Robicheaux,15150993,11
Alafair,15150993,13
Goldman,15150993,14
Pepper,15150993,22
Dave,15150993,3
Balboni,15150993,1
Drummond,15150993,9
Elrod,15150993,6
Sykes,15150993,19
Girard,15150993,10
Doucet,15150993,0
Jagoda,33264013,9
Marko,33264013,3
Okubo,9244524,9
Kuramoto,9244524,11
Takeda,9244524,20
Makihara,9244524,13
Iwai,9244524,4
Uchimoto,9244524,6
Muraoka,9244524,6
Hirono,9244524,16
Sugihara,9244524,1
Yamamori,9244524,15
Aihara,9244524,4
Akira,9244524,23
Eda,9244524,18
Shozo,9244524,14
Matsunaga,9244524,6
Nimisha,26600211,18
Sreeni,26600211,7
Abhi,26600211,23
Fox,594488,0
Penenberg,594488,13
Lane,594488,6
Restil,594488,1
Avey,594488,21
Glass,594488,15
Caitlin,594488,16
Peretz,594488,16
Kelly,594488,14
Thomas,10956794,17
LaHaye,10956794,21
Missie,10956794,21
Davis,10956794,24
Kovalevskaya,11480694,2
Sechenov,11480694,1
Harman,2286484,10
Larry,242301,1
Lester,2728423,19
Roy,2728423,21
Kirowa,2728423,16
Olga,2728423,16
Cronin,2728423,5
Myra,2728423,21
Antoine,23813153,0
Sainte-Victoire,23813153,5
Canterville,6241797,9
Antuan,31263203,4
Hong,31263203,22
V,31263203,7
Damme,31263203,22
Tiano,31263203,9
Beard,31263203,22
Katherine,103029,16
Ray,103029,12
Evelyn,103029,19
Cyril,103029,3
Stern,103029,23
Mike,103029,6
Daniel,103029,23
Rod,103029,20
Pig,10777059,21
Midas,10777059,6
Rizzo,10777059,3
Whitmire,10777059,24
Goelz,10777059,10
Kermit,10777059,5
Carol,10777059,19
Jhilmil,22701017,13
Rao,22701017,6
Tato,12008535,21
Beto,12008535,7
Casimiro,12008535,24
Rudo,12008535,17
Vega,12008535,11
Joshua,3535258,22
Matthew,3535258,5
Oren,3535258,13
Jonas,3535258,22
Conrad,3535258,12
Jill,1371900,0
Baudelaire,1371900,12
Hardy,1371900,19
Raja,18064087,15
Amar,18064087,1
Singh,18064087,18
Donny,20596726,3
Bobby,20596726,6
Kumar,4627333,2
Roopa,4627333,10
Sunita,4627333,2
Nandakumar,30505812,3
Kunjappan,30505812,19
Merlin,30505812,9
Celine,30505812,12
Thekkilakkaadan,30505812,2
Joseph,30505812,2
Abu,30505812,3
Dogan,26613627,23
Emine,26613627,21
Louisa,985304,17
Marcus,985304,0
Tom,985304,23
Melissa,985304,17
Lana,985304,3
Gluntz,985304,17
Stohler,985304,23
Schmidt,985304,6
Martha,985304,3
Vicky,985304,19
Mina,2211244,19
Flicka,26767717,12
Brooks,26767717,7
Hellman,26767717,20
Nimoy,26767717,7
Callahan,26767717,8
Schuster,26767717,12
Joe,5565580,21
Alice,5565580,6
Mayberry,5565580,2
Allen,5565580,14
Mulvihill,31180701,18
Daniels,31180701,11
Daniel,31180701,21
Wilbert,31180701,13
Wilby,31180701,12
Shiranee,14493098,3
Chitra,14493098,13
Nissanka,14493098,6
Stone,23316605,4
Manseur,23316605,12
Ross,23316605,19
LoPresti,23316605,9
Gannon,23316605,6
Brummell,12161523,21
Robinson,12161523,2
Prince,12161523,12
George,12161523,13
Julia,12161523,9
Byron,12161523,20
Brummel,12161523,7
Morgan,8461302,17
Pete,8461302,16
Moe,8461302,16
Churchill,28761678,11
Hearn,28761678,6
Nat,28761678,7
Thomas,26408134,17
Khan,26408134,2
Basheer,26408134,24
Kala,26408134,17
Hassan,26408134,14
Gopi,26408134,14
Baba,26408134,14
Hyderali,26408134,6
Bharatchandran,26408134,24
Nachappa,26408134,5
Purohit,26408134,14
Chacko,26408134,21
Tom,30241742,16
Posito,30241742,13
Pig,30241742,20
Prune,11853416,15
Claus,11853416,8
Whipple,11853416,13
Joan,4181412,3
Tom,4181412,3
Jerry,4181412,3
Joska,19933490,6
Kawamura,6199099,5
Eiji,6199099,23
Hikomaro,6199099,1
Yuushi,6199099,21
Sakurafubuki,6199099,3
Seigaku,6199099,6
Tezuka,6199099,23
Keigo,6199099,3
Momoshiro,6199099,19
Mukahi,6199099,10
Echizen,6199099,3
Victor,937809,22
Callie,937809,20
Dolly,937809,22
Delores,937809,21
Moira,8022805,15
Kennedy,8022805,15
Marcy,8022805,21
Nick,8022805,17
Dermot,8022805,14
Tizzard,8022805,8
McGlory,8022805,16
Sean,8022805,3
Kailasam,24873579,6
Kottai,24873579,17
Gayatri,24873579,0
Santhosh,24873579,17
Prakash,24873579,15
Higgs,24158073,1
Hopkins,24158073,18
Sparkie,4537586,10
Denny,4537586,3
Charlie,4537586,6
Donald,16279840,3
Sinclaire,16279840,18
Samantha,16279840,0
Peter,16279840,3
Gainsborough,16279840,8
Hannah,16279840,6
Emma,16279840,3
Caleb,16279840,3
Devdas,28659402,18
Hu,1051400,17
Virgil,1051400,17
Steve,1051400,3
Vandergosh,1051400,9
Loo,1051400,19
Daric,1051400,6
Han,1051400,3
Jesus,1051400,3
Ben,1051400,21
Choe,1051400,0
Stephanie,1051400,13
Manibag,1051400,3
Svein,17928089,6
Melissa,17928089,6
Bond,17928089,21
Dan,17928089,6
Halvorsen,17928089,6
Datta,25640416,0
Haripada,25640416,23
Cameron,25640416,4
Ghosh,25640416,24
Sen,25640416,4
Waddedar,25640416,2
Sey,25640416,18
Masterda,25640416,6
Pritilata,25640416,2
Baul,25640416,5
Nair,3593930,3
Manu,3593930,15
Joseph,3593930,12
Manju,3593930,12
Michael,6127122,12
Nina,6127122,12
David,6127122,12
Bonnie,9627061,12
Ruth,9627061,1
Smith,9627061,7
Martin,9627061,17
George,9627061,15
Rutherford,9627061,6
Higgins,9627061,19
Reynolds,9627061,17
Bruno,9627061,21
Starr,9627061,13
Lucy,9627061,12
Barbara,9627061,9
Byron,9627061,6
Sculley,1128527,10
Martin,1128527,24
Willard,1128527,3
Cathryn,1128527,3
Ben,1128527,17
Socrates,1128527,12
Stiles,1128527,12
Valentina,15968423,10
Vasilev,15968423,9
Martin,15968423,24
Frank,15968423,21
Besson,15968423,9
Tarconi,15968423,18
Kikyo,30860177,23
Shippo,30860177,4
Asagi,30860177,6
Juura,30860177,17
Miroku,30860177,23
InuYasha,30860177,3
Goura,30860177,4
Kyoura,30860177,6
Gora,30860177,23
Kanade,30860177,3
Sesshomaru,30860177,3
Ryuura,30860177,17
Alden,15204451,0
Tuttle,15204451,18
McCracken,15204451,22
Lagorce,15204451,20
Gordon,30006,23
Martin,30006,13
Catherine,30006,24
Lecter,30006,21
Crawford,30006,17
Chilton,30006,13
Starling,30006,4
Gumb,30006,6
Bill,30006,0
McDuck,2363733,16
Huey,2363733,21
Louie,2363733,21
Dewey,2363733,21
Scrooge,2363733,6
Morse,2274585,3
Gale,2274585,3
Emily,2274585,17
Mary,2274585,6
Wright,2274585,5
Devereaux,14492055,3
Steve,14492055,14
Carmen,14492055,6
Navarro,14492055,18
II,29143572,2
Hitler,29143572,1
Ferdinand,29143572,13
Hill,29143572,0
Dickstein,29143572,1
Wilhelm,29143572,24
Nazis,29143572,1
Keller,29143572,12
Vanderbilt,29143572,14
Santoro,32427485,14
Wegothiscovered,32427485,15
Andrew,32427485,16
Elliott,32427485,23
Kilmer,32427485,7
Margaret,32427485,19
Francis,32427485,5
Weston,32427485,2
Niven,1844967,9
Miller,26640673,23
Hirsch,26640673,12
Pastorinis,26640673,11
Lawver,26640673,23
Allison,26640673,19
Bremer,26640673,5
Osborne,26640673,0
Elden,26640673,11
Neil,26640673,6
Sam,18799982,21
Sharpe,18799982,10
Marilyn,18799982,2
Joe,18799982,8
Renata,18799982,2
Rob,18799982,14
Sheela,30816196,21
Asha,30816196,14
Vikram,30816196,14
Anand,30816196,21
Polybus,12278463,1
Edipo,12278463,21
Merope,12278463,5
Jocasta,12278463,5
Cuicui,34082617,21
Abel,14097392,17
Isaac,14097392,15
Inanna,14097392,6
Abraham,14097392,17
Cain,14097392,21
Grant,22967108,20
Armstrong,22967108,24
Haley,22967108,12
Foster,22967108,21
Brad,22967108,12
Crenshaw,22967108,6
Collins,22967108,17
Felton,22967108,20
Claire,22967108,3
Phil,22967108,3
Miletto,22967108,17
Arroyo,22967108,17
Shevket,300596,17
Phelps,300596,6
Mirza,300596,24
Ali,300596,21
O'Gaffney,300596,19
Fatima,33419269,17
Murry,2268290,22
Helsing,2268290,24
Mina,2268290,22
III,2268290,19
Orlock,2268290,17
Linda,171078,11
Ryan,171078,2
Nixon,171078,20
Eisenhower,171078,0
Bush,171078,0
Reagan,171078,1
Carter,171078,12
Clinton,171078,0
Muthuraman,32038391,11
Ranjitha,32038391,24
Karthik,32038391,14
McBride,14301340,24
Merchant,14301340,15
Chhaila,10888175,6
Babu,10888175,2
Rita,10888175,13
Ranjit,10888175,6
Mukherjee,10888175,9
Arthur,19701,24
Enchanter,19701,15
Lancelot,19701,2
Maynard,19701,15
Patsy,19701,5
Robin,19701,6
Python,19701,16
Bedevere,19701,9
Galahad,19701,24
Means,28757549,21
Wheaton,28757549,24
Zach,28757549,3
Christina,28757549,12
Hardwick,4281397,4
Revati,6429872,13
Pandit,6429872,22
Sudha,6429872,6
Bapat,6429872,15
Ravi,6429872,15
Meghna,6429872,21
Aniket,6429872,6
Shrikant,6429872,21
Aditi,6429872,6
Kamat,6429872,16
Patricia,29376195,0
Blakeford,29376195,14
Rao,25446832,18
Sivudu,25446832,10
Radhika,25446832,14
Bertha,10610180,3
Ertha,10610180,6
Cindy,10610180,3
Grandfather,10610180,3
Pinocchio,10610180,3
Philip,10610180,23
Blake,18507034,8
Grimes,18507034,5
Jones,18507034,8
Deedle,18507034,4
Dinkley,18507034,22
Scooby,18507034,17
Rogers,18507034,5
Specter,18507034,24
Borelli,31743547,2
Weiss,31743547,11
Darbont,31743547,20
Don,7598645,21
Pradesh,7598645,17
Suri,7598645,14
Raghava,7598645,21
Kei,17139921,9
Fong,17139921,16
Keung,17139921,6
Bo,17139921,14
Maggie,2953325,6
Hughes,2953325,6
Freeman,2953325,23
Alex,2953325,17
Murphy,1159860,14
Howard,1159860,21
Jones,1159860,7
Maxwell,1159860,7
Judy,1159860,16
Smith,1159860,24
Roth,1159860,10
Larrabee,1159860,7
Hoskins,1159860,12
Burns,1159860,9
Bannister,1159860,18
Eunice,1159860,19
Simon,1159860,12
Ciro,26553782,24
Chiranjeevi,7191937,8
Jack,27849952,23
Anna,31304482,19
Julien,31304482,4
Potter,20600329,22
Wilding,23986951,23
Kenmore,23986951,19
Pooja,5045106,6
Irene,5045106,20
Shaam,5045106,5
Emaan,5045106,14
Jianping,14887326,9
Lilian,14887326,11
Savithri,2098445,13
Ravindran,2098445,22
Vinod,2098445,2
Unnikrishnan,2098445,6
Lin,33910495,4
DaWei,33910495,11
ZhiXiang,33910495,16
ZhiJian,33910495,9
YaoNan,33910495,1
Handa,34797036,4
Aki,34797036,12
Aida,13083579,20
Rei,13083579,1
Ikari,13083579,4
Seele,13083579,24
Misato,13083579,21
Ayanami,13083579,18
Nagisa,13083579,4
Katsuragi,13083579,16
Gendo,13083579,15
Shinji,13083579,3
McReady,25273919,3
Fain,25273919,17
Clark,25273919,17
Warjack,25273919,5
Peters,25273919,5
Hutton,25273919,9
Vickers,25273919,3
Doc,25273919,6
Wilford,33362127,6
Randall,8283324,5
Barnett,8283324,22
Adrian,11838500,18
DePayster,11838500,3
Drake,11838500,3
Maria,7545201,12
Richmond,7545201,12
Connery,7545201,16
Attwell,23982633,17
Harry,23982633,3
Childs,23982633,6
Martindale,23982633,4
Katherine,23982633,2
Carl,23982633,17
Kenny,23982633,10
Noel,23982633,4
Hicock,23982633,4
Marky,23982633,10
Winters,23982633,1
Rourke,23982633,1
Brown,23982633,22
Frampton,23982633,18
Saunders,23982633,14
Clapworthy,16462071,4
Bovington,16462071,8
Kelly,16462071,4
Rodney,16462071,17
Manor,16462071,1
Snipe,18969327,21
Anwar,31318276,13
Mizraab,31318276,8
Kiran,8587476,6
Gauthami,8587476,22
Bhai,8587476,23
Shankar,8587476,8
Krishna,13580275,19
Sahabji,13580275,2
Swarg,13580275,10
Dhuruvun,16355225,17
Duruvan,16355225,17
Dhuruvan,16355225,24
Anderson,16355225,17
Arthur,8704400,6
Lucy,8704400,3
Helsing,8704400,3
Mina,8704400,14
Harker,8704400,21
Jonathan,8704400,2
Seward,8704400,13
Westenra,8704400,4
Dracula,8704400,4
Murray,8704400,9
Singleton,8704400,6
Holmwood,8704400,1
Dougherty,26922017,6
Carla,8390680,18
Vincente,8390680,8
Katherine,14846051,23
Allan,14846051,21
Bhoopathi,18849366,15
Marthandan,18849366,23
Manohari,18849366,14
Rajaguru,18849366,14
Karmegam,18849366,20
Veerangan,18849366,6
Veeran,18849366,14
Ratna,18849366,4
Ratnapuri,18849366,9
Madana,18849366,8
Veerabagu,18849366,15
McDonald,21075146,2
Brendan,21075146,13
Trudy,21075146,16
Bijlani,29831230,5
Chakraborty,29831230,5
Whistler,23664336,4
Nina,23664336,10
Paolo,23664336,24
Luke,23664336,3
Descole,23664336,2
Brock,23664336,11
Petone,23664336,13
Ben,23664336,12
Layton,23664336,21
Melina,23664336,24
Triton,23664336,18
Detragiganto,23664336,3
Quatlane,23664336,21
ka,28148735,8
Eli,28148735,13
Eva,28148735,2
Michal,28148735,6
era,28148735,12
Norov,28148735,6
Julian,24570345,21
Edith,24570345,2
Maggie,7151371,3
Shaun,7151371,13
Pamela,7151371,11
Simon,7151371,3
Jorge,7151371,3
Stearns,922756,14
Moses,32295490,6
Nan-sil,20389220,15
Hae-myeong,20389220,8
Lucas,5922485,0
Smith,5922485,4
Barsaoui,35004592,21
Wolf,20518975,8
Haiwa,26814429,16
De,1311117,23
Wong,1311117,6
Mickey,21872866,3
Pooja,21872866,4
Cadell,23477436,14
Rupert,23477436,6
Lawrence,23477436,16
Kentley,23477436,17
Brandon,23477436,6
Walker,23477436,12
Morgan,23477436,14
Wilson,23477436,12
Shaw,23477436,6
Atwater,23477436,12
Phillip,23477436,21
Simo,3405219,3
Luigi,3405219,3
Njurmi,3405219,14
Stang,20959928,15
Beauchamp,27159956,8
Marion,27159956,4
Sneaky,23835703,24
Junior,23835703,1
Jalle,23835703,19
Prohl,988136,12
Peter,988136,3
Lizzie,988136,3
Bradbury,988136,11
Hammond,988136,11
Pierson,26069958,24
Patsy,26069958,3
North,26069958,9
Riley,26069958,0
Renfrew,26069958,16
Ivan,26069958,3
Mike,26069958,3
Prottle,26069958,6
Mulcany,26069958,5
Ivansky,26069958,4
Tremaine,26069958,6
Monaghan,26069958,15
Harvey,26069958,6
Potter,26069958,13
C.M.,1138675,21
II,1138675,8
III,1138675,18
Alexander,1138675,3
Aristotle,1138675,1
Soter,1138675,6
Roxana,1138675,5
Philip,1138675,22
Great,1138675,15
Donny,27784762,15
Jake,27784762,15
Maureen,2891096,17
Chamberlain,2891096,15
Henderson,2891096,7
Damm,2891096,7
Dennis,33629922,10
Lachlan,33629922,21
Betsy,33629922,22
Zack,33629922,12
Kate,33629922,2
Crouch,33629922,21
Currie,33629922,18
Magee,33629922,8
Lill,33629922,21
Buckner,2135286,11
Walker,2135286,6
Agnew,2135286,15
Hightower,2135286,17
Bremmer,5564470,4
Prescott,5564470,23
Davidson,5564470,4
Roy,10619003,14
Devi,10619003,9
Ranjit,10619003,10
Malik,10619003,5
Dutt,10619003,10
Rekha,10619003,16
Morel,33656303,9
So-hwi,20485147,3
Ilyoung,20485147,3
Diwan,3072898,19
Isha,3072898,6
Sheetal,3072898,19
Gandhi,3072898,1
Rao,3072898,17
Sinha,3072898,8
Mantriji,3072898,22
Singh,3072898,18
Sahil,3072898,3
Joan,29250382,12
Weber,29250382,5
O'Hara,29250382,3
Henrik,29250382,3
Zelinsky,29250382,10
Sheridan,34426286,16
Lewis,34426286,17
Hargreaves,34426286,13
Daido,27458682,6
Maria,27458682,17
Shotaro,27458682,3
Combo,27458682,8
Dopant,27458682,17
Elizabeth,27458682,23
Cranberry,27458682,11
Kazu,27458682,11
Hino,27458682,16
Izumi,27458682,20
Tabata,27458682,4
Akiko,27458682,24
Philip,27458682,4
Hanehara,27458682,0
Domoto,27458682,24
Eita,27458682,6
Ryu,27458682,24
Rider,27458682,5
Ashihara,27458682,9
Fudd,22199055,6
Sylvester,22199055,3
Porky,22199055,17
Doc,22199055,19
Moon,3799058,8
Maguma,3799058,23
Gallagher,36036933,20
Courtney,26278287,10
Kray,26278287,14
Murray,26278287,22
Malone,26278287,4
Gatha,34334094,7
Aggarwal,27516539,10
Ke,27516539,1
Puri,27516539,13
Vibhaag,27516539,24
Shastri,27516539,2
Tripathi,27516539,21
Stella,1679437,4
Anna,1679437,21
Sasha,1679437,10
Joe,1679437,20
MacKrill,1679437,7
Chuck,1679437,4
Bill,1679437,1
Lisa,1679437,1
Sam,76641,21
Gerald,76641,19
Harding,76641,0
Craig,76641,15
Tess,76641,3
Chris,76641,20
Maria,2153034,13
O'Flynn,2153034,24
Sebastian,2153034,24
Fleischer,2153034,17
Rosa,2153034,24
Flora,28684641,24
Marcel,28684641,12
Fernand,28684641,4
Barlay,28684641,11
Suzanne,28684641,13
Yvonne,28684641,13
Parazone,14033432,15
Barret,14033432,9
Smoothskin,14033432,6
Bob,14033432,16
Tune,14033432,18
Yuko,24549318,2
Weisser,24549318,11
Flo,3769324,18
Burnett,3769324,24
Jeffords,3769324,9
Herrera,3769324,12
C.,3769324,14
Vance,3769324,6
Darrow,3769324,10
Paul,27900541,21
Tasha,27900541,18
Trivert,15304886,18
Munchausen,15304886,12
Chaudhry,12186438,14
Karan,12186438,23
Gajraj,12186438,16
Sharma,12186438,12
Raju,12186438,11
Kajal,12186438,2
Sam,1708475,3
Palmer,1708475,14
Fred,1708475,8
Wilde,1708475,1
Slezak,1708475,15
Reno,1708475,16
Brent,1708475,12
Marty,1708475,17
Helen,1708475,6
Caine,19134739,9
Jane,3051597,13
Donald,3051597,3
Josiah,3051597,4
Marcus,3051597,3
Larsen,3051597,17
Sandra,3051597,3
Grace,3051597,16
Margaret,3051597,3
Rhodes,3051597,12
Rosa,3051597,23
James,3051597,2
Atkins,3051597,0
Bijlani,29857599,5
Sharma,29857599,0
Chakraborty,29857599,5
Laura,11744739,22
Ray,11744739,2
Pete,11744739,20
Milli,34470083,6
Munusamy,31459892,24
Manimekalai,31459892,23
Rosemary,31459892,24
Soori,31459892,2
Marta,20945004,23
Espanhol,20945004,19
Milne,9989914,0
Slattery,9989914,3
Hobson,9989914,21
Gregory,9989914,0
Will,9989914,18
Merrill,9989914,8
Russell,9989914,11
Mallard,9989914,7
Dolores,9989914,21
Garcia,357715,21
Fard,357715,9
Darrell,357715,12
LaHonda,357715,21
Alisa,357715,12
Benoit,357715,21
Kasper,357715,21
Russell,357715,12
Bianca,6062957,23
Kennedy,5603557,8
Ollie,5603557,7
Stan,5603557,3
Hardy,5603557,12
Simbu,16167745,23
Faber,177740,23
Gordon,177740,6
Sadie,177740,23
Mark,177740,6
Ralfe,177740,11
Selena,177740,21
D'Arcey,177740,21
Selina,177740,3
Gray,1690123,21
Manson,1690123,23
Starr,23637180,23
Rose,23637180,24
Chismore,23637180,23
Jack,23637180,6
Rugen,31153,4
Inigo,31153,17
Roberts,31153,15
Fezzik,31153,10
Vizzini,31153,3
Westley,31153,3
Montoya,31153,10
Max,31153,10
Humperdinck,31153,24
Buttercup,31153,13
Drayton,19190340,17
Viola,19190340,21
Nevinson,19190340,7
Paul,4815950,2
Izzy,4815950,3
Kim,29130076,16
Benjamin,60174,24
Ephraim,60174,24
Gideon,60174,4
Sarah,60174,21
Milly,60174,6
Pontipee,60174,10
Daniel,60174,24
Frank,60174,19
Liza,60174,21
Ruth,60174,21
Martha,60174,21
Adam,60174,3
Hannah,60174,4
Alice,60174,21
Caleb,60174,24
Dorcas,60174,21
Beckworth,1142326,3
Hamchuck,1142326,23
Petersen,1142326,4
Kirby,1142326,6
Cai,1142326,16
Dennis,5501244,10
Willows,5501244,9
Adams,5501244,7
Leslie,5501244,20
John,23933249,19
Chidambaram,16166720,8
Bhatnagar,10744766,23
Shilpa,10744766,13
Alisha,10744766,3
Kinjal,10744766,10
Hans,10744766,9
Arya,10744766,4
Aditya,10744766,24
Annie,32501058,10
Henry,816862,13
Ghent,816862,3
Gustave,816862,24
Danielle,816862,3
Prince,816862,8
Comtesse,816862,24
Auguste,816862,8
Lancret,816862,13
Vinci,816862,9
Jacqueline,816862,6
Barbarac,816862,10
Pieu,816862,14
Rob,23033725,16
Barra,11510742,16
Avallone,11510742,24
Martelli,11510742,3
Michele,11510742,3
Giuseppe,11510742,6
Aurelia,11510742,3
Modesti,11510742,6
Francesco,11510742,18
Bruno,11510742,3
tom,11510742,22
Patrizia,11510742,17
Magiara,11510742,6
Alberto,11510742,3
Satana,14780621,3
Astrahantsev,11656901,20
Davidov,11656901,10
Usoltsev,11656901,15
Shrivastav,20184221,11
Raghav,20184221,18
Raja,20184221,21
Drohi,20184221,20
Srivastva,20184221,17
Nayak,20184221,24
Sonia,20184221,24
Kadam,20184221,15
Neha,20184221,22
Shekhar,20184221,14
Hollingsworth,2374501,3
Margo,2374501,3
Green,2374501,13
D'Agosta,2374501,6
Ford,2374501,22
Kothoga,2374501,10
Whitney,2374501,3
Frock,2374501,11
Cuthbert,2374501,10
Barret,35005629,18
Jeannette,35005629,4
Foreman,35005629,0
Ali,35005629,20
Judex,35005629,8
Lucy,1822771,13
Zucker,1822771,19
Baum,1822771,18
Borowiecki,1822771,14
Shawn,20393973,8
Brady,20393973,17
Diora,20393973,19
Nick,20393973,6
Colfax,20393973,6
Carly,20393973,21
Walton,20393973,13
Davidson,20393973,0
Kuo,10778392,21
Feng,10778392,1
Mang,10778392,17
Li,10778392,21
Mitchell,596639,14
Sylvia,596639,21
Mary,596639,4
Hu,36574570,7
Wendel,36574570,21
Lou,36574570,21
Dale,3265486,6
Berriman,3265486,3
Ames,29262922,12
Teresa,29262922,7
Childs,29262922,12
Donovan,29262922,4
Jackson,15868479,0
Haley,15868479,1
Bingham,15868479,23
Newton,15868479,0
Stanley,15868479,22
Davis,15868479,5
Wang,2533756,3
Stephanie,26568850,6
Richard,26568850,7
Lincoln,6517894,2
Magus,6517894,19
Lazarus,6517894,9
Mahoney,6517894,12
Pascal,6517894,12
Christian,6517894,10
Mojigondo,12989709,14
Zoronga,12989709,9
Rosendo,12989709,9
Juana,12989709,21
Curro,12989709,4
Angustias,12989709,9
Sancho,12989709,15
Salma,8948871,21
Deepa,8948871,12
D'Costa,8948871,19
Iqbal,8948871,4
Khan,8948871,24
Gingy,8723600,21
Ferris,8723600,9
Anne,8139956,6
Lester,8139956,19
Markey,8139956,19
Stirling,11046148,24
Dooley,11046148,10
Kittredge,11046148,5
Gibson,11046148,13
Berk,11046148,7
Bond,11046148,15
Countee,11046148,2
Rahul,34757217,21
Kartik,34757217,21
Abhi,34757217,6
Anuradha,34757217,3
Jeet,34757217,7
Anu,34757217,6
Aishwarya,11134797,10
Vaijayanti,11134797,24
Raju,11134797,8
Vichitragupta,11134797,15
Orn,6021027,7
Tommy,6021027,17
Margo,3601408,17
Lannington,3601408,17
Cameron,3601408,3
Julie,3601408,4
Jeff,3601408,20
DeLong,3601408,22
Hans,11159076,16
Lene,11159076,21
Anna,11159076,19
Carmen,11035932,13
Gary,11035932,3
Veronica,11035932,1
Valentino,11035932,21
Nat,11035932,12
Landis,11871069,11
Marian,76351,6
Starrett,76351,14
Hill,76351,16
Joe,76351,6
Ryker,76351,3
Shane,76351,3
Wilson,76351,17
Joey,76351,6
Murphy,1354688,3
Katie,1354688,3
Greer,1354688,14
Ferriman,1354688,6
Francesca,1354688,19
Epps,1354688,4
Lorelei,1354688,14
Graza,1354688,12
Henri,872386,4
Papillon,872386,13
Dega,872386,5
Superior,872386,19
Maturette,872386,23
Vinu,27138287,22
Meera,27138287,6
Vinod,27138287,19
Balu,27138287,7
Winter,11250759,23
Luke,11250759,8
Phillips,11250759,4
Snyder,1934018,11
Meredith,1934018,24
Gustafson,1934018,12
Amy,1934018,10
Brian,1934018,15
Ariel,1934018,3
Max,1934018,3
Goldman,1934018,18
Lemmon,1934018,23
Jacob,1934018,6
John,1934018,3
Melanie,1934018,13
woo,1934018,7
Matthau,1934018,13
Sr.,1934018,3
Truax,1934018,19
Chuck,1934018,6
Gacy,28945798,24
Bratten,24792615,18
Gleason,24792615,10
Butler,24792615,14
Gordon,2331371,6
Evans,2331371,1
Lee,2331371,9
Ben,2331371,6
Halberstrom,2331371,13
Lou,2331371,4
Melvin,2331371,9
Grady,2331371,4
Vialula,2331371,21
Hamilton,2331371,0
Hogue,2331371,17
Packer,2331371,4
Nicholson,2331371,15
Stone,2331371,13
Emma,2331371,13
Prince,18305011,24
Persephone,18305011,17
Diana,18305011,21
Thrax,18305011,9
Trevor,18305011,3
Alexa,18305011,16
Anne,7198945,12
Ginny,7198945,2
Nick,7198945,3
Revati,27380172,17
Shetty,27380172,7
Vishal,27380172,5
Khan,27380172,15
Mohini,27380172,18
Chaudhary,27380172,18
Vicki,1640329,6
Jay,1640329,11
Jesus,1640329,7
Trotter,1640329,6
Davis,1640329,12
Looney,1640329,1
Pollard,1526905,10
Williams,1526905,15
Allen,1526905,4
Pearl,1526905,3
Kevin,1526905,10
Welch,1526905,14
Madison,1526905,15
Fitzgerald,1526905,3
Becky,1526905,6
Julie,1526905,2
Leland,1526905,6
Shatuo,23281512,17
Di,23281512,3
Pei,23281512,3
Zetian,23281512,20
Donglai,23281512,16
Wang,23281512,17
Renjie,23281512,15
Wu,23281512,17
Li,23281512,17
Yetnikoff,3075185,15
Laura,3075185,20
Jonah,3075185,14
Fox,3075185,9
Levin,3075185,22
Simon,3075185,11
Trotta,31162053,20
Charlegrand,31162053,9
Jones,31162053,16
Parker,31162053,4
Mary,31162053,4
Cain,31162053,17
Miles,9757243,12
Strager,9757243,6
Jean,9757243,4
Manning,10330695,16
Alex,10330695,4
Kensington,24713061,2
Maureen,24713061,2
Barbara,24713061,19
Pierson,24713061,0
Liz,24713061,2
Daniel,24713061,6
Kelley,24713061,17
Joe,24713061,6
Brian,24713061,3
Hannigan,24713061,3
Cochran,26514248,11
Crane,26514248,6
Hadithi,438402,9
Arnett,438402,19
Wiener,438402,6
Hussein,438402,18
Shaw,438402,18
Rather,438402,9
Brokaw,438402,5
Bush,438402,0
Cheney,438402,1
John,438402,21
Formanek,438402,19
Vinton,438402,17
Holliman,438402,18
Jackson,170590,7
McKenzie,170590,15
agol,170590,6
O'Shea,170590,11
Robins,170590,18
Pearse,170590,1
Shelton,170590,20
Maltin,170590,22
Neill,170590,9
MacKenzie,170590,0
Sam,14203096,23
Fred,14203096,17
Wolf,14203096,8
Ralph,14203096,17
Sheepdog,14203096,3
Hargan,8166200,23
Johnson,2478590,3
Saunders,2478590,21
Paxton,2478590,3
Wilson,2478590,7
Miter,2478590,18
Bozz,2478590,3
Coppolberg,23077560,13
Paul,129644,15
Lucchesi,129644,7
Kay,129644,13
Anthony,129644,6
Fredo,129644,22
Tommasino,129644,12
Mosca,129644,17
VI,129644,15
Cowie,129644,20
Michael,129644,6
Bright,129644,6
Mancini,129644,16
Mary,129644,17
Lamberto,129644,6
Zasa,129644,17
Hamilton,129644,10
Keinszig,129644,18
Corleone,129644,7
Don,129644,15
Altobello,129644,6
Pope,129644,20
Gilday,129644,24
Vincent,129644,6
Lupe,129644,15
Dave,1055440,4
Harry,1055440,18
Natasha,1055440,17
Max,1055440,10
Leary,12289584,17
Joe,12289584,4
Man,12289584,17
Scott,12289584,10
Raghuvanshi,30856194,1
Chacha,30856194,24
Abbas,30856194,3
Bachchan,30856194,9
Ali,30856194,2
Chowk,30856194,12
Vikrant,30856194,18
Reese,27677289,11
Boyd,19540016,24
Bettina,19540016,6
Bachmann,19540016,22
Alf,10036397,3
Shumway,10036397,12
Reese,10036397,10
Hill,10036397,8
Melissa,10036397,4
Mullican,10036397,20
Moyers,10036397,22
O'Leary,10036397,3
Mellisa,10036397,21
Sasirekha,29189504,19
Ravi,29189504,2
Sasi,29189504,0
Chun,12439689,24
Yeng-seng,12439689,5
King-tat,12439689,5
Man-yiu,12439689,15
Yik-wei,12439689,3
Law,12439689,13
Chan,12439689,3
Wing-keung,12439689,17
Tien,12439689,18
Sam,12439689,18
King-ho,12439689,1
Wai,12439689,4
Mather,14149346,18
Michael,14149346,21
Finn,14149346,15
Berg,14149346,3
Hanna,14149346,6
Rohl,14149346,6
Julia,14149346,13
Schmitz,14149346,18
Galotti,14149346,15
Ilana,14149346,6
Venus,17182282,23
Prasad,35726787,15
Rao,35726787,3
Tracey,24816940,12
Jody,24816940,1
Rachel,24816940,21
Dorinda,1373475,20
Johnson,1373475,10
kill,23258724,22
Sheldon,23258724,12
Neha,23258724,3
Harman,23258724,17
Elizabeth,5009426,10
Silvestri,18387271,3
Satoru,34868734,24
Miki,34868734,6
Kirara,34868734,21
Mei,34868734,16
Emily,7133848,23
Banjo,7133848,3
Jean,7133848,23
Deepa,14270550,21
Ravi,14270550,3
Yani,14270550,21
Mishra,14270550,18
Masha,14270550,21
Dubey,20713032,18
Saravana,4103051,3
Sadhana,4103051,3
Soundarapandi,4103051,6
Meng,8060931,19
Zou,8060931,3
Jie,8060931,19
Hua,8060931,21
Du,8060931,3
Li,8060931,21
Megan,12046410,21
Matteo,12046410,15
Crenshaw,12046410,20
Show,12046410,9
Kirm,12046410,4
Mindy,12046410,6
Josh,12046410,6
Drake,12046410,3
Lula,12046410,20
Helen,12046410,1
Krim,12046410,24
Tareq,28862784,3
Janaan,28862784,6
Nawal,28862784,4
Simon,28862784,21
Khout,28862784,0
Sarwan,28862784,6
Jeanne,28862784,21
Nihad,28862784,4
Christian,28862784,19
Mannu,31859700,23
Nair,31859700,5
Damu,31859700,16
Vigraha,31859700,16
Mulamkadan,31859700,10
Cable,11369741,3
Paul,11369741,5
Duane,11369741,13
Janroe,11369741,4
Kidston,11369741,24
Vern,11369741,17
Sanford,11369741,13
Martha,11369741,13
Gopalakrishnan,26760115,14
Nair,26760115,0
Nandini,26760115,4
Vishnu,26760115,7
Pryor,27420347,10
Justine,27420347,13
MacKay,27420347,3
York,27420347,15
Carter,27420347,10
Wells,27420347,21
Trimball,27420347,13
Stewart,27420347,9
Lincoln,27420347,0
Harry,13501589,23
Padden,13501589,4
Alice,13501589,2
Ellen,14423546,18
Garfield,14423546,4
Devlin,14423546,14
Cordoza,14423546,22
Blake,28376038,5
Amina,17176854,2
Paresh,17176854,13
Brahmasthram,28351029,6
Sindhu,28351029,7
Divya,33550225,14
Thiru,33550225,20
Narsis,16171490,17
Obaid,16171490,12
Balachandran,28146462,18
Thilakan,28146462,21
Hareendran,28146462,16
Nye,12181074,9
Gilbert,12181074,18
Smiley,12181074,18
Yolanda,12181074,12
Drood,12181074,6
Helen,12181074,2
Yan,2530065,0
Nishi,2530065,6
Atsu,2530065,17
Ryo,2530065,2
Leung,29589854,4
Chan,29589854,14
Gopalapuram,32252915,8
Jayaraman,32252915,3
Preman,32252915,7
Sonam,8243850,13
Nanda,8243850,17
Jai,8243850,21
Sarayu,8243850,6
Rustford,1893079,0
Jed,1893079,2
Webbe,1893079,1
Statt,1893079,20
Campbell,1893079,20
Ruth,1893079,5
Dr.,1893079,19
McGara,1893079,21
Whalters,1893079,17
Shannon,24913134,6
Jo,24913134,4
Kerrys,24913134,3
Brett,24913134,17
Cassandra,24913134,3
Dillon,24913134,3
Arjun,17682521,3
Khan,17682521,3
Agnihotri,17682521,1
Amar,17682521,1
Singh,17682521,3
Kaajal,17682521,6
Mugsy,5055725,2
Sam,5055725,6
Satan,5055725,6
Granny,5055725,23
Sylvester,5055725,3
Oswald,5055725,15
Daffy,5055725,20
Baker,13688725,2
Maggie,13688725,3
Liz,13688725,3
Tara,13688725,3
Louis,13688725,17
Casey,13688725,23
Palfrey,2413074,3
Delauney,2413074,17
Chapman,2413074,18
Smith,2413074,19
Gloatbridge,2413074,0
Price,2413074,12
Potter,2413074,3
Bowden,64004,3
French,64004,0
Denker,64004,1
Dussander,64004,6
Jackson,22304534,13
Ames,22304534,24
Brian,22304534,5
Cynthia,22304534,5
Ellen,22304534,4
Peter,22304534,17
Steve,22304534,3
Entragian,22304534,18
Mary,22304534,3
Smith,22304534,10
Carver,22304534,3
Marinville,22304534,3
Yuzhen,18422755,22
Liangcai,18422755,13
Shuxin,18422755,20
Schmidt,18422755,6
Zhao,18422755,3
Feng,18422755,9
Renzhong,18422755,11
Roberts,8283271,18
Beck,8283271,11
Conway,8283271,15
Marlof,8283271,20
Lane,14004382,8
Superman,14004382,3
Kent,14004382,2
Clark,14004382,3
Jones,14004382,3
Lois,14004382,3
Danny,1265864,17
Gloria,1265864,6
Phil,1265864,6
Andy,1265864,3
Matthew,5664888,3
Joe,5664888,14
Tim,1822446,22
Jackson,1822446,15
Celestrial,1822446,10
Virgo,1822446,16
Darryl,1822446,11
Lenny,1822446,21
Frankie,1822446,1
Claudette,1822446,21
Paul,13281178,21
Paradine,13281178,21
Grimstone,13281178,2
Fanny,13281178,12
Bultitude,13281178,15
Verlayne,13281178,4
Alice,13281178,2
Dick,13281178,3
Moise,27974901,20
Libby,27974901,19
Melina,27974901,2
Elgar,5184036,17
Lanie,5184036,19
Enders,5184036,21
Copee,5184036,3
Rathod,8355455,3
Chopra,8355455,7
Sardesai,8355455,13
Krishnan,8355455,17
Aditi,8355455,3
Siddharth,8355455,2
Suchitra,8355455,19
Salma,31804949,10
Prenderghast,31804949,6
Babcock,31804949,21
Downe,31804949,20
Alvin,31804949,18
Agatha,31804949,7
Mitch,31804949,23
Courtney,31804949,23
Norman,31804949,23
Neil,31804949,20
Hopkins,31804949,1
Ollie,7971869,7
Stan,7971869,3
Fitzgerald,1365330,23
Gorman,22405012,13
Samson,22405012,10
Tobo,22405012,5
Stockwell,22405012,4
Hurst,22405012,15
Doreen,22405012,19
Marie,22405012,16
Emma,4102772,12
Richard,4102772,15
II,4102772,17
Spaniel,4102772,19
Axman,4102772,23
Rudolph,4102772,21
Drysdale,4102772,6
Darlington,4102772,8
Charles,4102772,3
Phanthea,4102772,4
Panthea,4102772,21
King,4102772,21
Vyne,4102772,14
Lucius,4102772,6
Tesla,2809621,24
Jess,2809621,13
Olivia,2809621,2
Angier,2809621,5
Wenscombe,2809621,8
Julia,2809621,10
Borden,2809621,21
Edison,2809621,18
Cutter,2809621,13
Fallon,2809621,17
Sarah,2809621,2
Kevin,3325355,14
Ellis,3325355,7
Martin,3325355,6
Sarah,3325355,13
Stephan,3325355,12
Roger,3325355,10
Larry,3325355,20
Mary,3325355,4
Davis,3325355,11
Clifford,3325355,3
Julien,3325355,13
Rex,3325355,20
Kuttan,26497156,0
Mandrake,26497156,10
Kyle,1189614,3
Roy,1189614,23
Ross,1189614,19
Anna,1189614,6
Evans,1189614,13
Francesca,1189614,21
Matty,1189614,6
Rhodes,1189614,6
Curtis,1189614,0
Devi,35611933,9
Ramasamy,35611933,9
Angamuthu,35611933,0
Durairaj,35611933,0
Ramachandran,35611933,9
Ollie,7972448,16
Long,7972448,24
Stan,7972448,4
Mugsie,7972448,3
Hardy,7972448,2
Benson,27452402,3
Tony,27452402,6
Grover,27452402,16
Shemp,14739082,23
Bradley,14739082,7
Gregor,1252047,22
Gordon,1252047,11
Liz,1252047,24
Brice,1252047,3
Arbogast,1252047,18
Brandes,1252047,8
Martin,1252047,6
Roskow,1252047,9
Crease,1252047,14
Abbott,1252047,9
Wallace,1252047,23
Janek,1252047,13
Wolf,3028097,24
Flippers,3028097,2
Granny,3028097,3
Boingo,3028097,4
Doulos,5092969,4
Maurice,5092969,1
Kaena,1851648,21
Vecanoi,1851648,16
Glen,5886412,15
Tommy,16794274,18
Jimmy,16794274,17
Millie,16794274,2
Gray,68388,3
Lee,68388,15
Anderson,68388,4
Annabelle,68388,4
Ursula,1064260,23
Laura,1064260,11
Stanhope,1064260,22
Georgi,1064260,24
Liang,1374193,14
Baihe,1374193,13
Yitzchok,22551381,18
Jane,2295102,6
Danny,2295102,21
Blake,2295102,3
Palmer,2295102,17
Alan,2295102,3
Blanchard,2295102,17
Bob,21007560,23
Lorenzo,1431065,3
Stephanie,18785953,8
Tammy,18785953,15
Perry,18785953,3
Phukan,26064103,18
Papori,26064103,11
Binod,26064103,4
Satan,8178002,23
Lim,8178002,15
Gunar,19440836,16
Nick,19440836,3
Keefer,19440836,20
Quart,3250877,17
Vera,19238600,6
Mark,19238600,13
Robert,19238600,9
Alex,19238600,3
Forbin,269528,13
Markham,269528,13
Kuprin,269528,10
Roberta,18247486,17
Gray,18247486,16
Carson,18247486,13
Becky,18247486,17
Micah,3984733,19
Mangena,3984733,6
Rampa,3984733,6
Pule,3984733,24
Mathias,32943946,4
Henry,31991420,17
Jane,31991420,6
Maureen,31991420,4
Madeline,31991420,3
Don,31991420,6
Martin,31991420,3
Celine,31991420,2
George,31991420,6
Mohammad,31991420,23
Jacobs,4134701,22
Nelson,4134701,6
Kennealy,604150,0
Jim,604150,3
Courson,604150,11
Krieger,604150,16
Manzarek,604150,18
Kapoor,30081679,0
Chakraborty,30081679,5
Grover,30081679,0
Nusair,5939943,9
Weinberg,5939943,8
Kane,6061532,17
Boone,6061532,14
Beloit,6061532,2
Behan,6061532,11
Jesse,6061532,16
Young,6061532,13
Lily,6061532,19
Cushman,6061532,15
Billy,6061532,23
Graff,18038723,17
Loomis,18038723,17
Philo,18038723,21
Lovecraft,18038723,17
Sharp,18038723,4
Potts,18038723,17
Wills,18038723,3
Eustis,18038723,17
McClintock,18038723,17
M.A.,5217643,3
Sridhar,5217643,3
Shantha,5217643,20
Viji,5217643,18
Lawton,27602436,23
Belcombe,27602436,15
Browne,27602436,10
Rawson,27602436,12
Lister,27602436,19
Jack,27602436,14
Walker,27602436,13
Anne,27602436,13
Joe,17961967,14
Ham,17961967,13
Marins,17961967,10
Sylvester,18877068,3
Jackson,10679526,14
Sick-Little-Well-Girl,10679526,3
Saulsbourg,10679526,12
Yusef,20313018,24
Yusuf,20313018,6
Brody,20313018,6
Younger,20313018,10
Achika,5397050,13
Ryoko,5397050,6
Washu,5397050,17
Masaki,5397050,3
Kiyone,5397050,24
Tenchi,5397050,23
Kain,5397050,24
Romano,6326220,8
Pamela,364541,3
Mindy,364541,20
Ernest,364541,3
Joey,364541,16
Santos,364541,7
Clement,364541,24
Santa,364541,13
Brock,364541,14
Harmony,364541,0
Rogers,364541,20
Joe,364541,3
Starr,364541,10
Carruthers,364541,14
Worrell,364541,0
LaVerne,9734311,7
Olsen,9734311,9
Ord,9734311,2
Shumann,9734311,10
Devlin,9734311,21
Jiggs,9734311,24
Daniel,31752762,18
Linden,31752762,15
Bruce,31752762,4
Franklin,7893550,11
Sid,7893550,4
Virgil,210155,9
Leveque,210155,18
DESTINI,210155,21
Zimsky,210155,13
Finch,210155,17
Brazzelton,210155,9
Childs,210155,1
Keyes,210155,6
Iverson,210155,23
Sheriff,5339026,15
Dale,5339026,19
I,1830725,5
Leotychidas,1830725,8
Leonidas,1830725,6
Mitra,19128264,4
Sindhura,19128264,21
Lang,11916661,3
Eric,444906,13
Thomas,444906,0
Francis,444906,4
Christina,444906,15
Samantha,10071778,13
Hannah,10071778,16
Ben,10071778,6
Team,3320756,14
Joe,3320756,14
Noel,9579854,2
Hale,9579854,9
Hoxworth,9579854,2
Tsin,9579854,21
Chow,9579854,10
Porky,3812989,3
Joe,5653946,21
Sullivan,5653946,14
Tanya,5653946,6
Stanton,12571772,24
Amy,14784249,6
Tinker,14784249,4
Lane,14784249,7
Barry,14784249,23
Wilbert,14784249,6
Armstrong,14784249,3
Smith,14784249,7
Winkle,14784249,16
Vince,16800849,11
Quinn,16800849,16
Stacey,16800849,2
Michael,16800849,3
Takato,16800849,7
Mark,16800849,3
Lola,16800849,3
Chase,16800849,1
Brooke,16800849,6
James,16800849,6
Lisa,16800849,24
Parker,21618156,5
Norwood,21618156,22
Forrest,18334152,14
Wile,18334152,16
Bruce,18334152,20
Nikumbh,8843403,6
Awasthi,8843403,15
Lajmi,8843403,12
Ishaan,8843403,21
Chander,10779181,9
Guddi,10779181,12
Seema,10779181,23
Shams,34952651,18
Mirza,6545373,13
Hanare,6545373,2
Yoo-jin,32837210,22
In-ho,32837210,21
Baldwin,14251601,22
Julie,14251601,3
Lenny,4305147,4
Paul,4305147,17
Louise,4305147,8
Mel,4305147,4
Jackson,32751743,16
Miller,32751743,6
Marnelle,32751743,24
Vass,32751743,13
Mack,32751743,24
Schweig,32751743,14
Elsa,32751743,16
Liz,871013,6
Peter,871013,21
Farrah,871013,17
Staci,871013,6
Phillips,871013,24
Blake,871013,18
Todd,871013,24
Yates,871013,11
Sherman,871013,18
Gabby,871013,3
Hannah,871013,3
Steve,871013,3
Corky,871013,14
Lance,871013,0
Corrado,871013,7
Yancy,871013,5
Ren,871013,21
Julie,871013,3
Gregg,871013,3
Nancy,871013,17
King,871013,10
Donald,24021257,3
Cluck,24021257,8
Pete,24021257,3
Arditi,24021257,21
Mickey,24021257,13
Mouse,24021257,14
Smiley,4316469,3
Rankin,4316469,7
McVitty,4316469,0
Pascoe,2215314,21
Snook,2215314,21
Roy,30018289,5
Mahasangram,30018289,11
Alma,5536677,2
Wagner,5536677,7
Mahler,5536677,12
Anand,9698861,6
Rupa,9698861,2
Champlain,2291574,6
Bianca,1616817,15
Lane,1616817,19
Kent,1616817,2
Zor-El,1616817,3
Nigel,1616817,22
Supergirl,1616817,24
Lee,1616817,8
Ethan,1616817,21
Selena,1616817,14
Singleton,30528861,0
Shiner,30528861,1
Stephanie,21859894,5
Clarisse,21859894,5
Naylor,21859894,23
McLeod,2682100,21
Chuck,2682100,16
Selvam,9667639,13
Lakshmi,9667639,2
Sakthivel,9667639,14
Vikram,9667639,21
Takechi,30505786,16
Izo,30505786,6
Sakamoto,30505786,23
Wood,597576,18
Harris,597576,18
Adams,597576,4
Tso,2634920,3
Fat,2634920,16
Bond,2634920,21
Faceless,2634920,17
Sam,10394592,6
Clark,10394592,15
Sally,10394592,21
Whalan,10394592,4
Gatson,10394592,13
Aloysius,10394592,6
Hallett,7382472,2
Adams,7382472,15
Graham,7382472,24
Aneta,9226991,23
Mem,9226991,23
Dolores,9226991,12
Andy,9226991,21
Brennan,19506776,11
George,19506776,17
Werner,19506776,17
Kerwin,19506776,11
Carol,19506776,21
Ray,3740551,5
Christopher,3740551,4
Jill,3740551,23
Evans,3740551,9
Lynn,3740551,0
Turner,5456819,17
Brecht,5456819,0
Kale,5456819,3
Ronnie,5456819,3
Julie,5456819,3
Carlson,5456819,9
Eliyezer,27601200,1
Alemdar,27601200,10
Jessica,6520640,23
Dick,6520640,12
Dong-soo,30307566,10
Barbara,7012465,11
Melvin,7012465,6
God,7012465,2
Jerry,7012465,1
Thomas,7012465,21
George,7012465,6
Jimmy,7012465,6
Cedric,7012465,3
Manatee,7012465,22
Louis,7012465,6
Larry,7012465,3
Bob,7012465,17
King,7012465,13
Bill,7012465,1
Claude,7012465,12
Gourd,7012465,6
Cassidy,5403512,4
Thenault,5403512,4
Rawlings,5403512,21
Wolferd,5403512,4
Lucienne,5403512,10
Lowry,5403512,22
Skinner,5403512,11
Malli,19246781,13
Chandu,19246781,17
Viswanath,19246781,6
Prasad,19246781,2
Daddy,19246781,13
Costantini,8422182,12
Constantini,8422182,12
coraz,8422182,20
Marisa,8422182,24
Kate,32533117,9
Dinanathan,34274201,13
Ferguson,2529009,4
Sullivan,2529009,8
Armstrong,2529009,3
Brown,2529009,23
Melisande,73368,3
Harry,73368,15
Apperson,73368,19
Champillon,73368,7
Jim,73368,3
Justyn,73368,22
Mathew,29816650,3
Brooks,3305132,24
Sheth,3305132,22
Falcon,23916223,13
Subhadra,4003514,16
Arjuna,4003514,22
Kunhikuttan,4003514,15
O'Hara,18146946,19
Rockwell,18146946,1
Chalvey,18146946,23
Watkins,18146946,10
Jack,18146946,4
Mohan,31425262,0
Rao,31425262,5
Chopra,31425262,8
sundaram,31425262,5
Sundaram,31425262,21
Gertie,3870653,16
Smith,3870653,10
Bozcaada,17064151,19
Rosa,17064151,24
Galip,17064151,1
Bendick,165369,1
Waller,165369,8
Thomas,27707389,18
Ali,27707389,16
Laura,27707389,10
Ozkan,27707389,20
A'Dayle,13713239,24
Walter,13713239,13
Godfrey,13713239,4
Loxley,13713239,9
II,13713239,14
Marian,13713239,22
Longstride,13713239,5
Forest,13713239,8
John,13713239,17
Richard,13713239,3
Robin,13713239,4
Nasser,16179835,21
Krishna,16179835,1
Aishwarya,16179835,14
Siva,16179835,3
Nagesh,16179835,13
Kane,23487440,4
Ash,23487440,23
Parker,23487440,17
Ripley,23487440,6
McIntee,23487440,12
Lambert,23487440,16
Manish,5222403,23
Aditi,5222403,16
Sarojini,5222403,5
Chatterjee,5222403,17
Khan,29054788,13
Sajid,29054788,19
Patty,2674130,14
Fumblerooski,2674130,3
Zolteck,2674130,12
Hammersmith,2674130,21
Floyd,2674130,14
O'Shea,2674130,16
Spike,2674130,10
Wilbur,2674130,10
Mike,2674130,15
Kevin,2674130,16
Debbie,2674130,15
Tad,2674130,15
Simpson,2674130,12
Orville,2674130,10
Becky,2674130,6
Madden,2674130,12
O.,15723201,19
Salome,15723201,0
Wagner,15723201,7
Pappenheim,15723201,14
Andreas-Salome,15723201,0
Breuer,15723201,0
Freud,15723201,1
Overbeck,15723201,4
Nietzsche,15723201,6
Woodruff,11646548,14
Howard,11646548,23
Jimmy,11646548,16
Mary,11646548,21
Fatima,23767055,3
Rudinski,23767055,7
Jan,23767055,13
Rajka,23767055,6
Kaithapram,28170828,12
Bhagavathar,28170828,0
Krishnan,28170828,17
Novgorod,19483119,4
Sadko,19483119,6
Sharad,29641365,6
Ajay,29641365,23
Nihal,29641365,22
Neha,29641365,7
Margo,16146028,12
Lamar,16146028,14
Regan,16146028,22
Ira,16146028,3
Wells,16146028,5
Birdwell,16146028,10
Hatter,16146028,18
Sperling,16146028,10
Mo-Wan,213462,3
Li-Zhen,213462,23
Wen,213462,21
Ling,213462,3
Chow,213462,15
Zhen,213462,11
Tak,213462,13
Bai,213462,6
Lulu,213462,23
Lane,11954401,3
Truluck,11954401,10
Buster,11954401,21
Billie,11954401,23
Hooks,11954401,2
Chai,32567844,15
Sadayu,32567844,7
Gus,11680456,13
Lotte,11680456,3
Arno,5453739,24
Reilly,5453739,21
Ahmed,29799732,4
Boyong,29799732,2
Amelia,29799732,21
Howe,29269751,9
Norris,29269751,0
Lindsay,29269751,22
Adams,29269751,20
Harvey,29269751,1
Campbell,29269751,9
Dowling,35012968,15
Lovel,32998163,2
Hal,20898872,9
Ed,20898872,8
Lescaboura,20898872,1
Bisbee,20898872,6
Ann,42224,13
Kamo,10592638,18
Kumar,10592638,13
Kamini,10592638,15
Neena,10592638,16
Stevens,2011391,12
Cameron,2011391,15
Flack,2011391,6
Coleman,2011391,3
Ruth,2011391,20
Wellmore,2011391,10
Lopez,2011391,12
Wilde,10783682,1
Byrne,10783682,15
Davis,29175285,3
Roland,36212588,6
Zira,152058,24
Taylor,152058,17
Zaius,152058,21
Gregory,152058,21
Nova,152058,5
Cornelius,152058,14
Evans,152058,12
Ongaro,152058,4
Richards,152058,15
Beauregard,2112239,23
Devdas,4259508,6
Brahmin,4259508,24
Chunilal,4259508,21
Parvati,4259508,6
Chandramukhi,4259508,21
Bernstein,6115870,24
Parker,6115870,22
Sellsome,6115870,5
Merl,6115870,10
Motley,6115870,6
Henri,6115870,1
Stevens,6115870,15
Jeff,6115870,16
Jack,6115870,15
Marvin,6115870,6
Arvila,6115870,10
Dummittz,6115870,6
Cornfeld,6115870,7
Sam,6115870,6
Duane,6115870,10
Lisa,6115870,4
Tyler,29181369,6
Simone,29181369,3
Justin,29181369,13
Nova,29181369,6
Jordan,29181369,13
Dunnan,29181369,20
Richter,29181369,9
Lloyd,29181369,6
Ali,29181369,6
Brandon,29181369,13
Jesse,29181369,6
Hippo,29181369,3
Lucas,29181369,3
Mei,29181369,6
Arthur,26890887,6
Alain,26890887,4
Mael,26890887,5
Lola,26890887,21
Anne,26890887,19
Murphy,473260,22
Paula,473260,3
Harris,473260,3
Styron,473260,19
Julie,473260,3
Mai,12410077,10
Tao,14624875,17
Crystal,14624875,23
Fong,14624875,23
Shane,14624875,21
Lincoln,14624875,13
Hartman,14624875,16
Martin,1891570,18
Catherine,1891570,22
Dag,21764056,14
Paula,21764056,22
Andre,21764056,10
Colleen,21764056,17
Halley,21764056,6
Rebecca,21764056,19
Bommel,14526240,5
Kelly,14526240,13
Jon,14526240,9
Moe,14526240,23
Larry,14526240,23
Will,12013209,14
Alexander,12013209,24
Bush,12013209,0
Franco,12013209,4
Casey,12013209,15
Maria,31649395,21
Javier,31649395,21
Herrera,31649395,13
Julia,31649395,19
Peter,2309459,7
Jimmy,2309459,5
Brink,2309459,6
Brinker,2309459,21
Gabriella,2309459,17
Larson,28887886,23
Jefferson,28887886,0
Nadia,28887886,17
Stoddard,28887886,4
Arthur,4702014,17
Gawain,4702014,3
Knight,4702014,6
Baron,4702014,6
Allegretto,2823258,2
Morganstern,2823258,17
Sean,2823258,15
Casey,2823258,14
Michele,12223467,14
Roberts,20757962,21
Lawson,20757962,21
Nides,20757962,15
Cassidy,20980488,0
Sam,20980488,21
Longabaugh,20980488,22
Parker,20980488,4
Velten,30771695,3
Shemp,27381879,10
Moe,27381879,16
Pennyfeather,27381879,17
Margo,1540319,16
Dreyfus,1540319,17
Jarvis,1540319,24
Fassbender,1540319,12
Clouseau,1540319,4
Olga,1540319,3
Bariosova,1540319,16
Quinlan,1540319,13
Drummond,1540319,10
Das,20591589,1
Shankar,20591589,6
Panickar,20591589,15
Sharath,20591589,21
Anuradha,20591589,6
Tom,6155030,3
Jerry,6155030,3
Sharma,20903253,17
chand,20903253,18
Arun,20903253,6
Jyoti,20903253,0
Rekha,20903253,14
Jekyll,33336321,9
Hyde,33336321,7
Deegan,7921068,8
Bronson,5878470,8
Scott,5878470,12
Wayne,5878470,17
ric,5216578,14
Chlo,5216578,6
Zouzou,5216578,11
Roosevelt,4793122,0
Farley,19152242,5
Hall,19152242,22
Van,19152242,3
Coolidge,19152242,0
Bennett,19152242,7
Fok,19152242,5
Dirk,19152242,5
Wilder,19152242,15
Benedict,19152242,24
Reardon,19152242,14
Kaitlin,19152242,20
Rosalie,4565516,14
Spike,4565516,6
Beth,24417616,3
Brad,24417616,3
Nellie,24417616,3
Hank,24417616,1
Tina,24417616,17
Dominique,1542714,23
Kiyoko,846350,3
Fumiko,846350,13
Mikami,846350,3
Hisako,846350,23
Hirayama,846350,6
Setsuko,846350,3
Taniguchi,846350,10
Yukiko,846350,23
Lucy,11328161,20
Tamika,11328161,17
Harris,11328161,0
Daniel,11328161,17
Adams,11328161,9
Alyssa,11328161,21
Tate,4534748,0
Tarzan,4534748,3
Johnny,4534748,2
Sullivan,4534748,11
Mantu,4534748,24
Cameron,4534748,24
Bantons,4534748,6
Banton,4534748,10
Fay,4534748,2
Kairobi,4534748,6
Conway,4534748,10
Lori,4534748,23
Cunningham,2071077,3
Dennis,2071077,3
Buddy,2071077,3
Repperton,2071077,23
Guilder,2071077,10
Trelawney,2071077,0
Stockwell,2071077,11
Vandenberg,2071077,24
Junkins,2071077,5
Arnie,2071077,7
Darnell,2071077,23
Christine,2071077,17
Cabot,2071077,22
LeBay,2071077,0
Leigh,2071077,3
Moochie,2071077,17
Blake,10034391,17
Kitty,10034391,3
Al,10034391,6
Lloyd,10034391,0
Jim,10034391,23
Jimmy,10034391,3
Wilson,10034391,6
Reed,10034391,19
Krestan,31322594,12
Shibano,28628661,6
Foghorn,26291262,3
Lili,14324889,6
Ravenel,14324889,13
Martin,14324889,6
Thomas,14324889,3
Maurice,14324889,23
Alice,14324889,4
Hughes,14356094,24
Jones,14356094,12
Evans,14356094,15
Lizzie,14356094,3
Davies,14356094,9
Owen,14356094,17
Myfanwy,14356094,5
Ellis,14356094,3
Jini,14356094,17
Bob,14356094,16
Morris,14356094,6
Catherine,14356094,13
Griff,14356094,6
Wyn,14356094,23
Roberts,14356094,8
Alan,22994219,21
Schultz,4979871,9
Bo,4979871,6
Weinberg,4979871,14
Behan,4979871,5
Drew,4979871,8
Preston,4979871,9
Dutch,4979871,20
Billy,4979871,21
Berman,4979871,10
Samsara,3411908,9
Trent,344978,6
Lorraine,344978,10
Mike,344978,21
Graham,344978,3
Shirley,27709315,22
Russell,26297141,17
Kevin,26297141,21
Lisa,26297141,7
Yates,23938010,0
Mother,23938010,17
Jimmy,23938010,3
Arab,24436451,2
Barjout,24436451,17
Berthon,24436451,21
Rene,24436451,3
Kongi,32225128,11
Danlola,32225128,2
Segi,32225128,6
Sundar,19200322,21
Raja,19200322,3
Karthik,19200322,14
Koundamani,19200322,14
Devi,19200322,15
Vishwanathan,19200322,23
Thaa,19200322,21
Jaiganesh,19200322,16
Ganesan,19200322,15
Chandrasekhar,19200322,15
Meena,19200322,16
Vasu,19200322,18
Spengo,2161511,6
Alan,2161511,24
Ray,2161511,10
Stephanie,2161511,18
Afir,2161511,24
Carl,2161511,9
Sirk,2161511,2
defeat,2161511,1
Raff,2161511,9
Marge,2161511,14
Dick,2161511,3
Nelson,2161511,5
Tod,2161511,10
Gant,1286174,17
Vinn,1286174,23
Martin,1286174,18
Michael,1286174,14
Ross,1286174,18
Ecks,1286174,13
Franks,27805931,1
Grey,27805931,15
tain,11244712,23
Claude,11244712,4
Spangler,16408176,22
Vetinari,16408176,7
Pony,16408176,7
Lipwig,16408176,24
Gryle,16408176,3
Dearheart,16408176,6
Stanley,16408176,4
Groat,16408176,10
Belle,16408176,24
Mash,31427647,16
Sunandha,31427647,21
Erich,32449230,14
Elisabeth,32449230,6
Hull,32449230,9
Fox,32449230,15
Berg,32449230,0
Reich,32449230,8
Reinhardt,32449230,2
Gordon,9309429,0
Sarah,9309429,17
Findley,9309429,10
Bert,9309429,6
Charlie,9309429,6
Eddie,9309429,6
Packard,9309429,21
Carlino,3601835,23
Foley,3601835,18
Hopkins,3601835,11
Frank,3601835,6
Newton,3601835,1
Robbins,3601835,15
Amato,3601835,13
Ridgeway,3601835,19
Wilson,3601835,3
Eddie,3601835,3
Doc,3601835,15
Randal,12868752,20
Germaine,12868752,19
Dudley,12868752,7
Tieh,32357545,1
Tsai,32357545,3
Shan,32357545,0
Woody,6197600,6
Gordon,6197600,6
Jason,6197600,3
Kelly,6197600,15
Elliott,6197600,19
Jim,6197600,17
Brooke,6197600,3
Bales,6197600,17
Shiv,25918824,7
Rashmi,25918824,9
Saxena,25918824,12
Ravi,25918824,14
Glen,5444611,7
Howard,5444611,19
Sherman,5444611,16
Harmon,5444611,8
Gaines,5444611,20
Lewis,5444611,1
Ambrose,5444611,18
Horne,5444611,7
Rory,5444611,2
Moreland,5444611,9
III,5444611,12
Constance,24587655,8
Jeffry,24587655,2
Neville,24587655,4
Diana,24587655,6
David,24587655,7
Kumar,5006100,2
Sheetal,5006100,10
Abdul,5006100,20
Shiv,5006100,6
Ravi,5006100,13
Shakaal,5006100,17
Rakesh,5006100,14
Jagmohan,5006100,21
Sunita,5006100,19
Dutt,5006100,9
Vijay,5006100,21
Margaretis,23575362,24
Margaret,23575362,4
Paul,4176100,6
Raymond,4176100,6
Barnell,4176100,15
Calero,28212637,17
Velasco,28212637,6
Dani,28212637,17
Johan,35195392,21
Alice,35195392,21
Anna,35195392,19
Patrik,35195392,23
Zy,5541172,5
Simone,5541172,14
Trelkovsky,5541172,3
Stella,5541172,13
Badar,5541172,15
Choule,5541172,3
Seaver,4200829,23
Joan,307690,4
Nova,307690,2
Frost,307690,8
Lee,307690,21
Hank,307690,18
Benway,307690,13
Charon,9084983,14
Bloem,11149034,16
Harry,11149034,14
Hooft,11149034,16
Macrae,11149034,12
Grandaddy,11149034,6
Kirsty,11149034,21
Davy,11149034,3
Williams,29083101,19
Louie,29083101,18
Nora,29083101,2
Thomas,28848517,10
Lewis,28848517,4
Moran,28848517,15
Rodrigo,13700717,5
Fernando,13700717,17
Alfonso,13700717,15
Jimena,13700717,7
Cunningham,19942818,0
Jones,19942818,12
Derrick,19942818,23
Danni,19942818,22
Scott,19942818,9
Novak,19942818,4
Goodman,19942818,17
Forester,19942818,3
Laura,19942818,3
Kelly,19942818,24
Janice,19942818,16
Boyd,19942818,9
Drew,19942818,11
Roberts,19942818,19
Sam,19942818,23
Fallon,19942818,17
Zane,19942818,22
Julie,19942818,4
E.,31285975,16
Cayla,34748230,21
Ali,34748230,16
Kane,2674286,10
Bukovsky,2674286,22
Jones,2674286,9
George,2674286,13
Kuffs,2674286,0
Brad,2674286,21
Carlton,2674286,11
Murray,73882,17
Sam,22225014,19
Yvette,9143742,10
Goodwin,9143742,17
Burdick,9143742,0
Gooch,9143742,16
Dottie,9143742,17
Peale,9143742,6
Kun,750965,3
Beng,750965,3
Chew,750965,21
Fang,750965,3
Zi,13651637,16
Tao,13651637,3
Dong,13651637,3
Hong,13651637,21
Ping,13651637,7
Su,13651637,0
Gao,13651637,3
Club,13651637,11
Wu,13651637,23
Todd,3843878,3
Puro,3843878,14
Asha,3843878,6
David,3843878,17
Hulot,1446009,16
Ann,1446009,7
M.,1446009,1
Tati,1446009,21
Arpel,1446009,7
Larry,1446009,0
Les,1446009,20
Kennedy,30885438,7
Amos,30885438,20
Linda,30885438,14
Jamaa,30885438,12
Gordone,30885438,3
Arnsworth,30885438,10
Fanaka,30885438,14
Isaac,30885438,9
Legs,4594354,12
Jessie,4594354,18
Booker,4594354,17
Ball,911882,1
Loco,911882,4
Eben,911882,10
Mitchell,911882,11
DeMille,911882,15
Schatze,911882,14
Tom,911882,13
Debevoise,911882,3
Dempsey,911882,20
Hanley,911882,12
Brookman,911882,6
Koirala,9083684,20
Sonia,9083684,8
Kapoor,9083684,7
Shivani,9083684,21
Mehta,9083684,0
Molly,27206044,6
Bartell,27206044,6
Marlowe,27206044,12
Pat,27206044,21
Kerns,27206044,6
Eddie,27206044,9
Brewster,8133963,4
Randall,8133963,13
Rockman,31390092,6
Elli,31390092,23
Chiu,31390092,18
Mike,15213511,10
Jackie,15213511,12
Robin,20889979,19
Lacy,20889979,12
Cutlass,20889979,14
Sarah,23733825,15
Jeffcote,28401704,8
Hollins,28401704,13
Allan,28401704,6
Hawthorn,28401704,5
Fanny,28401704,21
Mary,28401704,6
Hansen,1281270,5
Jones,1281270,8
Verma,5256886,20
Ayesha,5256886,21
Cleo,23734853,21
Marco,23734853,6
Sammy,23734853,11
O'Reilly,23613845,14
Sam,5618746,4
Dinwiddle,5618746,13
Broadhurst,5618746,14
Crawford,5618746,19
Curtis,5618746,24
Taylor,20881423,14
Courtney,20881423,9
Sterner,20881423,6
Prentiss,20881423,22
Nancy,20881423,6
Cravath,20881423,15
Norman,20881423,3
Fiske,9261448,15
Harris,9261448,3
Putnam,26007240,21
Eyre,26007240,17
Christina,26007240,6
Quarrels,26007240,19
Zontar,26007240,16
Endore,26007240,12
Anna,26007240,6
Kinski,26007240,5
Buchanan,26007240,20
David,26007240,3
Shelley,26007240,13
Berber,26007240,3
Jamison,26007240,14
Franco,26007240,12
Raleigh,26007240,9
Dracula,26007240,6
Traian,1476430,3
Romulus,1476430,19
John,1476430,5
Eddie,23081315,20
Leon,23081315,17
McNeice,23081315,15
Kumar,10707025,14
D'Silva,10707025,10
Subodh,10707025,13
Khanna,10707025,20
Rajesh,10707025,2
Radha,10707025,21
Walker,3794728,24
Jean,16337176,9
Trymon,16337176,3
Twoflower,16337176,2
Rincewind,16337176,17
Weatherwax,16337176,17
Ankh-Morpork,16337176,1
Cohen,16337176,4
Bethan,16337176,14
Cox,16337176,24
Ofelia,23801123,23
Gustavo,23801123,16
Sin,3324690,3
Wansik,3324690,10
Park,3324690,10
Sejong,3324690,3
Henry,6534317,8
Jessica,6534317,6
Clancy,6534317,6
Craig,6534317,6
Patterson,6534317,12
Harrison,6534317,6
Grubb,6555707,5
Bliss,6555707,4
Burke,6555707,8
Philpotts,6555707,21
Bedsop,6555707,21
Butterworth,6555707,22
Martin,6555707,15
Crippen,6555707,13
Plummett,6555707,9
Crowfoot,6555707,12
Dempsey,6555707,9
Jenny,6555707,21
Hawtrey,6555707,12
Velvet,4766483,22
Taylor,4766483,0
Brown,4766483,7
Mi,4766483,5
Chakravarthy,36057881,6
Sathyamoorthy,36057881,5
Vanchinathan,36057881,17
Chidambaram,36057881,1
Sangeetha,36057881,5
Chitra,36057881,2
Pichandi,36057881,4
Rajaram,36057881,13
Anand,36057881,0
Lance,15816268,17
Coolan,15816268,5
Poole,15816268,24
Paul,4525379,2
Ramon,4525379,20
Andrea,4525379,17
Gaultier,4525379,15
Kika,4525379,23
Nicol,4525379,4
Pierce,4525379,1
Caracortada,4525379,0
Bazzo,4525379,3
Brady,12183290,11
Sange,12183290,0
Parkinson,12183290,7
Pete,12183290,15
Gwen,12183290,11
John,12183290,16
White,3732970,0
Faye,3732970,2
Dunn,3732970,21
Edwards,3732970,20
Powell,3732970,10
Wyman,3732970,17
Robinson,3732970,20
Farnum,23691088,12
Rogers,23691088,4
Shin,519115,16
Lin,519115,4
Kenshiro,519115,21
Shu,519115,24
Shinken,519115,9
Bolge,519115,6
Hyoh,519115,15
Rei,519115,21
Juda,519115,10
Rui,519115,12
Toki,519115,10
Raoh,519115,13
Kaioh,519115,17
Souther,519115,17
Goshasei,519115,5
successor,519115,21
ken,519115,9
Falco,519115,21
Mamiya,519115,24
Ryu,519115,4
Yuria,519115,23
Tumi,25805385,20
Beatrice,33707603,17
Chenni,23449189,5
Patel,23449189,24
Sitaram,23449189,1
Ananda,23449189,6
Ling,12671848,12
Yi,12671848,8
Getai,12671848,16
Yin,12671848,11
Lang,12671848,24
Plame,22180695,14
Bush,22180695,0
Wilson,22180695,13
Libby,22180695,4
Josh,12504193,3
Lucy,35406039,21
Momon,35406039,10
Natsu,35406039,14
Hall,105872,7
Davenport,105872,7
Dionne,105872,6
Travis,105872,23
Cher,105872,6
Josh,105872,23
Horowitz,105872,2
Murray,105872,10
Walker,105872,19
Tai,105872,21
Geist,105872,15
Mel,105872,19
Michelle,7332392,3
II,5499192,14
Sou,5499192,17
Maki,5499192,13
Uchida,5499192,17
Arai,5499192,3
Chikako,5499192,9
Nishiyama,5499192,3
Misaki,5499192,13
Dai,5499192,18
Darnell,14143461,5
Jones,14143461,5
VIII,6934278,18
VI,6934278,0
Bowes-Lyon,6934278,8
Oswald,31864419,3
Kratzner,13248713,19
Crewson,13248713,6
McCann,13248713,2
Livingston,13248713,11
Wallace,13248713,10
Turnbill,13248713,24
Sinigaglia,13130719,12
Kumar,6795107,21
Divya,6795107,21
Jeeva,6795107,6
Sujatha,6795107,21
Prithvi,6795107,17
Janaki,6795107,3
Mick,29645864,14
Barry,29645864,23
Angela,29645864,12
Maggie,18814709,19
Skillpa,18814709,13
Emma,18814709,8
Moffatt,15814364,24
Evans,15814364,16
Morgan,15814364,6
Watty,15814364,15
Lin,10602931,11
Liang,10602931,20
Ming,10602931,21
Sheng,10602931,1
Hu,10602931,5
Ling,10602931,5
Yu,10602931,23
Chan,10602931,20
Pa,10602931,15
Chiao,10602931,4
Ying,10602931,15
Chi,10602931,15
Lucy,28653722,23
Snow,28653722,19
Dorothy,32951860,4
Carrington,32951860,14
Christin,26048464,23
Budcasso,26048464,21
Uday,35309363,3
Deva,35309363,12
Upendra,35309363,20
Chennooru,35309363,21
Jackson-ing,35309363,21
Kireek,35309363,13
Honnuru,35309363,21
Joe,28102951,16
Richmond,28102951,22
Garcia,6070855,4
Wally,6070855,19
Fred,6070855,22
Mysterio,6070855,17
Wellington,6070855,17
Crothers,6070855,4
Jones,6070855,9
Skunkbeard,6070855,4
Peggy,6070855,12
Scooby,6070855,14
Liz,15047151,5
Winters,15047151,13
Marianne,15047151,13
Walker,15047151,16
Phillips,15047151,15
Johnson,5726392,11
Woods,5726392,5
J.J.,5726392,16
Patty,8893171,6
Sandy,8893171,23
Diane,8893171,14
God,8893171,15
Jerry,8893171,14
Johnson,8893171,16
Arthur,31159789,23
Jeffery,31159789,16
Tom,31159789,11
Sarney,31159789,3
Joe,31159789,13
Clel,31159789,6
John,31159789,6
Sarny,31159789,3
Waller,31159789,6
Cade,23266650,19
Bodeen,23266650,12
Tory,23266650,24
Louren,8059144,6
Ossip,33467452,15
Pulsaki,33467452,20
Hutchinson,33467452,21
Trusk,922861,3
Simon,922861,17
Izon,922861,23
Jerry,922861,23
Becky,922861,10
Maguire,922861,16
Max,922861,3
Sasha,922861,3
Paley,922861,4
Alex,922861,15
Maria,168583,10
Boyle,168583,6
Bobby,21975745,3
Pace,6430353,1
Cole,6430353,6
Escalante,6430353,6
Bell,6430353,6
Bronson,25751926,20
Stewart,25751926,18
Gonzola,25751926,6
Dean,25751926,22
Ginger,25751926,3
LeClaire,25751926,13
Carter,25751926,10
Courtney,25751926,13
Regan,25751926,1
Logan,25751926,19
Dinsmore,25751926,23
Crow,3838989,6
Ranulf,3838989,4
Voltan,3838989,17
Gort,3838989,22
Eliane,3838989,1
Baldin,3838989,20
Neil,23514165,17
Tyler,23514165,3
Cooper,23514165,20
Craig,23514165,12
Charles,23514165,21
Aidan,23514165,3
Caroline,23514165,23
Hawkins,23514165,19
Katie,32811775,3
Gena,32811775,3
Melissa,32811775,3
Regan,32811775,6
Dale,32811775,13
Becky,32811775,6
Frank,32811775,1
Joe,32811775,6
Clyde,32811775,6
Trevor,32811775,6
Cogburn,1598127,0
Rooster,1598127,14
Goodnight,1598127,14
Rai,24549706,18
Hari,24549706,6
Orn,24632158,3
Volnard,24632158,24
Ericson,24632158,14
Stuart,1372551,11
Kelly,1372551,3
Karen,1372551,12
Joanne,1372551,24
Derek,1372551,21
Khan,31014097,0
Chaddha,31014097,19
Ishika,31014097,2
Suri,31014097,6
Sandeep,31014097,18
Raina,31014097,3
Saira,31014097,4
Ricky,31014097,6
Rashid,31014097,10
Deven,31014097,10
Dimple,31014097,3
Sunny,31014097,0
Singh,31014097,3
Bahl,31014097,11
Parulekar,31014097,17
Shah,31014097,2
Amy,32920723,6
Grandma,32920723,17
Gabe,32920723,16
Jordan,32920723,10
Teddy,32920723,6
Hank,32920723,7
Bob,32920723,17
Petunia,32920723,19
Henri,26117532,16
Nina,26117532,16
Travis,26117532,7
Judd,26117532,7
Virginia,26117532,23
Nolan,26117532,6
Kenneth,26117532,4
Ivanova,6898352,4
Mitya,6898352,20
Vladimir,6898352,21
Olga,6898352,2
Yelena,6898352,17
Harryhausen,5055826,18
Sammy,4228739,6
Seagal,4228739,21
Lilliana,4228739,5
Max,4228739,21
Gabriel,33046736,14
Edwards,33046736,9
Ake,31340066,18
Faye,31340066,6
Chon,31340066,15
Nam,31340066,21
Keith,74858,9
Gerald,74858,14
Pike,74858,6
Muggsy,74858,6
Charles,74858,24
Harrington,74858,1
Jean,74858,3
Caulfield,172278,16
Albain,172278,4
Brubaker,172278,1
Kelloway,172278,6
Whitter,172278,23
Willis,172278,20
Shanks,4383316,11
Dowd,4383316,17
Julie,4383316,4
Howard,4383316,20
Smith,4383316,8
Billy,4383316,16
Martin,8677237,24
Peter,8677237,6
Ludvig,8677237,24
Harald,8677237,21
Gino,4270959,6
Jerry,4270959,12
Mithun,33844384,5
Shirodkar,33844384,13
Arjuna,35431402,12
Parvathi,35431402,12
Mookasura,35431402,10
Kiratha,35431402,17
Shivji,8166078,0
Amarjeet,8166078,21
Ghazi,8166078,5
Kunal,8166078,14
Kunaljeet,8166078,8
Singh,8166078,15
Vikramjeet,8166078,4
Shweta,8166078,2
Bhansali,8166078,5
Minnelli,8208923,19
Fox,8208923,2
Rooney,8208923,14
Judy,8208923,6
Suzy,8208923,23
Fleming,8208923,9
Vincente,8208923,6
Joey,8208923,9
Dorothy,8208923,5
Turner,8208923,0
Mayer,8208923,9
Ethel,8208923,3
Baum,8208923,24
Rose,8208923,14
Jimmie,8208923,23
Luft,8208923,4
Shaw,8208923,5
Lorna,8208923,8
Lana,8208923,4
Kelly,8208923,15
Sid,8208923,6
Garland,8208923,7
Deans,8208923,14
Gumm,8208923,14
Louis,8208923,22
Frances,8208923,4
Herron,8208923,10
Allen,24631652,12
Hall,24631652,15
Diane,606476,6
Lloyd,606476,16
Jim,606476,15
Court,606476,16
Dobler,606476,5
Kershaw,7207768,6
Rice,7207768,9
Gorman,7207768,4
Christie,7207768,2
Minette,7207768,17
Peggy,7207768,12
Wyckoff,14739336,2
Kathy,7787290,23
Nathan,7787290,17
Stevie,7787290,13
Furness,7787290,21
Yatsu,4241206,16
Tomoo,4241206,3
Taniguchi,4241206,3
Kana,4241206,3
Minori,4241206,17
Chawla,30033656,6
Chakraborty,30033656,5
Bharti,30033656,23
Shroff,30033656,10
Franklin,17260746,6
Celia,17260746,4
Katchadourian,17260746,23
Eva,17260746,16
Kevin,17260746,3
Anatoli,35909212,15
Paul,35909212,3
Dima,35909212,6
Katja,35909212,3
Jensen,35909212,1
Sam,4803382,7
Red,4803382,6
Sweeny,4803382,19
Jody,4803382,18
Powell,4803382,20
Sweeney,4803382,2
Karla,4803382,16
Black,4803382,6
Puck,4803382,4
Laurel,7446685,3
Ollie,7446685,6
Stan,7446685,6
Hardy,7446685,24
Caroline,3020135,17
Michael,3020135,3
MacCleary,3020135,13
Sam,18909319,4
Sheriff,18909319,22
Hall,18909319,9
Crawford,18909319,11
Jorden,18909319,17
Satya,5734151,8
Sunil,5734151,24
Anjali,5734151,24
don,5734151,12
Harry,995000,21
Warren,995000,3
Henderson,995000,9
Jimmy,995000,9
Blair,1897496,3
Ahluwalia,1897496,21
Edward,1897496,13
Kiranjit,1897496,4
Veronica,1897496,24
Scott,1897496,10
Joan,8026746,3
Jeannie,8026746,23
Tom,8026746,8
Jerry,8026746,23
Spike,8026746,4
Henry,12232829,23
Lucy,12232829,19
Danny,12232829,20
Kennedy,12232829,5
Mitch,12232829,21
Torgl,12232829,15
Jeff,12232829,23
Farmer,12232829,23
Ferd,12232829,9
Annie,12232829,6
Muthiah,16179818,14
Visalakshi,16179818,2
Saroji,16179818,22
Troi,156774,17
Janeway,156774,11
Data,156774,17
Picard,156774,4
Riker,156774,18
Remans,156774,14
Chu,34595059,7
Wong,34595059,17
Jones,34595059,6
Newman,34595059,17
Slaughter,34595059,7
Robert,34595059,6
John,34595059,17
Betsy,6271212,23
Galver,6271212,3
Denver,6271212,13
Donovan,6271212,13
Powers,2195077,11
Tarzan,2195077,24
Ula,2195077,5
Martling,2195077,21
Kimberly,33497207,6
Forbes,33497207,18
Morris,33497207,11
Reena,33497207,21
Howard,33497207,19
Nettie,33497207,23
Victoria,33497207,14
Glenna,33497207,21
Nellie,33497207,0
Davidson,33497207,19
Parrish,33497207,6
James,33497207,6
Parton,2083607,12
Reynolds,2083607,14
Chong,2083607,11
Sam,10745657,23
Dick,10745657,1
French,15899367,15
MacLiammoir,15899367,5
Mahidi,19841320,6
Dia,19841320,7
Esclavier,19841320,0
Raspeguy,19841320,8
Phu,19841320,1
Melies,19841320,13
Aicha,19841320,8
Clairefons,19841320,24
Ji-Seung,31218463,1
Lucia,2087175,6
Francisco,2087175,17
Hugo,2087175,9
Marto,2087175,8
Jacinta,2087175,21
Santos,2087175,17
Henry,3447220,3
Kate,26057825,13
Charlie,26057825,2
Edith,26057825,2
Lambert,26057825,21
Taeko,20121108,12
Yuji,20121108,15
Gozo,20121108,0
Mitsuko,20121108,4
Julia,2002708,9
Elisabeth,31477910,14
I,31477910,20
Carol,31477910,1
Marlowe,10203059,22
Nulty,10203059,12
Grayle,10203059,12
Malloy,10203059,5
Velma,10203059,5
Anna,14856464,12
Christine,14856464,19
M.,14856464,23
Annie,14856464,20
Lockwood,1883157,24
Kathy,1883157,6
Simpson,1883157,14
Selden,1883157,2
Phonofilm,1883157,6
Don,1883157,3
Cosmo,1883157,23
Lamont,1883157,8
Gilbert,1883157,11
R.F.,1883157,6
Brown,1883157,2
Lina,1883157,6
Audrey,25292924,23
Melinda,25292924,1
Uy,25292924,0
Chan,25292924,12
Stephanie,25292924,23
Walden,25292924,23
Carol,25292924,19
Scagnetti,21180,6
Traft,21180,10
Mallory,21180,4
Gale,21180,3
McClusky,21180,4
Mickey,21180,17
Tony,16037718,10
Dunn,16037718,9
Theresa,16037718,3
Gary,16037718,17
James,16037718,10
Ranibala,10553723,4
Manmohan,10553723,14
Shyama,10553723,2
Gopalnath,10553723,10
Felix,194693,16
Giggles,194693,12
Carmen,194693,4
Floop,194693,2
Romero,194693,22
Juni,194693,20
Gregorio,194693,1
Francis,194693,18
Sebastian,194693,2
Valentin,194693,17
Minion,194693,15
Cortez,194693,6
Demetra,194693,6
Bianca,7260740,24
Ignazio,7260740,12
Monroe,7260740,9
Apicella,7260740,3
Pooja,6639892,21
Peters,6639892,13
Coward,35284916,22
Bannister,1350546,24
McAdams,1350546,5
John,1350546,0
Sophie,1350546,24
Faruk,8279213,2
Mimi,8279213,23
Lola,8279213,12
Alex,8279213,15
Middleton,16146427,8
Alex,16146427,16
Aamir,17485007,21
Khandelwal,17485007,15
Douglas,6952880,9
Archer,6952880,24
Jackson,6952880,22
Gazenga,6952880,8
Jane,6952880,17
Maxwell,6952880,5
Cosell,6952880,16
Nanu,6952880,22
Smain,34981829,6
Giacalone,35144663,10
Nozomi,3583927,15
Rana,3583927,18
Aneh-Tet,21665854,9
Molly,21665854,1
Slater,32865617,22
Johnny,14211990,20
Lai,14211990,17
Baldy,14211990,4
Zolock,5883015,11
Gordon,5883015,22
Manyus,5883015,13
Wangas,5883015,9
Zolok,5883015,20
Rama,5883015,5
Hubert,2287636,6
Maleficent,2287636,23
Merryweather,2287636,4
Stefan,2287636,21
Prince,2287636,4
Rose,2287636,4
Fauna,2287636,2
Samson,2287636,1
Leah,2287636,5
Phillip,2287636,23
Becca,20185493,4
Bert,20185493,13
Nelson,20185493,16
Kiran,6218651,13
Badshah,6218651,14
Baadshah,6218651,0
Singh,6218651,23
Vicky,6218651,15
Harper,7684217,24
Robert,7684217,23
Rolf,7684217,23
Heather,7536359,8
Rodriguez,7536359,6
D.P.,7536359,13
Mertle,7536359,7
Santorelli,7536359,3
Ryan,7536359,3
Judy,7536359,7
Tommy,7536359,3
Johnny,14714212,23
Churchill,8499221,5
Chris,8499221,24
Mobutu,33939684,21
Leon,2318462,6
Bobby,2318462,17
Betsy,2318462,3
Marco,2318462,17
Annie,2318462,4
Karthik,23810745,21
Tejaswini,23810745,6
Vishal,23810745,16
Anbalazhagan,23810745,23
Vishnu,23810745,20
Priya,23810745,2
Jyothi,23810745,21
Ramya,23810745,13
Obelix,7807762,24
Asterix,7807762,24
Judge,13280124,17
Quish,13280124,3
Caldwell,13280124,3
Hillary,13280124,13
Hilary,13280124,3
Wells,13280124,9
Reeve,13280124,18
Ben,13280124,6
Wilson,13280124,21
Oscar,13280124,15
Shirley,12485800,19
Laurel,12485800,23
Rigby,12485800,6
Pennington,12485800,2
Meredith,12485800,2
Trample,12485800,4
Bert,12485800,3
Perlestein,12485800,2
DeForest,12485800,23
Keaton,12485800,11
Sid,12485800,8
Ricardo,33058505,19
Sandra,33058505,18
Jo,33058505,6
Helena,33058505,19
Michelle,23863620,4
Lucy,2069295,0
Lila,2069295,23
Ravenscroft,2069295,6
Snoopy,2069295,3
Linus,2069295,16
Brown,2069295,3
Schroeder,2069295,11
Tara,25022765,6
Ray,25022765,16
Douglas,2092559,19
Loostgarten,2092559,10
Judson,2092559,23
Herbie,2092559,20
Harris,2092559,7
Nicole,2092559,17
Whitfield,2092559,9
Jones,2092559,14
Tennessee,2092559,3
Hawk,2092559,15
Willoughby,2092559,16
Steinmetz,2092559,21
Rouhi,15055886,4
Morteza,15055886,8
Suri,15055886,5
Simin,15055886,20
Cyrus,1173571,17
Rembrandt,1173571,24
Harris,1173571,11
Fox,1173571,17
Luther,1173571,17
Cleon,1173571,0
Sully,1173571,18
Brett,19068837,3
Matthews,19068837,17
Juliet,19068837,23
Xun,26456639,20
Toutuo,26456639,21
Sanfeng,26456639,17
Shaolin,26456639,5
Tianzheng,26456639,11
Kun,26456639,24
Min,26456639,24
Zhiruo,26456639,22
Wuji,26456639,2
Qingshu,26456639,22
Nan,24062002,21
Qiang,24062002,3
Hui,24062002,24
Shou,24062002,7
Yin,24062002,6
Cai,24062002,3
Sara,20168974,9
Lester,4476985,6
Nicole,4476985,3
Lewis,4476985,11
Brown,4476985,0
Mallow,4476985,6
Raja,5348774,21
Kunal,5348774,23
Ramachandra,5348774,21
Gupta,5348774,22
Roja,5348774,21
Foxx,22322537,15
Ron,22322537,18
Quentin,22322537,6
Griffin,22322537,23
Dollah,22322537,6
Waise,22322537,14
Simone,503573,24
Burnett,503573,18
Simms,503573,6
Slater,503573,15
O'Bannion,503573,15
Floyd,503573,19
Conrad,503573,6
Kramer,503573,23
Cynthia,503573,21
Sabrina,503573,6
Dunn,503573,3
Mitch,503573,3
O'Donnell,503573,0
Wooderson,503573,24
Bruno,503573,20
Davis,503573,19
Kerr,503573,11
Don,503573,16
Dawson,503573,24
Pickford,503573,4
Hyo-won,20066312,8
Lee,20066312,0
Elmer,1971529,11
Hiawatha,1971529,6
Cassidy,11625324,19
Miller,11625324,24
Hennessey,11625324,21
Briggs,11625324,6
Lee,11625324,19
Eddie,11625324,6
Jessie,11625324,3
Simon,7731853,3
Luigi,7731853,8
Tito,7731853,3
Simonetta,7731853,8
Katsumi,92596,24
Gruver,92596,6
Kelly,92596,20
dart,31030659,21
Ray,31030659,3
Kelly,31030659,3
Frank,31030659,11
Angela,31030659,19
Judith,2540975,19
Helenka,2540975,10
Anna,2540975,12
Ange,2540975,22
Shunkin,2706106,15
Hein,1688821,17
Leyden,1688821,9
Schiffer,1688821,12
Unni,31924442,7
Wilberforce,69625,19
W,69625,6
Marcus,69625,17
Lawson,69625,10
Courtney,69625,1
Louis,69625,17
Robinson,69625,17
Harvey,69625,17
Kapoor,4311750,19
Chaudhary,4311750,21
Queenie,12178589,24
Frazier,171626,14
Porsche,171626,10
Liston,171626,6
Ali,171626,3
Foreman,171626,17
Veronica,171626,14
Dundee,171626,2
Bailey,2273984,0
Bliss,2273984,20
Jordan,2273984,14
Manson,2273984,12
Holloway,2273984,3
Finistirre,2273984,6
Joey,2273984,21
Naylor,2273984,6
Aarti,20581282,6
Prasad,20581282,15
Aartis,20581282,24
Arun,20581282,14
Betty,27971019,19
Moreton,5363369,12
Helen,5363369,24
John,5363369,4
Dyson,5363369,17
Annie,30247038,12
Collins,30247038,15
Stubbs,30247038,22
Drewnowski,2426829,21
Szczuka,2426829,17
Monopol,2426829,23
Maciek,2426829,3
Andrzej,2426829,13
Krystyna,2426829,6
Norwid,2426829,2
Spike,9086301,6
Harlow,9086301,12
Bill,9086301,7
Murphy,10536433,6
Sadie,10536433,6
Maria,10536433,23
Joel,10536433,12
Jones,10536433,9
Frank,10536433,6
Gonzalez,10536433,12
Carlisle,10536433,12
Augustine,10536433,22
Herman,5875250,6
Harris,5875250,6
Tryforos,5875250,12
Aurnou,5875250,9
Jean,5875250,6
Tarnower,5875250,17
Superman,6046767,11
Fiorella,6046767,2
Gordon,6046767,14
Kent,6046767,18
O'Hara,6046767,5
Robin,6046767,18
Sabloff,6046767,2
Philip,6046767,11
Grayson,6046767,13
Kyle\/Catwoman,6046767,18
Beulah,284957,16
Balbricker,284957,17
Mickey,284957,0
Tommy,284957,3
Ted,284957,16
Porky,284957,14
Ollie,5626032,16
Stan,5626032,21
Elizabeth,9790960,2
Bellbeau,9790960,10
Emilie,9790960,7
Victor,9790960,17
Emily,9790960,13
Frankenstein,9790960,24
Franken,9790960,3
Philip,9790960,17
Andrew,7252915,21
Ron,7252915,6
Dale,7252915,3
Gabrielle,7252915,21
Madge,24167614,22
Doris,24167614,17
Hillman,24167614,12
Shaw,24167614,3
Doc,6115713,13
E.,6115713,16
Paul,33314767,17
Barbeau,31887039,24
Alvin,31887039,13
Valerie,31887039,24
Sarah,31887039,7
Cassel,31887039,24
Woodard,31887039,24
Kevin,31887039,2
Diane,23943237,3
Ann,23943237,12
Carl,23943237,6
Sally,23943237,24
Jeff,23943237,6
Jack,23943237,3
Weston,23943237,13
Tess,23943237,21
Milos,4845326,20
Henri,4845326,6
Don,4845326,6
Narayana,35255529,17
Bittu,35255529,6
Manikyam,35255529,6
Lala,35255529,23
Ravi,35255529,17
Madhu,35255529,2
Sitaram,35255529,17
Varadarajulu,35255529,13
Rajulu,35255529,21
Murthy,35255529,24
Richard,5208736,0
Harry,5208736,4
Allen,5208736,3
Kay,5208736,1
Nesbitt,5208736,19
Pat,5208736,3
Langley,5208736,7
O'Brien,5208736,11
Jackson,2915150,9
Shin,2915150,16
Rinaldi,2915150,10
Marshall,2915150,5
Shaw,2915150,4
Kennedy,560449,1
Earle,560449,3
Mendoza,560449,17
Velma,560449,21
Curtis,560449,24
Chelsea,19824573,15
Ringold,760603,14
Brunder,760603,13
Al,760603,6
Pope,760603,6
Nate,760603,12
George,760603,3
Malley,760603,3
Aubyn,15801310,6
Scott,30086,3
Louise,30086,13
Charlie,30086,18
Bramson,30086,13
Clarice,30086,10
Carey,30086,15
Xiaobing,8505878,3
Xuan,8505878,22
Ling-Ling,8505878,3
Bing,8505878,22
Yu,8505878,16
McGrew,28136339,20
Stephen,32602793,19
Waki,17020718,18
Lorna,17020718,19
Warren,17020718,21
Sheila,25781444,14
Sam,25781444,14
Levine,25781444,18
Vere,6740261,15
Anita,6740261,6
Benton,6740261,6
Tony,6740261,6
Bingham,6740261,20
Lola,6740261,23
Halstead,6740261,5
Peabody,6740261,0
Abby,6740261,21
Burns,6740261,24
Don,6740261,21
Curie,483895,5
Einstein,483895,4
Darwin,483895,12
Getafix,5983570,16
Asterix,5983570,1
Vitalstatistix,5983570,1
Obelix,5983570,19
Talbot,7543423,23
Bobby,17458139,23
Kapoor,17458139,0
Gupta,17458139,8
Jodi,17458139,10
Khosla,17458139,20
Sahni,17458139,9
Suri,17458139,6
Taani,17458139,3
Pandey,33435391,5
Chakraborty,33435391,5
Singh,33435391,11
Phyllis,25240519,6
Albert,25240519,3
Stella,25240519,3
Roger,25240519,10
Sills,25240519,17
Ned,25240519,8
Chris,25240519,21
Jairam,29803726,4
Sirisha,29803726,4
Peddhanna,29803726,7
Priyamani,29803726,11
Bharani,29803726,9
Bhagavan,29803726,8
Satya,29803726,3
Brahmanandam,29803726,22
Peddhana,29803726,8
Teresa,29803726,19
GK,29803726,24
Pedhanna,29803726,13
Devyander,29803726,6
Ashtalakshmi,29803726,2
Riddlehoover,14448028,21
Balachandran,10658893,3
Fathima,10658893,10
Mukesh,10658893,8
Fatima,10658893,7
Babu,10658893,18
Shivadasan,10658893,21
Padma,10658893,8
al-Fadl,1133403,20
al-Zawahiri,1133403,12
Strauss,1133403,8
Rumsfeld,1133403,9
Zawahiri,1133403,14
Blair,1133403,20
Nasser,1133403,21
Qutb,1133403,16
Kristol,1133403,15
Johnson,1133403,0
Curtis,1133403,2
Wolfowitz,1133403,15
Bush,1133403,0
Cheney,1133403,1
Reagan,1133403,0
Sadat,1133403,22
Muslims,1133403,0
Clinton,1133403,0
Laden,1133403,20
Harold,4932099,15
Henrietta,4932099,21
Graham,4932099,14
Lowell,4932099,15
Veshyakalum,31022566,22
Smudge,17407591,6
Chloe,17407591,17
Smith,17407591,6
Judge,25911355,5
Sally,25911355,4
Foster,25911355,1
Peyton,25911355,2
Laura,29026343,6
Tyler,29026343,21
Valentina,29026343,6
Daly,29026343,10
Rocco,29026343,6
Michael,29026343,6
Anna,29026343,13
Sergei,29026343,3
Rose,29026343,3
Rui,29026343,3
Foster,29026343,23
John,29026343,6
Mirka,29026343,3
Khabul,4440320,16
Nakano,4440320,17
Nash,4440320,11
Stenn,4440320,11
Barrington,4440320,11
Wyatt,4440320,24
Connor,4440320,21
XVI,4440320,17
Johnson,4440320,18
John,4440320,15
Donovan,4440320,11
Kane,4440320,10
Sarah,4440320,23
Bouchet,4440320,1
Murat,26609935,7
Zekeriya,26011909,2
Rojar,8527820,24
Jannick,8527820,4
Sands,8527820,24
Jessica,8527820,17
Pendleton,8527820,24
Eliana,8527820,18
Ratcher,8527820,17
Barnes,8527820,20
Stone,8527820,14
Reed,8527820,5
Weingartner,600216,14
Seznick,600216,3
Art,600216,23
Ray,600216,3
Klopek,600216,17
Peterson,600216,18
Rumsfield,600216,10
Queenie,600216,7
Butler,600216,23
Hans,600216,17
Dave,600216,3
Carol,600216,19
Cathy,1223711,3
Deagan,1223711,13
Fine,1223711,12
Sybil,1223711,4
Frank,1223711,21
Whitaker,1223711,12
Raymond,1223711,23
Nair,26078841,10
Balu,26078841,1
Ananthan,26078841,20
Sreedevi,26078841,1
Oliver,1370246,6
Emmerich,1370246,17
Revere,1370246,15
Bernier,1370246,23
Owl,1370246,3
Albert,21851051,12
Mark,21851051,12
Nick,21851051,15
Sperry,21851051,21
Tanya,21851051,21
Barnes,21851051,21
Dustin,21851051,6
Sanpei,33268249,6
Morikawa,33268249,6
Sadazo,33268249,16
Yukichi,33268249,22
Tomoko,33268249,21
Chiyo,33268249,10
Arkadian,1623267,8
Charles,1623267,22
Lee,1623267,12
Green,1623267,6
Paul,32792036,22
Christ,32792036,8
Barbara,32792036,17
Tom,32792036,5
Chirin,11387538,13
Laura,35621790,17
Martin,35621790,10
Rachel,35621790,7
Edward,35621790,10
Ed,35621790,4
Jarett,35621790,2
Alice,35621790,3
Bell,35621790,22
Schaeffer,6057891,0
Daniels,6057891,9
Tippett,10754585,14
Tom,10754585,13
Shand,10754585,11
Freya,1647182,4
Ulysses,1647182,13
Talberg,1647182,4
Kaledine,1647182,4
Esteban,1647182,17
Ferragut,1647182,0
Fedelmann,1647182,6
Sheela,4626174,4
Kumar,4626174,9
Abdul,4626174,21
Nath,4626174,18
Sharma,4626174,24
Denzongpa,4626174,20
Kapoor,4626174,16
Pinto,4626174,17
Deepak,4626174,14
Amar,4626174,21
Sandhya,4626174,19
Jyoti,4626174,21
Raman,4626174,24
Jacobs,944471,21
Hall,944471,15
Hearst,944471,20
Roosevelt,944471,6
Jack,944471,21
Larkson,944471,9
Denton,944471,18
Kelly,944471,23
Sarah,944471,23
Pulitzer,944471,20
Les,944471,21
Grayson,31032524,15
O'Hara,31032524,11
Haruna,10264161,23
Yoshioka,10264161,5
Erika,12770679,3
Ingeborg,12770679,23
Schr,12770679,3
Brunner,12770679,15
Eckhardt,12770679,1
Jurgens,12770679,11
Albrecht,12770679,16
Marga,12770679,10
Kurt,12770679,4
Helmut,12770679,15
Brownie,5878174,15
McBee,5878174,18
Mack,5878174,3
Evans,5878174,4
Summers,5878174,1
Tadlock,5878174,3
Amanda,5878174,2
Johnnie,5878174,5
Rebecca,5878174,2
Laurin,13690044,9
Diaz,13690044,20
Lazare,13690044,19
Jean,13690044,23
Barrier,308550,14
Maltin,308550,22
Beck,308550,12
Bogle,308550,9
Black,308550,20
Durai,2853254,7
Tamizhselvan,2853254,13
Ramani,2853254,6
Annachi,2853254,4
Anandan,2853254,6
Pushpa,2853254,24
Okita,29446084,17
Aoki,29446084,24
Kuramochi,29446084,8
Tomita,29446084,18
Miyashita,29446084,6
Hirao,29446084,21
Fujio,29446084,9
Koga,29446084,16
Senda,29446084,20
shiro,29446084,0
Esther,32941610,19
McCallum,32941610,4
Judy,32941610,4
Nagai,5454399,20
Ollie,3987540,16
Stan,3987540,21
Arthur,1703740,3
Nina,1703740,4
Monica,1703740,21
Andrew,1703740,21
Herk,1703740,3
Matt,1703740,3
Jenny,1703740,3
Kramitz,1703740,15
Puggy,1703740,24
Romero,1703740,3
Eddie,1703740,17
Arnold,1703740,14
Karunakaran,9650926,0
Jayaram,9650926,23
Ramdas,9650926,3
Taylor,8068462,9
Baron,8068462,12
Armand,8068462,14
Camille,8068462,14
Gautier,8068462,7
Archer,3767190,20
Sandy,3767190,3
Tony,3767190,9
Renda,3767190,24
Ben,3767190,6
Sturges,3767190,11
Jack,3767190,6
Bob,3767190,7
Joey,3767190,16
Bronski,3767190,22
Rekowski,7174520,18
Jacek,7174520,3
azar,7174520,3
Waldemar,7174520,3
Piotr,7174520,3
Balicki,7174520,10
Sandy,25747315,13
Field,25747315,19
Jim,25747315,9
Norma,25747315,19
Balan,28320431,19
Kutty,28320431,16
Pasupathy,28320431,13
Bhairavan,28320431,21
Nair,28320431,14
Kurup,28320431,10
Pappen,28320431,21
Kumari,28320431,0
Hu,8200525,3
Tang,8200525,6
Hua,8200525,3
Reddin,1273572,2
Marston,1273572,15
Farrar,1273572,9
Jones,1273572,19
Woodus,1273572,21
Suave,369790,11
Pistachio,369790,6
Mueller,369790,11
Jennifer,369790,6
Disguisey,369790,23
Num-Nums,369790,10
Montana,369790,20
Sophia,369790,7
Bush,369790,0
Baker,369790,19
Bowman,369790,23
Quint,369790,22
Derek,369790,14
Roberta,9753622,15
Patrizia,9753622,7
Scialoja,9753622,23
Buffoni,9753622,21
Dandy,9753622,3
Baron,9753622,0
Rossellini,9753622,12
Saint-Sa,14452976,2
Dorothy,14452976,13
Woodman,14452976,3
Grant,2244052,17
William,2244052,22
Brady,2244052,13
Fenimore,2244052,17
Oliver,2244052,21
Scobee,2244052,12
Michael,2244052,3
Wolfe,2244052,5
Cheryl,2244052,12
Brooke,2244052,23
Carver,2244052,17
Faraday,2244052,3
Lang,2244052,15
Omanakuttan,30997383,3
Wang,14382602,8
Henderson,27491558,18
Joey,2510700,23
John,2510700,14
Ford,24881386,9
Bryan,24881386,20
Singa,2076360,11
Jolson,2076360,22
Bond,2076360,17
Usa,13787959,13
Sethee,13787959,3
Aye,13787959,23
Dararai,13787959,3
Williams,841551,10
Neil,841551,6
Murger,841551,24
Zorn,841551,4
Grubowsky,841551,11
Ferrara,841551,21
Nora,841551,18
Joe,841551,19
Agar,841551,17
Harris,841551,17
Peters,841551,4
Kline,841551,21
Churchill,13342914,5
Cuthbertson,13342914,17
King,13342914,17
Kerouac,26297740,11
Cassady,26297740,11
Henry,20993667,4
Nick,20993667,23
Lori,20993667,6
Kakkothi,24256367,21
Murali,24256367,21
Carotenuto,13184162,9
Nicolino,13184162,1
Sofia,13184162,8
Nobile,15084359,21
Amundsen,15084359,22
Milano,15084359,17
Krasin,15084359,21
Malmgren,15084359,22
Chukhnovski,15084359,8
Zappi,15084359,4
Valeria,15084359,0
Samoilovich,15084359,1
Hudson,920613,13
Van,920613,4
Carrera,920613,13
Mack,920613,3
Sally,920613,20
McQueen,920613,3
Hicks,920613,1
Williams,30625,17
Hadley,30625,11
Monroe,30625,9
Dufresne,30625,0
Buxton,30625,1
Redding,30625,11
Tommy,30625,8
Welch,30625,7
Stephens,30625,19
Hayworth,30625,24
Norton,30625,3
Hatlen,30625,12
Andy,30625,17
Talandier,2383503,3
Lerski,2383503,4
Davis,9271903,15
Tim,1023043,6
Virgin,1023043,5
Martini,1023043,23
Stans,1023043,6
Claus,1023043,19
Terrier,1023043,11
Gopichand,7520173,10
Jyothi,7520173,23
Jyothy,7520173,6
Mickey,19828652,12
Bauer,1831039,24
Reese,1831039,21
Claire,1831039,4
Swann,1831039,3
Paul,5090342,3
Morrison,5090342,18
Barbara,5090342,21
Marcia,5090342,6
Archipenco,5090342,5
Napoleon,5090342,17
Allison,5090342,15
Nicolai,5090342,21
Kip,5090342,21
Mornay,5090342,20
Mamet,32755585,9
Augie,32755585,11
Al,32755585,6
Eva,32755585,23
Marie,32755585,4
Antony,36435250,9
Elizabeth,4560018,16
Julian,4560018,6
Markham,4560018,5
Hacket,4560018,19
Kemp,4560018,12
Sally,4560018,4
Edward,4560018,13
Heidi,4560018,23
Neuhartt,4560018,13
Jane,706803,14
McCool,706803,17
DeHaven,706803,6
Lawrence,706803,0
O'Neil,706803,4
Urgayle,706803,11
Charlie,4078865,6
Alan,4078865,6
Fineman,4078865,18
Johnson,4078865,24
Ransil,29420882,18
Barbara,29420882,6
Eric,29420882,21
Jerry,29420882,8
Howard,29420882,24
Patterson,29420882,16
Julie,29420882,6
Winters,29420882,13
Conway,29420882,4
Weston,29420882,19
Maxie,29420882,3
Delaney,9865713,16
Richard,1647860,7
Marion,1647860,21
Roussel,1647860,8
Julie,1647860,6
Berthe,1647860,23
Louis,1647860,3
Mah,1647860,19
Comolli,1647860,22
Vergano,1647860,24
Jardine,1647860,14
Hubert,32656348,20
Jarms,32656348,2
Denvee,32656348,15
Patricia,32656348,2
Ashton,32656348,19
Peter,32656348,1
Blaydon,32656348,23
Loki,22114132,4
Coulson,22114132,17
Barton,22114132,4
Hill,22114132,10
Rogers,22114132,3
Thor,22114132,7
Selvig,22114132,13
Stark,22114132,2
Romanoff,22114132,4
Hamelin,5403298,9
Sabina,4121843,12
Samir,4121843,3
Esma,4121843,19
Sara,4121843,6
Lee,2636349,18
Hang,2636349,4
Jennings,8777894,11
Israel,8777894,24
Burns,8777894,24
Sophia,25211720,9
Mitali,25211720,13
Gayi,25211720,24
Joannie,2525087,8
Bobby,2525087,10
Michael,2525087,14
Roslyn,2525087,21
Frankie,2525087,10
Lorraine,2525087,2
Joey,2525087,1
Sathyam,6739865,21
Ankita,6739865,12
Lynard,5422296,18
Barry,5422296,3
Biederman,5422296,19
III,5422296,1
Nelson,5422296,4
John,5422296,10
Lyshitski,5422296,3
Stevens,5451062,11
DuQuesne,5451062,9
Brown,5451062,18
Carson,5451062,11
Farrell,5451062,8
Mosby,5451062,5
Pierre,5451062,21
Barton,5451062,1
Wolf,8656796,9
Yente,8656796,16
Marsh,8656796,14
Golde,8656796,20
Fruma-Sarah,8656796,8
Kamzoil,8656796,0
Chava,8656796,21
Tzeitel,8656796,6
Hodel,8656796,6
Motel,8656796,6
Perchik,8656796,6
Horace,102026,20
Jimmy,102026,6
Paxton,102026,11
White,102026,6
Guy,102026,6
Ellis,102026,20
Haise,102026,4
Bob,102026,16
Dolan,102026,9
Patterson,102026,12
Lennon,102026,6
Faye,102026,14
Mattingly,102026,13
Del,102026,3
Siler,102026,19
Choi,29758182,24
Min-hyeong,29758182,18
Jong-gu,29758182,15
Tim,12126070,9
Bryant,12126070,8
Rodriguez,12126070,10
Chang,12126070,16
Ahmed,26469255,13
Vargeese,26469255,17
Sahib,26469255,2
Sachidanand,26469255,13
Kishore,26469255,5
Musafir,26469255,22
Kurien,26469255,18
Pothen,26469255,14
Janardhanan,26469255,8
Vakkachan,26469255,6
Naidu,26469255,2
Suhara,26469255,5
Chandrasekhar,26469255,6
Aaron,29679642,18
Eyelash,29679642,15
Max,29679642,16
Buckley,5819703,0
Lansford,5819703,16
Christy,5819703,18
Dillingwell,5819703,11
Lorri,5819703,5
Wong,11943512,14
Lomax,11943512,3
Marlowe,11943512,13
Suzie,11943512,6
O'Neill,11943512,20
Robert,11943512,1
Ling,11943512,24
Menchu,16055450,2
Conrado,16055450,24
Nito,16055450,12
Javaloyes,16055450,0
Marcos,16055450,23
Sarnita,16055450,1
Fuegui,16055450,11
Palau,16055450,13
Ramona,16055450,24
Paulina,16055450,23
Tim,1683542,12
Sandy,1683542,19
Travis,1683542,4
Dwyer,1683542,6
Connors,1683542,9
Ben,1683542,6
Ahmed,5022225,6
Tarik,5022225,23
Gran,25283935,19
Borge,25283935,9
Werner,25283935,1
Sonja,25283935,11
Roopa,30957114,4
Saxena,30957114,18
Hasina,30957114,3
Singh,30957114,15
Zedong,35805152,0
Moxiang,35805152,6
Zhong,35805152,24
Yunfei,35805152,1
Martin,3829043,21
Glourie,3829043,16
Carrel,24992742,2
Whymper,24992742,7
Suk-Min,20109381,22
Jee-Sun,20109381,17
Joong,20109381,17
Hong,20109381,19
Hyun-Joong,20109381,20
Jung-Sun,20109381,17
Eun-Kyung,20109381,7
Dae-Yong,20109381,3
Juliet,31372381,5
Sam,31372381,6
Tariq,31372381,12
Aishwarya,31372381,3
Das,31372381,12
Aishu,31372381,3
Romeo,31372381,5
Shakespeare,31372381,11
Kabhi,31372381,22
Nandy,31372381,12
Hood,1699805,21
Kelly,1699805,4
Kathy,2275790,13
Fulton,2275790,4
Peckem,2275790,13
Watts,2275790,13
Artie,2275790,0
Judy,2275790,17
Hitler,2914693,1
Pringle,2914693,4
Frost,2914693,2
Plummer,2914693,18
Goebbels,2914693,14
Erika,2914693,4
Birgel,2914693,17
Lorelei,2914693,9
Phoebe,2914693,3
John,2914693,21
Schl,2914693,21
Devi,11235553,21
Gupta,11235553,21
Ma,11235553,23
Lata,11235553,2
Danny,10944211,20
Kon,23493980,8
Robin,23493980,19
Ririco,23493980,19
Algie,33052493,8
Figg,1377041,3
Lickboot,1377041,19
Pugsy,1377041,21
Tom,1377041,3
Jerry,1377041,3
Applecheek,1377041,22
Robyn,1377041,3
Starling,1377041,17
Fletcher,9802830,1
Roopi,22569652,11
Sethi,22569652,21
Underwood,31114108,0
Barrett,31114108,11
Fannon,31114108,10
Gould,12098561,5
Hood,3648919,23
Jada,3648919,2
Banks,3648919,14
Saunders,3648919,10
Max,3648919,18
Bruno,3648919,22
Grant,2725470,11
Griff,2725470,6
Kelly,2725470,17
Maria,25420188,21
Shankar,25420188,17
Uma,25420188,23
Panikkar,25420188,9
Vishnu,25420188,19
Devan,25420188,5
Suresh,25420188,21
Fernandes,25420188,17
K.,25420188,2
Urvashi,25420188,11
Janu,7890513,2
Vetri,7890513,14
Rohit,7890513,10
Mamathi,7890513,7
Singh,7890513,17
Badri,7890513,6
Moreno,13313093,22
Buckett,13313093,22
Carberry,13313093,14
Wintrop,13313093,1
Cruz,13313093,1
Sheila,13313093,18
Randall,13313093,5
Nagambi,17569375,17
Myrna,17569375,12
Buhara,17569375,12
Tarzan,17569375,12
Brunik,17569375,17
Ken,17569375,9
Brennan,2339194,17
Roy,2339194,10
Morgan,2339194,23
Jones,2339194,20
Reeves,2339194,6
Lee,2339194,16
Breen,2339194,17
Hollis,2339194,18
Rawlins,2339194,18
Batra,1326081,19
Om,1326081,6
Ayesha,1326081,20
Neetu,1326081,7
Sethi,1326081,24
Fiske,1992837,3
Blake,1992837,6
Halliday,1992837,3
Ortega,1992837,6
Graham,1992837,16
Taylor,2638362,9
Knightley,2638362,7
Churchill,2638362,24
Smith,2638362,24
Weston,2638362,7
Fairfax,2638362,10
Martin,2638362,7
Bates,2638362,14
Harriet,2638362,13
Elton,2638362,3
Woodhouse,2638362,8
Emma,2638362,3
Ross,18589876,4
Steve,18589876,3
Abby,18589876,9
Okanura,18589876,17
Jardine,18589876,4
Harshareddy,12159008,1
Naveena,12159008,14
Prasad,12159008,17
Rao,12159008,8
Bhagavaan,12159008,8
Sundaram,12159008,16
Christof,232711,4
Marlon,232711,6
Show,232711,9
Truman,232711,21
Sylvia,232711,2
Burbank,232711,23
Sam,34599243,17
Lou,34599243,3
Erica,34599243,21
Rusty,34599243,14
Borgens,34599243,0
Kate,34599243,23
Bill,34599243,12
Sanjana,7076105,2
Viswanath,7076105,8
Sumitra,7076105,22
GK,7076105,6
Sruthi,7076105,4
Anu,7076105,21
Harpy,19006017,3
Fox,19006017,4
Auriana,19006017,5
Bear,19006017,3
Jack,19006017,17
Allegra,19006017,3
Frankie,20122638,24
Alice,20122638,9
Patricia,1349518,0
Naudin,1349518,21
Marian,16458577,3
Ellis,16458577,20
Petrovich,16458577,24
Marsh,16458577,6
Cave,16458577,15
Garcia,27594853,1
Kathleen,27594853,2
Eric,27594853,3
Sally,27594853,13
Bury,27594853,6
Alex,27594853,1
Brij,32157917,1
Kanak,32157917,21
Mohan,32157917,1
Gauri,32157917,2
Montu,32157917,21
Grant,21538066,8
Balsam,21538066,18
Robinson,21538066,18
Novak,21538066,1
Garcia,34057325,19
Anna,34057325,16
Taylor,2216810,0
Jeffrey,2216810,18
Sally,2216810,4
Therrian,2216810,14
Judy,2216810,2
Nash,2216810,21
Rose,2216810,8
Ryan,2216810,7
Davidson,2216810,19
Skye,2216810,6
Sophia,2216810,2
Forsyth,2216810,9
Lucy,2216810,23
Adams,2216810,12
Panes,2216810,2
Moe,14525860,13
Dungen,14525860,10
Kumar,25447026,1
Chanti,25447026,10
Vijay,25447026,17
Wilson,1015441,24
Trish,1015441,18
Kelly,16808338,12
Jack,16808338,15
Sandy,19742300,21
Pattis,19742300,21
Jon,19742300,7
Peggy,19742300,23
Davis,19742300,7
JANIE,21759238,23
Jovi,21759238,19
JON,21759238,21
Manny,32428439,17
Maddox,32428439,23
Carter,32428439,17
Leeann,32428439,17
Jones,32428439,4
Kayne,32428439,24
Nicholson,32428439,17
Leanne,32428439,4
Jonesy,32428439,2
Billy,32428439,3
Goke,32428439,24
Curtis,32428439,2
Elefun,10556722,13
Toby,10556722,16
Orrin,10556722,8
Tenma,10556722,6
Astro,10556722,4
Cora,10556722,3
Hamegg,10556722,6
Jingyou,18426081,17
Zi,18426081,3
Xiuzhi,18426081,3
Dong,18426081,13
Lingjun,18426081,4
Qingqing,18426081,15
Kella,2681108,21
Ancha,2681108,24
Chava,2681108,3
Beto,2681108,6
Maria,2681108,15
Radha,29473043,15
Vijay,29473043,16
Ainsley,12992103,9
Collins,12992103,23
Paula,12992103,21
O'Neill,12992103,14
Emma,12992103,21
Fairley,12992103,22
Gerald,9556173,5
Bacon,9556173,4
Sally,9556173,23
Drew,9556173,21
Wilson,9556173,15
Freeman,9556173,3
Norman,9556173,6
Shlomo,8016280,24
Hanna,8016280,1
Horizonte,8016280,20
Stein,8016280,12
Mauro,8016280,2
Khobotov,14818617,9
Velyurov,14818617,20
Lyudochka,14818617,4
Savransky,14818617,0
Margarita,14818617,4
Pavlovna,14818617,11
Svetlana,14818617,21
Kostik,14818617,19
Alisa,14818617,12
Ignatevich,14818617,23
Romin,14818617,20
Kai,11122446,24
Lee,11122446,4
Lindley,568034,21
Glen,568034,1
Willy,568034,3
Keiko,568034,23
Johnson,568034,3
Greenwood,568034,1
Jesse,568034,20
Wade,568034,8
Annie,568034,18
Pauline,15672739,14
Koerner,15672739,18
Marvin,15672739,7
Licht,35228678,19
Alvarez,35228678,2
O'Neill,35228678,1
Newman,35228678,14
Ritter,35228678,11
Swayze,35228678,11
Cooper,35228678,17
Barrett,35228678,15
McKeon,35228678,1
as,35228678,21
Fields,35228678,20
Dey,35228678,1
Lembeck,35228678,14
Gist,35228678,11
Aames,35228678,15
Adams,35228678,12
Carver,35228678,18
Rock,13266463,14
Laurel,13266463,21
Mircalla,4891419,24
Maria,4891419,4
Anton,4891419,3
Karnstein,4891419,4
Weil,4891419,17
Frieda,4891419,4
Laura,9447602,22
Santamaria,9447602,6
Srivastava,4569027,21
Pyaremohan,4569027,4
D'costa,4569027,21
Parimal,4569027,14
Ilahabadi,4569027,20
Chaturvedi,4569027,18
Sinha,4569027,17
Sulekha,4569027,6
Tripathi,4569027,15
Sardar,31439778,3
Khan,31439778,7
Sinha,31439778,4
Faizal,31439778,3
Nagma,31439778,4
Durga,31439778,3
Wasseypur,31439778,16
Nasir,31439778,4
Sultan,31439778,13
Ramaadhir,31439778,13
Shahid,31439778,20
Qureshi,31439778,3
Sultana,31439778,18
Khatoon,31439778,17
Singh,31439778,3
Asghar,31439778,17
Parveen,31439778,15
Muslims,31439778,12
Laila,2997971,19
Wagner,2997971,15
Brown,2997971,20
Lee,2997971,6
Pablo,2997971,10
Miles,2997971,6
Devon,2997971,6
Sean,2997971,3
Wade,2997971,6
Wyatt,10649757,21
Regan,10649757,4
Rooney,10649757,21
Hajos,10649757,9
McGillicuddy,10649757,15
Ciarrapico,419688,17
Maddalena,419688,5
Katie,1605120,3
Lin,1605120,9
Daniel,1605120,13
Binnur,28131005,2
Ekrem,28131005,14
Ceren,28131005,9
Rafeek,8904214,9
Vivek,8904214,9
Bharath,8904214,9
McQueen,17604812,3
Indra,19187224,21
Rahul,19187224,21
Jackson,28327,4
Langford,28327,12
O'Neil,28327,16
Catherine,28327,6
Hart,5804128,9
Tanner,5804128,16
Lansing,5804128,19
Nordlund,5804128,1
Zandt,5804128,9
Hallson,5804128,9
Joan,29163959,6
Prentice,29163959,19
Corbett,29163959,6
Jerry,29163959,24
Claire,29163959,21
Geremias,33511144,23
Leah,33511144,13
Gerais,33511144,16
Caxias,33511144,18
Mark,33511144,8
Marieta,33511144,21
Jacira,33511144,1
Bento,33511144,14
Giuseppe,33511144,19
Bruno,33511144,21
Barreto,33511144,10
Rafaela,33511144,5
Ralf,33511144,15
Marietta,33511144,12
Luana,33511144,20
Wong,25750288,16
Ling,25750288,17
Dafu,25750288,3
Mike,9001913,6
Block,9001913,3
Doug,9001913,6
Kitty,9001913,12
Santuro,16312328,23
Hollinger,16312328,15
Britton,16312328,13
Gloria,16312328,21
Gaines,16312328,17
Ding,24301781,0
Palmer,24301781,21
Swenson,24301781,22
Hoyt,24301781,5
Cronin,24301781,10
III,24301781,10
Woodbury,24301781,12
Karenina,8164826,19
Sergei,8164826,5
Karenin,8164826,24
Sykes,34456317,17
Robin,34456317,6
Jonathan,34456317,17
Crusoe,34456317,11
Cynthia,13331589,2
Hamlin,13331589,18
Hatch,13331589,13
Badger,13331589,19
Billy,13331589,18
Middleton,13331589,6
Tienpradap,29398472,23
Rittikrai,29398472,24
Wuttikrai,29398472,11
Momoko,1400602,11
Lila,1400602,14
Reeve,1400602,24
Kazaf,1400602,13
Helen,1400602,3
Adam,21736720,2
Seta,21736720,2
Kedarnath,20579750,6
Lala,20579750,13
Veena,20579750,21
Shyam,10702360,3
Sunil,10702360,12
Sangita,10702360,16
Madan,10702360,24
Singh,10702360,8
Sampat,10702360,0
Sushma,10702360,10
Rajni,10702360,2
Shantilal,10702360,13
Kelly,3881308,8
Harper,3881308,10
Cahan,3881308,16
Joyce,3881308,8
Nelson,3881308,21
McQueen,3881308,24
Hughes,25542269,22
Beemer,25542269,13
Cunth,25542269,17
Piper,25542269,3
Faith,25542269,19
Vicki,25542269,24
Fitzpatrick,25542269,16
Elmo,25542269,22
Bender,25542269,17
MacGruber,25542269,6
Krona,32883627,16
Will,32883627,17
Waybrn,32883627,24
Maxwell,32883627,2
Benton,32883627,4
Anne,32883627,21
Vulgaris,10131333,17
E.,10131333,3
Wile,10131333,7
Jones,11691063,19
Tiler,4272659,9
Marla,4272659,3
Sam,4272659,3
Bobby,4272659,17
Cindy,4272659,10
Sarah,4272659,10
Frost,4272659,23
Hickering,4272659,16
Joe,4272659,3
Jack,4272659,3
Anne,4272659,3
Foster,4272659,23
Bernice,1274324,20
Georgie,1274324,20
Flor,1274324,6
Evelyn,1274324,6
Clasky,1274324,11
Moreno,1274324,10
Cristina,1274324,6
Wright,1274324,19
Deborah,1274324,6
John,1274324,3
Vasumitra,3129169,10
Alighieri,3129169,15
Ki-duk,3129169,20
Chaim,28545685,19
Schworz,28545685,23
Sonia,28545685,6
Juozas,28545685,21
Olga,28545685,2
Arie,28545685,3
Richelieu,5586818,5
Constance,5586818,5
Rochefort,5586818,23
Aramis,5586818,20
Louis,5586818,17
Bonacieux,5586818,12
Louie,5586818,6
Milady,5586818,13
King,5586818,21
Guinness,26587254,2
Ford,26587254,15
Greene,26587254,5
Brown,26587254,22
Glenville,26587254,10
Saranya,33639263,2
Uma,33639263,1
Gayatri,33639263,22
Pradeep,33639263,13
Aravind,33639263,15
Wei,5919853,6
Wang,5919853,3
Ming,5919853,6
Aying,5919853,17
Haichou,5919853,13
Li,5919853,3
Arnolds,1487371,9
Lucy,1487371,1
Charlotte,1487371,3
Ted,1487371,3
Collins,1487371,0
Fred,1487371,3
Samantha,1487371,23
Kate,1487371,21
Ryan,1487371,20
Judy,1487371,1
Alice,1487371,8
Edmund,1487371,24
Maroncelli,35633531,19
Tony,35633531,16
Barbara,30430254,17
Ronni,30430254,17
Eric,30430254,3
Bradley,30430254,17
Brandon,30430254,5
Jarett,30430254,3
Gunner,30430254,3
Sankur,30430254,3
Justin,7936993,3
Carolyn,7936993,13
Kerry,7936993,3
Chaney,7936993,24
James,7936993,3
Lisa,7936993,24
William,30578340,12
Linda,30578340,19
Schell,30578340,3
Oskar,30578340,6
Abby,30578340,17
Black,30578340,9
Wright,30578340,18
Malvina,19192760,24
Adams,19192760,15
Crosby,19192760,17
Harrison,31059075,4
Egan,31059075,24
Jr.,31059075,16
Carter,31059075,18
Murray,31059075,24
Leland,31059075,18
Black,31059075,9
Molina,13905653,0
Vincent,13905653,2
Bejamin,13905653,15
Manikkampillai,16167607,23
Mapillai,16167607,14
Kannan,16167607,15
Sangeetha,16167607,2
Meenakshi,16167607,2
Julius,6406551,13
Doyle,6406551,15
Flynn,6406551,3
Rita,6406551,9
Behring,7627172,13
Speyer,7627172,15
Koch,7627172,13
Hata,7627172,14
Hedwig,7627172,2
Wolfert,7627172,13
Bering,7627172,13
Ehrlich,7627172,6
Darley,32916959,10
John,32916959,0
Stone,4179778,24
Moony,4179778,17
Vengadam,15439159,3
Clipton,42856,23
Saito,42856,3
Reeves,42856,4
Nicholson,42856,3
Joyce,42856,17
Yai,42856,2
Boxer,42856,11
Godzilla,12004,3
Ogata,12004,6
Yamane,12004,6
Emiko,12004,6
Serizawa,12004,4
Shantha,4067925,2
Rockefeller,509792,2
Kahlo,509792,3
Diego,509792,13
Cristina,509792,21
Trotsky,509792,21
Beth,17931096,23
Mitchell,17931096,5
Jack,17931096,17
Poochi,20568124,3
Baali,20568124,14
Jayaraman,20568124,10
Charulatha,20568124,2
Wickles,730734,10
Howe,730734,13
Studdard,730734,15
Fred,730734,17
Cutler,730734,4
Patrick,730734,13
Daphne,730734,21
Jacobo,730734,17
Scooby,730734,3
Jasper-Howe,730734,3
Ned,730734,4
Myron,11699443,17
Castleman,11699443,16
Smith,11699443,24
Larsson,7661050,21
McIntyre,18876023,1
Beth,18876023,13
McGowan,18876023,11
Armstrong,18876023,20
John,18876023,23
Anne,34085031,21
Tom,34085031,17
Jenkins,34085031,22
Peter,31826551,3
Natasha,31826551,3
Steven,31826551,3
Tangles,31826551,3
Duvall,1399043,24
Kahane,1399043,9
Bishop,1399043,17
Beck,1399043,16
Anna,1399043,24
Smiley,1399043,14
Capra,1399043,17
Roenick,1399043,15
Iris,1399043,21
Musashi,2852830,21
Fred,14106445,20
Bobby,14106445,20
Stern,14106445,12
Betty,14106445,4
Lafarge,19204182,24
Sneha,16490737,3
Sriman,16490737,3
Thor,14143898,1
Ernst,14143898,12
Morgan,14143898,9
Arnold,14143898,12
Megan,770156,3
Etheridge,770156,15
Sullivan,770156,4
Clayton,770156,6
Jared,770156,22
Dolph,770156,12
Larry,770156,20
Mary,770156,3
Mike,770156,2
Brown,770156,2
Graham,770156,3
Lopaki,1631497,10
Binder,1631497,4
Mitchell,1631497,17
Fouchon,1631497,6
Natasha,1631497,17
Cleaf,1631497,17
Randal,1631497,6
Douvee,1631497,21
Roper,1631497,20
Laxmi,34883760,7
Apparao,34883760,14
Sastri,34883760,5
Garcia,1970341,1
Richards,1970341,11
Qaeda,23083509,22
Minnie,35643407,13
Lewis,35643407,22
Mickey,35643407,22
Sam,32796790,6
Derek,32796790,6
Steele,32796790,23
Sarah,32796790,23
Dilys,32796790,3
Mandy,32796790,3
Charlie,32796790,4
Boyce,32796790,18
Mike,32796790,23
Trevor,32796790,5
Helen,32796790,4
Norman,32796790,6
Hontar,525486,13
Felipe,525486,17
Jesuits,525486,13
Gabriel,525486,13
Mendoza,525486,21
Altamirano,525486,16
Nandagopal,26038444,9
Venu,26038444,10
Ammu,26038444,2
Massengale,10822975,22
Damon,10822975,9
Godzilla,570227,13
Anguirus,570227,3
Ghidorah,570227,17
Gigan,570227,17
Kotaka,570227,4
Miller,18141105,20
Lloyd,18141105,3
Isabelle,18141105,16
Hathaway,18141105,19
Warburton,18141105,11
Bruce,18141105,13
John,4424287,6
Ronnie,6201873,8
Curry,6201873,7
Catherine,6201873,6
Watherstone,6201873,11
Winslow,6201873,6
Morton,6201873,3
Grace,6201873,2
Robert,6201873,9
Ritter,14120714,19
Kolb,14120714,12
Ditten,14120714,6
Mark,14120714,4
Treck,14120714,4
Preysing,14120714,24
Keller,14120714,9
McDowell,8850351,21
Bachman,8850351,4
Larnell,8850351,3
Janet,8850351,5
Leary,8850351,21
Burroughs,8850351,21
Luann,8850351,3
Cyril,8850351,9
Jimbo,8850351,17
Brett,8850351,23
Brewster,8850351,9
Alister,8850351,21
Attack,8850351,23
Allister,8850351,3
Quixote,2205704,24
Cervantes,2205704,24
Panza,2205704,20
Clementine,629072,14
John,629072,21
Jimmy,629072,6
Raja,34420824,12
Sithara,34420824,8
Gowri,34420824,11
Suresh,34420824,14
Balu,34420824,12
Getley,10487,11
Williams,10487,10
Linda,10487,9
Ash,10487,17
Knowby,10487,12
Jake,10487,17
Joe,10487,17
Ed,10487,4
Henrietta,10487,4
Annie,10487,22
Joe,22352204,12
Laura,22352204,8
Ferris,22352204,12
Prabhakaran,20479983,17
Khan,20479983,14
Prabakar,20479983,4
Mansoor,20479983,17
Sarathkumar,20479983,22
Indulkar,28344574,13
Kapoor,28344574,15
Balakrishnan,28344574,18
Patil,28344574,5
Soha,28344574,4
Henri,8089406,23
Yolande,8089406,19
Betty,8089406,23
Philippe,8089406,8
Mother,8089406,4
Pooja,23502908,4
Prasad,23502908,7
Ramana,23502908,2
Jason,10770671,23
Ian,10770671,23
Amanda,10770671,14
Nash,10770671,18
Hitler,2473644,1
Rockbell,2473644,10
Liore,2473644,1
Lang,2473644,20
Heiderich,2473644,19
Bradley,2473644,17
Edward,2473644,4
Eckhart,2473644,17
Hohenheim,2473644,12
Mustang,2473644,5
Elric,2473644,18
Noah,2473644,4
Alphonse,2473644,2
Haushofer,2473644,5
Baldrick,438548,3
Marian,438548,4
Elizabeth,438548,5
Hall,438548,6
Shakespeare,438548,13
Hood,438548,13
Vinci,438548,9
Darling,438548,9
Branagh,438548,16
Bond,438548,15
Robin,438548,17
Bonaparte,438548,20
Blackadder,438548,6
Aradella,24476863,5
Leila,24476863,23
Morton,24476863,11
Walden,24476863,15
Roberts,3170133,19
Stokes,21426256,3
Twyman,21426256,24
Ritu,25914398,3
Alexander,10916960,19
Coleman,10916960,21
Hunt,10916960,19
Pearson,10916960,6
Dornberger,10916960,13
Parsons,32401769,11
John,32401769,21
Hank,32401769,15
Jacklyn,32401769,23
English,7088713,6
Hugo,7088713,17
Horn,7088713,23
Vorelli,7088713,6
Somerled,67433,21
Ella,3259315,3
Riply,3259315,23
Brice,3259315,3
Esquema,3259315,24
Lokhande,23637837,14
Talwar,23637837,5
Raja,23637837,18
Roshanlal,23637837,10
Khanna,23637837,20
Amar,23637837,18
Jaggu,23637837,15
Connor,1840870,6
Smith,1840870,18
Sakamura,1840870,24
Zeinab,21605606,2
Rai,35753114,17
Hayes,35753114,15
Pietri,35753114,3
Rondinella,35753114,13
Alexandra,35753114,5
Ottavio,35753114,16
Gowtam,9285865,3
Devi,9285865,5
Prasad,9285865,17
Rao,9285865,15
Bhanu,9285865,13
Janaki,9285865,1
Callahan,26128099,20
Montag,26128099,13
Dreske,6506391,21
Mieze,6506391,6
Franz,6506391,3
Przybilla,6506391,24
Pums,6506391,15
Herbert,6506391,14
Meck,6506391,6
Otto,6506391,3
Ida,6506391,17
Max,6506391,14
blin,6506391,18
Baumann,6506391,15
Lenin,6506391,20
Trude,6506391,6
Cilly,6506391,14
Minna,6506391,23
Burns,6506391,12
Reinhold,6506391,6
Biberkopf,6506391,10
Eva,6506391,6
Lina,6506391,21
Bob,10227082,6
Washington,20113019,10
John,20113019,22
Janet,11439529,3
Stuart,11439529,12
Maureen,11439529,6
Angela,11439529,3
Tommy,11439529,3
Joyce,11439529,3
Rens,11439529,13
Cristorio,34049319,1
Archer,171939,17
Benson,171939,3
Alan,171939,17
Wayfair,171939,0
Christy,171939,24
Gil,171939,17
Timmy,171939,15
Joe,171939,10
Fimple,171939,24
Nitro,171939,15
Irwin,171939,14
Mars,171939,0
Carmen,905971,3
Flugleman,905971,9
Nederlander,905971,6
Hon,4600467,1
Varanu,14739568,0
Shemp,14739568,2
MacDonald,14739568,16
Baines,14739568,7
Luana,14739568,13
Budd,35774631,4
Paul,33687379,8
A.C.,33687379,7
White,33687379,14
King,33687379,1
Parker,33687379,14
Sean,33687379,19
Davies,33687379,24
Anne,33687379,2
Annie,33687379,13
Malvezzi,17432755,16
Elena,17432755,23
Damico,11841381,15
Carson,11841381,22
Goldman,11841381,10
Man,31897112,18
Ching,31897112,1
Blake,6996468,21
Falls,6996468,5
Tae-woong,14021024,24
Carter,23107879,21
Max,23107879,7
Meghan,23107879,21
Casey,23107879,7
Travis,17188776,21
Smith,17188776,11
Wendell,17188776,21
Nixon,25542820,15
Chiong,25542820,18
Chona,25542820,1
Gloria,25542820,15
Hamilton,25542820,21
Lucy,31209195,13
Chakkaravakkal,31209195,24
Luke,31209195,18
Chinnamma,31209195,8
Kutty,31209195,12
Thankachan,31209195,21
Briggs,2018332,6
Gordon,2018332,6
Danker,2018332,9
Smith,2018332,11
Atkins,2018332,18
Cordell,2018332,6
Matty,2018332,19
Stiles,2018332,14
Manly,2018332,6
Shivvy,2018332,17
Harmatz,2018332,17
Mariana,18278389,3
Juvenal,18278389,3
Dexter,1756460,6
Erik,1756460,3
Linda,1756460,6
Ollie,8009156,3
Oliver,8009156,10
Stan,8009156,3
Hardy,8009156,4
Kingsley,13737266,11
Harmon,13737266,11
Jack,3043131,22
Martin,9009812,13
Jordan,9009812,19
Faithfull,9009812,13
Marilyn,9009812,23
Dobbs,11088642,17
Cody,11088642,17
Howard,11088642,13
Curtin,11088642,4
Chino,2384482,1
Spider,2384482,18
Paco,2384482,6
Carlos,2384482,1
Rollie,2384482,14
Juanito,2384482,22
Folsom,2384482,6
Cruz,2384482,16
Popeye,2384482,2
Velka,2384482,0
Carrasco,2384482,11
Miklo,2384482,6
Bonafide,2384482,10
Bernard,7274998,18
Tram,7274998,6
Antin,11396051,6
Morhange,11396051,21
Saint-Avit,11396051,24
Karr,17228796,15
Kramer,24048670,24
Sophia,24048670,12
Claudia,24048670,13
Lisbeth,24048670,3
Poe,24048670,8
L.J.,24048670,3
Peter,24048670,3
Naomi,24048670,3
Arkoff,24048670,8
Kimi,24048670,3
Carver,24048670,3
Jensen,24048670,3
Amanda,3069436,9
Andy,3069436,23
Child,3069436,21
find,2839258,15
Todd,2839258,3
Michelle,2839258,6
Cropsy,2839258,3
Glazer,2839258,21
Matthews,2839258,10
Eddy,2839258,3
Sally,2839258,22
Karen,2839258,3
Alfred,2839258,24
Dave,2839258,4
Jackson,125563,14
Taylor,125563,9
Talbot,125563,10
Houghton,125563,2
Alden,125563,9
Peggy,125563,6
Wilson,125563,8
Vince,125563,6
Alba,125563,14
Shores,125563,3
Hunk,125563,3
Everett,125563,6
Tammy,7470753,4
Molly,7470753,15
Lloyd,7470753,20
Henry,767099,21
XII,767099,17
Tudor,767099,4
Brandon,767099,4
Louis,767099,22
VIII,767099,15
Mary,767099,6
Margaret,767099,16
Francis,767099,6
Duke,767099,6
Matthew,3577909,17
Sybel,3577909,3
Kitakubo,3577909,11
Shirow,3577909,21
Ferris,3577909,6
Venus,3577909,9
Typhon,3577909,16
Leakey,3577909,4
Slade,3577909,21
Steamer,24225138,8
Brown,24225138,24
Jody,24225138,20
Matthews,24225138,20
Kilua,24225138,9
Wallis,24225138,21
Poole,24225138,8
Alan,16089223,20
Barbara,16089223,14
Ann,16089223,2
Belmont,16089223,9
Greene,16089223,0
Bob,16089223,17
Marie,16089223,5
Bernard,16089223,17
Musgrave,16089223,24
Jisun,11487271,23
Kim,11487271,19
Dong-won,11487271,19
Kyung-bae,11487271,23
Tatum,13379153,4
C.J.,13379153,11
Roy,30077800,3
Burke,30077800,3
Randy,30077800,13
Nathan,30077800,3
Davies,30077800,21
Ekalavyan,34017888,10
Julie,5338985,18
Melanie,5338985,22
Lunchbox,15860207,14
Vicki,15860207,6
Craig,15860207,4
Charlie,15860207,21
Rayburn,15860207,12
Dan,15860207,6
Amanda,15860207,1
Reed,15860207,12
Diana,31026092,2
Meg,165289,4
Hercules,165289,3
Phil,165289,7
Paul,6971535,14
Wyler,6971535,15
Laura,6971535,23
Sarah,6971535,6
Mitchell,6971535,21
Andrews,16663872,23
Ghosh,10704002,14
Mahato,10704002,24
Sean,7156581,0
William,12138084,10
Fain,12138084,20
Carter,12138084,11
Joan,3673436,17
Taylor,3673436,4
Graham,3673436,2
Thompson,19104545,5
Mullins,29081683,6
McGuire,29081683,12
Jensen,29081683,5
Rick,17844049,3
Heather,17844049,19
Bick,92582,6
Jordy,92582,6
Jett,92582,17
III,92582,4
Lynnton,92582,6
Juana,92582,0
Luz,92582,3
Sarge,92582,14
Judy,92582,21
Rink,92582,7
Benedict,92582,3
Penelope,1600828,24
Alan,1600828,17
Gordon,1600828,2
Virgil,1600828,18
Scott,1600828,18
Parker,1600828,24
Anderson,1600828,9
Jeff,1600828,14
Foster,1600828,1
Mysterons,1600828,22
Browne,35908536,13
Glennon,35908536,7
Dillon,35908536,3
Julie,35908536,6
Pat,35908536,6
Quaid,35908536,22
Walsh,35908536,19
Eddie,35908536,6
Gorski,35908536,6
Cathal,23984040,5
Mary,23984040,23
Lovecraft,35176390,24
Wilmarth,35176390,0
Branney,35176390,8
Hannah,35176390,18
Leman,35176390,6
Anandavalli,31156682,13
Anandakuttan,31156682,0
Muniyandi,31156682,13
Vanakkam,31156682,23
Holmes,5358915,17
Moriarty,5358915,6
Moroboshi,5358915,19
Jack,5358915,23
Moran,5358915,13
Adler,5358915,5
Rachel,5358915,24
Watson,5358915,13
Kudo,5358915,10
Sawada,5358915,21
Edogawa,5358915,16
Moore,5358915,17
Srikanth,7514906,21
Sathya,7514906,11
Bris,76030,24
Hitler,76030,6
Bloom,76030,16
Bialystock,76030,14
Max,76030,6
Liebkind,76030,20
DuBois,76030,22
Jean,6394953,17
Brawley,6394953,11
Driscoll,6394953,2
Henry,7032516,9
Paul,7032516,17
Franklin,7032516,11
Antoinette,7032516,5
Jones,7032516,16
Washington,7032516,20
Johns,7032516,5
Danders,7032516,12
XVI,7032516,17
Johann,6856411,17
Franz,6856411,17
Andreas,6856411,16
Bernle,6856411,19
Joseph,6856411,3
Raghav,29802506,23
Pooja,29802506,16
Meenakshi,29802506,3
Manu,29802506,0
Kalidasan,29802506,6
Bender,32212761,16
Stevie,32212761,3
Danny,26554950,5
Theresa,26554950,9
Rudolph,26554950,21
Anna,26554950,3
Slocum,26554950,12
Stanley,26554950,15
Joe,26554950,6
Johnson,26554950,20
Lucasta,26554950,19
Grant,18943833,11
Angela,18943833,13
Erin,18943833,21
Dilbeck,18943833,13
Sophie,28858082,18
Danny,6613889,21
Kennedy,21817139,6
Alacran,21817139,14
Escobar,21817139,10
North,21817139,14
Wilson,21817139,6
Lisa,21817139,4
Arbuckle,13041813,3
Keaton,13041813,7
Edmontosaurus,32239596,4
Troodon,32239596,15
Saxe,2353166,1
Evans,2353166,6
Lonny,2353166,17
Mary,2353166,6
Borden,2353166,16
Carey,2353166,6
Sylvester,20137083,22
Emilio,16807542,8
Fermi,16807542,19
Sims,682257,8
Cleopatra,682257,6
Keith,682257,6
Stoney,682257,0
Darnell,682257,18
Luther,682257,17
Sutton,682257,18
Lita,682257,12
Stevie,682257,18
Strode,682257,10
Marryot,3947300,9
Victoria,3947300,5
Roosevelt,1322762,17
Porky,1322762,3
Cunningham,20506905,7
Delgado,20506905,16
Victor,20506905,17
Perrier,20506905,17
Brenda,20506905,6
Dinny,20506905,17
Clifford,20506905,17
Hall,20506905,15
Ivan,20506905,3
Shamie,20506905,3
Michael,20506905,3
Blaise,20506905,17
Newman,20506905,20
Kenny,20506905,17
McCrea,20506905,3
Jerome,20506905,4
Hank,20506905,17
Elaine,20506905,23
Lynch,20506905,24
Jim,20506905,3
Russ,20506905,3
Dawson,20506905,7
Carter,10327104,19
Beth,10327104,23
Chayefsky,10327104,19
Stella,10327104,0
Marty,10327104,21
James,10327104,3
Ramamoorthy,706713,6
Pechiappan,706713,15
Lakshmi,706713,20
Rai,706713,1
Vishwanathan,706713,2
Madhumitha,706713,1
Nachiappan,706713,6
Vaishnavi,706713,1
Kostya,3623774,8
Nim,33457293,15
Bridesdale,690868,11
Kathleen,690868,15
Boone,690868,21
Yorke,690868,16
Sheridan,690868,16
Johnson,690868,4
Quincannon,690868,20
Ribble,12291803,3
Orsini,12291803,20
Cam,25035877,9
Duyen,25035877,21
Hai,25035877,20
Paul,28455006,3
Eve,28455006,21
Heatherley,28455006,19
Graves,28455006,12
Jerry,28455006,16
Frazer,28455006,16
Barrett,28455006,18
Jack,28455006,3
Collyer,28455006,21
Rockley,28455006,7
Moira,28455006,13
Leon,19109077,6
Lea,19109077,3
Onil,34106574,2
Cika,34106574,21
Ratih,34106574,23
Ellen,34106574,24
Armen,34106574,3
Dinda,34106574,4
Diska,34106574,3
Nim,8237560,9
Bartlett,18002266,2
Charley,18002266,8
Jasper,18002266,10
Helen,18002266,6
Ken,18002266,21
Krayler,18002266,17
Kathy,10645970,20
Ratanlal,10645970,13
Shankar,10645970,16
Rakesh,10645970,2
Speedy,25655893,6
Jones,25655893,7
Daffy,25655893,3
Gonzales,25655893,6
Fumiya,21622740,3
Fukuhara,21622740,10
Fujita,21622740,7
Mukesh,26537530,8
Don,26537530,9
Seenu,26537530,6
don,26537530,5
Machiraju,26537530,5
Annappa,35612482,5
Kitty,35612482,16
Lettie,7415632,6
Biblett,7415632,0
Chico,695522,2
Burke,695522,21
Groucho,695522,17
Pendleton,695522,5
Dukesbury,695522,12
Pauline,695522,9
Wilson,695522,3
Jardinet,695522,17
Chi-sung,3868588,16
Suzana,18662497,2
Soraya,18662497,23
Iakovides,5609599,13
Fanis,5609599,2
Saime,5609599,7
Vassilis,5609599,21
Martens,25084917,6
Lucy,25084917,15
Engel,25084917,6
Seiler,25084917,10
Brno,8828196,10
Khan,8613295,11
Anna,8613295,9
Avinash,8613295,3
Young-Hunt,5444213,21
Hawley,5444213,10
Bhaduri,28947153,6
Sen,28947153,18
Agnes,4021437,21
Werner,4021437,10
White,6773693,9
Flint,6773693,18
Cecilia,6773693,23
Paxton,6773693,19
Albright,6773693,5
Lambdas,937658,6
Wormser,937658,4
Lewis,937658,6
Gilbert,937658,6
Roger,937658,21
Stewart,937658,4
Guelchoehra,12700168,2
Asgar,12700168,23
Nadia,33820074,2
Yann,33820074,2
Erik,32987753,2
Kidman,4408692,13
Quinn,4408692,9
Pach,4408692,12
Bior,4408692,11
Pitt,4408692,21
Dau,4408692,11
John,4408692,3
Kaines,6829329,1
Shell,6829329,10
Kaori,33210006,19
Mitsuru,33210006,20
Leonardo,34010844,16
Victor,34010844,16
Michelle,2901759,2
Jackie,2901759,2
Louie,20611557,0
Scot,8464511,15
Eric,8464511,21
Sam,8464511,22
McNally,8464511,15
Cromwell,24643106,9
Hawks,24643106,12
Talbot,24643106,10
Evans,24643106,9
Walthall,24643106,9
Klondike,24643106,4
Todd,24643106,15
Cheval,2618174,11
Brochant,2618174,16
Christine,2618174,4
Leblanc,2618174,16
Pignon,2618174,14
Sasseur,2618174,19
Wyler,570350,3
Kirsch,570350,9
Edie,570350,6
Caxton,570350,21
Terry,570350,6
Brogan,570350,0
Wise,570350,16
Jessie,570350,3
Anderson,4969123,6
Christine,4969123,2
Palpatine,1823554,16
Anwar,1823554,13
Taryn,1823554,14
Porky,76020,3
Jackson,28216994,18
Justin,28216994,13
Barnie,28216994,13
Brianne,28216994,3
Hernandez,28216994,20
Durham,28216994,23
O'Neill,28216994,8
Tom,28216994,16
Forrest,28216994,11
Charlie,28216994,10
Price,28216994,3
Jess,6177777,14
Nicole,6177777,3
Speedy,13856422,23
Sylvester,13856422,16
Gonzales,13856422,12
Nooby,2718480,23
Mr.,2718480,18
Didi,2718480,9
Lara,3849638,21
Lee,3849638,6
Jane,261023,6
Donahue,261023,19
Peter,261023,21
Roger,261023,15
Walters,261023,14
Christina,261023,3
Brooks,9001422,0
Cantrell,9001422,9
Susan,9001422,1
Marks,9001422,0
Dalton,9001422,11
O'Leary,9001422,18
Prudhomme,8003243,11
Spencer,29663404,12
Ella,29663404,12
Jason,29663404,16
Sloane,29663404,3
Quinn,29663404,17
Andrew,29663404,6
Patrick,29663404,6
Jenny,29663404,2
Brad,29663404,3
Ed,29663404,22
Caitlin,29663404,6
Jane,15952338,13
Girardi,15952338,13
Portnoy,15952338,11
Naomi,15952338,18
Reid,15952338,13
Beumers,12574431,11
Christ,12574431,12
Samson,12574431,1
Stepok,12574431,20
Samokhin,12574431,6
Josh,9387595,15
Abe,9387595,15
Ben,9387595,15
Perugorr,33769336,2
Cruz,33769336,12
Escribano,33769336,19
Griffith,33769336,5
Poloni,13809790,13
Pam,34590503,8
Glenn,34590503,8
Nick,34590503,15
Carol,34590503,6
Sandhya,30635974,19
Gopi,30635974,14
Corbett,1273515,5
Vries,1273515,15
Cooper,1964091,24
Liz,1964091,6
Ferris,1964091,3
Johnson,1964091,23
Cris,1964091,3
Webster,22380492,15
Frankie,22380492,2
Kelly,22380492,11
Hitler,19036289,13
Braun,19036289,21
Adolf,19036289,3
Goebbels,19036289,18
Sparky,1256587,10
Thor,1256587,4
Joe,1256587,19
Betty,1256587,14
Derek,1256587,6
Morgan,1256587,4
Rogers,1256587,14
Kathryn,4076352,3
Mark,4076352,23
Michael,4076352,19
George,4076352,23
James,4076352,17
Janet,4076352,23
Nicolas,4076352,17
Micheal,4076352,3
Evelyn,4076352,3
Leslie,4076352,3
Nicholas,4076352,19
Katie,34312285,3
Robbie,34312285,3
Holly,34312285,3
Wyatt,34312285,6
Doug,34312285,8
Hunter,34312285,15
Ben,34312285,20
Alex,34312285,3
Karimbhootham,14770549,18
Chathan,14770549,3
Kuttichathan,14770549,13
Samad,10895133,7
Rahman,10895133,16
Zaman,10895133,4
Akbar,10895133,10
Jamil,10895133,22
Hossain,10895133,0
Blondie,21843425,17
Jones,21843425,18
Blue,21843425,14
Babydoll,21843425,3
Gorski,21843425,14
Kashi,14786229,21
Katya,14786229,14
Nath,14786229,13
Cameron,3019175,24
Cairns,3019175,9
Bonham,8368715,3
Broughton,227105,15
Mesurier,227105,11
Jacques,227105,5
Anderson,227105,5
Malli,491329,20
Reddy,491329,18
Asha,491329,13
Naresh,491329,24
Ganesh,491329,3
Bhavani,491329,17
Marcia,15220617,6
Blanca,15220617,21
Mao,15220617,6
Kumaran,26121370,24
Khan,26121370,7
Deepu,26121370,23
Kamaraj,26121370,22
Lenin,14119552,13
Petersburg,14119552,7
Chenthamara,7601618,12
Alibhai,7601618,24
Siddique,7601618,13
Ganga,7601618,13
Pointer,13843005,6
Arthur,15398161,0
Russell,15398161,3
Nelson,15398161,9
Shelton,15398161,18
Bragg,15398161,21
Allie,15398161,2
Bell,15398161,23
Hitch,15398161,17
Sheriff,15398161,11
Baxter,4508113,23
Martin,4508113,13
Mitchell,4508113,14
Quimby,4508113,6
Wilson,4508113,13
Claw,4508113,4
Jack,5366212,4
Noi-Naa,5366212,21
Jeab,5366212,21
Downs,2148869,16
Diane,2148869,11
Joziak,2148869,24
Shauna,2148869,7
Robby,2148869,23
Lola,2148869,2
Karen,2148869,1
Nichols,10780834,1
Tomanski,10780834,22
Muldowney,10780834,22
Arslan,17305352,2
Aram,17305352,22
Roberta,807979,14
Fritz,807979,16
Francis,807979,13
Father,807979,13
Mother,807979,13
Bertie,807979,15
Kevin,15007972,3
Morton,19773923,15
Chien,652423,6
Fu,652423,2
Hall,3671995,10
Ackenthorpe,3671995,8
Stringer,3671995,16
McGillicuddy,3671995,23
Rutherford,3671995,9
Marple,3671995,5
Linden,2942414,6
Milena,2942414,14
Duvernay,19245641,22
Pareau,19245641,6
Wadia,19245641,4
Adnan,19245641,4
Jamila,19245641,21
Malini,22475578,2
Durga,22475578,2
Mammootty,22475578,11
Waddington,7508621,11
Kitty,7508621,3
Fane,7508621,16
Walter,7508621,13
Townsend,7508621,1
Garstin,7508621,1
Dorothy,7508621,2
Driscoll,74394,2
Wilma,74394,9
Belicec,74394,23
Hill,74394,13
Kauffman,74394,13
Teddy,74394,20
Miles,74394,3
Bennell,74394,3
Weiss,11089906,12
Bonnet,11089906,16
Dubois,11089906,8
Gerard,11089906,1
Clark,25206044,23
Saunders,25206044,24
Julie,25206044,21
Yamamura,1094721,1
Ikuma,1094721,14
Sadako,1094721,3
Akiko,1094721,24
Toyama,1094721,6
Gloop,1277918,15
Beauregarde,1277918,7
Bucket,1277918,18
Charlie,1277918,6
Wonka,1277918,6
Joe,1277918,7
Teavee,1277918,22
Wilbur,1277918,5
Katie,15782595,11
Jane,15782595,21
Tom,15782595,21
Beale,15782595,8
Rosner,15782595,19
Cronin,15782595,19
Helen,15782595,3
Kay,1716343,14
Scott,1716343,21
Blitzer,1716343,3
Howie,1716343,19
Gary,1716343,17
Marty,1716343,3
Cox,1716343,24
Kevin,1716343,5
John,1716343,3
Endicott,19231136,10
Rudge,19231136,3
Winchester,19231136,23
Donald,15409635,3
Pete,15409635,17
Brendan,14369179,6
Aisling,14369179,6
Aiden,14369179,7
Kells,14369179,1
Cruach,14369179,13
Aidan,14369179,6
Cellach,14369179,3
MacIvor,13956883,14
Cody,13956883,21
Oakley,13956883,16
Walker,13956883,3
Hogarth,13956883,6
Buntline,13956883,3
Annie,13956883,13
Glumdalclitch,23594997,1
Starr,23594997,0
Silverman,23594997,0
Darcy,23594997,6
Theodore,23594997,17
Blefuscu,23594997,21
Horatio,23594997,23
Edward,23594997,6
Mary,23594997,21
Liliput,23594997,9
Malik,21563783,23
Rana,21563783,11
Daniela,13140328,16
Tom,12395625,3
Jerry,12395625,3
Michelle,2355009,13
Daniels,2355009,16
Jeffries,2355009,23
Juwanna,2355009,12
Mann,2355009,12
Jamal,2355009,7
Mason,442668,21
Brooks,442668,5
Hitler,442668,1
Torquemada,442668,9
Graham,442668,20
Carey,442668,15
Rimbaud,442668,21
Jehovah,442668,15
Nero,442668,18
Jacques,442668,3
Jesus,442668,3
Mel,442668,20
Josephus,442668,17
Moses,442668,13
Vinci,442668,9
Miriam,442668,10
Monet,442668,24
Mamadou,34973310,14
Fatima,34973310,0
Moussa,34973310,21
Faso,34973310,0
Hominis,16932897,3
Milland,2780675,11
Moss,2780675,10
Kirshner,2780675,22
Leung,6622565,17
Kiki,6622565,16
Lo,6622565,6
Chan,6622565,17
Tsukamoto,6622565,17
David,6622565,21
Hodge,4870723,20
Joe,4870723,12
Larry,4870723,21
Owens,4870723,12
Preet,11991967,2
Rane,11991967,15
Puran,11991967,2
Shekar,11991967,12
Sam,5790961,24
Franklin,5790961,22
Jesse,5790961,15
Melanie,5790961,15
Baylor,4603146,13
Webb,4603146,1
Manny,4603146,5
Divinci,4603146,17
Doe,4603146,14
Cynthia,4603146,6
Joe,4603146,6
Dunner,4603146,17
Rodriguez,4603146,3
Hudd,4603146,0
Supreme,4603146,24
McCall,4603146,16
Kern,28074180,18
Alexey,28074180,16
Ivan,28074180,18
Alexy,28074180,0
Venus,28074180,9
John,28074180,16
Vega,28074180,7
Masha,28074180,23
Joana,27835153,6
Prats,27835153,24
Seema,2163221,5
Ajay,2163221,21
Salim,2163221,6
Rathod,2163221,18
Gulfam,2163221,21
Baig,2163221,1
Sultan,2163221,14
Veeran,2163221,15
Thakur,2163221,5
Hassan,2163221,21
Gupt,2163221,19
Barton,23977026,0
Wong,23977026,14
Peg,23977026,2
Lugosi,23977026,15
Wolf,2308701,17
Zero,2308701,4
Krona,12876201,4
Klara,12876201,18
Ooru,22165169,20
Janaki,30346440,22
Raghavan,30346440,5
Luis,36153521,9
Zack,36153521,21
Peter,36153521,15
Benji,36153521,13
Lily,36153521,3
Buckley,182737,16
Pamela,182737,6
Blanchard,182737,2
Evans,182737,8
Dare,182737,11
Weston,182737,6
Wong,182737,6
Thackeray,182737,6
Florian,182737,22
Denham,182737,3
Roberts,182737,22
Clintridge,182737,8
Lulu,182737,3
Potter,182737,6
Bell,182737,7
Hammy,7573757,3
Spike,7573757,3
Verne,7573757,17
Bucky,7573757,16
White,12590515,18
Warner,12590515,9
Nielson,12590515,8
Percival,12590515,10
Malu,12590515,6
Darwin,12590515,1
Jenny,12590515,2
Jim,12590515,3
Pedro,12590515,17
McArdle,12590515,15
Gomez,12590515,17
Malone,12590515,23
Arlene,1469880,16
Victor,1469880,13
Thomas,1469880,16
Joseph,1469880,24
Builds-the-Fire,1469880,18
Jane,18163109,23
Hickok,18163109,0
McCall,18163109,23
Nigel,4832987,6
Frayle,4832987,15
Miranda,4832987,15
Lucas,4832987,11
Marshwood,4832987,8
Charlie,11453602,23
Durai,34084997,14
Ammu,34084997,7
Aalavandar,34084997,6
Muthaiah,34084997,3
Punniyakodi,34084997,4
Bubba,26338405,2
Roo,26338405,21
Dowd,26338405,8
Nancy,26338405,1
Gabe,545933,4
YuLaw,545933,4
Rodecker,545933,24
Law,545933,12
Funsch,545933,6
Lester,15863505,3
Henderson,15863505,19
Hinds,15863505,19
Louis,15863505,6
Hooks,15863505,10
Cleo,15863505,21
Tallulah,34370049,15
Kolko,2177168,5
Kresk,2177168,6
Bollingsworth,2177168,1
Avnet,2177168,7
Scottie,2177168,5
Mikey,2177168,10
Kaul,33184966,17
Raunak,33184966,4
Kashyap,33184966,4
Charlie,33184966,9
Gauri,33184966,19
Jan,1771762,3
Cortner,1771762,3
Compton,1771762,10
Taylor,2019000,21
Kelly,2019000,4
Doug,2019000,6
Joe,2019000,6
Mary,2019000,6
Bob,2019000,6
Tina,2019000,21
Sandor,34934917,1
Dennis,34934917,21
Jan,34934917,9
Elaine,34934917,19
Phil,34934917,6
Chris,34934917,20
Preetam,4519643,3
Sahib,4519643,19
Khan,4519643,15
Shamil,4519643,6
Stalin,6040862,14
Joan,6040862,0
Heather,2558613,14
Turner,2558613,8
Whales,2558613,8
Marcy,2558613,20
Nichols,2558613,18
Traverse,2558613,14
Wise,2558613,12
Fasulo,2558613,14
Kiki,18695402,3
Denny,18695402,24
Victor,18695402,3
Paulette,18695402,6
Randall,18695402,6
Vaile,18695402,8
Christ,14524599,12
Joseph,14524599,23
Mary,14524599,23
McKenna,67444,22
Sascha,67444,6
Hubbard,67444,24
McPherson,67444,22
Frazier,67444,15
Escarzaga,67444,5
Johnson,67444,6
Joe,67444,12
June,67444,23
Petrosevitch,67444,8
Lester,67444,3
Eckvall,67444,9
Jang,28327465,4
Kyung-chul,28327465,17
Dean,1834238,6
Bostonia,1834238,3
Jos,1834238,5
Miranda,1834238,6
Camelia,1834238,5
Burt,1834238,19
Vinnie,1834238,6
Mattie,1834238,23
Garland,1834238,7
Ethan,1834238,21
Meyers,25182034,17
Rick,25182034,17
Trent,25182034,17
Castle,25182034,6
McKormick,25182034,18
Mastroianni,9223332,6
Antonelli,9223332,22
Stamp,9223332,4
Muthiah,4588808,3
Ramalingam,4588808,21
Ramanathan,4588808,3
Rajkiran,4588808,9
Ponvannan,4588808,19
Wile,10131263,3
E.,10131263,16
Dwarfstar,27044179,24
Miles,27044179,7
Grand,7146019,8
Dintruff,7146019,12
Sharon,7146019,3
Ferris,7146019,8
Susan,7146019,6
Nikki,7146019,24
Mary,7146019,5
Bill,7146019,3
Carey,7146019,23
Elias,7146019,7
Urich,24045906,9
Miller,10781602,19
Rona,10781602,14
Jacob,10781602,14
Lee,10781602,13
Seraph,10781602,1
Rachel,10781602,21
Rupert,10781602,10
Roberto,10781602,17
Robert,10781602,14
Raymond,10781602,12
Rosa,18904524,8
Chavez,18904524,21
Emily,18904524,17
John,18904524,21
Murphy,1688077,3
Leprechaun,1688077,4
J.D.,1688077,23
Jones,1688077,9
Redding,1688077,12
Ozzie,1688077,3
O'Grady,1688077,24
Alex,1688077,17
Heflin,4544156,12
Dooley,4544156,15
Saxena,11151341,14
Laila,11151341,5
Sharma,11151341,17
Shankar,11151341,2
Inder,11151341,13
Rama,11151341,13
Mickey,5996352,14
Nancy,5996352,8
McGee,590234,20
Johnny,590234,24
Dibble,590234,5
Jones,590234,17
Yaphank,590234,8
Stymie,19389917,3
Spanky,19389917,6
Mary,22892307,20
Po,21678090,18
Sellers,1466166,19
Bernie,1466166,6
Winnie,1466166,6
Burns,1466166,10
Austen,17438843,11
Clark,17438843,24
Burger,17438843,8
Trang,31729495,12
Chau,31729495,9
Phuong,31729495,19
Linh,31729495,16
Quyen,31729495,19
McCord,11188887,17
Buzz,11188887,2
Childress,11188887,5
Stafford,11188887,7
Sissy,11188887,9
Hooker,11188887,1
Tao,665867,4
Fong,665867,18
Ka-Kui,665867,17
Selina,665867,16
Li,665867,13
York,26977302,10
Yorke,26977302,2
Alexander,26977302,12
Catherine,26977302,17
Catharine,26977302,3
Frances,26977302,17
Potter,26977302,17
Jessica,6010264,3
Mickey,6010264,14
Woods,6010264,3
Margaret,6010264,8
Mary,6010264,2
Jack,6010264,21
Micky,6010264,17
Grady,6010264,9
Kathleen,6010264,3
Grogan,6010264,4
Muldoon,6010264,8
Moore,6010264,23
Carver,6010264,13
Fitzpatrick,6010264,15
Livaneli,22216863,9
Meryem,22216863,24
Cemal,22216863,24
Irfan,22216863,9
Mo,17239276,21
Lin,17239276,6
Michael,17239276,5
Vincent,17239276,3
Joe,17239276,3
Ryan,17239276,6
Ching,17239276,17
Bo,17239276,3
Guitar,1352995,15
Small,1352995,3
Logan,1352995,15
Peacock,11243442,21
Murtagh,26000394,17
Evelyn,26000394,2
Bjorn,26000394,0
Magnusson,26000394,17
Dong,24762401,14
Latha,33974279,21
Gopal,33974279,21
Ramasamy,33974279,0
Tony,11018205,9
Popovich,11018205,24
McLoughlin,11018205,15
Gina,11018205,9
Manadoro,11018205,6
Tatum,1758524,1
Elvis,1758524,11
Riley,1758524,20
Morgan,1758524,13
Jodie,1758524,5
Selena,1758524,19
Salbo,1758524,9
Nina,2610020,21
Lee,2610020,21
Jip,2610020,21
Lulu,2610020,14
Koop,2610020,21
Sherwin,27933891,13
Frederick,27933891,6
Mannion,27933891,13
Julia,27933891,22
John,27933891,21
Klein,2903228,3
Gordon,2903228,6
Leek,2903228,15
Mary,2903228,21
Smallwood,2903228,12
Kennedy,21407645,12
Billie,21639537,23
Jane,21639537,3
Joey,21639537,3
Caldwell,21639537,19
Sylvester,18557182,3
Gu,12438167,15
Cuiqiao,12438167,6
Qing,12438167,10
Shanbei,12438167,20
Jane,23541374,3
Richard,23541374,6
Oliver,23541374,13
Don,23541374,6
Webb,23541374,24
Dana,23541374,15
Cora,23541374,4
Sylvia,23541374,9
Nancy,23541374,11
Hector,23541374,5
Calvert,23541374,7
Uma,10792003,2
Saritha,10792003,21
Anand,10792003,17
Neil,24557896,0
Iqbal,24557896,6
Khanna,24557896,21
Menon,24557896,6
Samara,24557896,6
Kapoor,24557896,0
Ramsay,24557896,4
Agnihotri,24557896,9
Sia,24557896,13
Tisha,24557896,3
Shroff,24557896,5
Vikram,24557896,11
Malhotra,24557896,13
Charlie,11449940,3
Lee,7487962,20
Brownie,7487962,3
Leisha,7487962,3
Seema,28832153,7
Josy,28832153,21
John,28832153,6
Krazy,33499394,3
Kat,33499394,5
Patty,20162300,16
Graceffo,20162300,13
Carson,20162300,18
Roberts,6836554,14
Buster,6836554,2
Sybil,6836554,23
Donald,18586673,6
Colter,18586673,8
Jonas,18586673,17
Joey,18586673,14
Dorothy,18586673,17
McWhirter,18586673,3
Callhan,18586673,1
Carl,18586673,13
Kenny,18586673,20
Strachey,18586673,3
Deems,18586673,3
Bailey,18586673,23
Andrew,18586673,9
Whitaker,18586673,22
Garritty,18586673,17
Santer,18586673,5
Tim,18586673,3
Fisher,18586673,15
Derek,18586673,4
Hollis,18586673,20
Edith,18586673,3
Jane,560431,13
Briggs,560431,23
Ward,560431,17
Diane,320500,3
Voltaire,320500,15
Spear,320500,0
Charlie,320500,21
Lodder,320500,10
Stanley,320500,6
Phil,320500,1
Oscar,320500,3
Grubman,320500,13
Plumpick,251877,6
Miller,4607218,17
Ms.,4607218,1
Emery,4607218,3
Victor,4607218,3
Kandinsky,4607218,3
Wheaton,4607218,23
Reardon,4607218,7
Rimbauer,4607218,13
Red,4607218,18
Waterman,4607218,3
Steven,4607218,7
Asbury,4607218,5
Bollinger,4607218,3
Kramer,4607218,17
Ellen,4607218,16
Petrie,4607218,1
Rachel,4607218,13
Adam,4607218,8
Annie,4607218,3
Hardaway,4607218,15
Cathy,4607218,5
Sukeena,4607218,1
Joyce,4607218,6
Arthur,28714204,8
Molly,28714204,4
Betty,28714204,4
Slade,28714204,1
Herbert,8288167,8
Cary,8288167,10
Ryan,8288167,15
Wilson,8288167,3
Doc,8288167,3
Winter,4968653,24
Porthos,4968653,14
Felton,4968653,3
Richelieu,4968653,3
Constance,4968653,3
Buckingham,4968653,2
Milady,4968653,17
Rochefort,4968653,17
Kher,8465510,21
Simran,8465510,8
Santhosh,8465510,3
Indhu,8465510,14
Gambrelli,2363899,18
Yasmin,2363899,1
Clouseau,2363899,12
Dave,27652221,1
Moreno,27652221,6
Yupadee,31961070,22
Lambert,6900343,6
Luger,6900343,5
Mueller,6900343,23
Lidija,30320975,7
Novica,30320975,4
Mina,30320975,16
Pufta,30320975,15
Stanislav,30320975,5
Milutin,30320975,18
Relja,30320975,21
Mirko,30320975,2
Michener,23423124,21
Burns,23423124,22
Gaur,18459855,7
Singhal,18459855,2
Sharma,18459855,14
Jai,18459855,13
Neha,18459855,14
Sanders,18331475,1
Diamond,18331475,4
Breastful,18331475,10
Walter,9938840,5
Paul,11709212,1
Siu,11709212,15
Berglas,11709212,15
Miller,11709212,9
Graham,11709212,14
Zelenika,11709212,22
Shannon,11709212,14
Yixin,11709212,0
Diab,11709212,10
Devane,11709212,20
Jansen,11709212,17
Tang,11709212,1
Harper,11709212,11
Flint,11709212,10
Pang,11709212,11
Maas,11709212,24
Saxon,11709212,7
Sheehan,11709212,18
Neo,11709212,1
Caldwell,11709212,15
Wei,11709212,20
Schraeder,11709212,18
Bilusic,11709212,9
Vi,11709212,22
Li-Paz,11709212,15
Dehn,11709212,9
Carver,11709212,19
Bone,11709212,12
Barbara,34361583,6
Needleman,34361583,6
Sadie,34361583,10
Cindy,34361583,13
Kate,34361583,18
George,34361583,21
Joe,34361583,3
Jake,34361583,3
Howie,34361583,13
Madea,34361583,7
Goldberg,34361583,21
Brian,34361583,17
Nelson,34361583,4
MacNeil,949857,21
Joan,949857,21
Laird,949857,11
Mh,949857,4
Kenny,949857,6
Castle,949857,12
Potts,949857,12
Bellinger,949857,9
Webster,949857,8
Bridie,949857,11
Torquil,949857,13
Vale,21620643,24
Chris,21620643,23
Otis,28408035,17
O'Neil,28408035,17
Tara,28408035,18
Williams,1443093,6
Nick,1443093,3
Castle,1443093,17
Phibes,1443093,13
Baxter,1443093,22
Wayne,1443093,6
Blake,1443093,17
Elizabeth,1443093,23
Dan,1443093,17
Solley,1443093,10
Kathy,1443093,6
Stevie,1443093,23
Kobritz,1443093,9
Malone,1443093,17
Andy,1443093,19
Peloquin,1126777,6
Lylesburg,1126777,5
Kinski,1126777,6
Boone,1126777,21
Ashberry,1126777,3
Lori,1126777,3
Rachel,1126777,10
Eigerman,1126777,4
Anne,1126777,10
Narcisse,1126777,6
Baphomet,1126777,20
Decker,1126777,17
Midian,1126777,14
Boeldieu,62097,6
Rosenthal,62097,19
Rauffenstein,62097,4
Wintersborn,62097,10
Lotte,62097,13
Elsa,62097,6
Ellman,8949772,4
Beaumont,8949772,17
Eggleston,22806041,6
Clarence,22806041,23
Myron,22806041,13
Winters,22806041,24
Rose,22806041,2
Bentley,22806041,2
Tennant,22806041,9
Fairchild,22806041,6
Megan,29267698,3
Lillian,29267698,6
Nathan,29267698,18
Phillips,29267698,7
Gil,29267698,5
Brynn,29267698,6
Walker,29267698,24
III,29267698,2
Rhodes,29267698,3
Ted,29267698,13
Helen,29267698,21
Donovan,29267698,6
Annie,29267698,3
Marlon,4055312,10
Tito,4055312,10
Lou,4055312,6
Pesci,4055312,14
Kritski,4055312,0
Sunita,31552848,2
Amrit,31552848,3
Kamla,31552848,21
Merle,30516304,21
McAllister,30516304,10
Anthony,30516304,3
Gore,35853519,22
Richard,2862798,12
Lymon,2862798,0
Taylor,2862798,11
Elizabeth,2862798,10
Waters,2862798,1
Jr.,2862798,8
Rock,2862798,9
Hitler,163500,16
Mussolini,163500,19
Veluthambi,30033098,3
Madhi,30033098,10
Annamalai,30033098,8
Nemali,13903423,18
Sagar,13903423,14
Prabhu,13903423,3
Shilpa,13903423,3
Sneha,12298153,16
Arjun,12298153,18
Mammootty,12298153,18
Bowen,4165940,4
Taylor,4165940,11
Simons,4165940,23
Burnett,4165940,6
Ellsworth,4165940,12
Hilary,4165940,13
Price,4165940,6
Halsey,25948068,15
Bronson,25948068,2
Tony,25948068,20
Pande,10048256,18
Tony,10048256,23
Tito,10048256,23
Shyam,10048256,13
Kajal,10048256,22
Singh,10048256,12
Ranjita,10048256,18
Jarvis,11761134,4
Tom,11761134,9
Ching,12510348,8
Shikiba,2753501,6
Nozomi,2753501,15
Kenichi,2753501,3
Tsuchiya,2753501,17
Taka,2753501,3
Yamanaka,2753501,2
suke,2753501,4
Takahiro,2753501,16
Keiichi,2753501,13
Sud,2753501,9
Sait,2753501,10
Silvia,2753501,9
Tatsuya,2753501,24
Kaoru,2753501,3
Kazuki,2753501,13
Sawaki,2753501,22
Vanessa,3071025,16
Mathilde,3071025,19
Mickael,3071025,16
Annie,3071025,19
Steiner,3071025,6
Martin,14647227,8
Manot,14647227,20
Geeta,6673524,7
Devi,6673524,3
Rao,6673524,1
Rajaram,6673524,14
Rangarao,6673524,17
Lata,6673524,7
Kennedy,7577290,11
Miller,7577290,19
Roschmann,7577290,19
Como,7577290,10
Bragg,10090939,20
Morgan,10090939,9
Scott,10090939,15
Johnny,129331,15
Rita,129331,2
Rose,129331,6
Carr,129331,12
Castorini,129331,1
Loretta,129331,3
Cammareri,129331,3
Ronny,129331,6
Perry,129331,23
Cappomaggi,129331,3
Caplan,33736342,6
Holmes,3085944,20
Watson,3085944,14
Chionglo,6967345,9
Michael,6967345,10
Bert,6967345,23
Alfred,6967345,23
Loca,6967345,20
Dwight,6967345,18
Pleasence,2745708,9
Lee,2745708,9
Rushton,9468375,24
Howard,9468375,6
Mandy,9468375,24
Quivers,9468375,5
Kenny,9468375,4
Gloria,9468375,6
Fairchild,9468375,19
Norris,9468375,19
Dee,9468375,9
Stern,9468375,3
Alison,9468375,2
Fartman,9468375,24
John,9468375,6
Robin,9468375,2
Farrow,9468375,22
Mariana,284697,6
Hatcher,284697,17
Beck,284697,3
Travis,284697,6
Walker,284697,6
Vincent,30860835,3
Verne,30860835,6
Sharp,30860835,12
Hammy,30860835,23
LaFontant,30860835,15
Gladys,30860835,3
Tanga,20752962,19
Puna,20752962,19
Kottmeyer,20752962,18
Philbrick,20752962,16
Fuller,14573842,20
Washington,14573842,0
Douglas,9271078,9
Lorca,9271078,13
III,9271078,8
Margaret,9271078,5
Polan,9271078,4
Ma,9271078,24
Semaj,24193429,6
Swazey,24193429,4
Carson,24193429,3
Stacie,24193429,3
Washington,24193429,7
Benny,24193429,6
Lorenzo,24193429,17
Jimmy,24193429,12
Kevin,24193429,21
Mithun,12370259,2
Rati,12370259,6
Rekha,12370259,19
Agnihotri,12370259,2
Dennis,15810392,21
Rice,15810392,21
Garcia,15810392,3
Andrew,15810392,9
Sarah,15810392,3
Ravin,15810392,3
Ashley,15810392,21
Kyra,15810392,6
Sheppard,15810392,9
Peyton,15810392,21
Travis,6114249,14
Anderson,6114249,10
Edith,6114249,0
Wright,25073384,23
Blake,25073384,10
Mac,25073384,16
Grazia,3416335,23
Lambert,3416335,19
Michele,19162048,23
Lucania,19162048,24
Abbagnano,19162048,21
Omar,28510605,24
Emmanuel,28510605,18
Adam,33362692,9
Nico,33362692,3
Nani,33362692,21
Fadzly,33362692,3
Amin,33362692,2
Kura-Kura,33362692,9
Barbara,1246278,6
Gordon,1246278,11
Robin,1246278,2
Belson,1246278,6
Kunac,1246278,4
Grayson,1246278,1
Batman,1246278,3
Nora,1246278,24
Brendan,13751839,3
Mr.,13751839,13
Willy,13751839,12
Luke,11760680,3
Diana,11760680,8
Keefe,11760680,2
Malloy,11760680,10
Snake,11760680,10
Lucy,4333107,6
Nell,4333107,13
Cooper,4333107,21
Anita,4333107,2
Barkley,4333107,6
George,4333107,6
Cora,4333107,13
Addie,4333107,13
Robert,4333107,15
Lepetit,5151199,15
Guernica,2571942,13
Gilot,2571942,9
Walter,2571942,6
Picasso,2571942,9
Khokhlova,2571942,22
Jack,26852809,7
Carl,26852809,16
Sadanandan,26408513,23
Nobbage,32942981,4
Henry,80493,6
Katherine,80493,1
Fluellen,80493,10
VI,80493,12
Lucie,4339865,6
Max,4339865,1
Mirecourt,4339865,6
Alwina,4339865,3
Tam,4339865,1
Tom,5347029,3
Ralph,5347029,16
Moundshroud,5347029,6
Jenny,5347029,3
Skelton,5347029,17
Wally,5347029,16
Henry,4921024,24
Sherry,4921024,6
Christ,4921024,1
Caine,4921024,9
Clarke,4921024,16
Dale,4921024,16
Scully,9179879,23
Cochellas,9179879,12
Andrews,9179879,20
Rosita,9179879,5
Stephen,9179879,2
Cugat,9179879,11
Judy,9179879,21
Pringle,9179879,9
Foster,9179879,3
Carol,9179879,19
Murugun,22054974,2
Reddy,22054974,10
Murugan,22054974,1
Dolly,22054974,13
Rajendra,22054974,23
Adami,19401808,22
Dani,19401808,19
Salih,2908429,16
Ali,2908429,21
Emine,2908429,2
Jude,34068003,24
Al,34068003,23
Woodruff,34068003,14
Carlo,34068003,10
Riley,34068003,14
Dwayne,34068003,23
Seong-gye,33833232,17
Ja-chun,33833232,8
King,33833232,21
Gongyang,33833232,17
Cusack,22877469,16
Fletcher,22877469,13
Danny,25893786,3
Julie,25893786,21
Karan,8889869,20
Angad,8889869,17
Baldev,8889869,21
Choudhary,8889869,2
Collignon,44302,7
Dufayel,44302,13
Amelie,44302,16
Quincampoix,44302,15
Lucien,44302,5
Diana,44302,13
Renoir,44302,14
Kraler,3118146,7
Frank,3118146,6
Gies,3118146,22
Daan,3118146,7
Dussel,3118146,18
Jan,3118146,20
Miep,3118146,6
Anne,3118146,3
Margot,3118146,23
Silberbauer,3118146,1
Katkar,33435755,9
Kapoor,33435755,5
Chakraborty,33435755,5
Zubaan,33435755,2
Harry,18960947,21
Lees,18960947,14
Eva,18960947,21
Nam,7055021,20
Sui,7055021,14
Fok,7055021,8
Damon,19016611,20
Mookie,19016611,7
Legrand,22120174,14
Babson,22120174,6
Weissman,22120174,20
Bergman,22120174,24
Paula,22120174,6
Sinatra,22120174,24
Medina,22120174,10
Bennett,22120174,20
Streisand,22120174,20
Larry,22120174,3
McCullen,22120174,20
Miller,16171201,9
Pamela,16171201,23
Reeves,16171201,23
Barton,16171201,12
Pandora,16171201,16
Harley,16171201,3
Winnard,16171201,7
Jenna,16171201,13
Chris,16171201,21
Tumaneng,16171201,9
Harriman,16171201,8
Douglas,5465083,9
Taylor,5465083,9
Wilfred,5465083,9
Bois-Guilbert,5465083,13
Ralph,5465083,10
Rebecca,5465083,4
Cedric,5465083,4
Hood,5465083,5
Rowena,5465083,8
Bracy,5465083,9
Wamba,5465083,21
king,5465083,15
John,5465083,13
Richard,5465083,4
Ivanhoe,5465083,14
Isaac,5465083,13
HERSHENFELD,24345943,10
Star,24345943,20
Stars,24345943,9
SHEINMAN,24345943,9
STARR,24345943,20
MURRAY,24345943,21
Rebekka,24345943,6
Chet,26317238,10
Eiko,21082409,7
Tatsuya,21082409,11
Starsha,19139672,5
Samir,26121980,5
Akbar,26121980,15
Carrie,26121980,19
Lucas,5019011,13
Olsen,5019011,6
Peter,5019011,6
Gates,5019011,3
Amelia,5019011,21
Claredon,5019011,2
West,5019011,1
Sr.,5019011,13
Griggs,5019011,21
Phil,5019011,6
Gareth,5019011,2
Hajar,35013213,5
Badar,35013213,23
Yee,930381,15
Nell,20847232,23
Whiteman,20847232,15
Connors,20847232,12
Holden,20847232,13
Willie,20847232,16
Hitler,27853508,1
Clauberg,27853508,18
Nazis,27853508,23
Mengele,27853508,14
Pike,19912421,24
Vermillion,19912421,23
Seabasket,14503425,1
Veronica,20857007,23
Matthew,20857007,16
Louise,20857007,3
Bach,14344144,14
Horst,14344144,3
Josef,14344144,6
Marie,14344144,21
David,14344144,3
Jack,603224,3
Robinson,603224,12
Latisha,31072825,14
Saidu,31072825,12
Lori,31072825,19
Reza,31072825,24
Tyrone,31072825,10
Lincoln,18041934,2
Lanzetta,19094684,15
Corrasco,19094684,24
let,27367070,0
George,27367070,14
Martha,27367070,14
Harvey,27367070,17
Babu,30710925,2
Sunil,30710925,21
Subbulu,30710925,12
Soorma,7567438,23
Dilwala,7567438,6
Niven,10931425,9
Stingray,2223425,16
Jones,2223425,8
Mommy,2223425,15
Achuthan,31388587,2
Nair,31388587,7
Demetrius,6264910,2
Bottom,6264910,15
Helena,6264910,24
Theseus,6264910,19
Oberon,6264910,2
Lysander,6264910,14
Joseon,24282011,5
Jacob,30345305,4
Anna,30345305,3
Kubrick,1659954,13
Julian,1659954,8
Alexander,1659954,6
Burgess,1659954,1
Magee,1659954,3
Billyboy,1659954,0
Alex,1659954,3
Deltoid,1659954,0
Beethoven,1659954,5
Bakker,8451362,7
Peters,8451362,5
Matz,8451362,19
O'Connor,8451362,22
Teresa,2093581,16
Marques,2093581,3
Amadayo,2093581,1
Alfredo,2093581,6
Gomez,2093581,24
Cristina,2093581,15
Leon,2093581,6
Corledo,2093581,24
Harry,300910,22
Don,300910,17
Gal,300910,6
Logan,300910,14
Gary,300910,3
Deedee,300910,17
Jackie,300910,2
Williams,92539,19
Maria,92539,14
Anita,92539,6
Bianchi,92539,7
Giorgio,92539,6
Burgoyne,92539,17
Hutchins,92539,24
Principessa,92539,0
Dino,92539,13
Francis,92539,16
Cessi,92539,23
Frances,92539,21
Shadwell,92539,6
Sinclair,19828754,0
Hare,14482638,4
Alice,14482638,3
Kingsleigh,14482638,22
Ascot,14482638,15
Henry,12053509,16
Bodek,12053509,6
Harry,12053509,6
Tony,12053509,20
Barnett,12053509,6
Palmer,12053509,22
Randy,12053509,6
Jory,12053509,16
Bruckner,12053509,24
Jenny,12053509,6
Delancy,12053509,23
Buffaloman,11841904,5
Taylor,24052626,2
Scorsinni,24052626,3
Lynch,24052626,8
Richter,24052626,0
Nikki,24052626,21
Roman,24052626,20
Larry,24052626,3
Singer,24052626,20
Rock,24052626,15
Lissa,24052626,23
Brian,24052626,13
Kyndra,24052626,1
Juan,13606347,24
Fujii,13606347,19
Miki,13606347,12
Rikako,13606347,3
Elatrash,10100086,5
Lowy,10100086,11
Berger,10100086,23
Netanyahu,10100086,5
Petel,10100086,19
Arnold,10100086,4
Raima,19553721,2
Mukherjee,19553721,21
Singh,19553721,12
Runi,19553721,13
Pramanick,19553721,18
Templeton,20833107,13
Jones,20833107,17
Graham,20833107,3
Bell,20833107,15
Climbs,27577419,0
Colbert,12573781,20
Joel,12573781,12
Barbery,12573781,12
Dailey,12573781,24
Crawford,12573781,13
Smith,12573781,22
Martin,12573781,22
Ghostley,12573781,2
Boone,12573781,18
Conried,12573781,17
Ritchard,12573781,8
Ameche,12573781,24
Boland,12573781,7
Bracken,12573781,24
DeAngelis,2449700,2
Antonia,2449700,3
Luigi,2449700,16
Gary,16731651,14
Katie,18733964,8
Keach,18733964,15
Harry,18733964,6
Nina,18733964,13
Lilly,18733964,22
Howard,18733964,5
Hemingway,18733964,0
Sally,18733964,15
Warshaw,1823450,17
Tommy,1823450,23
Goodwin,5656505,21
Sally,5656505,6
Harold,5656505,3
Lindbergh,5656505,12
Buster,5656505,21
Mifflin,17055534,17
Powell,17055534,6
Knopf,17055534,18
Child,17055534,21
Hitler,2950931,1
Glaubens,2950931,8
Brennan,18418904,7
Moctar,18418904,21
Khurshed,12981503,23
Nazarov,12981503,9
Douglas,584255,23
Leafe,584255,1
Fred,584255,3
Maureen,584255,21
Linda,584255,2
Upmore,584255,1
Sally,584255,3
Sylvia,584255,9
Baxter,584255,11
Ramsden,584255,3
Bragg,584255,9
Vooshka,584255,19
Joe,584255,6
Sandra,584255,18
Veronica,584255,10
Carol,584255,18
Daphne,584255,19
Barnes,584255,9
Crump,584255,12
Jo-shi,23275133,23
Sivaiah,23692638,21
Mahalakshmi,23692638,19
Amy,6159321,3
Eric,6159321,15
Eli,6159321,6
Glenda,6159321,5
Kimberly,5933936,3
Blackbear,5933936,7
Brandi,5933936,13
King,5933936,23
Amy,8072787,17
Alan,8072787,6
God,8072787,6
Barney,8072787,18
Alstein,8072787,19
Sartiano,8072787,15
Anne,8072787,3
Adam,8072787,3
Holicky,8072787,20
Prasad,24636388,8
Neela,24636388,6
Kalu,24636388,3
Ranjan,24636388,17
Halliwell,248601,1
Leila,6650131,3
David,6650131,3
Victoria,6650131,3
Murphy,2028302,14
Bailey,2028302,12
Brigitte,2028302,4
Gilbert,2028302,17
Hunter,2028302,17
Ginger,2028302,3
Geoffrey,2028302,23
James,2028302,16
Wallace,2028302,17
Barrington,5551144,8
Mustangs,5551144,3
Palaita,5551144,10
Bates,5551144,24
Kelvin,5551144,17
Weathers,5551144,17
Owens,5551144,11
Porter,5551144,21
Grunick,129278,13
Craig,129278,1
Altman,129278,22
Frannie,32986461,2
Vaughn,32986461,19
Rubin,32986461,19
Jake,32986461,15
Natalie,32986461,11
Aslan,9951334,7
Semyon,9951334,11
Petersburg,9951334,7
Margaret,9951334,1
Shamayev,9951334,4
Ivan,9951334,6
Yermakov,9951334,7
Peterburg,9951334,19
Medvedev,9951334,4
Gugayev,9951334,10
Kelly,9951334,0
Boyle,9951334,3
John,9951334,11
Petya,9951334,16
Moore,36173338,15
George,18205118,4
Robbins,18205118,9
Jayaram,20286596,18
Babu,20286596,18
Karunanidhi,20286596,7
Anandan,20286596,24
Madan,20286596,17
Meena,20286596,24
Tessa,13714405,9
Vangie,13714405,1
Jonathan,13714405,1
Reyes,13714405,16
Boy,13714405,21
Girl,13714405,16
Detweiler,5664067,12
Vince,5664067,3
Finster,5664067,6
Spinelli,5664067,3
Gus,5664067,6
Tubby,5664067,3
T.J.,5664067,13
Randall,5664067,6
Hector,5664067,6
Gretchen,5664067,3
Mikey,5664067,6
Lucy,5301628,6
Faber,5301628,9
Tom,5301628,17
Paul,613037,20
Miller,613037,9
Kiki,613037,2
Franklin,613037,19
Marcy,613037,2
Neil,613037,0
Pepe,613037,0
Julie,613037,19
Bridges,613037,5
Horst,613037,10
Schorr,613037,17
Hackett,613037,3
Johnny,4189858,10
Tom,4189858,3
Roarke,4189858,4
Terry,4189858,13
Willa,4189858,13
Wade,4189858,3
Niwas,8813317,7
Bachchan,8813317,19
Krishna,8813317,3
Verma,8813317,6
Sharma,8813317,21
Raghu,8813317,3
Daduji,8813317,22
Butt,26012847,19
Ken,26012847,24
Jojo,26012847,4
Sushma,11040052,7
Roy,11040052,3
Fay,11482774,12
Tom,32943246,9
Levy,32943246,9
Robinson,32943246,17
Meadows,32943246,11
Popi,22623637,3
Lolota,22623637,21
Nikos,22623637,3
Lalakis,22623637,5
Molfetas,22623637,20
Makrykostas,22623637,8
Koutroumbas,22623637,15
Fickett,5416943,24
Hollander,5416943,10
Hunter,5416943,9
Perry,5416943,10
Bentwright,5416943,12
Reardon,5416943,21
Freud,12010187,6
Koertner,12010187,16
Martha,12010187,13
Jimmy,6851815,20
Judy,6851815,20
Sylvester,20136626,23
Gonzales,20136626,23
Joey,920468,4
II,920468,15
Tate,920468,18
Cartier,920468,5
Deloris,920468,23
Wilson,920468,10
LaRocca,920468,11
Vince,920468,17
O'Hara,920468,6
Clarence,920468,23
Willy,920468,17
Mother,920468,21
Souther,920468,21
Patrick,920468,13
Sam,290970,6
Trask,290970,13
Aron,290970,6
Kate,290970,7
Lakshmi,26599446,8
Thambi,26599446,22
Achu,26599446,5
Raj,35924794,3
Height,35924794,4
Binee,35924794,3
Amir,35924794,3
Bineeta,35924794,4
Dean,2474297,17
Barbara,2474297,2
Peter,2474297,6
Kate,2474297,3
Reynolds,2474297,6
DeCarlo,2474297,6
Thorn,2474297,17
Stiffler,18913714,10
Seann,18913714,3
Justin,18913714,3
Neo,18913714,16
Mo,20613621,12
Tigger,3395769,21
Dickens,3395769,12
Roo,3395769,3
Carol,3395769,2
Mathilde,26931217,6
Ingrid,26931217,3
Clara,26931217,3
Benedetto,26931217,8
Pavel,26931217,6
Jack,26931217,17
Kumar,5915965,7
Priyanka,5915965,8
Sangeeta,5915965,20
Asokan,5915965,8
Varma,5915965,13
Velasquez,11776754,4
Ed,11776754,9
Hawk,11776754,12
Hamilton,11776754,15
Lisa,11776754,20
Garlits,3017464,12
Connie,3017464,6
Shirley,3017464,6
Roque,3017464,9
Muldowney,3017464,19
Kalitta,3017464,20
Jack,3017464,6
Tex,3017464,8
Jessup,19833925,19
Lawton,5701463,3
Masson,5701463,24
Malic,5701463,23
Hastings,5701463,10
Macklin,24061036,15
Haley,24061036,12
Ritchie,24061036,12
Westgate,1400235,21
Pilkington,1400235,0
Foster,1400235,5
Linda,15837630,6
Mablean,15837630,1
Joshua,15837630,6
Donna,15837630,21
Madea,15837630,4
Simmons,15837630,7
Ellen,15837630,6
Joe,15837630,23
Cora,15837630,6
Chuck,15837630,3
Candace,15837630,3
Phil,15837630,13
Davis,15837630,8
Hardaway,15837630,6
Washington,15837630,23
Mathis,15837630,13
Mann,15837630,9
Brian,15837630,20
Schultz,8153729,9
Painter,8153729,23
Brown,8153729,2
Carol,8153729,11
Richard,1089042,17
Fitzwalter,1089042,17
Marian,1089042,4
Guy,1089042,22
Hood,1089042,5
Earl,1089042,3
coward,1089042,22
Huntingdon,1089042,2
Alan-a-Dale,1089042,9
John,1089042,13
Alava,11993205,19
Danielsson,11993205,1
Bruckner,11993205,4
Siva,11993205,0
Alaya,11993205,3
Malone,11993205,8
Matangi,11993205,16
Ukon,11839133,1
Gammalar,11839133,17
Buster,11839133,0
Dragon,11839133,10
Mari,11839133,5
Harigorasu,11839133,17
Kinnikuman,11839133,3
Mask,11839133,16
Gigasaurus,11839133,24
Helsing,1219214,4
Solina,1219214,5
Marcus,1219214,10
Iscariot,1219214,18
Jesus,1219214,4
Heller,1219214,13
Dracula,1219214,3
Mary,1219214,17
Sheppard,1219214,17
Simon,1219214,6
Westerman,1219214,4
Yann,16512511,23
Boris,16512511,13
Rollo,24624474,3
Mariana,24624474,22
Laird,24624474,3
Sebastian,24624474,3
Daria,24624474,4
Hildegarde,24624474,21
King,24624474,13
Heath,24624474,13
Naohiko,27513990,1
Faulkner,10398987,15
Evans,2583417,20
Coates,2583417,12
Ludlow,2583417,17
Wander,2583417,4
Corbett,2583417,11
Diskant,2583417,15
Biggs,2583417,21
Green,2583417,17
Washington,2583417,11
Clady,2583417,17
Betsy,21954098,1
Sandra,20453522,1
Decker,20453522,17
Banks,20453522,24
Konga,20453522,10
Margaret,20453522,9
Bob,20453522,10
Kenton,20453522,23
Penelope,5239322,23
Haywood,5239322,17
Stewart,5239322,21
Wayne,5239322,11
Amos,4482088,3
Arjuna,4482088,13
Krishna,4482088,17
Khan,4482088,14
Gadi,4482088,15
Judd,4482088,22
Slade,4482088,3
Narada,4482088,20
Molly,4482088,13
Boyd,4482088,9
Jr.,4482088,18
Cabot,4482088,1
Bennett,4482088,3
Salma,13579442,18
Oberoi,13579442,24
Khan,13579442,0
Banne,13579442,19
Walter,3454830,13
Knox,3454830,17
Margaret,3454830,9
Hanlan,3454830,15
Ned,3454830,16
Bill,3454830,10
Krueger,31658692,2
Freddy,31658692,3
Walshes,31658692,1
Jesse,31658692,3
Angela,31658692,16
Grady,31658692,3
Thompson,31658692,9
Lisa,31658692,3
Boop,7211748,4
Bimbo,7211748,3
Hucklebuckle,30213083,21
Quinn,30213083,15
Eli,30213083,5
Stout,30213083,19
Bud,30213083,4
James,30213083,3
take,30213083,5
Emma,4083603,21
Ray,4083603,3
Nicholas,4083603,23
Whitfield,4083603,18
Walsch,4083603,6
Sally,4083603,19
Cheryl,4083603,13
Stewart,4083603,23
Grace,4083603,6
Talloway,4083603,18
Alex,4083603,13
Franz-Josef,3656567,18
Gravina,3656567,13
Fuller,3656567,0
Eberle,3656567,19
Wray,3656567,10
Pitts,3656567,5
Schrammell,3656567,18
Mack,3656567,18
George,3656567,0
Vaverka,3656567,14
Fawcett,3656567,0
Betz,3656567,10
Stroheim,3656567,12
Bracey,3656567,1
Schweisser,3656567,21
Junior,450141,24
Burnham,450141,3
Sarah,450141,3
Stephen,450141,17
Raoul,450141,10
Meg,450141,3
Altman,450141,7
Murdock,1716822,23
Beddoe,1716822,16
Orville,1716822,1
Philo,1716822,3
Clyde,1716822,10
Boggs,1716822,24
Lynn,1716822,21
Halsey-Taylor,1716822,15
Adam,30008595,21
Violette,30008595,2
Jalandhara,29607299,6
Sowmya,29607299,6
Rao,29607299,1
Ramayya,29607299,21
Boss,29607299,3
Mooppan,20674930,0
Subhashini,20674930,4
Thakara,20674930,3
Ryuta,18735140,23
Shinji,18735140,6
Tomoko,18735140,1
Baker,11387259,17
Linda,11387259,6
Hitler,11387259,10
Janowski,11387259,6
Parker,11387259,20
Day,11387259,2
Talman,11387259,20
Alia,21536300,18
Sathyam,26616774,1
Parvati,26616774,9
Saraswati,26616774,4
Parvathi,26616774,14
Lucy,1046559,2
Briggs,1046559,20
Helsing,1046559,3
Mina,1046559,3
Van,1046559,24
Martin,1046559,18
Dracula,1046559,3
Seward,1046559,13
Renfield,1046559,23
Weston,1046559,19
Lantier,30296126,12
Keith,20762022,13
Kim,20762022,12
Goldberg,20762022,19
Tree,594240,8
Kate,594240,13
Millard,594240,20
Charlie,594240,13
Besser,594240,3
McKay,594240,1
Mountbatten,594240,3
Barker,24438195,19
Daly,24438195,21
Rodgers,24438195,17
rob,24438195,5
Mirakian,24438195,9
Ryan,24438195,6
Nancy,24438195,13
Ritchie,24438195,18
Penning,6686041,4
Marcus,6686041,10
Gelwix,6686041,20
Butch,19662241,16
Darla,19662241,6
Mehra,5995771,6
Phoolwa,5995771,24
Neeta,5995771,21
Sunil,5995771,13
Danny,336846,3
McGee,336846,18
Rizzo,336846,21
Kenickie,336846,17
Sandy,336846,6
Calhoun,336846,1
Olsson,336846,21
Zuko,336846,20
Cha-Cha,336846,21
Fontaine,336846,11
Sonny,336846,13
Jean-Claude,7012612,6
Asparagus,7012612,10
Stuff-Mart,7012612,13
Larry,7012612,2
Bob,7012612,3
Philippe,7012612,20
Blueberry,7012612,6
Shrihari,30518589,6
Madavan,30518589,24
Christopher,4213213,6
Joe,4213213,14
Arnott,4213213,9
Cross,4213213,8
Cole,26624894,14
Priscilla,26624894,4
Hart,26624894,22
Shiga,4429064,4
Yuzuru,4429064,6
Satomi,4429064,3
Azusa,4429064,23
Bob,26450636,5
Larry,26450636,21
Beakly,213188,6
Vanderquack,213188,11
Pescetto,213188,15
Webby,213188,3
Baba,213188,4
Merlock,213188,6
Gene,213188,11
Scrooge,213188,3
Dijon,213188,3
Lesiev,2313322,4
Evilenko,2313322,16
Richter,2313322,4
Mukesh,26623381,23
Thampy,26623381,24
Thampi,26623381,6
Lisamma,26623381,14
Malina,22410343,16
nov,22410343,12
Gangasaran,11353680,0
Beena,11353680,21
Bankhe,11353680,11
Ratanlal,11353680,10
Gopal,11353680,6
Rajan,11353680,6
Burke,12147070,8
Neal,12147070,4
Audrey,12147070,21
Jerry,12147070,21
Harper,12147070,6
Sunborne,12147070,12
Brian,12147070,17
Dyerson,15792241,12
Polarski,15792241,11
Sven,15792241,0
Bud,15792241,16
Larry,15792241,3
Sorenson,15792241,21
Lane,1712963,14
Laura,1712963,22
Hal,1712963,14
Randy,1712963,8
Tom,1712963,14
Schneider,1712963,5
Leonard,1712963,22
Webber,1712963,10
Bonner,1712963,0
Chad,1712963,24
Brandston,1712963,22
Tattersall,22824677,18
Archy,22824677,3
Bill,22824677,3
Alex,6301488,16
Madhavi,32669355,10
Neduncheziyan,32669355,17
Kannagi,32669355,3
Kovalan,32669355,21
Steve,20396076,6
Brad,20396076,6
Gwen,20396076,24
blackmail,20396076,7
Crandall,20396076,10
Morgan,20396076,5
Dolly,20396076,6
Plotz,1749769,3
Wakko,1749769,3
Salazar,1749769,17
King,1749769,17
Warnerstock,1749769,4
Winter,5016784,2
Joe,5016784,4
Silveri,5016784,14
Su-Jin,2091919,7
Jin,2091919,9
Chul-Soo,2091919,24
Soo,2091919,23
Amy,2735558,9
Polly,2735558,12
Lawrence,2735558,2
Tom,2735558,6
Finn,2735558,21
Sawyer,2735558,17
Huck,2735558,12
Becky,2735558,6
Joe,2735558,4
Thatcher,2735558,1
Sid,2735558,16
Mutt,2735558,16
Potter,2735558,12
God,34953154,13
Jill,3307987,14
Bing,3307987,5
Karena,3307987,22
Jack,3307987,7
Brian,8960715,16
Duclos,29385517,24
Montgomery,3769756,19
Geronimo,3769756,1
Cook,412144,19
Jeroen,412144,3
Narbutus,412144,15
Marina,31015146,17
Cecilia,31015146,23
Jerry,11697505,20
Fudd,11697505,10
Elmer,11697505,13
Ekanth,34195557,4
Vidya,34195557,21
Kishor,34195557,6
Sindhu,34195557,6
Eknath,34195557,16
Okin,2020750,3
Diana,2020750,4
Kader,27628976,18
Bhuree,27628976,17
Shardha,27628976,20
Reshma,27628976,8
Khan,27628976,21
Shanta,27628976,4
Tejaa,27628976,24
Rajan,27628976,13
Diwan,27628976,6
Rahim,27628976,6
John,27628976,17
Kayal,14851642,1
Vazhthugal,14851642,12
Kathiravan,14851642,21
Kathrivan,14851642,7
Wilson,5793348,2
Fennis,5793348,15
Shiner,5793348,1
Khan,33373735,9
Agnihotri,33373735,5
Bernhard,32834566,11
Lillian,525314,6
Wolf,525314,1
Mongo,525314,2
Harold,525314,6
Fiona,525314,6
Shrek,525314,3
Godmother,525314,6
Reshma,4745376,23
Preeti,4745376,3
Sridhar,4745376,21
Tarun,4745376,12
Rick,15966157,16
Lauren,15966157,21
Crandell,15966157,6
Tedanski,15966157,9
Nick,15966157,21
Darla,15966157,6
Corina,15966157,2
Brad,15966157,6
Jay,15966157,6
Lily,15966157,6
Marc,15966157,20
Taylor,19691543,23
Pretzler,19691543,1
Rhonda,19691543,16
Spitz,19691543,19
Gopi,17565926,20
Madhavan,17565926,16
Anand,17565926,13
Victoria,1428872,3
Harold,1428872,13
Constantine,1428872,3
Shand,1428872,12
Cevher,26017039,21
Karthik,6146523,21
Chandraiah,6146523,13
Pawan,6146523,23
Bhanu,6146523,6
Padmavathi,6146523,5
Padhu,6146523,22
Anjana,10639715,23
Shekar,10639715,6
Prudhvi,25451837,0
Thyagarajan,25451837,1
Rao,25451837,1
Kaali,25451837,24
Bhanupriya,25451837,6
Stevie,37501922,9
John,37501922,20
Alex,37501922,20
Andrea,6960205,0
Marr,6960205,0
Cybil,6960205,7
Sparrow,6960205,19
Stone,8959809,4
Deux-Deux,8959809,24
Wong,8959809,16
Ganguly,20390234,7
Majumdar,20390234,1
Bandopadhyay,20390234,8
Chatterjee,20390234,11
Piel,8870565,22
Berger,8870565,22
Palen,8870565,22
Helene,8870565,22
Radek,8870565,9
Scheffel,8870565,4
Auto-Firma,8870565,22
Holm,8870565,23
Ledebur,8870565,12
Eggert,8870565,6
Paulm,8870565,15
Potechina,8870565,12
Francois,8870565,12
Ziller,11401326,2
Zoller,11401326,18
Rumford,11401326,22
Rahul,24795230,11
Krishnendu,24795230,3
Menon,24795230,14
Sreneena,24795230,13
Shreya,24795230,14
Diana,24795230,14
Mukundan,24795230,8
John,24795230,8
Elisa,26004059,23
Victor,26004059,14
Aswang,26004059,13
Moe,14738854,17
Shemp,14738854,16
Larry,14738854,4
Vampaneze,14421091,18
Darren,14421091,3
Murlough,14421091,17
Purl,14421091,6
Steve,14421091,23
Carlson,14421091,2
Tiny,14421091,3
Shan,14421091,3
Crepsley,14421091,6
Rebecca,14421091,4
Taylor,2388465,0
Castiglione,2388465,12
Kane,2388465,18
Madigan,2388465,3
Benesch,2388465,17
Bentley,2388465,15
Julia,2388465,13
Bonaro,2388465,3
Hughie,2388465,18
Russell,2388465,6
Flayer,30855958,20
Napoleon,33446,5
Yngve,14642351,14
Jarle,14642351,21
Pollack,10530381,10
Hattendorf,10530381,21
Mirikitani,10530381,7
Daisy,694787,21
Lee,694787,4
Sheev,694787,22
Hogg,694787,23
Pullman,694787,19
Strate,694787,19
Prickett,694787,22
Dukes,694787,16
Jesse,694787,6
Heffernan,694787,4
Johnson,694787,16
Cooter,694787,12
Luke,694787,3
Coltrane,694787,22
Pauline,694787,17
Tsumugi,21853291,16
Gita,23641804,22
Janaki,23641804,22
Raghu,23641804,14
Sissener,18931926,0
Ahmed,4321732,13
Banu,4321732,4
Lang,4321732,21
Peterson,1211596,17
Geri,1211596,5
Macri,12779395,24
Spagara,12779395,16
Grazia,12779395,7
Antonio,12779395,17
Danny,5979828,20
Zutto,5979828,20
Cavendish,5979828,5
Gretchen,5979828,4
Shelly,13318485,13
Cooper,13318485,3
Carter,13318485,7
Marcia,13318485,6
Bracket,13318485,20
Howard,13318485,3
Pridham,13318485,9
Saunders,13318485,6
Scott,13318485,6
Grant,30273551,7
Justin,30273551,21
Bingham,30273551,1
Ben,30273551,3
Moss,30273551,16
Amanda,30273551,21
Michel,26378018,14
Liliane,26378018,19
Jude,35585255,4
Alice,29260857,6
Carroll,29260857,18
Mackenzie,4783479,16
Lomas,4783479,18
Ben,4783479,12
Hannay,4783479,3
Appleton,4783479,22
Hamilton,4783479,9
Azizah,8165631,20
Monde,8165631,8
Floyd,6399993,5
Frechette,6399993,21
Baum,6399993,14
Sage,6399993,16
Billie,6399993,6
Nelson,6399993,2
Nitti,6399993,24
Meter,6399993,24
Dillinger,6399993,3
Winstead,6399993,6
Hoover,6399993,17
Hamilton,6399993,24
Purvis,6399993,6
Piquett,6399993,17
Carroll,6399993,17
Holley,6399993,22
Karpis,6399993,18
Harry,28257968,22
Crow,28257968,17
Teresa,28257968,23
Quick,28257968,11
Blake,2918858,24
Williams,2918858,9
Elizabeth,2918858,3
Nick,2918858,13
Castle,2918858,3
Malone,2918858,17
Spooner,2918858,23
Wayne,2918858,11
Kayitah,1389264,17
Lilly,1389264,4
Honesco,1389264,15
Maggie,1389264,6
Jones,1389264,1
Baldwin,1389264,1
Brujo,1389264,15
Pesh-Chidin,1389264,12
Gilkeson,1389264,13
White,20201626,21
Tim,29653730,2
George,29653730,21
Brazzi,29653730,24
Herman,31127367,18
Omaar,31127367,24
Jamail,31127367,17
Scott,31127367,0
Goodman,31127367,9
Whitman,31127367,6
Smallman,31127367,0
George,31127367,20
Cockburn,31127367,18
Bernays,31127367,18
Assange,31127367,18
Manion,31127367,18
McCord,31127367,11
Obama,31127367,0
Ewen,31127367,7
Ross,31127367,4
Curtis,31127367,10
McKinney,31127367,8
Pilger,31127367,17
Mousa,31127367,22
Rendall,31127367,24
Manning,31127367,22
Hanley,31127367,0
Hamer,31127367,9
Unsworth,31127367,23
Jindal,8671328,10
Bhai,8671328,17
Romeo,8671328,17
Bhaichara,8671328,24
Joshi,8671328,11
Singh,8671328,0
Anjali,8671328,18
Vijay,8671328,5
Frankenstein,4141849,4
Butch,10531772,23
Tom,10531772,17
Jerry,10531772,3
Grouchy,35627063,3
Winslow,35627063,11
Gargamel,35627063,16
Burton,14616220,4
Warren,14616220,1
Namboodriyar,13734834,4
Magadu,13734834,22
Swamy,13734834,23
Haasan,13734834,9
Lidija,21671595,23
Marija,21671595,20
Iva,21671595,20
Olga,21671595,11
Hai,29548907,2
Paul,9367905,15
Pierson,9367905,11
Jordan,9367905,22
Owens,9367905,14
David,9367905,9
Rhino,24543179,3
Calico,24543179,0
Red,1291440,10
Ralphie,1291440,15
Cammermeyer,8601568,16
Oats,7331264,11
Greenstreet,7331264,6
Oath,7331264,11
George,7331264,10
Head,7331264,13
Harrington,7331264,6
Micallef,7331264,6
Norman,7331264,10
Murakami,867905,17
Yusa,867905,20
Sato,867905,3
Namiki,867905,17
Moon,9012227,15
Langham,4103941,21
Bogarde,4103941,5
Burstyn,4103941,4
Ferguson,2023833,18
Martin,2023833,18
Ireland,2023833,11
Danny,3202250,4
John,3202250,18
Rachel,29331842,15
Ahab,29331842,24
Ishmael,29331842,17
Basha,25992446,6
Kumar,25992446,9
Loknath,25992446,6
Naidu,25992446,2
Mitra,25992446,6
Chinna,25992446,6
Wiggins,35515514,22
Lawrence,35515514,9
Wilkes,35515514,11
Johnson,35515514,1
Lyle,35515514,3
Savage,35515514,11
Vuko,28646493,11
Salipur,28646493,3
Hasan,28646493,3
Stalin,33584636,14
Frida,33584636,24
Spaich,33584636,15
Meyer,33584636,16
Zeisig,33584636,21
Cammann,33584636,21
Palmu,16617822,16
Virta,16617822,3
Nordberg,16617822,19
Nopsanen,16617822,0
Rani,5209057,21
Kumar,5209057,21
Dhanunjay,5209057,7
Ayya,25214825,15
Suvalakshmi,25214825,0
Vikram,25214825,23
Raman,25214825,21
Arun,36124438,21
Aswathy,36124438,12
Achu,36124438,12
Balu,36124438,21
Muneer,36124438,19
Jincy,36124438,9
Jenny,34597235,17
Baron,34597235,4
Ashton,34597235,0
Hammonds,13327521,4
Nielson,13327521,8
Malu,13327521,0
Jenny,13327521,24
Palala,13327521,2
Jim,13327521,21
Gomez,13327521,17
Malone,13327521,24
Cleveland,10299510,22
Hajji,10299510,5
Johnson,10299510,0
Qajar,10299510,15
Noori,10299510,5
Shah,10299510,9
Philippe,4139527,15
Cousteau,4139527,16
Crowther,4139527,4
Richard,4802267,3
Sal,4802267,13
Jed,4802267,23
Etienne,4802267,9
Sten,4802267,22
Fran,4802267,9
Francoise,4802267,14
Christo,4802267,23
Stalin,16932738,14
Klensky,16932738,4
Trent,27476145,11
Bodin,24154924,17
Blomkvist,24154924,3
Berger,24154924,3
Andersson,24154924,19
Salander,24154924,3
Bjurman,24154924,17
Wu,24154924,19
Bergman,24154924,9
Svensson,24154924,21
Zalachenko,24154924,23
Miriam,24154924,17
Bublanski,24154924,18
Mia,24154924,17
Shanmugam,6768574,22
Muthu,6768574,2
Vellachamy,6768574,21
Crown,17547483,15
Johnny,17547483,6
Gavilan,17547483,12
Alt,17547483,17
Taylor,10874116,15
Harry,10874116,6
Andrea,10874116,16
Jones,10874116,3
Camilla,10874116,12
Struebel,10874116,10
Thwaites,10874116,23
Fritton,10874116,13
Polly,10874116,9
Kelly,10874116,0
Furst,10874116,24
Annabelle,10874116,3
Dickinson,10874116,13
I.,10874116,5
Madiba,9811498,14
Sipho,9811498,3
Estelle,9811498,16
Sandanski,33422420,6
Courtland,2412049,22
Triton,2412049,19
Cowan,2412049,22
Uday,31303687,3
Piya,31303687,22
Ragini,31303687,3
Woodbridge,3736782,0
Sweetly,3736782,6
Sally,3736782,3
Roger,3736782,17
Herbert,3736782,20
Dick,3736782,16
Luis,3736782,24
Wilson,3736782,0
Thompson,3736782,12
Hardy,3736782,21
Angel,3736782,7
Howett,3736782,17
Poop-Decker,3736782,6
Rodgers,3736782,11
Dale,3736782,4
Venus,3736782,4
Hawtrey,3736782,10
Sally,403227,4
Halloween,403227,20
Oogie,403227,6
Town,403227,9
Skellington,403227,23
Jack,403227,16
Dagienkz,12377404,16
Satrio,12377404,4
Sudiro,12377404,15
Porthill,203993,16
Hyde,203993,6
Stevens,203993,4
Mycroft,203993,4
Warren,203993,20
Lexy,203993,18
Race,203993,22
Napoleon,203993,21
Mosley,203993,4
Rutland-Smith,203993,5
Weaver,203993,24
William,1027060,20
Charles,1027060,10
Drake,1027060,5
Babington,1027060,23
II,1027060,17
Elizabeth,1027060,6
Mary,1027060,5
Dee,1027060,11
Walsingham,1027060,6
Raleigh,1027060,4
Philip,1027060,17
Throckmorton,1027060,18
Bess,1027060,6
Steinem,19745532,19
Hefner,19745532,9
Gloria,19745532,21
Linda,42993,20
Jennifer,42993,19
Brown,42993,0
McFly,42993,8
DeLorean,42993,4
George,42993,3
Biff,42993,17
Tannen,42993,7
Marty,42993,3
Lorraine,42993,21
Dave,42993,10
Doc,42993,6
Arthur,210239,15
Kendrick,210239,21
Savage,210239,1
Myra,210239,6
Billy,210239,6
Dale,4708827,3
Frank,4708827,1
Littlefoot,3614683,3
Dana,3614683,5
Spike,3614683,16
Doc,3614683,3
Duvall,8083590,9
McLeod,8083590,12
McQuillan,8083590,6
Lee,9670095,11
Jenna,9670095,24
Tom,8846079,23
Jerry,8846079,3
Conan,32183096,16
White,32183096,23
Jeffrey,24654654,6
Hideki,18084420,9
Emanuel,1262718,19
Southern,1262718,10
Ebert,1262718,10
Archangel,2837025,14
Aquinas,2837025,19
York,2837025,20
Abel,2837025,13
Satan,2837025,3
Christine,2837025,17
Kovak,2837025,6
Marge,2837025,17
Chicago,2837025,17
Mabel,2837025,10
G.,18849274,19
Talbot,2113868,1
Freed,2113868,10
Johns,2113868,4
Hollis,2113868,21
Khalid,23214188,12
Daman,23214188,24
Victor,23214188,9
Shukla,23214188,3
Melvyna,23214188,0
David,23214188,9
Cheng,11038654,23
Chi,11038654,7
Huxley,29545417,10
Rebecca,18809464,2
Matthew,18809464,8
Filipino,8556941,15
Sace,8556941,11
Barrios,8556941,19
Santos,8556941,7
Leon,8556941,0
Sam,18892608,24
Utley,18892608,18
Samantha,18892608,11
Crow,18892608,6
Houlihan,18892608,10
Lanny,18892608,4
Pat,18892608,6
Drew,18892608,3
Jonny,18892608,16
Miles,18892608,3
Seong-chan,20451434,16
Polyakov,21492573,23
Anna,21492573,6
Haran,5637189,2
Esau,5637189,1
Rachel,5637189,1
Jacob,5637189,12
Jane,489156,3
Fred,489156,8
Tate,489156,16
Grierson,489156,15
Wells,489156,3
Eddie,489156,6
Gandhi,8660363,0
Chauth,8660363,18
Samarpreet,8660363,3
Dhanraj,8660363,0
Donsai,8660363,3
Wilberforce,3116175,21
Fox,3116175,12
Tarleton,3116175,21
Spooner,3116175,2
Clarkson,3116175,18
Pitt,3116175,21
Newton,3116175,9
Barbara,3116175,1
Stephen,3116175,9
Amy,26783359,9
Laura,26783359,16
Nathan,26783359,1
Marilyn,26783359,9
Meyerwitz,26783359,23
Jack,26783359,23
Cheri,26783359,21
Meg,26783359,12
Ephraim,26783359,12
Sam,8408103,13
Shamm,8408103,23
Porky,8408103,17
Martinaud,13330521,1
David,13330521,10
Lise,13330521,8
David,25529715,9
Juan,7455727,3
Lisabeth,7455727,21
Frank,7455727,16
Lipkin,7455727,4
Groucho,1014242,11
Baravelli,1014242,22
Darwin,1014242,15
Wagstaff,1014242,0
Frank,1014242,15
Michael,982199,3
Darling,982199,7
Peter,982199,4
Pan,982199,19
Smee,982199,7
Lily,982199,4
John,982199,3
Butch,31153569,23
Sylvester,31153569,3
Paul,3365103,0
II,3365103,15
Reagan,3365103,0
Karol,3365103,21
Gromyko,3365103,15
Sapieha,3365103,24
John,3365103,20
Walesa,3365103,24
VI,3365103,15
Wojtyla,3365103,19
Eun,17220001,3
Airlie,32907200,14
Kanwal,6809364,2
Ladi,6809364,12
Singh,6809364,7
Lisa,6809364,9
Morrison,32977321,7
Jeffries,32977321,19
Ruth,32977321,4
Wilson,32977321,16
Mathias,11937073,5
Jakob,11937073,6
Matthias,11937073,21
God,11937073,3
Klahrmann,11937073,10
Tanja,11937073,2
Philipp,11937073,3
Phillip,11937073,13
Pratt,536521,7
Grantham,536521,3
Stan,536521,20
Romero,536521,0
Billy,536521,3
Verrill,536521,18
Jordy,536521,5
Gereson,536521,18
Mike,536521,17
Vickers,536521,7
Cass,536521,23
Wentworth,536521,22
Stanley,536521,17
Wilma,536521,23
God,536521,24
Nathan,536521,24
Becky,536521,5
Bedelia,536521,3
Northrup,536521,17
Edgar,167599,5
Edwards,167599,6
Laurel,167599,17
Weaver,167599,13
Zed,167599,6
Rosenberg,167599,15
III,167599,15
Tim,7887331,3
Coleye,7887331,23
Martian,7887331,17
O'Hara,7887331,6
Martin,7887331,3
Lizzie,7887331,6
Armitan,7887331,24
Brace,7887331,4
Neenert,7887331,10
Channing,7887331,22
Lin,692772,13
Woodruff,692772,15
Marquez,692772,5
Powell,692772,3
Benfante,692772,13
Louis,692772,6
Paulie,692772,10
Dolores,692772,11
Corman,3546352,10
Natalie,3546352,2
Hammond,3546352,4
Voss,3546352,13
Mick,910759,21
Kev,910759,21
Hulot,1584538,24
Josh,6916204,10
Laura,6916204,3
Chartoff,6916204,2
Mitchell,6103239,3
Rasmina,36372501,2
Karta,36372501,8
Suhiyat,36372501,4
Rainan,36372501,10
Surati,36372501,4
Melendez,2569794,18
Krishna,17475562,17
Gaja,17475562,16
Devendra,17475562,17
Shwetha,17475562,9
Jeb,10212127,15
Ahamo,10212127,4
Gale,10212127,21
Azkadellia,10212127,14
Cain,10212127,4
Martin,1745339,15
Friehl,1745339,6
Jandie,29630333,12
Nigel,29630333,4
Pinner,29630333,12
Grewal,9437838,8
Karan,9437838,3
Singhal,9437838,0
Vicky,9437838,0
Nisha,9437838,14
Sahiba,9437838,21
Yogi,9437838,6
Fellner,31251203,12
Streeter,18932875,3
Stuart,18932875,6
Stefan,18932875,17
Charleston,18932875,13
Ellen,18932875,20
Melanie,18932875,3
Kurtz,18932875,1
Andrew,27602393,16
Wynden,27602393,13
Samantha,27602393,3
Kaulder,27602393,6
Dunnock,8711984,10
Ann,8711984,3
Mike,8711984,6
Robinson,8711984,13
Donnette,35591024,20
Mikki,35591024,2
Reggie,35591024,3
Legaspi,35591024,22
Tolentino,35591024,12
Mendoza,35591024,9
Willard,1591883,20
Jenny,1591883,14
Stewart,1591883,8
Graham,1591883,18
Haverstick,20831096,0
Baitz,20831096,21
Ralph,20831096,21
Sunder,35237136,6
Bulaki,35237136,10
Banto,35237136,6
Shah,35237136,5
Munshi,35237136,3
Tom,6069773,3
Jerry,6069773,23
Koji,24084221,12
Toru,24084221,10
Kumar,8537006,13
Girdhar,8537006,17
Jumma,8537006,17
Bhakhtawar,8537006,6
Aarti,8537006,12
Neeta,8537006,13
Jyoti,8537006,21
Bhaktawar,8537006,4
Shekhar,8537006,6
Vijay,8537006,13
Frank,27997093,23
Daniel,27997093,9
Joanie,27997093,11
Fabian,27997093,3
Koenig,27997093,18
Murphy,6168146,10
Hart,6168146,7
Olson,6168146,20
Olsen,6168146,23
Craig,6168146,17
McKinnon,6168146,19
Dobson,6168146,21
Easton,6168146,6
Fabricio,6168146,13
Jesse,6168146,17
Bhima,2170538,22
Chinna,2170538,14
Shalini,2170538,17
Tarik,24147116,12
Rae,697868,21
Ingram,697868,11
Warriner,697868,11
Hughie,697868,3
John,697868,3
Sabrina,1356982,23
Wood,1356982,11
Elizabeth,1356982,13
Maude,1356982,19
Linus,1356982,6
Thomas,1356982,18
Larrabee,1356982,9
Fairchild,1356982,13
David,1356982,21
Tyson,1356982,1
Kumar,11040532,3
Shabnam,11040532,13
Verma,11040532,15
Sinha,11040532,23
Tejpal,11040532,17
Rajesh,11040532,17
Ashok,11040532,17
Jagmohan,11040532,17
Meena,11040532,8
Kevin,29314296,0
Henson,1515261,19
Muppets,1515261,16
Elwell,9092660,0
Johnny,9092660,21
hispanic,9092660,12
Ramirez,9092660,15
Roark,9092660,1
Marie,9092660,16
Manville,9092660,8
Garrett,19457040,17
Cassidy,19457040,3
Megan,19457040,24
Kyle,19457040,17
Jessica,19457040,17
Crenshaw,19457040,17
Maggie,19457040,17
Pi,19457040,12
Claire,19457040,17
Mickey,19457040,3
Chugs,19457040,6
Joanna,19457040,10
Andy,19457040,3
Ellie,19457040,3
Lee,3317623,9
Donner,3317623,12
Agee,351266,1
Thomas,351266,22
Gates,351266,20
Raja,33002536,7
Verma,33002536,0
Nagar,33002536,4
Neha,33002536,14
Geeta,9669872,14
Tony,9669872,6
Seema,9669872,17
Ajay,9669872,15
Verma,9669872,2
Jojo,9669872,23
Briganza,9669872,24
Sapna,9669872,22
Shekhar,9669872,17
Paul,25431279,24
Basti,25431279,8
Juanita,25431279,10
Yulo,25431279,13
Lucia,25431279,4
Lia,25431279,3
Ryan,25431279,24
Archie,25431279,3
Joaquin,25431279,17
Ronnie,25431279,3
Chari,25431279,17
Kayla,25431279,3
Claire,25431279,3
Harold,25431279,3
Sheila,25431279,3
Beth,25431279,3
Kiko,25431279,18
Sailaja,25145506,23
Sasi,25145506,14
Antonio,10802159,19
Bey,10802159,10
Sonia,10802159,9
Key,805941,7
Salim,5998741,17
Mehra,5998741,24
Babloo,5998741,4
Syed,5998741,18
Meenakshi,5998741,17
Mehta,5998741,19
Marshall,18487239,11
Charlie,18487239,6
Robyn,18487239,18
Tina,18487239,0
Bessy,8420622,16
Previn,8420622,23
Kelly,8420622,16
Sombert,8420622,9
Ibert,8420622,12
Dale,8420622,8
Poppins,8420622,13
Rimsky-Korsakov,8420622,1
Edens,8420622,15
Dima,18901958,24
Sidora,18901958,16
Saro,18901958,19
Pirandello,18901958,13
figlio,18901958,6
Loll,18901958,6
Frederic,1623363,9
Cicero,1623363,23
Taylor,1623363,4
Anna,1623363,6
Travers,1623363,12
Staviska,1623363,19
Diello,1623363,13
Richter,1623363,4
Papen,1623363,17
Moyzisch,1623363,11
Mussabini,5729,12
Abrahams,5729,3
Jennie,5729,23
Stallard,5729,9
Sybil,5729,8
Gilbert,5729,21
Scholz,5729,10
Lindsay,5729,15
Montague,5729,9
Liddell,5729,3
Joe,1809414,13
Rolfe,1809414,11
Carter,10140436,13
Ramsay,10140436,0
Jeff,10140436,13
Hartford,10140436,13
Ra,253828,19
Bey,253828,15
Carnahan,253828,17
O'Connor,253828,4
Anck-su-Namun,253828,17
Medjai,253828,22
Daniels,253828,8
Imhotep,253828,4
Hannah,253828,11
Chamberlain,253828,8
Evelyn,253828,6
Jonathan,253828,17
O'Connell,253828,10
Burns,253828,8
Bay,253828,8
Ardeth,253828,1
Henderson,253828,8
Gabor,253828,24
Dai,253828,20
Fane,28356770,21
Voke,28356770,20
Kanga,4049296,6
Tigger,4049296,22
Roo,4049296,21
Gobloon,4049296,21
Dalboni,22643293,3
Mareike,22643293,2
Jozef,22643293,6
Carmen,22643293,3
Colby,33164810,11
George,16913484,16
Lorette,16913484,5
O'Brien,16913484,0
Vani,29405556,6
Gita,29405556,7
Ramesh,29405556,22
Lakshmi,29405556,2
Gayathri,29405556,18
Subramaniyam,29405556,6
Radhika,29405556,6
Alissa,778884,13
Braun,778884,0
Ron,778884,8
K,778884,8
Gold,778884,14
Kalishnakov,778884,17
McNetti,12150101,23
Granger,12150101,13
Gus,33612129,4
Don,33612129,10
In-Sook,3824910,4
Yoo-Jin,3824910,4
Han,3824910,7
Lee,3824910,12
Hee,3824910,17
Ju,3824910,6
Jenny,16555100,6
Shanti,16555100,20
Shanthi,16555100,6
Babu,16555100,23
Kennedy,5367617,6
Grant,5367617,0
Taipe,5367617,23
Bacon,5367617,1
Horn,5367617,12
Custer,5367617,3
Scott,5367617,20
Libby,5367617,6
Nuri,25011255,17
Giorgi,25011255,21
Helen,25011255,6
John,25011255,21
Watson,25011255,5
Martian,21086865,21
Det,21086865,21
Papelucho,21086865,7
Buckner,1750951,16
Koch,1750951,18
Davies,1750951,17
Roosevelt,1750951,0
Danny,24251542,4
D,24251542,5
Soto,24251542,15
Hammerman,24251542,0
Angela,24251542,2
Jared,24251542,3
Phillips,24251542,4
Tamara,24251542,20
Roberto,24251542,1
James,24251542,6
McVeigh,24251542,15
Hearst,1856154,11
Betty,7518562,14
Savitri,11142742,16
Shalini,11142742,3
Jagannath,11142742,15
Poorna,11142742,23
Rao,11142742,1
Brahmin,11142742,19
Gautam,11142742,2
Martine,19680415,3
Carver,19680415,21
Igor,4413498,13
Lamar,4413498,3
Sal,4413498,17
Langusta,4413498,15
Roop,4413498,3
Bormann,4413498,18
Rhett,4413498,3
Lavender,4413498,11
Tate,898561,17
Mr.,898561,21
Davenport,898561,3
Annette,898561,12
Antwone,898561,6
Cheryl,898561,22
Fisher,898561,19
Ram,24790580,6
Verma,24790580,2
Jaanu,24790580,13
Rooba,24790580,13
Tove,35115030,6
Grandma,35115030,2
Karin,35115030,6
Anna,35115030,19
Simon,35115030,3
Alex,35115030,3
Holmes,15048916,19
Tony,15048916,3
Dunlap,15048916,19
Harper,15048916,9
Jim,15048916,2
Fran,15048916,21
McCrae,15048916,19
Jud,15048916,19
Pooja,10772859,8
Murli,10772859,16
Gauri,10772859,6
Prabhakar,10772859,21
Padma,10772859,21
Sudhakar,10772859,14
Brooks,2547497,19
Horn,2547497,6
Celia,2547497,3
Izzy,2547497,3
Maurer,2547497,22
Lulu,2547497,17
Burns,2547497,10
Lawrence,19189971,8
Worth,19189971,9
Shinde,14765230,12
Senthil,14765230,3
Ramchandar,14765230,16
Chitra,14765230,10
Manohar,14765230,3
Nalam,14765230,0
Stella,9305105,1
Brooks,17806123,13
Moran,17806123,15
Mary,17806123,7
Herbert,17806123,15
Alden,17395300,12
Leonard,17395300,14
Jones,17395300,9
Mabel,17395300,24
Garreth,17395300,7
Bell,17395300,6
Sakurai,14410998,21
Yukino,14410998,21
Shizuku,14410998,22
Kamiyama,14410998,11
Hughie,29222508,15
Allen,29222508,3
Garou-Garou,28266550,20
Susan,28266550,13
Krishnan,18849372,9
Madhuram,18849372,18
Devi,18849372,9
Varalakshmi,18849372,9
Thangavelu,18849372,0
Veerappa,18849372,0
Sahadevan,18849372,9
Ramachandran,18849372,9
Fritzie,11381074,20
Hubbell,11381074,1
Bacon,11381074,23
Elise,11381074,17
Smythe,11381074,19
Eckbaum,11381074,18
Carroll,11381074,24
Mary,11381074,13
Jack,11381074,17
Foster,11381074,8
Raaj,30831475,22
Mythili,30831475,9
Alvin,25952444,18
Elizabeth,25952444,19
Tom,25952444,11
Parker,25952444,1
Kim,25952444,23
Spencer,36814246,3
X,36814246,13
Pienaar,21939688,9
Francis,21939688,13
Stransky,21939688,20
Mandela,21939688,3
Prison,21939688,12
Maude,11408406,0
Julie,11408406,2
Erwann,11408406,6
Gwendal,11408406,6
Jeanne,11408406,21
Alice,11408406,6
Pommeraye,11408406,3
Hunter,6989257,24
Ed,6989257,6
Andrews,2353104,19
Dennis,2353104,8
Kreese,2353104,6
Jessica,2353104,23
Daniel,2353104,3
Louie,2353104,0
Barnes,2353104,3
Mike,2353104,3
Silver,2353104,5
Miyagi,2353104,21
Clairmont,35509447,4
Griffith,35509447,7
Gutierrez,2165590,17
Bondi,2165590,6
Kane,2165590,14
Harry,2165590,17
Jerry,2165590,1
Johnson,2165590,17
Sheriff,2165590,13
O'Connor,2165590,5
Burns,2165590,3
Shuah,4845206,11
Queen,4845206,7
God,4845206,0
Orphea,4845206,1
Ildith,4845206,21
Bera,4845206,21
Ishmael,4845206,6
Tamar,4845206,6
Christian,31703622,19
Gilbertson,17101981,17
Tate,17101981,9
Andrew,17101981,6
Paxton,17101981,1
Gertrude,17101981,13
Margaret,17101981,3
White,10534798,9
Johnny,10534798,15
Collings,10534798,15
Mary,10534798,13
Stuart,25894531,22
Cyrus,12758034,22
Robbie,12758034,3
ask,12758034,20
Ray,12758034,6
Travis,12758034,6
Bradley,12758034,7
Hannah,12758034,3
Montana,12758034,4
Rico,12758034,20
Swift,12758034,0
Lorelai,12758034,3
Lilly,12758034,13
Oken,12758034,15
Miley,12758034,3
Oswald,12758034,6
Brody,12758034,12
Lucinda,12758034,6
Michael,12449377,4
Callie,12449377,3
Madigan,12449377,3
Lydia,12449377,6
Ben,12449377,15
Robert,12449377,6
Goddard,14922808,24
Stewart,14922808,8
Augustine,14922808,10
Vic,17987269,3
Deans,17987269,13
McKenzie,17987269,12
Robbie,17987269,6
Mathews,17987269,15
Chancellor,17987269,15
Jeffries,17987269,24
Ruth,17987269,13
Edith,17987269,16
Cobb,17987269,6
Gormley,17987269,9
George,11381533,3
Tom,11381533,3
Jerry,11381533,3
Dorp,1059728,10
Bruhl,1059728,8
Houdini,1059728,22
Anderson,1059728,13
Sidney,1059728,0
Myra,1059728,23
Helga,1059728,3
Clifford,1059728,21
Jehangir,5514092,20
Singh,5514092,22
Nurjehan,5514092,5
Anna,11796087,21
Zakir,27301153,15
Kaul,27301153,19
Topaze,9179200,7
Travis,14127869,22
Walter,14127869,8
Martha,14127869,16
Arquette,14127869,11
Wallace,14127869,8
Shivpuri,31977240,9
Kapoor,31977240,0
Kaur,31977240,7
Magellan,28794755,2
Kathy,28794755,17
Nick,28794755,21
Lupo,28794755,3
Iris,28794755,19
Malini,6701441,13
Menon,6701441,15
Krishnan,6701441,21
Shriya,6701441,14
Matt,20365195,2
Julia,20365195,22
Hennessy,76310,17
Ann,76310,13
Bradley,76310,11
Joe,76310,6
Peck,76310,15
Radovich,76310,23
Smith,76310,22
Anya,76310,3
Jacoby,5643855,17
Rutledge,5643855,13
Mary,5643855,6
Carmichael,5643855,3
Donna,5643855,15
Chamalis,5643855,17
Cobb,5643855,10
Ian,4515396,16
Jones,4515396,12
Nadia,4515396,17
Vole,4515396,8
Sayle,4515396,3
Starbright,4515396,23
Jack,4515396,16
Yassen,4515396,6
Gregorovich,4515396,14
Pleasure,4515396,3
Blunt,4515396,24
Alex,4515396,23
Grin,4515396,7
Rider,4515396,4
Coretta,4306224,6
Alexander,4306224,16
Frank,4306224,17
Rawlins,4306224,6
Albright,4306224,3
James,4306224,19
Terrell,4306224,4
Joppy,4306224,6
Mouse,4306224,17
Green,4306224,23
Carter,4306224,6
Monet,4306224,4
Daphne,4306224,3
Easy,4306224,6
Fornay,4306224,24
Swanson,9459932,4
McDougall,9459932,8
Callender,9459932,10
Smith,9459932,7
Moon,10539751,16
Fong,10539751,16
Yeung,10539751,4
Elaine,10539751,16
John,10539751,18
Rosie,12428333,21
Pete,12428333,12
Chudnofsky,24195690,17
Kato,24195690,6
Britt,24195690,6
Scanlon,24195690,9
Reid,24195690,9
Axford,24195690,1
James,24195690,1
Lenore,24195690,21
Case,24195690,8
Moore,22526132,13
T.R.,22526132,3
Wigoda,22526132,3
Baskin,22526132,23
Mitchell,22526132,21
Jack,22526132,6
Jake,685977,6
Ted,685977,3
Ginny,685977,19
Dong,685977,0
Marlene,685977,10
Ryan,685977,6
Bryce,685977,12
Royce,685977,18
keep,685977,11
Cliff,685977,13
Baker,685977,0
Sam,685977,3
Samantha,685977,23
Mulford,685977,9
Winston,3044228,19
Kevin,3044228,4
Lubic,3044228,7
Teela,3044228,13
Julie,3044228,24
Corrigan,3044228,4
Grayskull,3044228,24
Skeletor,3044228,17
Gwildor,3044228,4
Joe,14734322,23
Larry,14734322,23
Joan,1693762,8
Martin,1693762,6
Willard,1693762,3
Ben,1693762,21
Chloe,1693762,10
Rachchu,35203262,7
Arjun,35203262,21
Poorna,35203262,23
Hans,2615493,15
Hitler,2615493,4
Reich,2615493,8
Heydrich,2615493,6
Nazis,2615493,1
Helmut,2615493,3
Hoffman,2615493,15
Karl,2615493,6
Weisser,24314500,11
Akbar,4715917,10
Raja,7831942,6
Lawrence,7831942,15
Mary,7831942,14
Nambiar,7831942,23
Nandhini,7831942,2
Jaiganesh,7831942,8
Vasudevan,7831942,16
Janaki,7831942,22
Aravind,7831942,19
Robert,7831942,9
Amy,10877732,2
Vic,10877732,22
Johnson,10877732,18
Dodds,10877732,7
Lenny,10877732,24
Jack,10877732,16
Kumar,10531283,16
Inder,10531283,21
Manju,10531283,18
Chiranjeevi,8635138,6
Reddy,8635138,17
Shanthi,8635138,15
Siddanth,8635138,18
Trujillo,17752606,22
Mirabal,17752606,22
Roman,17752606,8
Evora,17752606,9
la,17752606,24
Maza,17752606,9
Clemens,2599640,24
Williams,2599640,21
Rusty,2599640,21
Reno,2599640,8
Sonia,23848702,3
Dante,23848702,6
Bruno,23848702,20
Margherita,23848702,12
Guido,23848702,17
Norton,1749629,9
Kramden,1749629,12
Alice,1749629,24
Danny,8916783,21
Pelosi,8916783,20
Greg,8916783,15
Kaye,8916783,8
Ted,8916783,1
Generosa,8916783,21
Alexa,8916783,15
Shepherd,2275251,6
Dax,2275251,4
Dill,2275251,17
Horton,2275251,24
Kobe,2275251,2
Griff,2275251,14
Soda,2275251,22
Peck,2275251,17
Allen,3151934,0
Crystal,3151934,8
Hilliard,3151934,24
Reno,3151934,3
Steven,3151934,20
Gouthami,34630522,3
Sathyaraj,34630522,0
Srikanth,8208317,23
Dada,8208317,17
Davis,30730051,21
Giani,17020080,3
lina,17020080,5
Andrei,17020080,3
Marilena,17020080,2
escu,17020080,6
Presley,17020080,3
William,7527753,21
Harry,7527753,6
Faversham,7527753,6
Gordon,7527753,11
Castleton,7527753,11
Charles,7527753,4
Edward,7527753,12
Mahdi,7527753,6
Ethne,7527753,19
Jack,7527753,4
Fatma,7527753,4
Genevieve,16983451,21
Gray,16983451,8
Ford,16983451,12
Cassin,16983451,7
Millett,16983451,2
Prudence,16983451,6
Jr.,16983451,15
Sr.,16983451,18
Rutledge,16983451,6
Plato,16983451,20
Schlosser,16983451,1
Martin,29206378,0
Ramsey,29206378,10
Pardal,28794391,13
Geeta,5734299,21
Ajay,5734299,6
Lalasa,5734299,2
Avataram,5734299,22
Arya,5734299,21
Aaron,1055466,13
Vail,1055466,6
Linda,1055466,13
Yancy,1055466,12
Arrington,1055466,1
Stampler,1055466,3
Archbishop,1055466,6
Venable,1055466,10
Rushman,1055466,9
Shaughnessy,1055466,9
Kropinski,23091399,21
Bochow,23091399,15
Jankowski,23091399,17
Schwahl,23091399,21
mer,23091399,11
Pippig,23091399,22
Kluttig,23091399,13
Bogorski,23091399,20
Coetzee,1615208,10
Grootboom,1615208,12
Shobha,14538904,14
Arjun,14538904,14
Knievel,3715795,6
Kate,3715795,21
Millard,3715795,15
Thompson,3715795,17
Tommy,3715795,4
Morgan,3715795,7
Jessie,3715795,17
Atkins,3715795,22
Maude,19476185,13
Krull,19476185,6
Henryk,19476185,2
Sardonicus,19476185,3
Robert,19476185,6
Cargrave,19476185,9
Elenka,19476185,2
Hussain,21481795,17
Sommers,21481795,19
Vijayakanth,31121489,21
Tucker,18347602,17
Dan,18347602,6
Max,18347602,18
Drew,18347602,18
Kristy,18347602,10
Lars,1165657,4
Forrest,1165657,12
Stark,1165657,4
Adams,1165657,11
Barnes,1165657,5
Barrows,4948738,11
Donnelly,4948738,18
Cullen,4948738,20
Thompson,4948738,0
Wilson,25052421,11
Dennis,25052421,3
Becky,33219831,8
Holguin,13865545,13
Pupo,13865545,18
Mosquera,13865545,6
Mary,13865545,11
Romero,13865545,6
Triana,13865545,21
Luxo,1108112,14
Jr.,1108112,3
Balachander,10791937,2
Hassan,10791937,21
Milinkievi,24607317,6
Franak,24607317,12
Terrell,1844854,11
DeMilo,1844854,12
Maggie,1844854,19
Mahoney,1844854,14
Dimitry,10993685,13
Herren,30296704,21
Tom,5664529,8
Davies,1954484,14
Livingston,1954484,2
Chaplin,1954484,6
Parsons,1954484,9
Hearst,1954484,6
Grey,1954484,19
Glyn,1954484,11
Ince,1954484,4
Melvin,948337,24
Wright,948337,18
Jordan,948337,17
Marco,948337,3
Eleanor,948337,13
Noyle,948337,11
Rosie,948337,23
Shaw,948337,10
Roy,6492614,11
Felix,6492614,21
Ungar,6492614,3
Vinnie,6492614,11
Murray,6492614,6
Oscar,6492614,6
Madison,6492614,1
Murphy,1549008,6
Herbie,1549008,14
Maggie,1549008,3
Sally,1549008,18
Sr.,1549008,21
Jr.,1549008,18
Kevin,1549008,23
Peyton,1549008,23
Ledang,8783319,4
Zainol,8783319,11
Tuah,8783319,13
Dinda,8783319,0
Ahmad,8783319,10
Mamat,8783319,3
Shah,8783319,21
Mahmud,8783319,19
Kebayan,8783319,3
Horsecollar,6394904,8
Mickey,6394904,12
Mouse,6394904,19
Leboeuf,29272722,7
d'Alcy,28374771,6
li,28374771,4
Jeanne,28374771,23
Melendez,497109,9
Gitsie,497109,6
Alig,497109,14
Brooke,497109,3
Gatien,497109,19
James,497109,21
Gunn,5169883,5
Nick,5169883,17
Susan,5169883,5
Moss,5169883,3
Lang,5169883,15
Dinkins,5169883,9
George,5831289,21
James,5831289,0
Tom,5831289,16
Jason,20603201,2
Maggie,20603201,2
Chrissy,20603201,19
Ben,20603201,22
Mike,20603201,15
Carol,20603201,15
Murray,21763525,2
Birch,21763525,20
Vickie,8120397,3
Daisy,8120397,1
Proctor,8120397,22
Steak,8120397,20
Bud,8120397,6
McCauley,8120397,21
Paul,154635,7
Faber,154635,2
Piesiewicz,154635,1
Julie,154635,6
Stok,154635,8
Courcy,154635,15
Olivier,154635,3
Saya,430740,23
Sharon,430740,17
Linda,430740,19
Makiho,430740,3
Amano,430740,19
Louis,430740,17
David,430740,1
Clay,9429,14
Christine,9429,3
Erica,9429,23
Tisdall,9429,23
Burgoyne,9429,9
Cotillard,28243365,3
Shilkret,28243365,5
Kavanagh,23372087,23
Keith,23372087,3
Natasha,23372087,7
Rule,31299921,11
Anderson,31299921,24
Bird,31299921,0
Marty,31299921,17
Manning,2321684,19
Canelli,2321684,6
Lelouch,15410536,15
Esther,17674906,2
Avraham,17674906,9
Menachem,17674906,10
Arenas,4752795,21
Carriles,4752795,20
Malichi,18200505,3
Valerie,8138573,6
Patricia,8138573,3
Bloom,8138573,9
Sweetland,8138573,12
Anna,8138573,18
Dunbar,8138573,0
Terry,8138573,10
Nancy,8138573,8
Bruce,8138573,21
Neely,8138573,12
Hanisey,8138573,3
Rob,8138573,14
Everett,8138573,3
Tom,14738144,6
Shemp,14738144,23
Godiva,14738144,3
Moe,14738144,23
Larry,14738144,23
Pike,32943712,21
Grey,32943712,9
Hawk,32943712,18
Lincoln,32943712,21
Jessie,32943712,20
Ravi,11684516,17
Devraj,11684516,17
Bismillah,11684516,17
Payal,11684516,17
Amit,11684516,18
Subgirl,27122422,15
Theo,27122422,22
Blake,27423710,9
Russell,27423710,1
Dillon,27423710,4
Hamlin,628120,9
Burke,628120,18
Hibbs,628120,1
Balfour,628120,10
Girish,2586953,13
Gurcharan,2586953,6
Ray,2586953,17
Koel,2586953,23
Rai,2586953,23
Tantiya,2586953,7
Tagore,2586953,16
Charu,2586953,14
Tantia,2586953,19
Shekhar,2586953,6
Presley,2586953,9
Vasundhara,2586953,8
Frank,7200877,13
John,7200877,13
Casey,7200877,9
Dorthea,1380383,22
Nixon,1380383,7
Lincoln,1380383,2
Harris,1380383,5
Jamika,1380383,3
Kahlil,1380383,21
Robin,1380383,3
Vivian,1380383,10
Leon,1380383,0
Lel,8801073,10
Memey,3120750,2
Meimei,3120750,8
Sakti,3120750,12
Andien,3120750,22
Joan,2079686,3
Crawford,2079686,19
Christina,2079686,3
Mayer,2079686,9
Christopher,2079686,3
Steele,2079686,21
Tone,2079686,9
Ann,2079686,19
Forrest,2079686,24
Bennett,2079686,11
Savitt,2079686,3
Helga,2079686,20
Spike,11141931,3
Tom,11141931,3
Jerry,11141931,3
Cathy,24878469,3
Jo,24878469,2
Goodwin,24878469,19
Beth,24878469,21
Martin,24878469,2
Peter,24878469,2
Neenie,24878469,6
Robin,24878469,6
Livingstone,24878469,20
Sidney,24878469,18
Larry,24878469,6
Jack,24878469,9
Jackson,1853921,9
Bodine,1853921,23
Jed,1853921,14
Laurette,1853921,6
Granny,1853921,3
Drysdale,1853921,3
Jones,1853921,9
Clampett,1853921,16
Tyler,1853921,23
Pearl,1853921,12
Hathaway,1853921,9
May,1853921,19
Jane,1853921,6
Laura,1853921,8
Connolly,1853921,10
Voleur,1853921,21
Greet,4550020,2
Sjaak,4550020,17
Piet,4550020,3
Nel,4550020,12
Bob,4550020,1
Simone,24593335,3
George,24593335,6
Neil,24593335,21
Seagrove,10160111,8
Caine,10160111,11
Cleese,10160111,11
Moore,10160111,13
Mohana,35592119,18
Gopal,35592119,24
Queen,101899,10
Bobby,101899,12
Lewis,101899,6
Ed,101899,3
Drew,101899,14
Saxena,31087585,20
Raja,31087585,14
Ritu,31087585,6
Ravi,31087585,15
Tejpal,31087585,8
Amar,31087585,1
Nagpal,31087585,8
Mitch,3638882,23
Matt,3638882,4
C.J.,3638882,23
Brody,3638882,2
Stephanie,3638882,9
Caroline,3638882,22
Charvet,3638882,9
Hansen,24368825,22
Thomas,24368825,3
Anna,24368825,19
Agnes,24368825,23
Jens,24368825,23
Isak,24368825,2
Wonder,18603052,4
Vance,18603052,4
Perryfield,24438299,21
Ben,24438299,1
Tyler,24438299,16
Doherty,24438299,21
Jack,24438299,23
Brady,24438299,3
Justin,24438299,8
McDaniels,24438299,23
Dave,24438299,10
Alex,24438299,6
Baker,24438299,12
Finley,24438299,15
Ram,34187700,15
Gulukand,34187700,0
Farishta,34187700,19
Amita,34187700,19
Tripathi,34187700,22
Rhoda,30296552,3
Williams,30296552,4
John,30296552,6
Burroughs,30296552,11
Carradine,26438397,11
Kennedy,7825684,11
Kobeleski,7825684,3
Ohlinger,7825684,22
Oswald,7825684,8
Haggerty,7825684,19
Varnick,348994,3
Ted,348994,3
Ryce,348994,6
Mark,348994,10
Emily,348994,11
George,348994,6
Brad,348994,14
Vernon,348994,24
Newton,348994,6
Beethoven,348994,23
Terrier,348994,11
Alice,348994,6
Harvey,348994,3
Ambika,11143052,6
Jaishankar,11143052,8
Nadia,11143052,13
kumar,11143052,0
Kamal,11143052,6
Radha,11143052,21
Don,5649829,6
Reese,5649829,21
Shelley,5649829,15
Mary,5649829,13
Shelly,5649829,6
Holdin,5649829,24
William,1268226,10
Martine,1268226,20
Alister,1268226,1
Xavier,1268226,3
Anne-Sophie,1268226,6
McCabe,27759024,19
Ellen,27759024,4
Celeste,2594890,2
Meyers,2594890,5
Liz,2594890,3
Reggie,2594890,3
Jeri,2594890,23
Reynolds,2594890,24
Pearson,2594890,3
Mike,2594890,3
Chen,19495691,6
Qing,19495691,19
Qiang,19495691,3
Mai,19495691,21
Sangok,2369122,21
Gowtham,28620465,10
Linda,28620465,2
Arjun,28620465,6
Nanda,28620465,3
Indhu,28620465,2
Devarajan,28620465,22
Ghouse,34562235,7
Tom,7092652,3
Fazenda,7092652,12
Spellacy,7092652,3
Amsterdam,7092652,3
Sonny,7092652,15
Samuels,7092652,8
Des,7092652,6
Brenda,7092652,5
Campion,7092652,24
Danaher,7092652,5
Melanie,31377570,21
Tamang,24547695,13
Hope,14888486,13
Peabody,14888486,3
Claude,14888486,17
Wolfinger,14888486,6
Cordelia,14888486,13
Ambrose,14888486,6
Malloy,14888486,14
Leona,14888486,13
Carmino,7445831,1
Blake,7445831,12
Saville,7445831,13
Helen,7445831,6
Jardine,7445831,3
Taylor,19932734,24
Shimizu,19932734,12
Paul,32312987,3
Rosefield,32312987,12
Lawrence,32312987,21
Fredericks,32312987,11
Broniski,32312987,10
Brown,32312987,3
Sylvester,32312987,11
Cara,32312987,11
Brodie,5851777,3
Ayesha,5851777,17
Kelly,5851777,6
Jamilia,5851777,23
Davies,5851777,3
Ben,5851777,3
Jack,5851777,3
Mike,5851777,6
Marie,5851777,3
Mayuri,25170561,3
Chul,33994214,17
Kyung-Min,33994214,23
Jong-Suk,33994214,14
Pepe,23014490,10
Kane,23014490,13
Stacey,23014490,0
Rudy,23014490,17
Kenyon,23014490,21
Louie,23014490,6
Arnold,23014490,17
Laurence,23014490,20
Donovan,5844480,18
Andrews,26372971,5
Laura,26372971,2
Sarah,11733144,6
Ethan,11733144,4
Buraki,11733144,17
Jack,11733144,21
Kendrick,11733144,11
Laura,24167447,21
Wingfield,24167447,17
Tom,24167447,6
Betty,24167447,10
Amanda,24167447,21
O'Connor,24167447,6
Tracy,33902296,12
Ron,33902296,2
Kelly,33902296,8
Jim,33902296,18
Jansen,32433488,12
Svenson,24888803,14
Linda,3985480,21
Lawrence,3985480,13
Wilson,3985480,13
Frankie,3985480,0
Roth,3985480,10
Parker,16987772,2
Greg,16987772,1
Pouev,12233390,15
Montgomery,165794,9
Brackett,165794,11
Emily,165794,3
Halliwell,165794,17
Peter,165794,3
Drake,165794,16
Malloy,165794,6
Pooja,20904377,13
Bharati,20904377,21
Khurana,20904377,21
Krishna,5656662,13
Siri,5656662,6
Srihari,5656662,4
Santosh,5656662,3
Samantha,31656709,2
Sippy,31656709,10
Sachin,31656709,3
Thekekuttu,31656709,19
Jessie,31656709,6
Dominik,33774863,3
Sylwia,33774863,3
Jasper,33774863,17
Andrzej,33774863,1
Beata,33774863,1
Santorski,33774863,22
Jackson,2523059,0
McDonough,2523059,9
Detten,2523059,12
Polanski,26108298,16
Menike,21451283,3
Nanayakkara,21451283,0
Ranmenike,21451283,3
Baas,21451283,15
Kaithan,21451283,24
Mahatthaya,21451283,3
Siyadoris,21451283,14
Baily,22345813,16
Bailey,22345813,11
Breeger,22345813,22
Johnston,22345813,22
Buffin,22345813,6
Joy,22345813,8
Chaikin,17653116,14
Julius,17653116,2
Peter,17653116,17
Frank,17653116,9
Orlovsky,17653116,15
Sylvester,31998589,3
Hopper,31998589,23
Hippety,31998589,5
Ramos-Horta,23729853,9
Horta,23729853,2
Stewart,23729853,20
Shackleton,23729853,13
East,23729853,10
Endi,3861685,3
Yueci,3861685,3
Tanaka,3861685,17
Qin,3861685,17
Yuanjia,3861685,14
Lei,3861685,7
Jinsun,3861685,4
Zhao,3861685,10
Sun,3861685,12
O'Brien,3861685,20
Tony,7292022,17
Wilfred,7292022,17
Marquis,7292022,1
Mark,7292022,3
Sarah,7292022,4
Dracula,7292022,24
Lincoln,7292022,18
Sade,7292022,24
Stratten,1369312,11
Butt,1369312,18
Thor,1369312,15
Galaxina,1369312,2
Shah,31501094,10
Mahendran,31501094,2
Jackie,31501094,11
Hellman,20967001,22
Hammett,20967001,5
Jackson,17753342,3
Cyrus,17753342,22
Cabonna,17753342,6
Zack,17753342,22
Maddie,17753342,6
Stewart,17753342,21
Vittali,17753342,10
Tyler,17753342,23
Cory,17753342,6
Ray,17753342,14
Irene,17753342,6
Hannah,17753342,3
Montana,17753342,23
Chelsea,17753342,3
Arwin,17753342,6
Roxy,17753342,14
Robby,17753342,6
Roker,17753342,17
Stanley,17753342,6
Eddie,17753342,6
Keith,17753342,7
Cody,17753342,16
Tipton,17753342,9
Miley,17753342,24
Fitzpatrick,17753342,19
Phileine,2540713,16
Williams,5961695,11
Ray,5961695,3
Morrison,5961695,9
Muller,5961695,1
Mickey,5961695,3
Davis,5961695,18
Scott,5961695,3
Jeffrey,14481268,16
Harry,14481268,3
Diane,14481268,17
Rutledge,14481268,17
Albert,14481268,8
Louise,14481268,10
Lyle,14481268,23
Jessie,14481268,3
Norman,14481268,6
Marvin,14481268,13
Rollins,14481268,3
Lodge,14481268,9
Babbit,14481268,3
Embry,14481268,3
Nunn,14481268,12
Peedi,14481268,6
Lydia,14481268,3
Willis,14481268,3
Hosenfeld,1897341,13
Lednicki,1897341,19
Szpilman,1897341,4
Bogucki,1897341,21
Janina,1897341,2
Resham,12609759,16
Shyam,12609759,17
Mandakini,12609759,8
Ramu,12609759,14
Janita,12609759,4
Singh,12609759,17
Radha,12609759,3
Sumithra,10791819,5
Rajnikanth,10791819,5
Sivakumar,10791819,5
Red,5016299,23
Whit,5016299,5
Stovall,5016299,13
David,4932114,2
Wagner,4932114,0
Peter,4932114,2
Sedman,4932114,9
Sheppard,4932114,2
Maria,36060525,2
O'Neal,36060525,1
Almeda,36060525,24
Alvarez,36060525,17
Jeremy,2182788,19
Ray,2182788,6
Mirabelle,2182788,3
Lisa,2182788,3
Porter,2182788,20
Coles,1996624,0
Lawrence,1996624,15
Bea,1996624,24
Kate,1996624,19
Garfield,1996624,3
Jorgenson,1996624,1
Nargess,9945439,19
Adel,9945439,14
Lane,12753229,23
Superman,12753229,4
Kent,12753229,16
Hitler,12753229,23
Lois,12753229,3
Triton,13716643,11
Lane,25204669,17
Bradley,25204669,5
Howard,25204669,11
Cecilia,25204669,5
Blackie,25204669,24
Faraday,25204669,7
aud,2679502,21
Truffaut,2679502,9
Sharyn,20253903,14
Sarah,20253903,11
Liss,20253903,4
Geeta,32724604,19
Sanjana,32724604,3
Iqbal,32724604,12
Sah,32724604,23
Ali,32724604,10
Neetu,32724604,4
Durgam,32724604,21
Dutt,32724604,0
Rohan,32724604,2
Richard,18908881,24
Ella,18908881,21
Warner,18908881,23
Irina,18908881,11
Hillary,18908881,13
Emily,18908881,4
Hardcastle,18908881,23
Finch,18908881,21
Jim,18908881,23
Raymond,18908881,11
Philip,18908881,3
Luk,1067527,14
Wong,1067527,6
Ngai,1067527,17
Lau,1067527,18
Chan,1067527,13
Mary,1067527,9
Hon,1067527,6
Markus,452767,13
Selene,452767,3
Lucian,452767,17
Michael,452767,17
Nathaniel,452767,0
Rigel,452767,22
Amelia,452767,17
Lycans,452767,24
Viktor,452767,6
Corvin,452767,4
Kraven,452767,17
Sonja,452767,19
Itsuko,3706395,19
sugi,3706395,19
Yasuko,3706395,18
Ellery,24484768,17
Jerry,24484768,22
Dad,24484768,23
Dudley,24484768,16
Ruth,24484768,15
Tommy,24484768,17
Phil,24484768,6
Robert,24484768,22
Joan,17089501,17
Beth,17089501,3
Nick,17089501,3
Antonio,17089501,15
Stacey,17089501,4
Fleming,17089501,9
Beamon,17089501,1
Lance,17089501,12
Sonny,32808620,16
Wagner,32808620,13
Kringelein,44752,16
Grusinskaya,44752,8
Flaemmchen,44752,21
Preysing,44752,6
Baron,44752,3
Geigern,44752,14
Conway,5007560,23
Tillinghast,5007560,8
Amanda,5007560,2
Kumar,28412870,2
Mukesh,28412870,4
Pillai,28412870,7
Singh,28412870,16
Maggie,2775197,7
Guruji,2775197,6
Pinto,2775197,19
Stella,2775197,0
Henderson,4470790,21
Ramsey,6178986,9
Tyler,6178986,13
Templeton,6178986,0
Webster,6178986,6
Carol,6178986,6
Gabby,33307777,3
Tom,30822652,21
Harju,30822652,22
Diana,21703124,10
Oonjaalaadi,21703124,10
Lakshmanan,21703124,3
John,21703124,18
Gopalan,21703124,6
Kaitlyn,2418347,5
Blake,2418347,9
Bishop,2418347,9
Sadie,2418347,3
Arturo,2418347,4
Tricia,2418347,3
Rawlins,2418347,17
Kyle,1164538,3
Michael,1164538,14
Dixon,1164538,2
Matilda,1164538,6
Greene,1164538,17
Caitlin,1164538,7
Walsh,1164538,23
Kulkarni,403051,5
Madhavan,403051,3
Meera,403051,3
Shebanski,4733466,18
Wells,4733466,12
Cage,4733466,3
Wilson,4733466,20
Arthur,1243901,16
Guy,1243901,22
Ray,1243901,23
Craig,1243901,17
Kate,1243901,3
George,1243901,4
Mandy,1243901,17
Jimmy,1243901,3
Sherry,8885378,6
Dennis,8885378,6
Fred,8885378,4
Michelle,8885378,22
Jennifer,8885378,3
Nichols,8885378,18
Fawcett,8885378,4
Howard,8885378,6
Frank,8885378,17
Welch,8885378,7
Reynolds,8885378,13
Dawson,8885378,8
Phillips,8885378,12
David,8885378,10
Franklin,1496889,22
Rudolph,1496889,3
O.M.,1496889,10
Alana,31391884,13
Aedan,31391884,17
Malia,31391884,7
Tanis,31391884,7
Ma,31391884,5
Kumar,9713100,16
Nirmala,9713100,12
Pandit,9713100,17
Naresh,9713100,15
Gaurav,9713100,16
Sankellu,9713100,12
Kiran,34164352,6
Verma,34164352,7
Bindu,34164352,4
Ravi,34164352,2
Lucy,19379236,11
Williams,19379236,24
Wendy,19379236,5
Carroll,19379236,7
Yeh,10622166,8
Simon,10622166,9
Lauren,44457,14
Faur,44457,15
Georges,44457,21
Mereghetti,29596128,2
Baaja,31911943,2
Jackson,29454281,4
Holbrook,29454281,4
Mobley,29454281,13
Phelan,29454281,6
Aibileen,29454281,6
Celia,29454281,22
Clark,29454281,4
Constantine,29454281,4
Eugenia,29454281,13
Minny,29454281,6
Skeeter,29454281,6
Stein,29454281,18
Evers,29454281,22
Foote,29454281,18
Barnett,75259,2
Opal,75259,3
Jean,75259,3
Triplette,75259,6
Cooley,75259,3
Kenny,75259,3
Mary,75259,2
Walker,75259,17
Bill,75259,6
Norman,75259,16
Haven,75259,13
Star,75259,3
Reese,75259,11
Tom,75259,17
Winifred,75259,3
Kelly,75259,17
Martha,75259,3
Hamilton,75259,16
Brown,75259,21
Green,75259,6
Frasier,75259,24
Linnea,75259,3
Harris,75259,11
Sueleen,75259,3
Trout,75259,20
Del,75259,6
Fox,26669004,11
Ching,26669004,14
Ling,4680612,14
Mushu,4680612,6
Yao,4680612,14
Shang,4680612,13
Mulan,4680612,21
Eloise,15738234,21
Raghav,29481480,23
Bhavna,29481480,6
Antoine,24645154,21
Rouski,24645154,4
Marlowe,20358409,14
Wanda,20358409,9
Kolowitz,20358409,16
Colman,20358409,9
David,20358409,16
Ann,5096899,24
Steve,5096899,8
Lee,5096899,17
Ram,23179688,6
Sohni,23179688,6
Harbanslal,23179688,14
Gopal,23179688,5
Fentress,25920477,0
Goodwin,25920477,17
Stevens,25920477,3
Wright,25920477,18
Warren,25920477,15
Frost,25920477,24
Rutledge,25920477,13
Christina,25920477,3
Jagadha,34281838,4
Amrutha,34281838,24
Kumar,34281838,9
Suguna,34281838,19
Mantrik,34281838,6
Bhoopathi,34281838,17
Jagadamba,34281838,23
Rishi,34281838,16
Valli,34281838,3
Seshayya,34281838,17
Rayudu,34281838,3
Bujji,34281838,14
Mahal,34281838,23
Bhoopati,34281838,1
Boop,7417696,16
Pudgy,7417696,3
Kennedy,19360183,6
Ann,19360183,13
Pete,19360183,12
Farina,19360183,3
Jackie,19360183,3
Maggie,33537258,3
Sullivan,33537258,0
Angie,33537258,6
Joshua,33537258,14
Jack,33537258,6
Francis,33537258,17
Wilson,33537258,17
Thompson,33537258,7
Monica,33537258,6
Brandon,33537258,22
Sam,33537258,24
Vincent,33537258,6
Donna,33537258,4
Josekutty,24397165,20
Erali,24397165,4
Vairam,24397165,21
Vairamani,24397165,6
Varma,24397165,21
Jacob,24397165,4
Raoul,1611338,10
Windgren,1611338,3
Kulatunga,21629628,0
Gunasena,21629628,5
Nanayakkara,21629628,0
Perera,21629628,22
Dissanayake,21629628,10
Karaya,21629628,6
Angelica,12744633,21
Polly,12744633,12
Denny,12744633,11
Haywood,12744633,13
Irving,12744633,15
Sameer,4837641,4
Burney,4837641,17
Ashal,4837641,16
Akhter,4837641,12
Grenwich,4837641,21
Anchal,4837641,23
Nisha,4837641,11
Meera,4837641,6
Sara,4837641,14
McGee,14553699,14
Cantor,14553699,24
Brendel,14553699,11
Lemon,14553699,1
LaRue,14553699,8
Peckham,2935585,17
Stratton,2935585,9
Koko,76357,17
Boop,76357,4
Betty,76357,4
Orlean,9890262,20
Sampson,9890262,1
Baptiste,9890262,6
Blacks,9890262,18
Stewart,9890262,24
Agnes,9890262,5
McCarthy,9890262,21
Marian,23780135,21
Edward,23780135,9
Foxworth,26429203,9
Powers,26429203,5
Shirt,33175534,4
Randy,4912607,23
Pamela,4912607,3
Rogers,4912607,14
Lewis,4912607,24
Henry,8949502,1
Andrews,8949502,5
Taylor,8949502,7
Molly,8949502,21
Wood,8949502,1
Trampas,8949502,3
Burke,8949502,21
Steve,8949502,3
Virginian,8949502,3
Andy,8949502,3
Juan,9347378,21
Ana,9347378,13
Dallia,19437594,13
Himan,19437594,2
Shiuli,19437594,23
Mehuli,19437594,6
Hewitt,2572817,17
Garcia,2572817,14
Sullivan,2572817,0
Victoria,2572817,3
Kirby,2572817,6
Fowler,2572817,6
Farr,2572817,20
McCarthy,2572817,4
Gerard,8737296,11
Connelly,32112375,9
Lyons,16690709,22
Allmore,16690709,9
Lin,781321,4
Jie,781321,23
Kaige,781321,24
Ruyi,781321,13
Zhengda,781321,9
Duanwu,781321,2
Yi,781321,18
Biggie,781321,0
Zhongliang,781321,13
Xiuyi,781321,9
Pang,781321,7
Lanny,12572118,12
Pete,12572118,2
Ramsay,31514096,0
Lou,961777,10
Kate,961777,16
Joe,961777,21
Rachel,961777,21
Roy,1673495,3
Crowley,1673495,22
Spike,1673495,6
Pierce,1673495,22
Knable,1673495,5
Helen,1673495,5
Clement,6883275,21
Dumas,6883275,15
Vaughan,6883275,0
Berle,6883275,22
Randall,6883275,20
Dell,6883275,9
McGee,16182808,6
Tomlinson,16182808,19
Hollister,16182808,17
Charlie,16182808,4
Rainbird,16182808,4
Vicky,16182808,4
John,16182808,22
Andy,16182808,3
Mxyzptlk,4013248,7
Lane,4013248,8
Luthor,4013248,4
Superman,4013248,17
Kent,4013248,2
White,4013248,5
Olsen,4013248,12
Lois,4013248,16
Brainiac,4013248,17
Michael,5068093,6
Jenna,5068093,3
Stephen,5068093,6
Kim,5068093,6
Chris,5068093,13
Gideon,7672162,10
Bong,25142650,14
Wong,25142650,1
Gale,25142650,16
Fong,25142650,16
Lily,25142650,8
Smith,13793582,1
Goole,13793582,18
Poole,13793582,18
Violette,22317779,6
Clarisse,22317779,6
Mireille,22317779,6
Nandini,14029190,0
Vamshi,14029190,13
Reddy,14029190,3
Rayudu,14029190,21
Sylvester,18852166,3
Potemkin,7123113,13
nchhausen,7123113,14
Cagliostro,7123113,13
Catherine,7123113,5
Raju,28189517,14
Radha,28189517,5
Kanthamma,28189517,23
Anand,28189517,14
Viswanath,31111046,18
Madhavan,31111046,17
Unni,31111046,23
Patteri,31111046,23
Ganeshan,31111046,12
Tyler,31365800,9
Daisy,31365800,1
Colby,31365800,23
Doherty,17180952,11
Jurado,25722295,9
Claudia,3077087,17
Larson,3077087,9
Glady,3077087,12
Kitt,3077087,17
Wedman,3077087,24
Jack,3077087,23
Tommy,3077087,6
McCloskey,33032634,18
Yuriko,32752081,6
Akiko,32752081,23
Kazuo,32752081,23
Carter,25231528,7
Hajus,25231528,9
Tarkas,25231528,17
Thoris,25231528,16
Barsoom,25231528,10
Jordan,20191846,1
Blair,30809,4
Clark,30809,20
Fuchs,30809,3
Nauls,30809,17
Childs,30809,23
Garry,30809,22
Norris,30809,4
MacReady,30809,3
Elmer,7158428,6
Timothy,16595579,15
Donna,16595579,11
Jonathon,16595579,20
Plunkett,9543722,0
Dray,9543722,15
Sanders,9543722,12
Moran,9543722,7
Leonard,9543722,6
X.,13848388,7
Maolo,13848388,20
Simeon,13848388,20
X,13848388,7
Weng,13848388,11
Langley,2249633,24
Trent,2249633,9
Vee,2249633,24
Laughton,2249633,16
Hans,2249633,18
Mike,2249633,24
Missy,14953996,6
Harmon,14953996,8
Peter,14953996,11
Michael,14953996,6
Coffin,14953996,18
Parrish,14953996,15
Nancy,14953996,3
Legler,14953996,23
Mike,14953996,12
Eldridge,14953996,10
Lisa,14953996,11
Quigley,2688769,3
Marston,2688769,21
Roy,2688769,8
Grimmelman,2688769,10
Cora,2688769,3
Ashley-Pitt,2688769,1
Byrd,18242046,18
Vidya,24553685,3
Vinod,24553685,17
Aarti,24553685,2
Gupta,24553685,21
Raju,24553685,15
Juan,27422332,19
Zganjer,27422332,5
Melita,27422332,21
Janko,27422332,10
Moy,3273634,21
Manchu,3273634,5
Barry,32883795,16
Nina,5148210,19
Verma,5148210,18
Buddhadev,5148210,19
Gupta,5148210,5
Kum,5148210,8
Omprakash,5148210,18
Lama,23805580,18
Kopfrkingl,23805580,5
Dupin,463519,19
Chopin,463519,21
Musset,463519,24
Sand,463519,0
Liszt,463519,10
Mary,27692986,13
Constable,27692986,9
Tierney,27692986,8
Lauder,27692986,23
Edgar,264851,24
Bernice,264851,16
Strutt,264851,1
Mark,264851,4
Rutland,264851,10
Marnie,264851,20
Margaret,264851,4
Inez,30270343,9
Phantom,30270343,19
Orshoski,30270343,17
Ian,30270343,15
Jones,30270343,22
Hook,30270343,19
Navarro,30270343,10
Sixx,30270343,22
Turner,30270343,22
Frederiksen,30270343,22
Cocker,30270343,22
Vanian,30270343,10
Hammett,30270343,15
Brock,30270343,10
Vai,30270343,24
Ramone,30270343,22
Olliver,30270343,4
Snider,30270343,22
Cooper,30270343,2
Trujillo,30270343,9
Rollins,30270343,9
Jett,30270343,8
Lemmy,30270343,3
Heat,30270343,7
Heath,30270343,19
D,30270343,22
Hetfield,30270343,21
Ulrich,30270343,5
Clarke,30270343,24
Rowley,30270343,22
Ellefson,30270343,9
Stacia,30270343,22
White,24009449,20
Benner,24009449,20
Slocome,24009449,5
Charlie,24009449,16
May,24009449,8
Bose,2411513,2
Senapathy,2411513,6
Aishwarya,2411513,23
Varmam,2411513,23
Chandru,2411513,6
Sukanya,2411513,8
Krishnaswamy,2411513,6
Masako,2553318,16
Aoye,2553318,6
Saijo,2553318,23
Meyers,1482832,16
Anders,36147846,6
Anna,36147846,3
Helge,36147846,3
Kathy,27190341,3
Audrey,34084031,15
Marcus,34084031,21
Moretti,3541699,20
Rasmusson,3541699,1
Gibson,3541699,17
Gallagher,3541699,12
O'Reilly,3541699,3
Mary,3541699,9
Colleen,3541699,17
Dick,3541699,1
Patricia,2140002,3
Tom,2140002,8
Adamsky,2140002,13
Anthony,2140002,3
Sonny,2140002,3
Dolores,2140002,3
Scobee,8571805,5
Sullivan,8571805,24
Hoften,8571805,4
Resnik,8571805,19
Nelson,8571805,0
Laramie,1128463,9
Evert,21352057,17
Johan,21352057,3
Sven,21352057,19
Bj,21352057,0
Guillermo,9246624,7
Tamburrini,9246624,6
Henry,25932995,17
Valentine,25932995,16
Susana,25932995,3
Reyes,25932995,3
Mercer,25932995,17
Leon,25932995,1
Parkson,2309020,0
Enley,2309020,6
Pat,2309020,18
Paige,26762105,5
Myra,26762105,23
Eddie,26762105,0
Cindy,4867859,6
Lou,4867859,3
May,4867859,6
Martha,4867859,24
Dominick,26065869,13
Claudel,26065869,3
Wimmer,26065869,23
Domick,26065869,6
Vallais,26065869,6
Mathe,26065869,6
Millman,5222282,7
Socrates,5222282,2
Tommy,5222282,21
Dan,5222282,6
Joy,5222282,14
Bhoomatha,25009159,22
Kusa,25009159,23
Rama,25009159,15
Ramayana,25009159,8
Valmiki,25009159,22
Kumar,26842900,20
Simone,26842900,3
Raj,26842900,13
Brar,26842900,1
Mankotia,26842900,15
Randeep,26842900,6
Arrius,1343327,16
Polly,17355803,3
Fifi,17355803,3
Lorraine,17355803,14
Bertie,17355803,3
Eliot,2555548,21
Bradley,2555548,6
Louis,2555548,6
Swann,2555548,9
Baxter,2555548,6
Caroline,2555548,3
Cecil,2555548,3
Maria,1255098,13
Makiba,1255098,8
Daisuke,1255098,6
Umon,1255098,12
Vega,1255098,17
Fleed,1255098,13
Kabuto,1255098,16
Rubina,1255098,3
Blaki,1255098,20
Grendizer,1255098,3
Duke,1255098,3
Vegatron,1255098,21
Chin,14210860,4
Tsui,14210860,3
Cheung,14210860,3
Tam,14210860,4
Eliza,3524152,16
Carl,3524152,3
Karino,31890126,14
Inumura,31890126,13
Fana,31890126,19
Blake,407178,24
Sam,407178,17
Laura,407178,21
Jason,407178,3
Hall,407178,23
J.D.,407178,10
Frank,407178,23
Becker,407178,0
Tokada,407178,12
Rapson,407178,10
Jack,407178,6
Takagi,4999528,4
Watts,4999528,16
Jimmy,4999528,17
Lily,4999528,12
Hiro,4999528,4
Hamilton,4999528,17
Fallah,4999528,17
Berry,4999528,4
Carolyn,4999528,1
Sincam,4999528,21
Nancy,4999528,6
Dular,4999528,1
Schwarzenegger,2841422,14
Amy,2841422,11
Molly,2841422,10
Hutton,2841422,15
Zach,2841422,16
Bevans,7998882,8
Hooker,7998882,2
MacNamara,1226841,6
Earl,32883894,19
Kent,5883171,0
Boroff,5883171,3
Dick,5883171,1
Garbo,35485998,2
Booky,14625799,16
Hogan,17998525,0
Foley,17998525,23
Simon,17998525,2
Nan,17998525,6
Benny,17998525,6
Walsh,17998525,19
Jack,17998525,6
Malone,17998525,2
Mahon,17998525,19
Paul,1322542,6
Agn,1322542,6
Williams,5664582,4
Cotton,5664582,4
Orochimaru,2318516,17
Hiki,2318516,6
Ogata,2318516,15
Saki,2318516,4
Tsunade,2318516,17
Ikazuchi-Maru,2318516,3
Jiraiya,2318516,17
Shirota,2318516,24
Yuki,2318516,22
Uuno,9499387,4
Tossavainen,9499387,20
Hartikainen,9499387,6
Woody,20518356,23
Prithviraj,16179581,16
Bhaskar,16179581,21
Sukumaran,16179581,12
Shant,3130501,5
Tony,3130501,12
Smith,3130501,24
Denise,14368969,17
Carla,14368969,10
Charlie,15025803,6
Headrush,15025803,22
Rupert,15025803,19
Vicky,15025803,24
Rita,13075853,12
Soda,13075853,2
Verma,13075853,6
Mohammed,13075853,14
Veljibhai,13075853,6
Bluto,893465,19
Ernie,893465,20
Holly,893465,1
Tara,893465,3
Lisa,893465,1
Moriarty,28245273,14
Marylou,28245273,16
Maggie,31270171,8
McCullough,31270171,13
Annie,31270171,15
Kent,5873118,23
Dale,5873118,24
Mitchell,5873118,17
Ellerbe,5873118,0
Lorraine,5873118,9
J.B.,5873118,0
Judith,4131836,19
Woodward,4131836,17
Belushi,4131836,4
Velasquez,4131836,0
Smith,4131836,12
Aykroyd,4131836,24
Darley,9497635,16
Justine,9497635,4
Pursewarden,9497635,3
Garrett,21094917,15
Rano,13772818,8
Singh,13772818,13
Mangal,13772818,8
High,407351,0
Guggenheim,407351,18
Blume,407351,16
Dirk,407351,3
Fischer,407351,3
Yang,407351,9
Rosemary,407351,21
Max,407351,5
Cross,407351,13
Laurience,10610452,6
Loder,10610452,11
Gratton,10610452,2
Wyatt,10610452,2
Clare,10610452,6
Clayton,10610452,10
Cellier,10610452,24
Dick,10610452,10
Studholme,24200166,4
Bondi,19410544,21
Bing,19410544,6
Sandra,19410544,20
Bernstein,3096374,16
Lazar,3096374,22
Rahim,3096374,19
Stormalong,32656116,10
Joan,32656116,24
Dawson,32656116,10
Tommy,32656116,24
Boyle,5224973,8
Davies,5224973,13
Vlassov,5224973,22
Laxmidevi,13578324,15
Leena,13578324,15
Esha,13578324,15
Sam,16904693,6
Jack,16904693,0
Hussein,21451606,12
Hue,4673173,6
Laverna,4673173,6
Bibble,4673173,23
Dahlia,4673173,6
Azura,4673173,3
Topaz,4673173,13
Nalu,4673173,3
Peony,4673173,21
Ruby,4673173,13
Elina,4673173,3
Dandelion,4673173,3
Silva,1609543,24
Khan,1609543,23
Khanna,1609543,17
Nygma,4730,4
Dent,4730,9
Meridian,4730,16
Manor,4730,9
Robin,4730,24
Chase,4730,13
Dick,4730,16
Batman,4730,3
Wayne,4730,21
Haber,29836920,13
Jeffrey,29836920,2
Mackenzie,29836920,6
Julie,29836920,3
Matt,29836920,8
Eli,29836920,15
Woodward,26601543,21
Tiffin,26601543,23
Rutledge,26601543,16
Youngston,26601543,23
Bacon,26601543,17
Morris,26601543,17
Clayton,26601543,10
Dwyer,26601543,17
Sneddon,26601543,4
Fraser,26601543,0
Waddell,26601543,24
Sharda,10731548,6
Ranjeet,10731548,6
Nirmala,10731548,6
Mac,2009848,16
DeSoto,2009848,21
Suzy,2009848,16
don,2009848,15
Doc,2009848,21
Santos,18074703,16
Marian,18074703,19
White,2021218,19
Carol,2021218,3
Franklin,14145137,17
Nabby,14145137,16
Quincy,14145137,11
Preston,14145137,1
XVI,14145137,17
Hamilton,14145137,15
Jefferson,14145137,7
Washington,14145137,0
Abigail,14145137,8
Adams,14145137,21
III,14145137,18
Burr,14145137,22
Bonet,27285438,3
Vichy,27285438,24
Picard,27285438,4
Marianne,27285438,13
Lambert,25725289,22
Holly,25725289,16
Kositch,25725289,3
Jan,25725289,2
Parker,25725289,15
Kray,25725289,8
Blake,14143625,13
Ransome,14143625,19
Latha,26589389,2
Ganesan,26589389,15
Ashok,26589389,8
Sivakami,26589389,6
Chen,18214566,12
Yu,18214566,24
Shui,18214566,9
Douglas,15048299,15
Beaton,15048299,3
Campbell,15048299,8
Fiona,15048299,21
Jeff,15048299,21
Tommy,15048299,3
Jean,15048299,2
Dalrymple,15048299,18
Albright,15048299,13
Purdy,92580,18
Eliza,92580,13
Josh,92580,13
Mattie,92580,2
Birdwell,92580,19
Maldic,11508746,17
Elgin,11508746,9
Maria,11508746,21
Andrew,11508746,3
Joanne,11508746,7
Julia,11508746,17
Jack,11508746,6
Loyvek,11508746,16
Stockton,11508746,11
Davidson,11508746,6
Bernard,11508746,11
Mason,3893312,4
Selky,17122121,9
Philippe,17122121,6
Menetti,17122121,3
Susan,17122121,6
Robbins,17122121,10
Norris,17122121,24
Graham,17122121,23
Jocelyn,17122121,6
Alex,17122121,4
Ji-won,3861321,17
Retzliff,5632768,6
Ellen,5632768,3
Alexander,5632768,22
Marge,5632768,21
Dyer,5632768,9
Bracken,5632768,9
David,5632768,23
Jane,6967547,14
Kala,6967547,19
Crosby,6967547,20
Porter,6967547,8
Dinah,212265,3
Morita,212265,18
Alice,212265,3
Mother,212265,6
Dorman,26765141,16
Pete,26765141,0
Diana,26765141,24
Andre,26765141,10
Olga,27046886,3
Thompson,34666430,11
Mirtahmasb,33260058,9
Suri,33260058,3
Panahi,33260058,3
Hope,2217354,3
Heather,2217354,3
Sherman,2217354,15
Frank,2217354,13
Mickey,2217354,6
Francis,2217354,6
Renee,2217354,23
Consuelo,20964295,6
Tony,20964295,11
Barling,20964295,21
Terry,20964295,6
Trindale,20964295,14
Croyden,20964295,6
Thurman,32972083,17
Rick,32972083,6
Tracey,32972083,21
Weinstein,32972083,17
C.J.,32972083,7
Buck,32972083,3
Pooja,6717398,21
Khanna,6717398,1
Aman,6717398,14
Dayashankar,6717398,23
Parvati,6717398,2
Vijay,6717398,3
Byrne,19293270,15
Foster,3691494,4
Houdini,3691494,23
Wilma,11401345,16
Fred,11401345,13
Flintstone,11401345,1
Rabarts,33277159,20
Mishra,33277159,12
Esparza,23141724,16
Lantz,23141724,4
Sutton,23141724,14
Ben,23141724,22
Colton,23141724,14
Suyin,92540,3
Elliott,92540,19
Vaishakan,29967732,6
Priyadarshan,29967732,13
Revathy,29967732,6
Achayan,29967732,3
Vasishakan,29967732,6
Meera,29967732,13
Julianne,6256750,2
Sam,6256750,8
Vince,6256750,15
Jones,6256750,12
Harvey,6256750,8
Matthew,25212770,3
Jennifer,25212770,3
Johnny,25212770,17
peck,25212770,18
Hills,25212770,3
Stanley,25212770,4
Storch,25212770,3
Andy,25212770,17
Larson,26127858,20
Kathy,26127858,2
Mayer,26127858,11
Bucky,26127858,6
Shadow,26127858,1
Miles,26127858,6
Molly,210231,21
Johnny,210231,19
Tobin,210231,13
Brown,210231,21
Patrick,8848464,11
Kristian,8848464,21
Henrik,8848464,22
Finney,5105482,6
Brendan,5105482,14
Kate,5105482,2
Rickie,24665719,3
Johnny,24665719,23
Deadgirl,24665719,23
J.T.,24665719,3
Wheeler,24665719,3
Joann,24665719,3
Naranjo,5566878,21
Hortensia,5566878,8
Carmen,5566878,13
Yolanda,5566878,8
Maribel,5566878,21
Orlando,5566878,12
Leticia,5566878,0
Castillo,5566878,11
Andy,5566878,6
Rachna,7120916,2
Vishal,7120916,8
Jojo,7120916,6
Raksha,7120916,8
Gauri,7120916,19
Hrithik,7120916,23
Payal,7120916,2
Mai,17093305,14
Hern,17093305,14
Didi,17093305,23
Arline,3450620,6
Richard,3450620,24
Melville,3450620,8
Castellar,17031503,10
Maria,17031503,3
Rojo,17031503,3
Daylight,17031503,17
Doc,17031503,17
Henry,3447064,12
Dinklepuss,3447064,7
Polly,3447064,15
Donald,3447064,21
Larkin,3447064,24
Eloise,3447064,2
Dinkle,3447064,23
Nellie,3447064,16
Jack,3447064,14
Lynne,1449256,2
Yost,1449256,17
Carter,1449256,18
Reese,1449256,3
Brewster,1449256,6
Walker,1449256,6
Stegman,1449256,4
Chris,1449256,21
Palmer,5291288,10
Stroud,5291288,17
Bradley,5291288,13
Parkinson,5291288,17
Delaney,5291288,17
Woodley,5291288,3
Fernandez,1802219,1
Hatch,1802219,17
Colby,1802219,6
Orbison,340276,5
Beaulieu,340276,10
Vallencourt,340276,12
Klein,340276,21
Bobby,340276,6
Vicki,340276,2
Boucher,340276,6
Roberto,340276,5
Helen,340276,6
Sayuri,27694763,11
Kimio,27694763,23
Herzog,20611596,17
Liv,20611596,17
Martin,20611596,17
Erland,20611596,20
Hanna,20611596,17
Vegard,20611596,3
Chris,20611596,17
Sara,20611596,23
Henry,30763652,6
Kokow,30763652,8
Katharina,30763652,9
Magdalena,30763652,12
Tano,24197141,20
Wak-A-Wok,24197141,17
Cody,24197141,3
Kenobi,24197141,1
Vader,24197141,22
Ventress,24197141,23
Jones,24197141,5
Palpatine,24197141,4
Skywalker,24197141,21
Rex,24197141,4
Anakin,24197141,17
Tim,5638447,21
Garret,5638447,22
Luganni,5638447,9
Murphy,5638447,10
Delany,5638447,14
Grogan,5638447,4
LaCombe,5638447,9
Florentino,11436273,6
Urbino,11436273,13
Ariza,11436273,6
Daza,11436273,4
Lechuga,3791628,20
Bobby,3791628,7
Lastre,3791628,14
Paso,3791628,11
Dolores,3791628,16
Walter,2462597,14
Eberhart,2462597,2
O'Neal,2462597,11
Markowe,2462597,17
Wimperis,2462597,17
Sant,2462597,11
Ted,2462597,8
Joanna,2462597,3
Jennifer,26226480,14
Lawrence,26226480,14
Sullivan,26226480,14
Arnold,26226480,0
Patrick,26226480,12
Mark,26226480,2
Jackson,1005010,0
Denny,1005010,20
Smith,1005010,20
Diaz,1005010,0
Harald,19081314,1
Suneson,19081314,2
II,19081314,17
Ridefort,19081314,15
Jarl,19081314,20
Arn,19081314,4
Cecilia,19081314,6
Folkung,19081314,10
Magnus,19081314,15
Saladin,19081314,16
Alde,19081314,10
Carter,14992876,23
Lee,14992876,18
Formby,14992876,11
Trumpey,15780467,17
Ferris,15780467,21
Candace,15780467,2
Dhana,15780467,4
Rehman,22276971,21
Ray,22276971,6
Noelle,22276971,6
Harriet,24706815,20
Harold,24706815,8
Craig,24706815,22
Miller,23726874,3
Thomas,23726874,3
Grissom,23726874,4
Hoffman,23726874,10
Jackie,23726874,17
Nai,22941286,20
Beiyinpalica,22941286,16
Someyer,22941286,2
Subramaniam,30635702,23
Kiran,30635702,1
Raj,30635702,14
Bhangari,30635702,2
Judith,2518695,21
Frank,2518695,3
Malcolm,2518695,16
Bettinger,5929740,21
Baruch,401059,9
Bauman,14110961,8
Charlotte,14110961,20
Clara,14110961,12
Castang,14110961,21
Lulu,14110961,12
Purcek,3690283,18
Lepescu,3690283,13
Gil,3690283,3
Turner,3690283,9
Elizabeth,3690283,3
Harrison,3690283,23
Frankenstein,3690283,4
Jack,3690283,3
Laura,3690283,4
Radu,3690283,12
Hunyadi,3690283,12
Percek,3690283,17
Ellison,3690283,1
Odette,3690283,20
Malavacqua,3690283,3
Larry,3690283,1
Allen,31419348,9
Turner,3511234,0
Taylor,3511234,20
Todd,3511234,9
Ives,3511234,1
Creese,19440655,22
Meuller,19440655,16
Eric,19440655,21
Brogar,19440655,4
Davis,19440655,9
Mueller,19440655,0
Gayetri,10640601,21
Gayatri,10640601,13
Thanghe,10640601,18
Jaichand,10640601,7
Larson,366111,5
Jill,366111,13
Shanahan,366111,13
Robbins,366111,20
Rosemary,366111,21
Wilson,366111,3
Hal,366111,6
Yumiko,24232379,8
Weisser,24232379,11
Gohan,4276011,15
Goku,4276011,3
Jr.,4276011,23
Pianese,1012582,14
Borelli,1012582,6
Borrelli,1012582,24
Coyote,29838671,16
E.,29838671,16
Moopheus,6083067,20
Leo,6083067,13
Margo,17646903,2
Walter,17646903,14
Fox,17646903,11
Rhonda,17646903,19
Timmy,17646903,16
Baxter,17646903,19
Jerry,17646903,6
Disbro,17646903,3
Klopper,17646903,12
Ike,17646903,19
Radcliffe,2677828,4
Sampson,2677828,11
Spears,2677828,3
Michael,2677828,15
Griffin,2677828,13
Cobb,2677828,7
Connie,77665,6
Carter,77665,17
Joe,77665,14
Milligan,77665,24
Pendergast,77665,19
Dingle,77665,3
Prescott,980977,6
Brantley,980977,16
Davenport,980977,9
Thomas,980977,18
Whitfield,980977,18
Howard,980977,15
Christy,980977,3
Pemrose,980977,16
Wills,980977,24
Foster,980977,2
Matlin,984020,9
Amanda,984020,0
Arntz,984020,20
Eden,26405590,11
Sam,21606259,24
Durant,21606259,21
Gordon,21606259,21
Costello,21606259,18
Vincent,21606259,13
Laurie,21606259,21
Sherwood,21606259,24
Ossei,10498029,4
Adanggaman,10498029,17
Naka,10498029,10
Raina,18711572,16
Irfan,18711572,11
Khan,18711572,15
Sonia,18711572,3
Margaret,18711572,23
Mallika,18711572,3
Vikrant,18711572,3
Kabir,18711572,6
Paula,35277263,3
Bendix,35277263,23
Haller,35277263,22
Hanson,35277263,3
Ryan,35277263,15
Fitzgerald,5913765,4
Gale,5913765,15
Lion,5913765,6
Caroline,5913765,22
Oscar,5913765,4
Wimzik,5913765,24
Isolde,14228344,23
Llull,35785261,8
Carter,26294680,1
Nick,26294680,3
Sheridan,26294680,23
Ward,26294680,8
Howard,26294680,20
Bonelli,26294680,14
Susie,26294680,6
Wallace,26294680,1
McBride,3535700,7
Holt,3535700,6
Thor,3535700,15
Anderson,3535700,22
Kelvin,3535700,6
Stephane,32639879,5
Matthew,32639879,2
Fersen,32639879,5
Berl,32639879,17
Jeanne,32639879,15
Sophie,32639879,2
Powell,1858763,4
Frugge,1858763,0
Talby,1858763,21
Doolittle,1858763,0
Tim,25526577,3
Therman,25526577,20
Fender,25526577,21
Speck,25526577,1
Darla,25526577,3
Julie,25526577,3
Barry,25526577,3
Vollard,25526577,24
Kieran,25526577,16
Murch,25526577,17
Conrad,25526577,1
Mueller,25526577,12
Masterman,2025204,1
Lawson,2025204,7
Michael,2025204,12
Joseph,2025204,16
Julia,2025204,8
Finsbury,2025204,14
Morris,2025204,3
John,2025204,3
Lucy,10511883,6
Rice,10511883,23
Barr,10511883,18
Mitchell,10511883,3
Rainey,10511883,17
Marsha,10511883,3
Adams,10511883,17
Hank,10511883,6
Katrin,34216608,21
Victorija,28504645,22
Azad,28504645,18
Cinefacts,28504645,22
Yumiko,424829,6
Yuichi,424829,21
Tamio,424829,8
Ikuo,424829,17
Allen,187086,10
Tom,187086,17
Harper,187086,18
Marie,187086,6
Acharya,17918821,23
Ray,17918821,23
Sedley,5083366,23
Johnny,5083366,6
Handsome,5083366,15
McCarty,5083366,11
Boyd,5083366,0
Fisher,5083366,10
Rafe,5083366,14
Burk,21497313,3
Zeila,21497313,14
Fatima,21497313,12
Jafar,21497313,17
Amin,21497313,3
Tonko,21497313,5
Stuart,27721783,8
Lutcher,27721783,13
Holmes,9049407,4
Power,9049407,12
Cooper,9049407,20
Brown,9049407,20
Salam,34983946,23
Arthur,164387,21
McHenry,164387,12
Fleming,164387,6
Rayford,164387,3
judge,164387,13
Carl,164387,18
McCullaugh,164387,11
Agee,164387,4
Kirkland,164387,6
Sam,164387,0
Fresnell,164387,21
Jay,164387,3
Packer,164387,14
Porter,164387,20
Schwartzenhoffen,74971,12
Ollie,74971,24
Stan,74971,17
Sampson,5601645,16
Morgenstern,5601645,6
Wronkin,5601645,6
Greech,5601645,22
Marjorie,5601645,3
Airman,5601645,13
Zelenko,5601645,12
Arnold,5601645,14
Jaggar,19718236,6
Sweeney,19718236,10
Bowman,28287644,6
Louie,28287644,17
Butch,28287644,23
Chuck,28287644,17
Lannigan,28287644,0
Bobby,1369060,14
Lana,1369060,9
Barkley,1369060,14
Terry,1369060,16
James,1369060,21
Knauer,1187057,17
Hampton,1187057,21
Hazen,1187057,6
Toot,1187057,9
Shokner,1187057,20
Granville,1187057,5
Steadman,1187057,11
Unger,1187057,10
Joe,2059734,6
Iris,2059734,17
Macy,2059734,22
Angelica,15937192,4
Alexey,15937192,6
Angelika,15937192,3
Valery,15937192,6
Zhurov,15937192,4
Artemy,15937192,3
Roberts,4376322,24
Khrushchev,4376322,12
Maxwell,4376322,22
Jr.,4376322,24
Kennedy,817905,11
Haff,817905,13
Elvis,817905,3
Johnson,817905,0
Ho-Tep,817905,24
Jack,817905,5
Presley,817905,14
Manley,13252654,22
Fawcett,13252654,13
Melinda,12815804,3
Tichborne,25401485,19
Bogle,25401485,8
Mathiassen,4333441,4
Rasmussen,4333441,6
Freuchen,4333441,19
Bertha,33208964,6
Fred,33208964,3
Felson,33208964,6
Elise,33208964,15
Devlin,33208964,3
Talia,33208964,23
Rocio,5747189,6
Kimami,28019269,6
Ruth,28019269,22
Mburu,28019269,5
Caroline,28019269,22
Shenton,12586991,19
Meek,12586991,14
Parzeno,14722381,15
Rossi,14722381,2
Santiago,14942228,0
Parker,14942228,9
Mary,14942228,19
Blatt,14942228,11
Buddy,35235985,3
Susan,35235985,13
Gilbert,35235985,21
Nadira,5091175,23
Tilak,5091175,15
Singh,5091175,15
Jai,5091175,24
Mangala,5091175,2
Maharaj,5091175,18
Shamsher,5091175,14
Lightbug,17111192,17
Mr,17111192,7
Skipperdoo,17111192,3
Yanchuk,30585802,7
Shukhevych,30585802,20
Laurier,9064244,12
Sarah,9064244,2
Scorpio,9064244,17
Beam,4916371,12
Dan,4916371,12
Weller,3524875,5
Paul,3524875,6
Lucy,3524875,3
Secker,3524875,17
Jeremy,3524875,24
Dracula,3524875,3
Paxton,3524875,17
Alice,3524875,3
Courtley,3524875,2
Eric,26497852,3
Beth,26497852,4
Connell,26497852,13
Harold,26497852,4
Lisa,26497852,4
Waverton,2629975,9
Rebecca,2629975,19
Saul,2629975,16
Femm,2629975,8
Laura,4143733,7
Hal,4143733,19
Scorsese,4143733,18
Cameron,4143733,21
Sarah,4143733,21
Christine,4143733,23
Reiner,4143733,8
Josh,4143733,10
Jack,4143733,15
Steven,4143733,6
Phillips,4143733,6
Chun,17298868,17
Lin,17298868,3
Lee,17298868,12
Sato,17298868,17
Ching-chuen,17298868,12
Miura,17298868,3
Zhao,17298868,24
Chow,17298868,6
Shanzhao,17298868,2
Sellasamy,34026023,2
Thangapandi,34026023,2
Durairasuthevar,34026023,24
Prabhu,34026023,23
Malar,34026023,23
Angusamy,34026023,16
Mamoru,696199,20
Schofield,6781919,14
Karan,8772252,24
Divya,8772252,12
Ravi,8772252,21
Singh,8772252,12
Shroff,8772252,10
Leelu,143809,3
Lindberg,143809,17
Zorg,143809,17
David,143809,1
Dallas,143809,4
Plavalaguna,143809,6
Munro,143809,20
Cornelius,143809,17
Leeloo,143809,4
Mangalores,143809,24
Diva,143809,17
Korben,143809,4
Ti,16654243,9
Ney,16654243,12
Kent,16654243,17
Hung,16654243,24
Man,16654243,11
Khanna,5178822,4
Michael,5178822,10
Chenxiang,8637720,2
Shen,8637720,10
Emma,496299,8
Jennings,496299,21
Sueli,1767518,23
Dito,1767518,2
Lilica,1767518,4
Pixote,1767518,3
Johan,19919895,18
Einar,19919895,13
Daniel,19919895,10
Jannicke,19919895,21
Camilla,19919895,17
Sverre,19919895,22
Oliver,7831972,6
Ethel,7831972,23
Destructo,7831972,22
Stan,7831972,6
Hardy,7831972,20
Einstein,1679152,22
Monroe,1679152,9
McCarthy,1679152,14
Pierre,8460547,23
Leo,4967070,17
Ayesha,4967070,4
Vincey,4967070,19
Ustane,4967070,1
Bilali,4967070,24
Richardson,4967070,11
Uthba,12014701,24
Meera,12014701,16
Billi,12014701,13
Kathy,4095638,14
Garcia,4095638,11
Faber,4095638,24
Lilly,4095638,2
Sam,4095638,24
Walter,4095638,22
Christine,4095638,14
Carmen,4095638,18
Robert,4095638,23
Keener,4095638,17
Rebecca,4095638,20
Carol,4095638,7
Bryant,3746,6
Roy,3746,6
Tyrell,3746,16
Batty,3746,5
Rachael,3746,4
Sebastian,3746,23
Hatnote,3746,23
Pris,3746,21
Deckard,3746,3
Holden,3746,10
Zhora,3746,17
Leon,3746,18
Roy,20935816,0
Raja,20935816,5
Vishal,20935816,14
Rajkumar,20935816,6
Rudra,20935816,15
Ballen,12784721,21
Jin,12784721,0
Maradonna,24004409,0
John,24004409,7
Kuruvilla,24004409,8
Kenneth,30459784,3
Tyrone,30459784,3
Shay,30459784,14
Henry,12514898,17
Keith,12514898,24
Tyler,12514898,6
Moon,12514898,17
Jory,12514898,24
Frapp,12514898,9
Heston,12514898,16
Bill,12514898,3
Whiting,23389321,12
Richard,23389321,23
Cal,23389321,1
Messinger,23389321,19
Julie,23389321,6
Miranda,23389321,6
Spector,23389321,6
Fen,31362067,2
Jung,31362067,24
Ravi,23401287,21
Pahlvan,23401287,17
Vasu,23401287,6
Kabir,23401287,18
Vasundhara,23401287,8
Grant,29288065,3
Tom,29288065,17
Rayburn,29288065,21
Jill,29288065,23
Laura,16072077,16
Nathan,13656791,3
Mandel,13656791,3
Matool,13656791,6
Vega,13656791,12
Dexy,13656791,6
Rainville,13656791,3
Malverton,18017481,6
Gilson,18017481,3
Rene,18017481,6
Winters,18017481,11
Kay,18017481,6
Summers,18017481,15
Chester,18017481,6
Doinel,202140,3
Johnson,31227417,5
Wilson,31227417,6
Weathercoop,31227417,6
Ammons,31227417,3
AJ,905906,6
Beck,905906,0
Berko,905906,17
Mark,905906,23
Beatty,905906,20
Warren,905906,17
Manning,905906,20
Joe,905906,6
Gina,905906,9
Deb,905906,3
Lucas,905906,6
Corey,905906,6
Johnnie,35604272,13
Nazhde,2174599,10
Devereaux,2174599,20
Samir,2174599,17
Haddad,2174599,6
Hubbard,2174599,3
Hussein,2174599,12
Husseini,2174599,4
Kraft,2174599,11
Jr.,2174599,24
Talal,2174599,7
Bridger,2174599,6
Devi,10792024,2
Rajni,10792024,0
Jackson,6081002,3
Whittaker,6081002,12
Linda,6081002,1
Steele,6081002,10
Carney,6081002,18
Truman,6081002,22
Ridge,6081002,22
Jackson,4510808,1
Vicky,4510808,8
Steve,4510808,18
Carl,4510808,18
Melissa,4510808,8
Jimmy,4510808,1
Sharon,30766597,0
Christine,30766597,16
Mandy,30766597,3
Gloria,30766597,15
Davis,30766597,1
Dick,30766597,3
Richard,7047921,3
Sheryl,7047921,6
Frank,7047921,15
Proust,7047921,5
Edwin,7047921,7
Dwayne,7047921,16
Hoover,7047921,19
James,7047921,20
Chiluvsky,499431,14
Miliukova,499431,24
Meck,499431,16
Harve,859101,21
Toots,859101,6
Kaufman,859101,4
Kreeger,859101,15
Natasha,859101,6
Paulovitch,859101,3
Boris,859101,3
Badenov,859101,21
Willie,859101,4
Natahsa,859101,21
Minelli,859101,17
Kalishak,859101,17
Ray-Ray,31767008,4
Jada,31767008,3
Zilla,31767008,4
Sandy,31767008,17
Kahara,31767008,17
Michael,31767008,14
Redding,31767008,11
Rojer,31767008,2
Boop,31767008,1
Jamal,31767008,10
Erica,31767008,20
Monique,31767008,18
Lorenzo,31767008,3
Martinez,31767008,17
Eddie,31767008,23
Boszo,31767008,4
Killjoy,31767008,17
Sandie,31767008,6
Boobathi,16166605,6
Soundarya,16166605,5
Luckett,22155741,24
Sayward,22155741,4
Lucas,5144797,4
Max,5144797,10
McCarthy,5144797,2
Popper,30129615,3
Loudy,30129615,10
Rick,30129615,7
Jones,30129615,15
Gundy,30129615,17
Mak,2325404,3
Toh,2325404,20
Ketudomsak,2325404,12
Whitley,27958292,21
Wes,27958292,12
Susan,27958292,19
Marsden,26167223,15
Dick,26167223,15
Starlight,26167223,18
Sam,19800139,16
Yusuf,26606942,21
Khan,26606942,13
Bedil,26606942,24
Nawab,26606942,13
Najma,26606942,6
Raziya,26606942,11
Haru,697246,21
Baron,697246,24
Yuki,697246,18
Muta,697246,4
Torriani,4520654,21
Roridgo,4520654,21
Drake,4520654,13
Dorning,4520654,23
Valentino,4520654,11
Lucy,101943,21
Paula,101943,21
Mark,101943,11
Garfield,101943,21
III,101943,7
DeForrest,101943,1
McFadden,101943,22
Simon,10275047,24
Forbes,10275047,23
Halliday,10275047,11
Olsen,10275047,21
Carroll,10275047,6
Cummings,10275047,14
Kazumi,2033359,3
Hirohashi,2033359,3
Mariko,2033359,3
Toshio,2033359,5
Sachie,2033359,24
Toyama,2033359,3
Saori,2033359,24
Hitomi,2033359,3
Kayako,2033359,3
Shimizu,2033359,6
Izumi,2033359,6
Katsuya,2033359,6
Takeo,2033359,23
Lincoln,1113205,2
Satan,1113205,3
Gardner,1113205,5
Delarusso,1113205,19
Bob,1113205,23
Alison,1113205,6
Elliot,1113205,21
Richards,1113205,1
Segundo,25255778,23
Lazaro,25255778,24
O'Reilly,25255778,4
Mahoney,25255778,1
Santos,25255778,4
Pughazhendi,23967515,21
Rathnavelu,23967515,5
Pandithurai,23967515,24
Pughazh,23967515,4
Pacino,1602075,5
Thorne,11570453,6
Drake,11570453,12
Alison,11570453,6
Pettigew,11570453,0
Raja,32262505,14
Panda,32262505,14
Patnaik,32262505,13
Mishra,32262505,7
Mayuri,32262505,18
Henry,4836350,6
Cromwell,4836350,6
Thomas,4836350,5
Howard,4836350,18
Margaret,4836350,3
Rich,4836350,3
Wolsey,4836350,20
Alice,4836350,2
Lutheran,4836350,19
VIII,4836350,9
Meg,4836350,13
Boleyn,4836350,14
Roper,4836350,13
Raj,11140775,22
Mayor,11140775,21
Chandram,11140775,3
Moriarty,5350147,12
Sweeney,5350147,22
Burton,5350147,0
Douglas,2194915,15
Earl,2194915,23
Doyle,2194915,5
Mae,2194915,6
Jerry,2194915,3
Joe,2194915,13
Peggy,2194915,21
Pfeiffer,2194915,1
Malen,29960215,14
Saburo,75984,6
Motonari,75984,7
Hidetora,75984,6
Taro,75984,6
Ayabe,75984,20
Fujimaki,75984,21
Su,75984,8
Jiro,75984,6
Tsurumaru,75984,23
Kyoami,75984,24
Kaede,75984,5
Kishore,31032955,18
Shanti,31032955,18
Norton,17856211,1
Benjamin,17856211,7
Crames,17856211,15
Rudy,17856211,16
Marco,17856211,7
Crista,17856211,7
Lucia,26837743,13
Gray,26837743,4
Antonio,26837743,22
Gianni,26837743,3
Caponi,26837743,22
sivaraman,34286225,3
Rani,34286225,18
Sivaraman,34286225,16
annan,34286225,7
Balakrishnan,34286225,7
Asha,34286225,0
Duff,4451206,12
Heather,4451206,0
Uzi,4451206,6
Steve,4451206,3
Smith,4451206,2
Valli,25586078,5
Chauvet,25586078,10
Lancaster,25586078,0
Nirmala,10638405,21
Tony,10638405,12
Raja,10638405,3
Rani,10638405,14
Mary,10638405,12
Bindu,5006280,6
Guru,5006280,8
Vidyapati,5006280,24
Masterji,5006280,6
Nariman,31156641,10
Coltrane,20923628,3
Stirling,6134853,8
Barbara,6134853,20
Gordon,6134853,0
Meredith,6134853,24
Diego,6134853,24
Hammond,6134853,2
Fred,14899108,10
Clive,14899108,6
Dren,14899108,6
Kast,14899108,9
Barlow,14899108,17
Doe,14899108,17
Elsa,14899108,3
Nicoli,14899108,18
Gavin,14899108,13
Mohanlal,29131916,24
Raina,20766014,14
Vadalos,20766014,17
Lee,20766014,12
Durval,7376595,5
Kiki,7376595,23
Mouse,4146919,14
Schmid,14577660,22
Pfeiffer,14577660,10
Diamond,14577660,6
Rivers,14577660,15
Ruth,14577660,21
Caruso,14577660,1
Hartley,14577660,15
Rankin,33564864,7
Blake,32963393,19
Barry,32963393,4
Peggy,32963393,16
Morton,32963393,9
Mona,32963393,4
Cunningham,7197997,19
Baloo,7197997,3
Khan,7197997,6
Rebecca,7197997,6
Louie,7197997,23
Karnage,7197997,6
Molly,7197997,2
Suzette,7197997,16
Lucy,7197997,9
Debolt,7197997,17
Becky,7197997,14
Charlie,13764296,14
Paul,13764296,14
Cliff,13764296,6
Howser,616805,6
Rizzo,616805,12
Nick,616805,3
Cavallo,616805,24
Nettie,616805,6
Udo,616805,17
D'Angelo,616805,17
Bianco,616805,15
Cynthia,8917454,7
Tony,8917454,2
Junior,8917454,21
Saleh,8917454,19
Leah,8917454,8
Falcon,8917454,20
Grace,8917454,6
King,8917454,3
Robinson,19160892,9
Isami,3087739,14
Autry,32806663,5
Maxwell,32806663,22
Wilkins,32806663,6
Gene,32806663,17
Millhouse,32806663,8
Doris,32806663,4
Brown,32806663,2
Mischa,34316647,18
Dayton,34316647,23
Ashley,34316647,16
Cornelis,34316647,18
Rogers,34316647,15
Clarence,20670254,10
Tracy,20670254,13
Darren,31196469,3
Brook,31196469,3
Xandrie,31196469,3
Ella,31196469,23
Simone,31196469,6
Karenn,31196469,12
Zack,31196469,17
Jonathan,31196469,13
Russell,31196469,22
O'Brien,31196469,9
Bansal,5109871,6
Manjali,5109871,1
Shivaji,5109871,6
Chauhan,5109871,6
Chuhan,5109871,21
Rao,5109871,23
Dachun,24118980,15
Ming,24118980,6
Mei,24118980,11
Alabam,7148032,10
Mitchell,7148032,1
Henderson,7148032,4
Bob,7148032,4
Anne,7148032,14
Shaw,7148032,19
Willoughby,7148032,23
Richard,3518352,7
Turner,3518352,8
Jerry,3518352,2
Margaret,3518352,16
Nugent,3518352,7
Hercule,15034372,10
Sherlock,15034372,10
Zawistowski,975403,23
Zosia,975403,2
Dzidziu,975403,22
McCausland,3520815,4
Darwin,3520815,24
Houdini,3520815,3
Zoe,3520815,6
Larry,3520815,24
Joanne,3520815,16
Frances,3520815,3
Annabelle,7533367,0
Bill,7533367,0
Ellen,7533367,14
North,1884508,21
Fulquard,325206,11
Seymour,325206,3
Audrey,325206,21
Fink,325206,21
Jr.,325206,3
Krelboyne,325206,5
Mushnick,325206,6
Murad,18737099,23
Zeba,18737099,19
Caroline,18500449,16
Hertzstein,32512267,9
Leiser,32512267,0
Jodi,13902110,23
Meen,23738867,2
Nimit,23738867,3
Ken,23738867,21
Jinfeng,26701995,16
Mao,26701995,1
Tom,11588485,3
Jerry,11588485,3
Tuffy,11588485,3
Zee,2692284,1
Nebbercracker,2692284,3
Lester,2692284,17
Landers,2692284,17
Constance,2692284,6
Bennett,2692284,8
Jenny,2692284,17
Skulinski,2692284,24
Paul,20406138,21
Keith,20406138,0
Vicki,20406138,3
Jerry,20406138,21
Scott,20406138,13
Nirmal,7189363,1
Aarthi,7189363,1
Rai,7189363,5
Deepak,7189363,4
Neha,7189363,23
marry,7189363,3
Prem,7189363,8
Danny,899255,13
Harry,899255,17
Kane,899255,5
Deke,899255,12
Ira,899255,16
Grey,899255,22
Lewis,899255,8
Woodman,899255,23
Reed,899255,24
Cleopatra,7638785,6
Krukhut,7638785,23
Getafix,7638785,6
Dogmatix,7638785,5
Asterix,7638785,6
Caesar,7638785,21
Artifis,7638785,16
Edifis,7638785,21
Obelix,7638785,6
Ziskey,560511,12
Stella,560511,12
Winger,560511,3
Stillman,560511,4
Barnicke,560511,7
Louise,560511,12
Hulka,560511,20
Shetty,21787921,22
Sam,21787921,4
Samosa,21787921,24
Mamma,21787921,18
Sarah,21787921,6
Daniel,21787921,12
Vicky,21787921,4
Jeevanandham,21787921,20
Hodsell,3660626,11
Jennings,3660626,4
Lipschitz,3660626,9
Mimi,3660626,19
Kellner,3660626,21
Simon,3660626,13
Miriam,19666807,13
Omar,19666807,23
Madeleine,19666807,13
Rehmat,19666807,1
Jacob,19666807,14
Amina,19666807,5
Aucler,25202200,4
Gardes,25202200,6
Pasquet,25202200,16
Oscar,25202200,15
Lisa,25202200,3
Julien,25202200,3
Sachdev,32098506,9
Chakraborty,32098506,5
Cultrera,31452882,2
Rosalba,31452882,1
Abir,31582706,5
Raja,26797868,14
Mothi,26797868,6
Latha,26797868,8
Parasuram,26797868,17
Holt,25529226,9
Edward,25529226,18
Savage,25529226,11
Robert,25529226,23
McClain,30944757,9
Harris,32634697,14
Hackett,32634697,10
Melanie,32634697,9
Mitchell,32634697,19
Deledda,20198133,7
Derios,20198133,1
Anania,20198133,16
Tony,18382722,6
Gabel,14812319,8
Ritter,14812319,20
Waterston,14812319,9
Howard,14812319,1
Palka,14812319,7
Morgan,14812319,9
Arnold,14812319,17
Victoria,25664496,23
Phyllis,25090637,23
Goodman,25090637,16
Botulian,25090637,11
McNeile,25090637,13
Nielsen,25090637,6
Longworth,25090637,7
Clavering,25090637,11
Raymond,25090637,3
Drummond,25090637,4
III,6814160,8
Kesselring,6814160,22
Kochurani,31978264,12
Tharakan,31978264,1
Paulachan,31978264,12
Nobutada,228274,4
Ujio,228274,15
Gant,228274,24
Bushido,228274,10
Katsumoto,228274,21
Bagley,228274,16
Emperor,228274,5
Algren,228274,3
Graham,228274,13
Omura,228274,6
Wynorski,27465640,10
Taylor,149113,1
Cassandra,149113,5
Preston,149113,11
Cahn,149113,20
Waynestock,149113,24
Jam,149113,1
Cooper,149113,2
Morrison,149113,13
Kato,149113,12
Halen,149113,9
Garth,149113,6
Aerosmith,149113,11
Wayne,149113,6
Heather,871056,2
Gordon,871056,10
Copeland,871056,4
Tiffany,871056,3
Gomez,871056,14
Denise,871056,3
Spencer,871056,22
Latrell,871056,24
Brittany,871056,4
Gina,871056,13
Karen,871056,3
Wilson,871056,22
Kevin,871056,6
Megan,871056,2
Harper,871056,14
Tori,871056,20
Heath,871056,3
Vandergeld,871056,6
Lisa,871056,16
Porter,871056,18
Finik,16092323,5
Finn,16092323,22
Christ,9757596,8
Peter,9757596,9
John,9757596,9
Danny,12917337,17
Lane,12917337,7
Collins,12917337,6
Kitty,12917337,23
Merrill,12917337,8
Miranda,12917337,18
Armstrong,12917337,22
Brown,12917337,1
Frances,12917337,6
Davis,12917337,13
Johny,33931510,14
Roy,33931510,5
Kunal,33931510,21
Renuka,33931510,24
Hsiung,25468602,12
Lassiter,8900620,10
Sisler,2061620,17
Mina,2061620,19
Twelfmann,2061620,0
Marken,2061620,8
Jody,2061620,3
Duwald,2061620,18
Kenny,2061620,3
Marliston,2061620,17
Harper,2061620,11
Lee,2061620,0
Sherman,2061620,8
Timmy,2061620,17
Sengupta,22899710,18
Shehzadi,22899710,23
Tanha,22899710,16
Preeti,22899710,13
Bhardwaj,22899710,22
Malhotra,22899710,12
Lam,36232890,18
Sakamoto,36232890,21
Ann,36232890,10
Jones,2826890,8
Kim,2826890,20
Rick,2826890,23
Sanders,2826890,11
Hayes,2826890,0
Price,2826890,14
Flynn,2826890,17
McKeon,2826890,17
Sean,2826890,21
Harris,2826890,6
Troy,2826890,23
Kazim,4692753,6
Ajmani,4692753,12
Salim,4692753,3
Mirza,4692753,21
Sikander,4692753,14
Muslims,4692753,18
Allah,4692753,14
Halim,4692753,15
Amina,4692753,21
Shamshad,4692753,4
Hunter,28909668,17
Mowat,28909668,0
Cornelissen,28909668,16
Nova,6008033,4
Cabel,6008033,10
Kor,6008033,6
Xian,6008033,21
Thorpe,6008033,6
Sorenson,6008033,6
Price,6008033,6
Childers,27216746,22
Sam,27216746,3
Jane,11431731,11
Peter,11431731,19
Harry,11431731,10
Peterburg,22835483,4
Vasyl,22835483,21
Kudz,22835483,3
Andriy,22835483,16
Hans,1761301,15
Thea,1761301,8
Sebastian,1761301,5
Blondie,31065513,18
Charlie,31065513,18
Dagwood,31065513,16
Murielle,2687112,23
Didier,2687112,22
Bernard,2687112,21
Rufus,8470895,5
Hixon,8470895,2
Dirk,8470895,10
Meir,8470895,5
Marie,8470895,17
Helen,8470895,3
Jamie,3673942,13
Maria,3412648,12
Fox,3412648,17
Lee,3412648,3
Fehn,3412648,20
Beecher,3412648,11
Colton,3412648,3
Kumar,3412648,14
Raza,3412648,19
Patel,3412648,16
Harold,3412648,17
Bush,3412648,0
Vanessa,3412648,6
Harris,3412648,17
Sylvester,17265823,16
Anatotitan,5728728,3
Donny,3787332,9
Lova,3787332,11
Eva,3787332,24
Roberts,29397844,1
Susan,29397844,23
Ryman,29397844,14
Hussain,18849356,3
Gulam,18849356,15
Khan,18849356,9
Baba,18849356,14
Abu,18849356,16
Marziana,18849356,3
Salima,18849356,2
Ayisha,18849356,23
Kassim,18849356,21
Pollard,16166559,12
Ford,16166559,12
Garber,16166559,6
Emri,16166559,9
Ramos,16166559,9
Bashkim,16166559,4
Goertzel,14743458,1
Kamen,14743458,14
Garis,14743458,24
Hurlbut,14743458,20
Warwick,14743458,0
Kurzweil,14743458,13
Glen,25519452,3
Randa,25519452,10
Jatin,1788713,1
Biji,1788713,2
Mundu,1788713,3
Swamiji,1788713,14
Radha,1788713,21
Prathan,17338471,3
Karthik,21464946,3
Ravikumar,21464946,0
Akkineni,21464946,8
Nandhini,21464946,2
Ganesh,21464946,15
Jessie,21464946,6
Jane,11242,17
Hein,11242,24
Whittaker,11242,17
Edwards,11242,12
Ross,11242,17
Aki,11242,3
Kelton,2310825,6
Carrie,2310825,21
White,2310825,10
Barbara,2310825,24
Tracy,2310825,3
Monica,2310825,17
Eric,2310825,6
Mark,2310825,6
Walter,2310825,15
Snell,2310825,1
Campbell,2310825,16
Rachel,2310825,3
Jesse,2310825,3
Lisa,2310825,21
Charlie,6666561,6
Walcott,6666561,21
Grant,9907431,18
Candice,9907431,2
Marcetto,9907431,10
McMillan,9907431,10
Zack,9907431,3
Anna,9907431,3
Brad,9907431,3
Charlie,9907431,6
Karen,9907431,10
Natalie,9907431,6
Zach,9907431,3
Tommy,9907431,3
John,9907431,1
Alice,9732060,13
Tati,9732060,5
Lapham,5413813,10
Peter,5413813,6
Dan,5413813,17
O'Mara,5413813,3
Bottoni,11784192,21
Esposito,11784192,1
Locuzzo,11784192,7
Buttoni,11784192,3
Harry,34737436,9
Devi,34737436,10
Bijlee,34737436,24
Baadal,34737436,3
Mandola,34737436,13
Allen,3588990,12
Tilney,3588990,2
Catherine,3588990,21
Eleanor,3588990,21
Thorpe,3588990,13
Isabella,3588990,15
James,3588990,12
John,3588990,21
Morland,3588990,24
Harris,35953252,0
Liston,35953252,10
Derek,35953252,11
George,3371654,0
Hemingway,3371654,0
Beiku,3371654,22
Adams,3371654,17
Andreson,3371654,23
Hood,20333594,24
Trapp,20333594,18
Allison,20333594,12
Hanley,20333594,17
Jonas,20333594,3
Coates,20333594,17
Larkin,20333594,2
Swinburne,357525,10
Naboombu,357525,19
Browne,357525,3
Bookman,357525,6
Astoroth,357525,17
Charlie,357525,9
Emelius,357525,21
Rawlins,357525,13
Rice,16285552,9
Savage,16285552,9
Adams,16285552,8
Key,16285552,14
Farrow,16285552,15
Bender,16285552,8
Nguema,35013898,11
Jake,10069414,19
Rachel,10069414,2
Leah,10069414,4
Sunitha,3356331,1
Dada,3356331,4
Sriram,3356331,23
Shankar,3356331,14
Rao,3356331,3
Rafi,3356331,13
M.B.B.S.,3356331,10
Kumar,30462894,6
Sushant,30462894,24
Baburam,30462894,21
Mithilesh,30462894,14
Deepak,30462894,24
Poorbi,30462894,17
Singh,30462894,15
Tai,30462894,13
Anand,30462894,13
Sidey,940668,8
Hugh,940668,2
Jill,940668,21
Ivan,940668,13
Levet,940668,3
Patsy,940668,6
Hamilton,940668,7
Hee,25152002,18
Ling,25152002,2
Horman,106357,12
Hauser,106357,18
Waheed,18790870,24
Tariq,18790870,18
Aziz,18790870,18
Firdous,18790870,11
Zeba,18790870,8
Arlene,26464662,2
Steve,26464662,4
Rickey,26464662,24
Hoffman,26464662,22
Blanche,26464662,21
Charley,2203406,3
Peter,2203406,3
Dandridge,2203406,24
Vincent,2203406,19
Thompson,2203406,24
Regine,2203406,23
Belle,2203406,17
Louie,2203406,23
Richie,2203406,22
Alex,2203406,4
Lockwood,28903466,20
Sabrina,28903466,6
Mitch,28903466,6
Valtan,28903466,9
Tatiana,28903466,2
Vincent,28903466,6
Sr.,28903466,13
Cara,28903466,3
Jr.,28903466,12
McKay,28903466,19
Dave,28903466,3
Steel,28903466,9
Jamie,28903466,3
Leif,2560729,21
Anna,2560729,17
Erik,2560729,17
Ove,2560729,6
Franklin,3550357,13
Klaris,3550357,4
Patterson,3550357,19
Pete,3550357,21
Rontru,3550357,17
Charlie,3550357,23
Zoomer,3550357,11
Semu,3550357,4
Freddie,3550357,21
Hetsut,3550357,19
Deacon,3550357,7
Jeremy,20210450,1
Jenine,20210450,23
Claire,20210450,16
Eddie,20210450,12
Goldstein,20210450,9
Norman,34904443,17
Armstrong,34904443,14
Danny,5257678,6
Hewitt,5257678,1
Laura,5257678,6
Reynolds,5257678,22
Claire,5257678,2
Edward,5257678,3
Hughes,291610,24
Pete,33620321,19
Mickey,33620321,3
Mouse,33620321,18
Samantha,6065705,6
Mordrid,6065705,6
Hunt,6065705,12
Kabal,6065705,6
Khan,25862838,0
Riyaaz,25862838,9
Saira,25862838,23
David,25862838,9
Elvira,8264802,3
Kent,8264802,21
Condomine,8264802,12
Charles,8264802,2
Arcati,8264802,22
Ruth,8264802,13
Edith,8264802,4
Henry,8208221,3
Izzie,8208221,21
Eunice,8208221,2
Anthony,8208221,21
Kray,8208221,4
Norma,20958639,22
Lewis,20958639,18
Devi,3906958,20
Pooja,3906958,4
Chandramohan,3906958,15
Shyam,3906958,8
Mary,3906958,23
Bobby,16593308,14
Taramasi,26588721,23
Nadiya,26588721,11
Christie,26588721,22
Mariya,26588721,10
Hewlett,1964078,15
Connors,1964078,6
Stewart,1964078,5
Shillitoe,2015043,4
O'Neal,2015043,13
Menken,2015043,13
Rhoda,2015043,3
Lydia,2015043,3
Samson,2015043,3
West,2015043,13
Fairfield,14144031,19
Alura,14144031,1
Grood,14144031,9
Hardy,14144031,12
Matsumoto,309553,18
Shep,309553,17
Stella,309553,24
Darkwood,309553,24
Sam,9313808,14
Becky,9313808,1
Terrill,9313808,7
Sylvester,25882383,3
Turner,5579651,14
Oakes,5579651,17
Pope,5579651,11
Hayes,5579651,3
Julie,5579651,21
Vas,5579651,16
Nicole,5579651,23
Marsh,5579651,17
Andre,5579651,17
Marcus,18098163,9
Tammi,18098163,3
Josh,18098163,3
Kim,18098163,14
Bluey,18098163,6
Sean,18098163,17
Lisa,18098163,17
Phuchit,7602265,13
Tong,7602265,3
Kie,7602265,10
Adams,7602265,22
Surachai,7602265,18
Mushmouth,1413265,23
Albert,1413265,3
Lauri,1413265,3
Reggie,1413265,14
Cosby,1413265,6
Harold,1413265,16
Doris,1413265,3
Russell,1413265,16
Bill,1413265,6
Tim,1979044,3
Cowboy,1979044,20
Bonnie,1979044,3
Michelle,1979044,6
Cody,1979044,3
Clark,1979044,21
Bob,1979044,2
Pearson,1979044,13
Webster,1979044,15
Mike,1979044,6
Donny,1979044,6
Murli,2142304,6
Ghar,2142304,3
Baweja,2142304,22
Chewte,2142304,17
Sanwla,2142304,1
Bela,2142304,3
Jaane,2142304,3
Chakraborty,34290882,5
Singh,34290882,0
Jenny,14705923,16
Brown,14705923,7
Peachum,14705923,6
Laura,23663192,14
Wingfield,23663192,17
Tom,23663192,17
Amanda,23663192,22
Holmes,2631898,6
Ramson,2631898,17
Brisson,2631898,1
Journet,2631898,3
Gentry,2631898,19
Davies,2631898,11
Marie,2631898,5
Penrose,2631898,2
Watson,2631898,13
Verdier,16973227,5
Bordoni,16973227,13
Eriksson,7388449,17
Walter,7388449,15
Ronaldo,7388449,20
Becker,7388449,3
Santiago,7388449,6
Bella,7388449,15
Ricardo,7388449,5
Tardelli,7388449,15
Munez,7388449,18
Foy,7388449,6
Phil,7388449,2
Harris,7388449,0
Adams,7388449,2
Braithwaite,7388449,22
Roz,7388449,14
Banalata,11766557,13
Sudeshna,11766557,19
Deepankar,11766557,10
Fletcher,412476,17
Frank,412476,23
Marron,412476,18
Tony,412476,14
Devaney,412476,0
Rachel,412476,3
Portman,412476,17
Starr,412476,9
Reagan,412476,18
Carter,412476,12
Nikki,412476,17
Farmer,412476,24
Jenkins,13497997,19
Laughton,13497997,24
Moe,13497997,6
James,13497997,22
Curtis,13497997,1
Helen,22541174,2
Burnett,22541174,0
Loach,4717651,9
Andreas,4717651,22
Leigh,4717651,9
Anna,4717651,21
Dimitri,4717651,12
Ingo,4717651,16
Philip,4717651,19
Antoni,4717651,15
Parker,21876111,24
Blood,21876111,19
Walls,3027145,21
Joe,36567252,3
Bob,27814939,15
Moe,14488825,17
Shemp,14488825,17
Larry,14488825,17
Millie,14488825,10
Moses,7692070,0
Reyes,9231856,7
Adams,9231856,20
Cliff,9231856,8
Vyacheslav,31583065,10
Nadia,31583065,10
Danya,31583065,20
Slava,31583065,16
Kolotilov,31583065,5
Fred,26121441,6
Andrea,26121441,23
Pensador,26121441,0
Marcelo,26121441,12
Sun,26121441,19
Detonautas,26121441,13
Qaeda,18994795,22
Carter,18994795,12
Pilger,18994795,2
Dev,16968512,8
Agarwal,16968512,16
Namrata,16968512,2
Rajesh,35641677,19
Kannan,35641677,16
Gaeng,16964329,12
Ken,16964329,15
Boucheron,28900288,13
Stetz,28900288,6
Berg,28900288,5
Odile,28900288,4
Pierre,28900288,3
Fairfax,2648735,12
Jane,2648735,21
Bertha,2648735,2
Mason,2648735,7
Schneider,2648735,12
Rochester,2648735,7
Eyre,2648735,20
Rivers,2648735,11
Poole,2648735,19
Kennedy,21795704,1
Forbes,21795704,17
Warfield,21795704,10
Friese-Greene,4061041,3
Willie,4061041,23
Guttenberg,4061041,12
Jeannie,4143719,21
Beth,4143719,14
Breslow,4143719,9
Adler,4143719,12
Mulhanney,4143719,19
Hobbs,4143719,3
Dato,32011951,21
M.K.,32011951,16
Bendeliani,32011951,6
Babluani,32011951,15
Montague,27609842,17
Walters,27609842,19
Gnomeo,27609842,21
Shakespeare,27609842,6
Nanette,27609842,21
Featherstone,27609842,4
Shroom,27609842,13
Bluebury,27609842,8
Richard,27609842,11
Juliet,27609842,21
Capulet,27609842,7
Benny,27609842,17
Maggie,3208449,16
Bill,3208449,6
Manning,3208449,12
Bule,3208449,0
Anne,3208449,6
James,3208449,6
Jacobs,11890652,9
Briggs,11890652,0
Hargrave,11890652,19
Chang,11890652,1
Lichtenstein,11890652,18
Haiselden,13523311,21
Galton,13523311,8
Fischer,13523311,11
Guyard,9862787,13
Percy,9862787,2
Melo,9862787,3
Florian,9862787,4
Toxie,6212119,6
Claire,6212119,9
Junko,6212119,9
Jackson,24166065,24
Eric,24166065,15
Martin,24166065,18
Henderson,24166065,9
Bassett,24166065,20
Jackson,1271476,18
Sam,1271476,3
Lincoln,1271476,2
O'Hara,1271476,21
Line,1271476,0
Lee,1271476,9
Fargo,993867,16
Gregor,9618696,2
Nina,9618696,11
Monet,9618696,12
Daniel,9618696,24
Chaney,9618696,11
Woody,20532673,5
Aryadevi,29542980,19
Devi,29542980,23
Vishnuji,29542980,17
Ravi,29542980,4
Shanthigiri,29542980,23
Gopan,29542980,17
Maximoff,35465621,10
Rikuo,35465621,6
Anakaris,35465621,6
Victor,35465621,6
Baine,35465621,15
Pyron,35465621,17
Aensland,35465621,3
Sasquatch,35465621,6
Lucy,1441031,21
Berliner,1441031,0
Syd,1441031,6
James,1441031,1
Quaglini,31652234,24
Ashwell,31652234,23
Helen,4206673,10
Tony,212671,3
McKenzie,212671,18
Ralph,212671,18
Rose,212671,23
Charlie,212671,3
Harriet,212671,2
Gale,27842523,7
Smith,27842523,24
Adrienne,11557479,24
Maurice,11557479,21
Bryant,22785498,18
D'Leh,4223800,16
Yagahl,4223800,21
Hunter,4223800,24
Nakudu,4223800,11
KaRen,4223800,11
Itt,5672172,3
Kanbei,5672172,3
Daigoro,5672172,4
Torizo,5672172,10
Vedivelan,16166163,1
Mira,27067766,2
Sharma,27067766,8
Boiardi,22518656,4
Bishop,22518656,12
Gus,22518656,16
Deech,22518656,16
Vichu,6415441,21
Pappu,6415441,3
Paul,17188716,13
Marcel,17188716,3
Lili,17188716,17
Isabelle,17188716,16
Jules,17188716,16
Germain,3653768,13
Denise,3653768,14
Laura,3653768,4
Corbin,3653768,5
Corbeau,3653768,8
Vorzet,3653768,13
Cody,5033651,3
Twinken,5033651,10
Bop,5033651,5
B.J.,5033651,23
Abby,5033651,23
Barney,5033651,3
Marcella,5033651,23
Goldfinch,5033651,12
Morgan,5033651,11
Vijaya,26293600,16
Gopalrao,26293600,1
Chandram,26293600,13
Lully,26293600,21
Varma,26293600,17
Paapi,26293600,6
Jamadagni,26293600,3
Parvatamma,26293600,1
Jagannadharao,26293600,17
Janaki,26293600,17
Chandaram,26293600,22
Mangalsutra,26293600,6
Opie,15477513,3
Adif,15477513,3
Roxanne,67419,17
Bobby,67419,17
Richie,67419,17
Vinnie,67419,0
Laurie,67419,6
Madano,67419,3
Ford,67419,9
Vittorio,67419,24
Gino,67419,3
Forsythe,67419,20
Pattie,67419,23
Felino,67419,11
Malloy,67419,10
Niko,22930465,14
Toni,22930465,14
Miho,22930465,18
McDonald,1398260,12
Seth,1398260,5
Buhagiar,1398260,5
Ramona,1398260,24
Russell,1398260,10
Manikyan,18002411,21
Sreekrishnan,18002411,3
Karthumbi,18002411,5
Evelyn,1720953,6
Gern,1720953,21
Manuel,1720953,24
Gerns,1720953,19
Joyce,1720953,22
Esther,14480034,6
Luke,6074576,18
Jon,6074576,9
Shannon,29752156,17
Rick,29752156,21
Henson,29752156,4
Mary,29752156,17
Adam,29752156,6
Ralston,16003986,22
Mila,16003986,21
Jane,2543730,17
Helsing,2543730,3
Jessica,2543730,4
Dracula,2543730,17
Keeley,2543730,8
Murray,2543730,17
Denham,2543730,9
bush,2543730,8
Yang,2543730,19
Jesscia,2543730,24
Porter,2543730,11
Kelp,13755733,18
Max,13755733,20
Abel,24065239,24
Evans,24065239,11
Brecca,24065239,12
Sutherland,24065239,24
Murren,24065239,20
Ellen,129295,4
Beth,129295,3
Gallagher,129295,14
Forrest,129295,19
Alex.,129295,6
Dan,129295,3
Though,129295,8
Alex,129295,17
Jackson,6288335,3
Gutierrez,6288335,14
Rice,6288335,17
Gordon,6288335,13
Peter,6288335,3
Antonio,6288335,17
Leonora,6288335,17
Cristobal,6288335,24
Russell,6288335,11
Santos,4235749,8
Zayas,4235749,4
Cooper,2506370,9
Bismarck,2506370,12
Montez,2506370,15
Flashman,2506370,4
Gully,2506370,5
Mette,17405429,21
rensen,17405429,13
Stephanie,24394835,24
Michael,24394835,7
Camila,24394835,10
Ellie,24394835,17
Barker,8066629,12
Maria,8066629,6
Frederick,8066629,6
Halton,8066629,19
Tigger,22301502,23
Spookables,22301502,10
Gopher,22301502,21
Winnie,22301502,18
Walesburg,15693150,23
Gray,15693150,3
Isbell,15693150,20
Prill,15693150,16
Samuels,15693150,5
Jr.,15693150,13
Harriet,15693150,8
John,15693150,3
Rich,33916241,15
Flowers,33916241,21
Hugo,34049215,2
Helena,34049215,8
Julie,34049215,21
Julia,34049215,12
Lisa,34049215,2
Rajvansh,12679879,1
Abhrush,12679879,17
Mallapa,12679879,4
Jay,12679879,6
Anjali,12679879,6
Jai,12679879,21
Abrush,12679879,24
Hussein,12679879,24
Qin,24919430,7
Fan,24919430,22
Martin,14018582,22
Stokes,972970,5
Jackson,972970,1
Bernadine,972970,23
Harris,972970,13
Matthews,972970,2
King,972970,17
Robin,972970,7
Russell,972970,1
Nixon,9539201,7
Allende,9539201,6
Westy,23454959,12
Anna,23454959,1
Tony,23454959,9
Clyde,23454959,7
Shabana,18804314,23
Farzana,18804314,24
Shahid,18804314,4
Murad,18804314,17
Andy,2254715,3
Kate,2254715,2
Sullivan,23252763,5
Mike,23252763,5
Menon,31643684,9
Mazha,31643684,17
Malavika,31643684,19
Kent,7553781,22
Ford,7553781,14
Don,7553781,3
Lyda,7553781,6
Barkley,7553781,8
Pericoli,7553781,1
Maggiore,7553781,0
Orlandi,7553781,11
Barkely,7553781,13
Roberto,7553781,6
Stillwell,7553781,21
Porter,7553781,24
Proud,5274154,22
Tom,5274154,21
Mike,5274154,15
Bill,5274154,0
Henry,17998333,6
Smirnow,17998333,13
Marko,17998333,15
Prince,17998333,22
Munch,17998333,9
Kidley,17998333,6
Juno,17998333,6
Hawkins,17998333,7
Harris,11537723,17
Tim,20898157,21
Wheddon,20898157,15
Randy,20898157,12
Tyree,20898157,13
John,20898157,3
Ringo,10044772,23
Nancy,10044772,3
Tom,9199343,3
Jerry,9199343,3
Campa,639796,23
Quino,639796,17
Bucho,639796,6
Navajas,639796,17
Gallardo,639796,11
Gernier,23552035,5
Gatlin,23552035,19
Parijs,22645038,24
Moorman,22645038,7
Francesca,22645038,17
Teitel,22645038,18
Ackerman,22645038,12
Kitty,2434423,15
Paul,23789920,21
Hewitt,23789920,1
Ella,23789920,3
Nina,23789920,6
Dennis,23789920,8
Cindy,23789920,9
Abby,23789920,6
Robert,23789920,24
Talbert,23789920,12
Sampson,28969144,21
Luthor,28969144,4
Lane,28969144,8
Kent,28969144,3
Quintim,28969144,13
Quintum,28969144,13
Superman,28969144,4
Lois,28969144,3
Bar-El,28969144,3
Samson,28969144,17
Jimmy,28969144,21
Ishida,9013788,17
Tohno,9013788,4
Starr,26855091,10
Page,26855091,23
Ross,26855091,18
Wallen,26855091,5
Teaserama,26855091,6
Knight,26855091,8
Lynn,26855091,12
Chris,26855091,20
Wayne,26855091,7
Jason,9856437,17
Martin,9856437,19
Natasha,9856437,23
Michael,9856437,4
Johnson,9856437,9
D'Orazio,9856437,9
Cheng,9856437,1
Enzo,9856437,10
Ferrari,9856437,23
Phillips,9856437,14
Juan,26140367,21
Berta,26140367,19
Sherm,13201636,14
Hansen,13201636,22
Ticlaw,13201636,10
Shelby,13201636,18
Carol,13201636,19
Calo,13201636,15
Thampuratty,30209823,7
Raja,30209823,3
Moosa,30209823,14
Baber,30209823,9
Nambiar,30209823,14
Unni,30209823,23
Sultan,30209823,5
Ambu,30209823,14
Varma,30209823,9
Thampuratti,30209823,7
Ali,25532494,21
Ahmet,25532494,24
Avery,27334628,17
Clem,27334628,3
Hildebrand,22657516,9
Satan,2420966,16
Jables,2420966,8
Gass,2420966,23
Black,2420966,23
Dio,2420966,9
Kage,2420966,23
Holmes,14058109,13
Moriarty,14058109,24
Gropinger,14058109,13
Watson,14058109,17
Henry,29667339,13
Bong,29667339,5
Feathersword,29667339,13
Dominic,29667339,11
Greg,29667339,6
Anthony,29667339,3
Jeff,29667339,5
Murray,29667339,13
Dorothy,29667339,0
Voutsas,20588966,2
Caroline,6559084,8
Laura,6559084,21
Ness,6559084,17
Adrian,6559084,6
McLean,6559084,10
Abernathy,6559084,13
McFetridge,6559084,4
Dempsey,6559084,3
Foote,6559084,11
Heather,15529112,16
Lloyd,15529112,21
Sinclair,15529112,9
Thompson,15529112,3
Deva,2838120,23
Sugreev,2838120,15
Vaali,2838120,15
Satya,15438742,16
Loganathan,15438742,4
Narain,15438742,12
Kiruba,15438742,17
Doucet,33125783,5
Grant,33489565,3
Katherine,33489565,24
Ross,33489565,6
Thomas,33489565,16
Arness,33489565,24
Sonny,33489565,6
Elaine,33489565,6
Adrianne,33489565,13
Gordon,919005,21
Romero,919005,18
Penny,919005,6
Anderson,919005,12
Ricky,919005,6
Margaret,919005,14
Garnett,919005,14
John,919005,4
Danny,8687544,3
Mendelsohn,8687544,1
Clark,8687544,16
Bisley,8687544,24
Johnson,8687544,9
Cedric,8687544,16
Farkas,8687544,12
Joanna,8687544,13
Burman,32087923,5
Stallone,32087923,4
Savitri,32087923,2
Sonu,32087923,22
Dharma,32087923,22
Shankar,32087923,4
Mills,32087923,13
Braganza,32087923,20
Herman,432236,21
Simone,432236,19
Brolin,432236,21
Buxton,432236,5
Dottie,432236,10
Morton,432236,4
Hitler,3010079,1
Frederick,3010079,12
Salah,15739716,15
Sakhi,4568987,20
Das,4568987,14
Chand,4568987,20
Sanjay,24526226,3
Stacey,24526226,3
Brian,24526226,3
Levi,24526226,19
Mischa,32130401,4
Brydon,32130401,3
Coogan,32130401,21
Hopkins,32130401,14
Hitler,1853855,1
Reich,1853855,8
Mark,26006495,18
Sand,26006495,22
Reinhardt,26006495,14
Taryn,17478415,19
Pam,17478415,19
Josh,17478415,8
Tahj,17478415,21
David,17478415,21
Eric,4841603,15
Bykov,4841603,16
Arthur,4457831,13
Lancelot,4457831,21
Uther,4457831,24
Huntress,4457831,11
Morgaine,4457831,3
Gawain,4457831,8
Accolon,4457831,21
Uriens,4457831,17
Gorlois,4457831,3
Morgause,4457831,3
Viviane,4457831,3
Mary,4457831,11
Excalibur,4457831,4
Merlin,4457831,3
Gwenhwyfar,4457831,3
Avalon,4457831,2
Elaine,4457831,21
Pendragon,4457831,1
Patrick,4457831,0
Boop,7144878,4
Pudgy,7144878,10
Beauvoisin,11096570,10
de,11096570,6
Marquis,11096570,6
Montreiul,11096570,16
Rose,11096570,14
Sade,11096570,24
Louis,11096570,3
Anne,11096570,4
Montreuil,11096570,24
Keller,11096570,24
Agatha,8636215,7
Maltravers,8636215,24
Cleggert,8636215,12
Rocque,8636215,9
Fairhaven,8636215,1
Ravi,10658755,23
Mohanraj,10658755,15
Vijay,10658755,2
Manidhan,10658755,16
Sanyal,3615779,1
Khan,3615779,9
Chowdhury,3615779,16
Mukherjee,3615779,1
Savitri,3615779,5
Sen,3615779,13
Rehman,3615779,22
Tyltyl,4598057,15
Richman,29370106,17
Poogy,29370106,13
Walter,29370106,3
Waldorf,29370106,6
Veronica,29370106,6
Reno,29370106,23
Gonzo,29370106,14
Gary,29370106,13
Mary,29370106,13
Black,29370106,18
Kermit,29370106,13
Al,6032362,22
Harper,6032362,3
Coleman,6032362,6
Kevin,6032362,5
Sabina,7758136,3
Franz,7758136,21
Tereza,7758136,24
Tomas,7758136,13
de,24879053,16
Koulechov,24879053,1
Zimmel,24879053,12
Gaulle,24879053,20
Lee,24879053,7
Dolor,24879053,1
Bonisseur,24879053,17
Eichmann,24879053,1
Tremendous,24879053,11
Havahslakum,9716032,6
Miriam,9716032,21
Aldin,9716032,21
Badli,9716032,22
Suleiman,9716032,19
Aslana,9716032,14
Jalis,9716032,1
Kimball,32837154,16
Harris,29268574,5
Peter,29268574,19
Mamie,29268574,21
Millett,29268574,19
Wallace,29268574,22
Saxena,3740276,17
Roma,3740276,12
Vishal,3740276,6
Agnihotri,3740276,24
Amar,3740276,24
Singh,3740276,22
Jindal,3740276,6
Jibran,3740276,5
Tyson,3740276,5
Gutierrez,4205176,8
Golban,4205176,13
Charlie,10691843,4
Mabel,10691843,6
Kelloc,20964770,13
Tonya,20964770,2
Langley,20964770,1
Cardigan,20964770,9
Babbitt,20964770,0
Lenora,20964770,3
Story,20964770,0
Aiko,21926710,23
Jimmy,21926710,21
Bob,21926710,17
Watanabe,21926710,5
Tak,21926710,21
Sheridan,23779762,21
Tien,16949071,24
Tao,16949071,22
Hai,16949071,12
Ma,16949071,0
George,21864111,22
Molly,15905726,7
Matthews,15905726,17
Shorty,15905726,14
Hoover,15905726,13
Quintero,2998375,24
Esteban,2998375,18
Diego,2998375,24
la,2998375,24
N.T.,7906288,24
Spuck,7906288,3
Uglien,7906288,17
Kwirk,7906288,4
Non-Terrestrial,7906288,14
Mini-Maul,7906288,4
Squatty,7906288,7
Chul-joong,3814521,1
Sang-woo,3814521,15
Hee-jae,3814521,20
Connie,2466773,23
McCluskey,2466773,18
Virgil,2466773,12
Kay,2466773,13
Anthony,2466773,15
Fredo,2466773,2
Woltz,2466773,3
Michael,2466773,6
Vito,2466773,21
Hagen,2466773,17
Greene,2466773,10
Vitelli,2466773,8
Sollozzo,2466773,18
Brasi,2466773,3
Fontane,2466773,19
Corleone,2466773,1
Barzini,2466773,24
Don,2466773,22
Carlo,2466773,17
Clemenza,2466773,19
Adams,2466773,9
Tessio,2466773,6
Rohit,19270772,14
Jhilik,19270772,21
Suvra,19270772,21
Sen,19270772,7
Gu,10486289,21
Jun,10486289,19
Ye,10486289,0
Wei,10486289,21
Hong,10486289,21
Ti,10486289,21
Zhou,10486289,1
Stoner,5317465,17
Blake,5317465,12
Kristina,5317465,13
David,5317465,21
Schultz,25977954,18
Roy,25977954,17
Turney,25977954,17
Chico,25977954,17
Vicente,25977954,15
Quintagua,25977954,13
Sonnenberg,25977954,4
Shimoda,25977954,17
Cruz,25977954,23
Joe,25977954,6
Santos,25977954,9
Freddy,4037152,1
Pete,4037152,16
Lee,4037152,12
Bruce,4037152,6
Inman,25799232,4
Green,25799232,0
Toby,3987041,7
Kier,3987041,16
Sallis,3987041,16
Rejector,3987041,16
Carter,3987041,2
Karan,3987041,13
Markary,3987041,6
Argos,3987041,13
Tiona,3987041,2
Paul,10386612,18
Bakunin,10386612,8
Vielhabor,10386612,16
Hilde,10386612,16
Edgar,10386612,8
Gerhard,10386612,3
Lurz,10386612,17
Susan,10386612,15
Bernhard,10386612,3
Petra,10386612,6
Brem,10386612,11
Susanne,10386612,3
Krieger,10386612,12
Hoffman,10386612,10
Schopenhauer,10386612,15
Lurtz,10386612,10
Mann,10386612,10
Hans,10386612,8
Stein,10386612,12
Gast,10386612,6
Nireno,2995145,2
Kramer,2394082,18
Show,2394082,9
Mickey,33857903,3
Mouse,33857903,14
Siddhi,19305207,15
Anju,19305207,4
Baba,19305207,17
Lalbai,19305207,17
Deepak,19305207,17
Shaitan,19305207,4
Thakur,19305207,7
Yograj,19305207,13
Shalaka,19305207,17
Martine,18348747,19
Thompson,18348747,11
Amy,31410989,13
Sheila,31410989,18
Beth,31410989,0
Charlie,31410989,23
Sakurai,570258,6
Namikawa,570258,6
Godzilla,570258,4
Glenn,570258,6
Tetsuo,570258,16
Ghidorah,570258,17
Rodan,570258,4
McClure,31165097,17
Liza,31165097,11
Cassie,31165097,10
Davis,31165097,2
Radcliffe,9383602,14
Gray,9383602,19
George,9383602,4
Heath,9383602,10
Vesper,2461592,9
Bond,2461592,13
James,2461592,24
Ghani,17178335,1
Casper,5639686,6
Yogi,5639686,16
Makhmalbaf,15242361,24
Makmahlbaf,15242361,23
Simeonov,25841008,20
Natalya,25841008,11
Brooks,25841008,0
Dany,24856664,20
Bopha,24856664,20
Eun,24856664,23
Ana,692836,12
Gaby,692836,13
Roberto,692836,6
Alicia,692836,21
Sara,692836,1
Garcetti,383715,9
Gates,383715,17
Hidell,383715,22
Hiddell,383715,10
Baron,13258593,12
Prince,13258593,17
K,13258593,17
Dakota,8002658,3
Jennifer,8002658,4
Norquist,8002658,6
Susan,8002658,1
Daniel,8002658,1
Aubrey,8002658,1
Moss,8002658,10
Fleming,8002658,17
Toland,8002658,19
Virginia,8002658,14
Vince,31839313,3
Mcready,31839313,6
B,31839313,7
Gunther,31839313,3
Ricki,31839313,4
Schmidt,31839313,4
Max,31839313,6
Churchill,6267342,15
Stockwell,6267342,11
Fox,25506,16
Dauthuille,25506,22
LaMotta,25506,15
Jake,25506,3
Reeves,25506,12
Joey,25506,8
Brando,25506,19
Vickie,25506,6
Scorsese,25506,13
Manoogian,25506,23
Como,25506,9
Janiro,25506,20
Batts,25506,23
Cerdan,25506,5
tell,25506,6
Robinson,25506,18
Cunningham,4017383,7
O'Donovan,4017383,6
Sullivan,4017383,18
Teddy,4017383,17
Miche,4017383,9
Chris,4017383,11
John,4017383,9
Reilly,4017383,16
Dan,4017383,23
Gogan,4017383,15
Hamilton,4017383,22
Woody,28919836,3
Gibson,28919836,3
Marsh,28919836,21
Fritz,28919836,11
Curwood,28919836,12
Finlander,905533,6
Potter,905533,15
Schrepke,905533,21
Munceford,905533,6
Sebastian,10997890,10
Elsa,10997890,23
Julien,10997890,6
Isabelle,10997890,23
Henry,27254000,6
Jelliwell,27254000,23
Johnny,27254000,21
Smith,27254000,0
Dewlip,27254000,6
Band,142465,0
Quintard,142465,20
Bosche,142465,17
Whyte,142465,22
Staros,142465,17
Witt,142465,13
Edna,16248850,14
Sneha,4983197,16
Venu,4983197,16
Madhavan,4983197,2
Ashwini,4983197,14
Vyapuri,4983197,16
Guetta,22739944,9
Cato,22739944,0
Rampling,22739944,20
Ibizarre,22739944,1
Alfredo,22739944,19
Oakenfold,22739944,15
Maxx,30975806,7
Amarah,30975806,23
Taylor,12162055,11
Stringham,12162055,10
Erica,12162055,17
Sandra,12162055,3
Ben,12162055,1
Donna,12162055,3
Chuck,12162055,17
Gaesomun,32557025,22
Beob-min,32557025,17
Namsaeng,32557025,2
Kim,32557025,20
Yeon,32557025,15
Anne,16400283,6
Francois,16400283,6
Marie,16400283,21
Floriane,16400283,21
Galvin,106359,3
Laura,106359,15
Mickey,106359,16
Concannon,106359,9
Tom,16639443,14
Timko,16639443,15
Lloyd,16639443,24
Rachel,16639443,21
Pooty,16639443,16
Margaret,16639443,23
Krogh,2206376,18
Ygor,2206376,4
Peter,2206376,4
Frankenstein,2206376,3
Aitar,14053036,21
Cora,14053036,21
Basha,13919407,21
Popoy,13919407,21
Amrit,27413039,8
Markus,2902089,15
Bergman,2902089,10
Isabelle,2902089,13
Marianne,2902089,2
Yamunabai,25164108,19
Naina,25164108,1
Kagalkar,25164108,8
Guna,25164108,21
Anne-Marie,33347419,21
Gant,694482,24
Voskov,694482,17
Baranovich,694482,18
Herring,3451115,15
Pebble,3451115,11
Moe,3451115,1
Gallstone,3451115,12
Cheila,29909353,11
Novak,12144099,14
Lazenby,32538811,24
Travis,32538811,13
Sanders,32538811,12
Susan,32538811,23
Frank,32538811,14
Mandy,32538811,1
Leah,32538811,6
Kevin,32538811,18
Ellie,32538811,23
white,10800145,16
Tom,10800145,23
Jerry,10800145,23
Sanchez,21544868,20
Kimberly,2687106,19
Rahul,2687106,6
Twinky,2687106,1
Govind,2687106,7
Seth,2687106,6
Er,1700148,13
Kang,1700148,1
Man,1700148,6
Cheng,1700148,1
Feng,1700148,4
Wong,20906960,15
Rhee,20906960,7
Hung,20906960,1
Lawrence,168597,1
Davenport,168597,15
Kopecki,168597,3
Baskin,168597,21
Susan,168597,3
Josh,168597,6
MacMillan,168597,7
Gacy,21725564,16
Blade,14689488,11
Rinaldi,14689488,15
Shaw,14689488,15
Claudia,11718158,3
Silvio,11718158,3
Ponzi,11718158,6
Martino,11718158,6
Delphina,24551438,9
Zak,24551438,5
Kasztner,24551438,5
Richard,2071706,17
Hood,2071706,5
Marian,2071706,6
Ranulf,2071706,13
Robin,2071706,4
John,2071706,17
Asma,8841918,15
Bulat,8841918,11
Daow,20624761,23
Jerboa,35005158,23
Lou,14334714,21
Granny,14334714,21
Sylvester,14334714,3
Sharky,14334714,3
Graf,11806522,13
Nichols,11806522,3
Muller,11806522,19
Anna,11806522,23
Erhart,11806522,12
Karl,11806522,23
Miike,23221130,10
Kato,23221130,11
Jin,23221130,4
Gaiden,23221130,8
Tatsumiya,23221130,19
Aramata,23221130,5
Claudius,7639512,17
Stuart,32896307,4
Greerson,32896307,16
Willis,32896307,6
Satan,5610546,8
God,5610546,6
Kelson,5610546,6
Larkin,5610546,11
Shirley,542202,24
Holt,542202,24
Liz,542202,21
Doug,542202,13
Hunter,542202,0
Hastings,542202,3
Scott,542202,16
Fife,542202,13
Korenev,11470344,22
Corleone,11470344,24
Fox,11470344,21
Conell,19063107,23
Sandford,19063107,9
Okada,25614987,19
Akiko,25614987,23
Sachi,25614987,2
Tsuji,25614987,20
Mei,11180975,4
San,11180975,4
Cosette,6243001,17
Javert,6243001,13
Valjean,6243001,6
Petit-Gervais,6243001,4
Marius,6243001,17
Hood,20479465,15
Arora,20479465,14
Sonal,20479465,12
Singh,20479465,7
Seung-min,34141695,13
Seo-yeon,34141695,5
Kailash,20903439,6
Khurana,20903439,13
Gupta,20903439,10
Asha,20903439,23
Mehta,20903439,7
Lincoln,16658874,2
discover,16658874,8
Land,16658874,8
Nemo,16658874,6
Aronnax,16658874,14
Ned,16658874,21
Minglian,1855272,6
Fang,1855272,3
Mingliang,1855272,22
Lang,1855272,3
Arbaaz,9070689,17
Khalid,9070689,2
Naidu,9070689,2
Wardhan,9070689,18
Sarong,9070689,1
Suryakant,9070689,6
Jamal,9070689,17
Smith,23270611,17
Karloff,23270611,8
Sundari,22600796,21
Indra,22600796,15
Sam,31173149,6
Finley,31173149,7
Lawrence,31173149,16
Delaney,31173149,1
Beatriz,31173149,20
Axe,31173149,9
Maples,31173149,9
Ben,31173149,22
Amanda,31173149,22
Diehl,31173149,11
Veracruz,31173149,17
Grant,1600825,24
Tracy,1600825,4
Virgil,1600825,14
Travers,1600825,4
Parker,1600825,17
Scott,1600825,14
Field,1600825,18
Newman,1600825,15
Anderson,1600825,9
Penelope,1600825,24
Alan,1600825,23
Jr,1600825,20
Pierce,1600825,24
Lodge,1192112,9
Stringer,1192112,6
Ferrer,1192112,13
Thompson,1192112,20
Shanker,5179089,4
Khan,5179089,12
Shankar,5179089,15
Ghatge,5179089,11
Raju,5179089,6
Singh,5179089,7
Amit,5179089,14
Sreelekha,19259226,11
Zach,5883086,2
Cassie,5883086,16
Bhattacharjee,7317257,24
Bongobala,7317257,19
Bagchi,7317257,20
Drogo,11691760,20
Mandiram,31667778,14
Kalayanam,31667778,22
Cusack,21226360,17
Maggie,21226360,23
Sheriff,21226360,17
Linda,7811236,2
Starke,7811236,6
Andrus,17099246,3
Clara,17099246,14
Kruger,17099246,12
Drew,17099246,19
Veronica,17099246,19
Schultz,10068900,2
Hitler,10068900,23
Vulture,10068900,17
Daffy,10068900,23
Kramden,24789247,24
Norton,24789247,9
Choo,24789247,8
MacFarlane,11327579,18
Sam,11327579,4
Turk,11327579,22
Nan,11327579,23
Matthews,11327579,14
Harper,11327579,19
Robbins,11327579,12
Susie,11327579,3
O'Brien,11327579,17
Tommy,11327579,3
Ted,11327579,1
Adam,5083763,21
Jessie,5083763,4
Vito,5083763,3
McMullen,5083763,7
Len,21408046,23
Barbara,21408046,2
Raybourne,12232008,19
Bianchi,12232008,1
Lia,12232008,17
King,12232008,4
Moro,12232008,21
Mascha,2125486,19
Vladimir,2125486,4
Troekouroff,2125486,9
Dubrovsky,2125486,4
Kyrilla,2125486,9
Jane,14545761,3
Maggie,14545761,13
O'Donnell,14545761,4
Alex,14545761,11
Masterson,14545761,17
Stan,14545761,4
Mike,14545761,21
Gold,14545761,15
Lennon,14545761,8
Porter,14545761,19
Bala,6569213,23
Jeeva,6569213,18
Rahael,6569213,2
Anupama,6569213,2
Gordon,10785221,12
Slater,10785221,9
Bonner,10785221,1
Dresnok,10785221,24
Brendan,6742321,7
Collins,6742321,9
Hoolick,6742321,23
Wilbur,6742321,21
Miles,6742321,17
Nancy,6742321,13
Gretchen,6742321,13
Winsor,20716485,16
Judson,20716485,16
Ruth,20716485,17
J.,20716485,17
Marie,20716485,9
Skinner,20716485,19
Ali,1085443,14
Murat,1085443,6
Baily,12637837,3
Hollander,12637837,14
Brackett,12637837,6
Banks,12637837,12
Connie,3085027,23
Ivey,3085027,15
Dickason,3085027,13
Nash,3085027,22
Judson,30430079,17
Langdon,30430079,8
Preston,30430079,12
Scott,30430079,6
Holly,30430079,17
Quinn,30430079,3
Bascom,30430079,1
Cruz,30430079,1
Boyce,30430079,8
Wisteria,30430079,3
Sanderson,30430079,4
Jindu,30430079,17
Adams,30430079,17
Flutie,30430079,23
Rani,27667647,15
Rao,27667647,13
Rukmini,27667647,14
Falfa,68124,16
Steve,68124,3
Terry,68124,24
Henderson,68124,14
Mel,68124,15
Laurie,68124,6
Debbie,68124,10
Milner,68124,3
Bolander,68124,24
Carol,68124,14
Curt,68124,3
Mittleman,22404084,14
Bay,10497486,10
Smokey,10497486,3
Lake,10497486,10
Pheffer,10497486,14
Hassan,10497486,8
Beckerwith,11896870,4
Dao,17038281,22
Dan,17038281,9
Spike,9547677,3
Tom,9547677,3
Jerry,9547677,3
Roger,145631,21
Adams,145631,2
Jennifer,3818454,18
Fields,3818454,9
Brannigan,3818454,22
Swann,3818454,15
Larkin,3818454,22
Namir,35180817,14
Lakshmi,8688768,6
Sarathi,8688768,14
Muarli,8688768,2
Murali,8688768,6
Lingaiah,8688768,7
Anuradha,8688768,6
Somerford,16186514,22
Manderstoke,16186514,22
Amy,1466817,11
Foley,1466817,1
Lennox,1466817,5
Julie,1466817,17
Cutter,1466817,11
Bucyk,1466817,2
Strombeck,1466817,24
Deepamol,32450888,5
Aleena,32450888,13
Emilien,1124348,17
Gibert,1124348,13
Daniel,1124348,15
Petra,1124348,2
Henry,7564146,3
Grant,7564146,23
Oldfield,7564146,9
Tucker,7564146,3
Angus,7564146,17
Mac,7564146,8
Westwind,1754987,14
Johnson,1754987,17
Carpenter,1754987,3
Presley,1754987,11
Leona,2058829,4
Harris,2058829,11
Clara,2058829,17
David,2058829,17
Mayfield,2058829,8
Gerardo,14070912,1
Jackie,14832630,10
Daibutsu,14832630,24
Kumiko,14832630,2
Jac,8633398,4
Baker,30951080,4
Carraway,30951080,12
Gatsby,30951080,9
Nick,30951080,21
Jordan,30951080,17
Buchanan,30951080,20
Dracoola,29992734,4
Demet,29992734,13
Sebahattin,29992734,4
Brady,5507511,3
Marcia,5507511,9
Fox,5507511,9
Peter,5507511,6
Greg,5507511,14
Cindy,5507511,13
Bradys,5507511,13
Jr.,5507511,22
Mike,5507511,6
Veronica,5507511,23
Alice,5507511,16
Carol,5507511,6
Elgin,30863940,13
Roy,30863940,3
Cody,30863940,9
Galanos,30863940,7
Clark,30863940,0
Bennett,30863940,24
Frank,30863940,24
Wills,30863940,9
Jackie,30863940,3
Hillman,30863940,11
Amanda,30863940,3
Billy,30863940,1
Cole,30863940,6
Statross,9207227,19
Tom,13100513,3
Jerry,13100513,3
Narendra,10890335,11
Mini,10890335,21
Onizuka,5625535,13
Kazamatsuri,5625535,10
Ballafur,28637556,21
Lionel,28637556,0
Morgan,28637556,3
Luke,22461941,8
Teri,22461941,18
Mary,22461941,24
Diane,29585091,6
Stanton,29585091,6
Rubin,29585091,13
Harrison,29585091,10
Martinez,29585091,6
Harisson,29585091,6
Horgan,18250955,6
Mae,18250955,3
Jubal,18250955,17
Reb,18250955,10
Naomi,18250955,11
Santo,35703296,14
Agron,35703296,20
Janis,24816891,20
Barbara,24816891,4
Sandra,24816891,5
Nicolae,3088107,16
Hattie,3088107,6
Rayford,3088107,3
Ben-Judah,3088107,3
Steele,3088107,20
Bruce,3088107,2
Carpathia,3088107,2
Johnson,3088107,21
Chris,3088107,2
Judah,3088107,1
Plank,3088107,16
Chloe,3088107,3
Barnes,3088107,4
Buck,3088107,21
Tyler,5969984,3
Kenny,5969984,13
John,5969984,9
Pederson,5969984,13
Antoine,5969984,13
Barbu,15094763,6
Marcel,15094763,6
Julie,15094763,17
Mimma,15094763,2
Caruso,15094763,6
Aasif,2124810,21
Roy,2124810,4
Irfan,2124810,17
Jamwaal,2124810,6
Mehendi,2124810,17
Dheer,2124810,16
Altaf,2124810,6
Shashank,2124810,3
Dan,2124810,6
Himmat,2124810,3
Neha,2124810,24
Aditi,2124810,24
Siddharth,2124810,3
Siddhant,2124810,6
Anu,2124810,4
Alvise,22276849,23
Lea,22276849,12
Holmes,11350697,4
Tobel,11350697,23
Moriarty,11350697,4
Davies,11350697,11
Hoffner,11350697,12
Bailey,11350697,9
Lestrade,11350697,18
Singh,11350697,18
Watson,11350697,13
Charlotte,11350697,6
Eberli,11350697,12
Reginald,11350697,9
Pratt,4362903,3
Casper,31120562,21
Rebecca,31120562,12
Dylan,31699282,7
Stahl,6878047,10
Mills,6878047,16
Joanna,6878047,16
Annie,6878047,24
Savitri,6465674,12
Parvathi,6465674,21
Chandramukhi,6465674,10
Devadas,6465674,21
Danny,6214495,3
Kunal,6214495,3
Aman,6214495,6
Shirani,6214495,6
Kher,6214495,11
Dubey,6214495,11
Shah,6214495,3
Anu,6214495,3
Chakravarthy,5923472,4
Ranjith,5923472,24
Giri,5923472,3
Swathi,5923472,19
Subbalakshmi,5923472,24
GK,5923472,16
Linden,11625173,14
Judy,11625173,23
Hannah,11625173,0
David,11625173,3
Motes,3859677,6
Cook,342692,17
Corwin,342692,1
Bosley,342692,6
Wood,342692,14
Redstar,342692,23
Charlie,342692,6
Natalie,342692,17
Knox,342692,17
Angels,342692,16
Vivian,342692,10
Nimitz,187616,14
Tideman,187616,7
Yelland,187616,4
Chapman,187616,11
Lasky,187616,7
Roosevelt,187616,10
Owens,187616,15
Leo,946305,3
Sigmund,946305,6
Anna,946305,0
Fay,946305,6
Wiley,946305,0
Bob,946305,3
Lily,946305,23
Marvin,946305,15
Lettie,27379728,21
Harry,27379728,3
Hester,27379728,19
Quincy,27379728,0
Deborah,27379728,21
Slattery,5305513,13
Chambers,5305513,1
Lenahan,5305513,14
Chris,4294005,22
Jamison,4294005,21
Bacon,4941734,15
Liddle,4941734,24
Geraldine,4941734,13
Broughton,4006045,12
Betty,4006045,23
Morlant,4006045,18
Anubis,4006045,16
King,4006045,24
James,4006045,21
Wallace,4006045,8
Grandma,8308697,21
Riffle,8308697,22
Gramps,8308697,21
Nellie,8308697,12
Demetria,8308697,5
Brink,8308697,3
Petroni,3720684,10
Suzie,3720684,21
Peters,3720684,10
Helm,3720684,4
Solaris,3720684,4
Ho,18156507,7
Arbaces,25972799,3
Ascanius,25972799,17
Marcus,25972799,17
Nydia,25972799,22
Glaucus,25972799,17
Ione,25972799,21
Julia,25972799,6
Antonius,25972799,17
Gallinus,25972799,2
Enright,12931416,13
Fiorillo,12931416,3
Mallon,12931416,13
Edgar,4113991,3
Freddy,4113991,6
Lilly,4113991,3
Squires,4113991,4
Jones,4113991,24
Silus,4113991,22
Brother,4113991,13
Conan,8950238,3
Takagi,8950238,17
Roger,8950238,14
Mabuchi,8950238,14
Chika,8950238,20
Kasuo,8950238,6
Read,8950238,13
Bonney,8950238,19
Sonoko,8950238,6
Ayumi,8950238,3
Jouji,8950238,9
Shinichi,8950238,3
Mary,8950238,4
Mitsushi,8950238,24
Kogoro,8950238,16
Mima,8950238,13
Sato,8950238,17
Anne,8950238,22
Mitsuhiko,8950238,3
Iwanagawa,8950238,6
Iwanaga,8950238,6
Agasa,8950238,20
Kimiko,8950238,17
Christopher,10997623,17
Hayes,10997623,1
Hurtil,10997623,4
Robert,10997623,4
Jensen,10997623,24
Korsak,10997623,23
Frey,10997623,17
Benninger,10997623,1
Kosta,10997623,10
Miyamoto,1546725,3
Milly,1546725,3
Mizoguchi,1546725,17
Daggra,1546725,17
Bolen,52055,11
Fox,10776188,2
Marshall,3459329,10
Thomas,3459329,18
Harris,3459329,0
Lynch,3459329,1
Tania,3459329,3
Frankenstein,3459329,12
Ram,6909569,2
Malti,6909569,2
Roberts,910628,6
Raplin,910628,6
Murray,910628,13
Paiste,910628,7
Khemir,35004788,22
Klee,35004788,15
Martha,7238588,19
Singh,22994368,9
Paro,22994368,19
Salma,13632911,20
Begum,13632911,0
Hamid,13632911,3
Hotchkiss,17759980,11
Broth,17759980,22
Lawson,17759980,17
Kate,17759980,1
Judith,12224576,19
Marsden,12224576,23
Ron,29991802,16
Orestes,29991802,9
Larkin,29991802,10
Lopez,29991802,17
Verbeek,5052220,6
Tudor,8775362,3
Elizabeth,8775362,8
Twain,8775362,10
Tom,8775362,3
Jerry,8775362,13
Canty,8775362,16
Miles,8775362,3
Eddie,8775362,13
Roberta,9753596,3
Silverman,9753596,11
Derry,9753596,3
Bobby,9753596,3
Sybil,9753596,1
Diana,9753596,6
Wally,9753596,6
Maddux,15107077,14
Winchell,15107077,15
Ziegfeld,15107077,7
Morgan,15107077,12
Wade,15107077,1
Schwartz,2642623,24
Hezi,2642623,19
Gitai,2642623,6
Ezra,2642623,7
Ogata,4432823,24
Mikai,4432823,23
Keanbean,1826422,21
Reggie,1826422,3
Dough,1826422,9
Richie,1826422,6
Sloan,9395068,17
Pekwarsky,9395068,21
Wesley,9395068,3
Fox,9395068,6
Barry,9395068,3
Andrei,9208073,15
Sergeevna,9208073,19
Hitomi,25875068,23
Galbraith,25875068,22
Katie,1755675,3
Arliss,1755675,6
Travis,1755675,4
Searcy,1755675,3
Sanderson,1755675,3
Coates,1755675,6
Lizbeth,1755675,3
Tomita,10036225,22
Nishiyama,10036225,1
Bianca,12695008,6
Kittles,12695008,5
R.J.,12695008,3
Ruthie,12695008,2
Betty,12695008,4
Clyde,12695008,3
Stevens,12695008,4
Jamal,12695008,6
Show,12695008,1
Roscoe,12695008,5
Sr.,12695008,3
Lucinda,12695008,24
O'Connor,33581815,8
Rebecca,33581815,2
Horace,24069301,3
Millie,24069301,3
Callahan,24069301,0
Saxton,24069301,23
Beal,24069301,11
Clark,24069301,21
Mooney,24069301,6
Keesler,24069301,4
Richmond,24069301,6
Adams,24069301,18
Dotty,24069301,14
Danny,17981954,0
Beeber,17981954,14
Kaplan,17981954,9
Hardesty,17981954,22
Fairchild,3170435,11
Garland,3170435,11
Simmons,3170435,19
Milne,28475942,11
Miller,28475942,18
Schultz,28475942,1
Lucas,28475942,11
Kohler,28475942,4
Murua,8808257,14
Toribio,8808257,3
Gardel,8808257,19
Argibay,8808257,15
Shellie,8957266,20
DeWayne,8957266,20
Usmonov,24903317,2
Wei,22902086,0
Tong,22902086,13
Zheng,22902086,22
Weidong,22902086,18
Covington,851800,22
Lemond,851800,6
Davenport,851800,13
Soong,851800,3
Diehl,851800,15
Jack,851800,23
Ryack,851800,8
Neely,851800,22
Billy,851800,6
Babo,851800,4
Molly,4648834,21
Skyler,4648834,14
Ash,4648834,3
Delia,4648834,5
Hale,4648834,5
Brock,4648834,17
Entei,4648834,17
Oak,4648834,12
Pikachu,4648834,3
Lisa,4648834,10
Ketchum,4648834,21
Prabhu,20604092,3
Pandya,20604092,19
Karuppu,20604092,19
Yazhini,20604092,3
Tallman,7005188,17
Red,7005188,7
Concho,7005188,16
Henderson,7005188,4
Mary,7005188,13
Mickey,19747667,0
Henry,19747667,22
Julia,6163133,19
Binney,859556,10
Dan,859556,6
Lakshaman,1456429,1
Ram,1456429,3
Sanjana,1456429,17
Lakshman,1456429,9
Madhu,1456429,3
Chandini,1456429,5
Sharma,1456429,15
Khan,1456429,17
Raghavan,1456429,17
Bakshi,1456429,21
Rasai,1456429,7
Yashima,33580822,2
Ali,5012700,6
Razieh,5012700,3
Bee,2647998,2
Cavaletti,2647998,14
Dolemite,2647998,6
Maureen,25397132,18
Hannay,25397132,18
Williams,667194,4
Michelle,667194,19
Julian,667194,3
Stratton,667194,2
Anne,667194,19
Kaye,667194,15
Leon,667194,4
Rheiman,667194,7
Badang,11644655,10
Chomel,11644655,2
Meek,28210820,23
Benson,2253773,13
Daniels,2253773,7
Rickey,2253773,13
Ratchett,1267018,24
Meehan,1267018,6
Makut,4034973,17
Carissa,4034973,15
Elizena,4034973,21
Troxartes,4034973,17
Deathstalker,4034973,24
Marinda,4034973,23
Walter,19502541,24
Sullivan,19502541,9
Mindy,19502541,17
Craig,19502541,6
Josh,19502541,3
Drake,19502541,3
Audrey,19502541,8
Newman,19502541,1
Gilbert,19502541,13
Trey,19502541,10
Megan,19502541,3
Eric,19502541,4
Jonathan,19502541,8
Steve,19502541,6
Johansson,19502541,10
Helen,19502541,6
Goldstein,19502541,8
Bludge,19502541,14
Zigfee,19502541,1
Pressman,19502541,18
Alice,19502541,4
Hurt,16347901,11
Rotenberg,16347901,19
Boothe,16347901,11
Ironside,16347901,23
Aylward,16347901,24
Nolte,16347901,17
Eugenie,5983350,23
Grandet,5983350,3
Charles,5983350,2
Mahmoud,10458180,21
Mona,10458180,21
Hamama,10458180,11
Paxeco,30560837,9
Aravena,30560837,1
Reyes,30560837,23
Seetha,31156549,2
Lohithadas,31156549,22
Unni,31156549,17
Abu,31156549,0
Babu,7731039,8
Suvarna,7731039,3
Ramesh,7731039,21
McBride,3273263,18
Tony,3273263,16
Beth,3273263,6
Lewis,3273263,21
Sheriff,3273263,6
Dora,26179719,21
Winton,26179719,9
Titch,26179719,9
Rodgers,26179719,21
Harris,26179719,18
Penter,26179719,23
Park,26179719,22
Denant,26179719,24
Corcoran,4485137,23
Vera,4485137,6
Terry,4485137,20
Bonura,4485137,10
Tucker,4485137,8
Kirk,4485137,6
Jack,4485137,3
miss,4485137,23
Rao,8993730,9
Surendra,8993730,6
Masaru,748923,20
Shinji,748923,20
Yashoda,34154806,21
Mary,34154806,3
Jack,35607003,23
Marion,35607003,11
Wood,33486340,9
Apostolof,33486340,9
Kim,15365583,22
Mourain,1198018,17
Childers,1198018,0
Hodges,1198018,6
Sokal,1198018,5
Cao,1198018,16
Allen,15173081,4
Padilla,15173081,14
Hussein,15173081,22
Bod,25685825,16
Stamp,25685825,11
Willie,23355259,4
Azim,9032648,24
Holder,9032648,11
Curruthers,9032648,8
Carruthers,9032648,23
Ghul,9032648,9
Ruxton,17228730,13
Audrey,17228730,22
Colin,17228730,3
Smith,17228730,0
Mike,17228730,8
Shemp,14738699,7
Smith,8852763,24
Nancy,25618504,1
Ahmed,9205349,14
Fatimah,9205349,1
Hamama,9205349,21
Daninsky,7277626,4
Bathory,7277626,1
Juliet,163894,23
Honora,163894,17
Levy,163894,20
Parker,163894,22
Pauline,163894,21
Hulme,163894,19
Murray,15311074,8
Vanessa,32306875,16
Andy,32306875,3
Soroya,19351700,23
Soraya,19351700,18
Hitler,14030436,4
Boll,14030436,8
Nathan,16393302,17
Sarah,16393302,11
Garth,27100903,4
Tsai,16833930,6
Yun,16833930,2
Tang,16833930,13
Boccaccio,27675112,21
Bernabo,27675112,21
Maria,27675112,15
Giulio,27675112,21
Bartolomea,27675112,2
Ricciardo,27675112,13
Sultan,27675112,6
Fiametta,27675112,21
Isabella,27675112,6
Ginevra,27675112,3
Saeko,21138997,14
Ricks,23995219,14
Frankie,23995219,14
Genevieve,10404370,3
Starla,10404370,21
Grady,10404370,0
Plouff,10404370,10
Sandy,28133007,5
Lawson,28133007,1
Theodore,28133007,8
Susan,28133007,24
Parker,28133007,9
Flavio,28133007,18
Wilson,28133007,21
Lily,28133007,21
Salvatore,1126992,6
Michele,1126992,3
Filippo,1126992,5
Gaulke,5451497,19
Carlock,26177941,13
Danny,5906203,21
Richards,5906203,21
Martha,5906203,3
Gohan,1767696,4
Roshi,1767696,17
Chi-Chi,1767696,10
Krillin,1767696,4
Goku,1767696,17
Piccolo,1767696,4
Gero,1767696,22
Jackson,35189883,20
Annika,35189883,23
Chamberlin,35189883,17
Roosevelt,35189883,23
Mary,35189883,2
Lincoln,35189883,16
Owens,35189883,23
Stonewall,35189883,8
Booth,35189883,11
Hawthorne,35189883,11
Pike,35189883,23
Wilkinson,35189883,4
Abe,35189883,18
Winston,11564856,1
Maureen,11564856,12
Jake,11564856,4
Des,11564856,4
Floyd,11564856,7
Margaret,11564856,23
Sid,11564856,18
Mills,14895549,16
Rick,14092400,4
Lee,14092400,17
Petey,14092400,15
Morgan,14092400,17
Belden,14092400,13
Jack,12620385,8
Steve,12620385,23
Villa,12620385,23
Moe,14437776,13
Bullion,14437776,3
Henry,67442,6
Strutt,67442,3
Shaun,67442,8
Frank,67442,6
Montini,67442,17
Trish,67442,18
Latrell,67442,0
Daniels,67442,23
Leon,67442,3
George,67442,6
Walker,67442,0
Rollins,67442,15
Clark,67442,0
Useldinger,67442,17
Johnson,67442,12
Boyd,67442,0
Arnold,67442,19
Orin,67442,3
Annette,67442,4
Mulcahy,67442,18
K.,67442,3
Mackelway,939561,17
O'Ryan,939561,17
Kulok,939561,17
Kasim,14143807,4
Omar,14143807,3
Caliph,14143807,15
Hassan,14143807,22
Azala,14143807,13
Podgers,8430685,10
Tyler,8430685,3
Wilde,8430685,1
Michael,8430685,16
Gaspar,8430685,14
Mitchell,8430685,18
Henrietta,8430685,19
Elizabeth,13869989,13
Andre,13869989,19
Martens,35678807,24
Healy,35678807,2
Eileen,35678807,0
Daley,35678807,6
Anderson,35678807,6
Madigan,35678807,24
Blackie,35678807,17
Farraday,35678807,3
Alice,6480357,4
Burnette,24490679,24
Whittaker,24490679,5
Randolph,24490679,14
Hunt,24490679,3
Mother,24490679,3
Medusa,4644114,6
Dante,4644114,3
Mao,30136288,7
Dai,30136288,21
Lucia,31814576,20
Norah,26153527,13
Taylor,26153527,4
Sharpe,26153527,13
Harding,26153527,15
Jeff,26153527,3
Tobin,26153527,9
Waring,26153527,21
Bell,26153527,17
Sarovar,5208126,23
Kant,5208126,16
Harishchandra,5208126,6
Sunil,5208126,9
Rama,5208126,14
Joshi,5208126,11
Poonam,5208126,3
Prem,5208126,6
Rajni,5208126,23
II,31913252,14
Valdis,31913252,22
Peter,31913252,4
Edric,31913252,13
Sonia,31913252,16
Bernaldo,31913252,4
Gino,31913252,6
Foster,31913252,2
Donovan,31913252,4
Flanagan,34187456,4
Sennet,34187456,16
Rehte,34187456,24
Jackson,692670,24
Rodriguez,692670,2
D'Ambrosio,692670,22
Cowboy,692670,17
Delilah,692670,6
Marisol,692670,2
Cutty,692670,22
Juanita,692670,9
Anthony,692670,6
Dugan,692670,10
Cleon,692670,17
Kirby,692670,3
Jose,692670,3
Skip,692670,6
Curtis,692670,1
Spike,11396944,3
Tom,11396944,23
Jerry,11396944,23
Makris,27548546,1
Jed,61182,6
Zanfield,61182,5
Jock,61182,17
Love,61182,11
Warriner,61182,12
Kearns,61182,2
Queenie,61182,6
Mahoney,61182,6
Eddie,61182,6
King,61182,12
Fleeber,3831834,4
London,3831834,20
Victor,3831834,6
Parks,3831834,9
Dwight,3831834,13
Ray,3831834,24
Bushak,3831834,3
Edward,3831834,18
Kellogg,3831834,2
Clark,3831834,6
Sabatini,3831834,6
Carmine,3831834,6
Corleone,3831834,1
Tina,3831834,12
Korah,26695603,17
Bosco,26695603,9
Molly,26695603,23
Kunjachan,26695603,6
Kuttappan,26695603,8
Jimmy,26695603,8
Mollykutty,26695603,8
Mikhael,26695603,17
Susie,26695603,4
Aleyaamma,26695603,16
Paappan,26695603,16
Joy,26695603,3
Shalmar,76307,6
Jackson,76307,5
Lucy,76307,6
Kasim,76307,21
Orville,76307,3
Peters,76307,15
Khan,76307,3
Jeff,76307,3
Mihirmah,76307,14
Kahn,76307,8
Johnson,16793507,24
Holliday,22808535,5
Healy,22808535,5
Jo,5835745,21
Klein,5835745,20
Wingfield,5835745,19
Walter,5835745,6
Noble,5835745,9
Graham,5835745,3
McCaffrey,5835745,10
Ringo,5835745,10
Gilbert,5835745,3
Jack,5835745,8
Somers,5835745,23
Pitofsky,5835745,10
Campisi,5835745,7
Josephine,5835745,21
Gilly,5835745,16
Valdine,5835745,6
Dig,5835745,21
Mitchelson,5835745,1
Leon,5835745,23
Tyler,24549492,3
Lalo,24549492,4
Red,24549492,22
Babyface,24549492,3
Concannon,24549492,3
Alexa,24549492,3
Mert,11470887,3
Sinan,11470887,6
Gamze,11470887,16
Charles,11470887,17
Damme,11470887,15
Dostoyevski,11470887,21
Kaan,11470887,6
Levent,11470887,15
Vel,27484104,17
Sabapathy,27484104,15
Ayyanarappan,27484104,1
Su-jin,15833916,15
Choi,15833916,18
Mace,730819,17
Todd,730819,3
Peoples,730819,9
Nathan,730819,14
Mekum,730819,6
Dick,730819,8
Sandra,730819,10
Blake,30500916,23
Majors,30500916,8
Baldwin,30500916,20
Box,30500916,6
Nayak,12675477,18
Contractor,12675477,23
Dhamaal,12675477,16
Shhh,3550323,17
Dagney,3550323,24
Lucinda,3550323,20
Jimmy,3550323,6
Bill,3550323,3
Bernard,3550323,15
Forsythe,3550323,20
Veera,13293808,2
Vikram,13293808,22
Ashok,13293808,21
Hofrax,20327613,16
Tamis,20327613,7
Ankaris,20327613,13
Athalia,20327613,4
Anofriyev,8576453,23
Gorokhov,8576453,15
Amy,909947,6
Paul,909947,1
Bowen,909947,15
Buttafuoco,909947,3
Jo,909947,6
Lizzy,909947,1
Fisher,909947,19
Joey,909947,5
Elliot,909947,8
Eileen,31508047,23
Melissa,31508047,13
Nick,31508047,21
Etienne,31508047,13
Vito,31508047,16
Robin,31508047,6
Scott,31508047,14
Denato,31508047,1
Ellie,31508047,21
Ping,10776050,22
Chien,10776050,16
Chi,10776050,6
Tu,10776050,3
Ahmed,17436123,18
Zaid,17436123,3
Mehra,17436123,0
Molvi,17436123,19
Sarah,17436123,4
Khan,17436123,0
Saeed,17436123,16
Bux,17436123,6
Imran,17436123,16
Keith,1731662,3
Katrina,1731662,17
Nicole,5828821,3
Cruchot,5828821,4
Londsdale,33628294,17
Tolkin,33628294,24
Graver,33628294,10
Lonsdale,33628294,14
Catherine,33628294,14
Maxwell,33628294,24
Ridley,33628294,3
Gandhi,31291014,11
Mukherjee,31291014,11
Lucas,28559409,21
Bhalerao,3038177,13
Roy,3038177,3
Arjun,3038177,6
Chandru,3038177,14
Kapoor,3038177,3
Simi,3038177,3
Omar,3038177,3
Simmi,3038177,23
Dittu,3038177,6
Leo,4860193,17
Junior,4860193,23
Gordon,4860193,6
God,4860193,2
Martin,4860193,6
Dad,4860193,6
Jimmy,4860193,17
Samson,4860193,2
Figaro,4860193,14
Larry,4860193,3
Julia,4860193,4
Bob,4860193,16
Parkman,4860193,17
Rattan,4860193,4
Haman,6967795,6
Esther,6967795,3
Mordecai,6967795,17
Jane,26859059,13
Oxbold,26859059,5
Gribble,26859059,16
Strawberry,26859059,8
Culbertson,26219108,17
Madame,26219108,16
Chak,26219108,17
Sahab,20622279,8
Mookhey,20622279,10
Jameson,13331154,9
Toby,13331154,4
Becky,13331154,3
Sebastian,13331154,3
Howard,13331154,7
Elliott,13331154,6
Fancy,13331154,19
Phillips,13331154,16
Shahn,13331154,9
Ackerman,13331154,19
Rao,27484718,2
Dhanraj,27484718,14
Gupta,27484718,8
Amar,27484718,2
Anjali,27484718,14
Arun,27484718,17
Jin-ah,30352493,15
Spencer,2370658,17
Bowden,2370658,16
Hardin,2370658,17
Cribbs,2370658,17
Simms,2370658,3
Reece,2370658,17
Stuckey,2370658,3
Caspar,2370658,5
Poole,2370658,4
Sarkar,35741274,9
Hazare,35741274,19
Gupta,35741274,8
Hoon,35741274,24
Pacha,338869,3
Yzma,338869,17
Kronk,338869,17
Kuzcotopia,338869,15
Paul,3676087,6
Taylor,3676087,9
Dean,3676087,22
Molly,3676087,23
Wavertree,3676087,3
Sheridan,3676087,24
Craddock,3676087,19
Lee,3676087,6
Elsa,3676087,23
Beaumont,3676087,15
Cleveland,19947800,22
McKenzie,19947800,3
Georgia,19947800,3
Crawford,19947800,17
Brodsky,19947800,20
Cole,19947800,17
Sengulam,9405704,24
Machakanni,9405704,14
Maayan,9405704,14
Kaul,8056967,24
Anupama,8056967,6
Oberoi,8056967,13
Aman,8056967,14
Arpit,8056967,8
Abraham,8056967,11
Bellini,9967312,15
Salinas,9967312,5
Perkins,9967312,19
Norma,9967312,19
Russo,32411064,20
Brody,32411064,8
Helene,32411064,19
Alfari,35014501,20
Boyd,25788981,18
Abbas,8855837,19
Sharif,8855837,6
Goddard,10394093,12
Dickey,10394093,15
Mehra,5841657,5
Munni,5841657,3
Chauhan,5841657,2
Chaturvedi,5841657,6
Babla,5841657,3
Gullu,5841657,3
Gandhi,5841657,17
Aditi,5841657,3
Nisha,5841657,3
Vikram,5841657,2
Lajos,12101704,20
Roa,12101704,22
Aguirre,12101704,1
Romay,12101704,0
Segura,12101704,22
Fern,12101704,1
Mans,12101704,0
Montes,12101704,21
Larrabeiti,12101704,15
Bakhil,8312012,5
Tarzan,8312012,3
Malam,8312012,1
Sarimah,8312012,19
James,8312012,9
Manisah,8312012,3
Labu,8312012,3
Amy,4647498,6
Uri,4647498,8
Harding,4647498,11
Clark,4647498,11
Frankie,4647498,18
Harry,6733074,21
Detroit,6733074,14
Adelaide,6733074,8
Southstreet,6733074,6
Masterson,6733074,16
Cartwright,6733074,20
Sky,6733074,3
Johnson,6733074,23
Brown,6733074,17
Keith,6733074,6
Jule,6733074,12
Nathan,6733074,21
Sarah,6733074,3
Abernathy,6733074,16
Thint,14136601,9
Yin,14136601,13
Suleiman,22810256,12
Marcus,6904082,3
Prince,6904082,4
Elijah,6904082,23
Blinds,6904082,13
Lydia,6904082,12
Brutus,6904082,3
Octivia,6904082,20
Monshija,6904082,19
Hannah,6904082,3
Ezra,6904082,6
Emmanuel,6904082,23
Stratten,2049045,16
Bracco,2049045,10
Arkadin,2049045,5
Elisa,34984974,12
Pierrette,18510113,2
Dutois,18510113,19
Taillier,18510113,3
Pierre,18510113,6
Jean,18510113,6
Jeanne,18510113,21
Amsler,18510113,1
Nichols,1822067,17
Sykes,1822067,10
Gerard,1822067,3
Kimble,1822067,3
Helen,1822067,12
Stratton,1029262,11
Birnley,1029262,17
Rhino,2017211,13
Hunter,28855797,16
Schneider,28855797,12
Callan,28855797,21
Kai-Shek,2534051,10
Hao-Tung,2534051,6
Bi-Yu,2534051,23
Simpson,24133684,6
Buck,24133684,14
Sawyer,24133684,1
Frances,11669853,4
Myles,11669853,7
Kandhan,24931095,13
Gillooly,35099643,15
Kerrigan,35099643,9
Crowell,35099643,4
Ferguson,35099643,11
Rossland,35099643,17
nez,35099643,16
Staley,35099643,2
Mary,35099643,3
Harding,35099643,18
Colosio,35099643,17
Wojtyla,35099643,24
Campbell,35099643,17
Beckwith,35099643,19
Murray,35099643,23
Katie,17923997,14
McCarthy,17923997,8
David,17923997,24
Marks,17923997,15
Boudreault,21858973,12
Leonie,34749215,3
Harry,34749215,6
Robbie,34749215,3
Luke,34749215,18
Thaddeus,34749215,21
Anthony,34749215,6
Dobie,34749215,2
Benham,161974,17
Marshall,161974,23
Anderson,161974,12
Judith,24109010,21
Walter,24109010,12
Dunbar,24109010,0
Louise,24109010,17
Wells,24109010,9
Gus,24109010,3
Jess,24109010,4
Heathley,28271896,14
Lydia,28271896,2
Carrington,28271896,10
Leon,28271896,16
Julianne,277148,3
Kimberly,277148,14
Michael,277148,3
O'Neil,277148,12
George,277148,12
Downes,277148,15
Wallace,277148,19
Potter,277148,15
Aaron,12789158,7
Mabry,12789158,14
Montgomery,25960460,21
Hazel,25960460,16
Rose,25960460,19
Ralston,5125735,21
Montesquino,5125735,3
Frankenstein,5125735,24
Wolfram,5125735,17
Carnation,5125735,5
Elise,5125735,21
Haeckel,5125735,3
Neagle,23998704,19
Wilcox,23998704,15
Hobbes,1254263,13
Rumi,298566,17
Tadakoro,298566,1
Hidaka,298566,6
Kirigoe,298566,17
Me-Mania,298566,16
Mima,298566,5
Lynette,2159349,6
Taylor,2159349,3
Chelsea,2159349,23
Helsing,2159349,24
Peter,2159349,1
Dimitri,2159349,6
Adam,2159349,6
Lars,24143924,17
Jarle,24143924,22
Morten,24143924,4
Khuram,24143924,17
David,24143924,13
Wolf,14205601,10
Sam,14205601,3
Sheepdog,14205601,22
Ralph,14205601,3
Stinkenschmidt,12745510,12
Cindy,12745510,21
Belle,12745510,8
Cathcart,12745510,22
Rajat,32942181,6
Agarwal,32942181,8
Riya,32942181,3
Abhi,32942181,13
Chaudhary,32942181,22
Neha,32942181,6
Vikrant,32942181,13
Charu,32942181,3
Anil,18139826,17
Sukumari,18139826,23
Shyam,18139826,21
Kuttappan,18139826,11
Mohanlal,18139826,23
Elena,18139826,3
Dick,18139826,13
Maggie,9658561,7
Chameliel,9658561,16
Lee,9658561,6
Nelson,9658561,19
Maniken,9658561,10
Sukumar,18849278,13
Vijayakumar,18849278,15
Holmes,27716897,17
Jerry,27716897,18
Billy,31451697,5
Gordon,29137805,5
Bennie,3143693,24
Devin,3143693,14
Harper,3143693,24
Chloe,3143693,20
Nora,3143693,20
Xavier,14790860,9
Maria,14790860,12
Baker,3191002,3
Cheryl,3191002,10
Eva,19700783,16
Britta,19700783,9
Cooper,3523874,12
Ananka,3523874,4
Joe,3523874,17
Berthe,3523874,8
Betty,3523874,13
Walsh,3523874,4
Halsey,3523874,17
Ragheb,3523874,17
Zandaab,3523874,24
Spike,19411089,15
Porky,19411089,15
Missy,2298338,3
Dawn,2298338,19
Lolita,2298338,3
Mark,2298338,0
Rodgers,2298338,11
Wiener,2298338,14
Ralphy,2298338,10
McCarthy,2298338,21
Helpmann,1273586,9
Stella,1273586,14
Hoffmann,1273586,19
Massine,1273586,14
Julie,16796665,6
Pratap,3478537,1
Akbar,3478537,1
Jodhaa,3478537,15
Kush,3478537,0
Walker,2833573,2
Zoome,14302403,0
Melissa,14302403,24
Sheldon,14302403,4
Merv,14302403,3
Maurice,14302403,4
Morris,14302403,15
Neil,14302403,3
Lisa,8693812,4
Sarita,8693812,23
Reena,8693812,11
Sullivan,26735714,12
Gudel,26735714,24
Guedel,26735714,11
Brinker,26735714,4
Wilson,26735714,1
Amma,31668021,2
Venu,31668021,16
Yazawa,19522049,1
Conlon,133671,24
Giuseppe,133671,8
Gerry,133671,4
McGee,13198008,21
Mulligan,13198008,24
Clancy,13198008,15
Conroy,13198008,6
Kate,13198008,21
Jim,13198008,6
Ryan,13198008,13
Hewitt,29900532,7
Chivington,29900532,18
Teresita,3736525,11
Farrell,3736525,1
Bates,3736525,6
Munday,3736525,16
Gladys,3736525,4
Jake,8417343,23
Gil,8417343,15
Yolanda,5667692,8
Ezequiel,5667692,1
Rejas,5667692,11
Paula,12305754,17
Stevenson,12305754,4
Willendorf,12305754,13
Lanova,12305754,8
Tartu,12305754,16
Vogel,12305754,7
Maruschka,12305754,18
Novotny,12305754,1
Harry,154684,6
Edna,154684,21
Philby,154684,19
Hill,154684,1
Belvedere,154684,21
Appleton,154684,3
Hammond,154684,6
Lynn,154684,9
King,154684,2
Blood,27611605,3
Polly,27611605,10
Davidson,27611605,24
Luis,23427066,3
Se,23427066,18
Teresa,23427066,4
Kumar,35755831,24
Balwant,35755831,9
Verma,35755831,22
Puri,35755831,7
Ravi,35755831,15
Bhandari,35755831,9
Rachel,27947072,24
Geeta,11151781,23
Vinod,11151781,21
Kapoor,11151781,0
Mary,11151781,2
Shobha,11151781,1
Vicky,11151781,13
Tripathi,11151781,15
Sankaran,31063136,21
Mohanakrishnan,31063136,0
Rajalakshmi,31063136,13
Mathew,31063136,12
Jobero,18033447,0
Winifred,18033447,23
Jones,18033447,8
Hingelman,18033447,12
Conchita,18033447,13
Kartareja,34355502,4
Binsar,34355502,17
Rasus,34355502,14
Bakar,34355502,16
Paruk,34355502,7
Russel,1357504,12
D.H.,1357504,24
Jason,1357504,8
Ollie,1357504,6
Digby,1357504,14
Rachel,1357504,18
Mimi,1357504,23
Slocumb,1357504,9
Banes,1357504,8
Savitri,10599593,13
Deepali,10599593,14
Anil,10599593,17
Choudhury,10599593,9
Diwan,10599593,24
Holly,7583011,3
Peter,7583011,4
Jay,7583011,17
Kiefer,7583011,11
Flannery,981105,10
Kathleen,981105,17
Noonan,981105,6
Nick,981105,6
Frank,981105,6
Frankie,981105,0
Jackie,981105,6
Ramesh,14730870,24
Karthik,14730870,17
IPS,14730870,20
Varma,14730870,5
Arun,14730870,4
Bhaskher,14730870,13
Aswathy,14730870,5
Nambiar,14730870,20
Ganeshan,14730870,18
Devaraja,14730870,4
Taylor,18048711,12
Bean,18048711,18
Lance,18048711,16
Chris,18048711,6
Simone,2028217,19
Billy,2028217,2
Berk,2028217,8
Show,2028217,3
Smithy,2028217,16
Grace,2028217,10
Kingsley,2028217,6
Doris,2028217,4
Nikki,2028217,3
Niko,2028217,23
Harring,2028217,1
Crane,8057560,20
DeLisle,8057560,16
Hilda,8057560,3
Russell,8057560,21
Burns,8057560,22
Thevar,5051407,3
Virumaandi,5051407,6
Annalakshmi,5051407,1
Angela,5051407,24
Naicker,5051407,13
Kathamuthu,5051407,20
Chiang,3371045,14
Burroughs,19849373,0
Tom,19849373,21
Mitchell,19849373,3
Marsha,19849373,6
Annie,19849373,6
Billy,19849373,4
Carey,9673169,12
Rob,9673169,22
Greenway,9673169,10
Beaver,9673169,7
McLaughlin,9673169,15
Muggs,5289480,18
Egan,1381639,10
Windrush,1381639,23
Jones,1381639,19
lin,2832604,13
Hitler,2832604,4
Rommel,2832604,13
Fox,2832604,1
Churchill,2832604,0
Young,2832604,21
Montgomery,2832604,20
Rennie,2832604,14
Rundstedt,2832604,4
Burgdorf,2832604,4
Pande,9034031,6
Chauhan,9034031,18
Shankar,9034031,13
Suraj,9034031,14
Rajnikant,9034031,14
Arun,9034031,23
Liz,14166634,9
Shields,14166634,6
Taz,8407902,23
Leonardo,34689870,9
Giovana,34689870,19
Gabriel,34689870,0
Lynch,7733654,22
Carlson,7733654,18
Cheryl,7733654,24
Tehan,13377238,16
Horse,13377238,6
Boy,13377238,6
Shane,13377238,3
Unceliga,13377238,19
Nathan,17682449,4
Rodney,17682449,12
James,17682449,15
Donovan,17682449,15
Jensen,17682449,18
Brooke,18909215,15
Diana,18909215,1
Castles,18909215,24
Westaker,18909215,8
Weisser,10311835,5
Henry,19801670,3
Andrews,19801670,4
Vivienne,19801670,23
Erik,19801670,17
Scott,19801670,16
Jenner,19801670,9
Elsa,19801670,17
Katie,146709,13
Cleopatra,146709,1
McBride,146709,6
Sugrue,146709,9
Darby,146709,21
Knocknasheega,146709,1
King,146709,24
O'Gill,146709,15
Connors,146709,12
Pony,146709,15
Brian,146709,6
Fitzpatrick,146709,15
Baloo,726161,6
Khan,726161,3
Brydon,726161,16
Harley,726161,10
Mowgli,726161,3
Louie,726161,17
Tabaqui,726161,2
Plumford,726161,13
Kitty,726161,21
Boone,726161,3
Kaa,726161,9
Nathoo,726161,15
Megan,2192765,8
Gratz,2192765,22
Albert,2192765,11
Doob,2192765,3
Hughes,2192765,1
Denillo,2192765,17
Mack,2192765,4
Julie,2192765,21
Angel,2192765,6
Karen,2192765,3
Sidney,2192765,6
McCann,2192765,8
Schwartz,2464201,24
Rabin,2464201,19
Netanyahu,2464201,11
Suleiman,2464201,16
Brody,2464201,8
Missy,8159372,2
Melissa,8159372,13
Breckenridge,8159372,5
Stribling,8159372,17
O'Malley,8159372,17
Kevin,9509953,4
Trish,9509953,2
Olie,9509953,3
Steve,9509953,17
Darlene,9509953,22
Farrell,9509953,9
Katkin,9509953,21
Madigan,9509953,3
Gary,9509953,18
Candace,9509953,18
Kirkpatric,9509953,8
Rebecca,9509953,22
Gilgamesh,24379585,0
Enkidu,24379585,23
Salma,15249127,8
Indri,15249127,21
Linda,15249127,8
Ira,15249127,8
Ming,15249127,1
Sopha,15249127,11
Imron,15249127,14
Parto,15249127,2
Abun,15249127,5
Sri,15249127,14
Ali,15249127,3
Nadin,15249127,13
Siti,15249127,3
Firman,15249127,6
Shanty,15249127,24
Diyose,15249127,11
Toots,1397142,17
Rocco,1397142,6
Dawn,1397142,5
McCloud,1397142,24
Temple,1397142,21
Ralph,1397142,5
Sawyer,1397142,17
Frank,1397142,6
George,1397142,23
Gaye,1397142,3
Wade,1397142,17
Nora,1397142,13
Ziggy,1397142,18
William,7626259,6
Aaron,7626259,14
Marie,7626259,3
Marty,7626259,3
Coolen,33916997,4
Christie,33916997,9
Paulo,33916997,12
Daryll,12636214,17
Sokolow,12636214,11
Deever,12636214,14
Patty,5334547,11
Lucy,5334547,2
Poe,5334547,8
Snoopy,5334547,13
Charlie,5334547,2
Sally,5334547,2
Brown,5334547,9
Lam,26378027,1
Wah,26378027,16
Fa,26378027,16
Zoret,6068554,16
l,6068554,9
Yanti,32754715,8
Lili,32754715,2
Hati,32754715,16
Kartini,32754715,17
Ratna,32754715,8
Lastri,32754715,2
Fillipov,375183,11
Danilov,375183,15
Zaitsev,375183,5
Sacha,375183,6
Khrushchev,375183,12
Tania,375183,21
Vassili,375183,6
Koulikov,375183,17
Butso,54160,3
Ben,54160,6
Sera,54160,6
Sanderson,54160,20
Ulas,12569818,21
Lekha,12569818,2
Amar,12569818,3
Eily,32998281,21
Danny,32998281,11
Chute,32998281,21
Kyrle,32998281,21
Cregan,32998281,12
O'Connor,32998281,2
Yang,10873994,18
Lilia,10873994,23
Michael,10873994,13
Bhikshapati,11481753,4
Vermersch,3723140,24
Ullmann,3723140,5
Mathilde,3723140,17
Gaulle,3723140,24
Gerbier,3723140,24
Dounat,3723140,10
Jardie,3723140,23
Bison,3723140,6
Oswald,31555973,3
Graham,13254862,21
Dansig,13254862,19
Shahina,15570452,3
Rasaq,15570452,10
Sommers,6665962,11
Louise,6665962,2
Lee,6665962,24
Hovick,6665962,3
Glen,1407389,3
s,1407389,23
Ruth,1407389,21
Parsons,1407389,9
Lyle,1407389,23
Aunt,1407389,6
Dern,1407389,22
Earl,1407389,17
Jr.,1407389,15
Anney,1407389,6
Alma,1407389,23
Raylene,1407389,6
Boatwright,1407389,13
Waddell,1407389,4
Bone,1407389,6
Menon,28683841,8
Priyamvada,28683841,19
Sylvester,18962686,9
Granny,18962686,17
Gonzales,18962686,5
Tyler,5969295,6
Jo,5969295,3
Hui,5969295,3
Angels,5969295,4
Jack,5969295,17
Miguel,5969295,6
Ji,5969295,16
Chu,33323507,17
Bachardy,30843639,24
Auden,30843639,15
Jean,30843639,6
Caspar,30843639,18
Gerhardt,30843639,18
Isherwood,30843639,21
Landauer,30843639,7
Christopher,30843639,3
Neddermayer,30843639,4
Gilbert,30843639,20
Heinz,30843639,6
Thurau,30843639,19
Cristoph,30843639,10
Ross,30843639,21
Hamilton,30843639,19
Wilfrid,30843639,5
Kathleen,30843639,20
Neddermeyer,30843639,22
Dolan,24505170,9
Siobhan,24505170,20
Claire,24505170,3
Elton,24505170,3
Roland,24505170,3
Ali,13807049,13
Ben,13166704,10
Shawn,20419759,7
C.L.,20419759,20
Bill,20419759,8
Gaylord,20419759,6
Gracie,20419759,13
Kron,919477,23
Iguanodon,919477,13
Bruton,919477,23
Aladar,919477,3
Suri,919477,19
Pooja,5306078,1
Malhotra,5306078,19
Khushi,5306078,21
Stirling,33041730,11
Selby,33041730,6
Underwood,3531556,11
Linda,3531556,6
Stanhope,3531556,6
Van,3531556,16
Whitey,3531556,13
Dave,3531556,6
Wilson,3531556,20
Turnbull,10241580,7
Beeman,10241580,6
Delasandro,10241580,7
Zaur,27408296,21
Tahmina,27408296,23
Kane,27369778,17
Ward,27369778,17
Irons,27369778,24
Arthur,23944914,6
Patrick,23944914,3
Louise,23944914,3
Peggy,23944914,4
Mary,23944914,10
Alice,23944914,3
Bailey,1297472,12
Vera,1297472,4
Ethel,1297472,23
Susan,1297472,13
Stanley,1297472,12
Drake,1297472,10
Sid,1297472,6
Lily,1297472,0
Davis,1297472,1
Booker,26032146,23
Pythona,3091469,5
Joe,3091469,14
Mercer,3091469,14
Golobulus,3091469,6
Doc,3091469,1
Orin,4028951,5
White,4028951,1
Molly,4028951,21
Kate,4028951,21
Ed,4028951,6
Max,4028951,21
Chloe,4028951,17
Brian,4028951,16
Sophie,4028951,6
Hilyard,18974432,7
George,18974432,19
Randall,18974432,17
Sade,18974432,3
Malcolm,18974432,15
Nidhiki,2330126,23
Nui,2330126,17
Turaga,2330126,3
Nokama,2330126,12
Takua,2330126,18
Kikanalo,2330126,23
Dume,2330126,23
Vahki,2330126,23
Jaller,2330126,7
Lhikan,2330126,4
Vakama,2330126,17
Teridax,2330126,4
Nuju,2330126,7
Jim,31231394,23
Lucia,789978,13
bastien,789978,1
Mesillo,11791510,6
Cutolo,11791510,5
Pertini,11791510,7
Ciro,11791510,21
Rosaria,11791510,6
Zara,11791510,1
Canale,11791510,24
Strange,9358924,10
Wong,9358924,0
Lindmer,9358924,18
Lake,9358924,4
Morozhkyn,25455416,0
Volentir,25455416,17
Tarasov,25455416,5
Pervirella,1710927,12
Victoria,1710927,5
Dobs,10459622,22
Berg,10459622,0
Martin,12594455,22
Sloat,12594455,4
Murphy,3461278,13
Addy,3461278,19
Howley,3461278,10
Pitt,3461278,9
Swift,3461278,23
Lee,3461278,19
Caroline,3461278,4
Speer,3461278,6
Katie,2967520,8
Stickley,2967520,12
Barry,2967520,16
Nestor,2967520,24
Chucky,2967520,17
VII,4949692,15
Elba,4949692,8
Josephine,4949692,8
Oskar,4949692,21
Napoleon,4949692,6
Julie,4949692,3
Louise,4949692,5
Bernadotte,4949692,21
Beauharnais,4949692,9
Clary,4949692,24
Bonaparte,4949692,14
Dean,842825,21
Superman,842825,16
Rogard,842825,17
Hughes,842825,3
McCoppin,842825,12
Annie,842825,20
Mansley,842825,24
Zamfirova,4939826,7
Manula,4939826,8
Zona,4939826,5
Tom,9989119,24
Jerry,9989119,3
MacDonald,9062631,16
Slipp,9062631,14
Subira,34982086,14
Scrooge,5831493,16
Pallavi,23080180,21
Rahul,23080180,21
Tae-Soo,18375567,10
Tae-Jin,18375567,6
II,61481,17
Bishop,61481,15
Arabella,61481,4
Levasseur,61481,4
Jeffreys,61481,1
Gildoy,61481,24
Blood,61481,5
Willoughby,61481,4
Sexuallist,35505363,19
Thorgrim,10703506,6
Eyjolf,10703506,0
Thorkel,10703506,17
Gisli,10703506,3
Vestein,10703506,17
Thordis,10703506,14
Farel,18531165,6
Rachel,18531165,2
Tigger,25708664,21
Backson,25708664,24
Robin,25708664,13
Roo,25708664,21
Kanga,25708664,21
Avedon,31531430,6
Taylor,31531430,21
Jeffrey,31531430,13
Mulligan,31531430,19
Benchley,31531430,3
Brocton,31531430,1
Annie,31531430,21
Carol,31531430,6
Lekhayude,22247268,5
George,22247268,10
Maranam,22247268,19
Shantamma,22247268,4
Lekha,22247268,19
Degas,26620198,0
Facinelli,26620198,19
Picasso,26620198,24
Kinski,26620198,1
Hurt,26620198,6
Lucciola,26620198,23
Raffa,26620198,0
Jopson,26620198,12
Rockwell,554858,22
Tarantino,554858,1
Betty,554858,6
Ted,554858,3
Norman,554858,2
Rush,554858,21
Signor,554858,11
Juancho,554858,21
Siegfried,554858,13
Sam,554858,9
Sarah,554858,21
Angela,554858,15
Willis,554858,12
Maria,22904672,6
Horn,22904672,12
Weber,22904672,4
Sulkin,22904672,21
Schulz,22904672,5
Frank,22904672,3
Daly,23928471,7
Corrine,23928471,16
Guild,23928471,24
Lyle,23928471,1
Corinne,23928471,5
Bakshi,2905745,13
Priya,2905745,21
Danny,4245926,6
Sahay,4245926,0
Alisha,4245926,3
Rajiv,4245926,3
Mambo,4245926,21
Payal,4245926,6
Javed,4245926,9
Breedlove,5986582,13
Bai,20015850,12
Davenport,20015850,19
Cotton,20015850,24
Struthers,976512,6
Majors,976512,21
Farley,976512,6
Harry,976512,1
break,976512,1
Cosmo,976512,13
Emily,976512,1
Brad,976512,3
Ansalong,976512,6
Janet,976512,21
Schnick,976512,10
Denton,976512,23
Dentonvale,976512,10
Bert,976512,18
Hapschatt,976512,16
Shnick,976512,20
Wright,976512,3
Morgan,14739499,3
Shemp,14739499,3
Samonte,26350010,21
Allan,26350010,5
Recto,26350010,18
guy,26350010,13
Mia,26350010,3
Park,26350010,19
Alvarez,26350010,3
Phaedra,32142542,19
Alexandra,32142542,16
Manolis,32142542,18
Stefanos,32142542,4
weaver,16714097,3
Patty,7122662,21
Susan,7122662,23
Throssel,7122662,13
Willougbys,7122662,11
Brown,7122662,21
Livy,7122662,21
Willoughby,7122662,13
Merry,173944,4
Faramir,173944,13
Arwen,173944,13
Theoden,173944,16
Elrond,173944,24
Frodo,173944,23
Grey,173944,12
Wormtongue,173944,12
Legolas,173944,17
Pippin,173944,17
ma,173944,2
Brego,173944,0
Gimli,173944,24
Bilbo,173944,16
Isengard,173944,16
Sam,173944,4
Gamgee,173944,17
Sauron,173944,16
Rohirrim,173944,4
Saruman,173944,4
Tony,7025464,18
Paula,7025464,13
Craig,7025464,6
Matt,7025464,6
Kelvin,7025464,6
Jamie,7025464,20
heritage,10989569,13
Beth,10989569,6
Bennett,10989569,7
Jake,10989569,6
Boogie,10989569,6
Grace,10989569,3
Toot,10989569,6
Heke,10989569,6
Daw,17811288,14
Wallingford,17811288,22
Sumana,19929867,2
Baker,19929867,0
Devaki,19929867,24
Seenu,29661508,3
Kesavan,29661508,1
Sam,3213906,8
Priscilla,3213906,6
Miranda,3213906,10
Jenny,3213906,6
Davis,3213906,16
Taguchi,23290050,15
Hui,23290050,11
Yumi,23290050,12
Chakraborty,33195656,5
Dutt,33195656,12
Baker,1784755,18
Slater,1784755,20
Crane,1784755,22
Arcane,6179287,13
Zurrell,6179287,0
Abby,6179287,4
Godfrey,4857391,4
Ricky,4857391,17
Rio,4857391,12
Wisdom,4857391,23
Curtis,4857391,23
d'Ampton,8531241,21
Marsh,8531241,8
Flint,8531241,2
Sylvia,8531241,9
James,8531241,24
Aishwarya,31693868,4
Prabhakaran,31693868,14
Brodie,26362281,24
Davenport,26362281,18
Leach,26362281,12
Mergenthaler,26362281,22
Rusty,26362281,2
Mitchell,26362281,6
Hackett,26362281,6
Earhart,18764957,4
Nick,18764957,19
Akhmenrah,18764957,5
Ivan,18764957,20
Kahmunrah,18764957,4
Roosevelt,18764957,4
Lincoln,18764957,2
Vader,18764957,22
Napoleon,18764957,20
Daley,18764957,20
Custer,18764957,0
Jedediah,18764957,4
Larry,18764957,4
Capone,18764957,22
Bonaparte,18764957,20
Harry,17513934,0
Michel,17513934,20
Claire,17513934,20
Arthur,2509831,3
Jeffrey,2509831,7
Walter,2509831,13
Lewis,2509831,21
Norma,2509831,3
Steward,2509831,3
Coddington,23773341,16
Wintour,23773341,19
Gesualdo,28661161,18
Lacey,25757091,5
Cromwell,25757091,16
Tyrone,25757091,24
London,3927646,17
Rousseau,3927646,19
Wyatt,26122983,21
Martyn,26122983,16
Dixon,26122983,17
Frank,26122983,21
Hannah,26122983,6
Donally,26122983,1
Snipes,5676452,11
Richard,1613731,7
Englebrecht,1613731,24
Vermeer,1613731,6
Jack,3146483,9
Rhett,3146483,23
Terry,3146483,17
Holtz,4018958,15
Anna,4018958,14
Beethoven,4018958,13
Holt,15073672,17
Farrell,15073672,18
Lee,15073672,21
Chan,15073672,21
Dan,15073672,15
Marie,15073672,3
Norman,15073672,5
Kinney,15073672,14
Dami,9042000,18
Monty,1458752,8
Rizzo,1458752,21
Moai,1458752,6
Dr.,1458752,4
Livesey,1458752,13
Trelawney,1458752,5
Pew,1458752,17
Hawkins,1458752,19
Smollett,1458752,17
Arrow,1458752,17
Silver,1458752,11
Bones,1458752,4
Gunn,1458752,5
Lobster,1458752,0
Jim,1458752,23
Richard,2238856,16
Heather,2238856,13
Christine,2238856,16
Peter,2238856,6
Robby,2238856,3
Rebecca,2238856,13
Hawkes,2238856,11
Victor,26263144,24
Arjun,26263144,3
Manasi,26263144,19
Singh,26263144,5
Myron,27960684,17
Jones,13249791,14
Baxter,13249791,3
Ridgeway,13249791,6
Barnesworth,13249791,13
White,13249791,6
Hill,13249791,23
Jesse,13249791,17
McCord,13249791,14
Wainwright,13249791,3
Wigginton,13249791,18
Perkins,13249791,6
Farnsworth,13249791,4
Wally,13249791,6
Gandhi,11311970,11
Popeye,11311970,13
Sam,1074253,3
Tito,1074253,23
Otto,1074253,4
Noelani,1074253,21
Reggie,1074253,12
Rocket,1074253,5
Danielle,1074253,2
Makani,1074253,2
Chandra,20258894,18
Muttam,20258894,14
Koochan,20258894,16
Lilly,19897219,12
Mary,19897219,21
Klein,22059060,8
Julian,22059060,23
McGovern,22059060,0
McCartney,22059060,6
Russell,22059060,0
Eastman,22059060,8
Tony,22059060,23
Ringo,22059060,13
Kyoko,22059060,23
George,22059060,13
Cage,22059060,3
Cox,22059060,20
Cynthia,22059060,23
Nixon,22059060,0
Ono,22059060,21
Elton,22059060,21
Lennon,22059060,7
Sean,22059060,15
John,22059060,21
Starr,22059060,24
see,22059060,11
Yoko,22059060,3
Seenu,6090070,8
Reddeppa,6090070,18
Joe,4943699,0
Gerber,1653220,19
Harry,1653220,3
Morse,1653220,9
Molly,1653220,10
Bobby,1653220,3
Sullivan,1653220,11
Brautigan,1653220,4
Liz,1653220,21
Garfield,1653220,19
Reifsnyder,1653220,17
Ted,1653220,3
John,1653220,20
Carol,1653220,3
Bevan,22523628,19
Wil,22523628,9
Siti,15328157,11
Rama,15328157,13
Setio,15328157,18
Ludiro,15328157,11
Vijaykumar,16168067,8
Dhanush,16168067,11
Kipiani,35016653,10
Chokolov,35016653,22
Gaidai,35016653,22
Molodtsov,35016653,1
Di,30314421,9
Marley,8545989,4
Scrooge,8545989,21
Ken,27653033,24
Misaki,27653033,23
Paul,4500801,24
Cindy,4500801,24
Watterman,4500801,18
Arnold,4500801,10
Cemal,26016836,21
Reema,12130717,3
Vicky,12130717,17
Amit,12130717,3
Taggert,17696695,13
Wozniak,17696695,5
Jillian,17696695,17
Caroline,17696695,13
O'Bannon,17696695,6
Tara,22263750,7
Lane,3383231,13
DeBanis,3383231,21
Juliet,3383231,16
Mae,3383231,21
Ralph,3383231,3
Romeo,3383231,20
Harper,3383231,12
Jimmy,3383231,3
Shakespeare,3383231,20
Sally,3383231,3
Wiley,3383231,12
Coleman,3383231,9
Mary,3383231,6
Jack,3383231,7
Stone,3383231,17
Jesus,3383231,22
Jennie,6308032,2
Angelo,6308032,17
Colton,6308032,12
Bolby,6308032,0
Carol,6308032,5
Bocoum,35004777,6
Tour,35004777,14
Koit,35004777,5
Charlie,26368674,18
Mason,26368674,21
Pingleton,1613987,0
Franklin,1613987,23
Tracy,1613987,21
Penny,1613987,21
Tammy,1613987,18
Pinky,1613987,7
Tussle,1613987,15
Larkin,1613987,22
Turnblad,1613987,0
Velma,1613987,5
Link,1613987,21
Ruth,28212897,3
Kammacher,1090641,3
Eva,1090641,21
Ingigerd,1090641,21
Burns,1090641,10
Mickey,14529359,2
Marci,14529359,8
Dussecq,23896772,24
Chelsea,23896772,17
Koji,23896772,18
Malone,23896772,21
Michael,6209126,10
Rodrigue,6209126,18
Mike,6209126,23
Ted,6209126,3
Jaya,25544716,23
Zehra,25544716,2
Tweeder,1693395,5
Sears,1693395,9
Lance,1693395,13
Kilmer,1693395,16
Mox,1693395,6
Moxon,1693395,15
Bob,1693395,22
Brown,1693395,6
Harbor,1693395,0
Marsupilami,35586078,9
Pablito,35586078,15
Geraldo,35586078,3
Holmes,7582987,6
Dawley,7582987,2
Dick,7582987,14
Raj,6826256,7
Krishna,6826256,2
Ramakrishna,6826256,16
Queen,33641119,3
White,33641119,3
Clementianna,33641119,3
Wolf,33641119,20
Alcott,33641119,21
Grimm,33641119,0
Napoleon,33641119,22
Prince,33641119,21
rob,33641119,7
Snow,33641119,16
Brighton,33641119,3
Margaret,33641119,3
Chuck,33641119,14
Renbock,33641119,12
Ippei,24316575,21
Stacey,18593306,16
Michael,18593306,16
Bentley,7595825,21
Billy,7595825,17
Betty,7595825,4
Buster,5561269,11
Luis,31347856,7
Andy,31347856,14
Livingston,27737919,13
Monica,27737919,14
Dean,46757,11
Farrar,46757,9
Adela,46757,16
Clodagh,46757,23
Ruth,46757,14
Philippa,46757,23
Briggs,4845813,8
Miller,4845813,11
Barnes,937670,11
Clark,937670,21
Matanza,8280078,6
Sigel,8280078,18
Hart,8280078,4
Clark,6194015,2
Hansen,6194015,12
Ted,6194015,17
Widdicombe,6194015,21
Nick,9082335,15
Donati,9082335,15
Phillips,9082335,15
Galahad,9082335,20
Chapman,16113840,7
Alexandra,16113840,3
McKay,16113840,10
Alaxandra,16113840,4
Emma,16113840,16
Oswald,31594935,20
Adeline,31594935,5
Ledru,2482275,18
Paolo,2482275,5
Anne,2482275,6
Bob,2482275,3
Marc,2482275,20
Fudoh,8907743,4
Nohma,8907743,22
Friedrich,12782740,24
Weimer,12782740,4
Dawg,22222419,3
Tim,4602698,12
Ho-nam,4602698,24
Jianan,4602698,24
Chiang,4602698,7
South,4602698,24
Nam,4602698,24
Qi,4602698,6
Flora,20977469,1
D'Costa,20977469,19
Minnie,20977469,16
Pearl,20977469,23
Clay,20977469,19
Bessie,20977469,21
Saunders,20977469,1
Ernest,20977469,23
Fleming,20977469,15
Bleane,20977469,15
Harvey,20977469,7
Grayston,20977469,0
Harry,28134702,15
Zack,28134702,6
Krysta,28134702,2
Nicole,28134702,6
Becca,28134702,6
Sunny,28134702,14
Leone,28134702,0
Matt,28134702,21
Jacob,28134702,3
Janet,10677545,12
Ng,10677545,6
Bobby,10677545,6
Eric,10677545,13
Peter,10677545,3
Greg,10677545,22
Kelvin,10677545,3
Woo,10677545,22
Li,10677545,4
Ong,10677545,15
Alex,10677545,16
Stig-Helmer,13183808,14
Manson,32342193,12
Perry,32342193,16
Leslie,32342193,22
LaBianca,32342193,23
Gerald,6804649,6
Vol,6804649,14
Valentine,6804649,10
Thor,6804649,18
Suzie,6804649,3
Clamson,6804649,18
Kelp,6804649,12
Cartwright,6804649,19
Syd,6804649,4
Meya,8921059,8
Guimba,8921059,17
Kani,8921059,24
Raj,18302135,22
Shekar,18302135,18
Puma,4901019,12
Pete,4901019,3
Verma,35621613,13
Khanna,35621613,21
Mahek,35621613,6
Khannas,35621613,2
Anmol,3264802,21
Khatri,3264802,8
Chathri,3264802,13
Anna,3264802,3
Manilal,3264802,4
Preeti,3264802,13
Vikrant,3264802,22
Sybil,5660641,3
George,5660641,6
Branton,5660641,1
Helene,5660641,1
Francis,27906904,13
Robert,27906904,6
Elizabeth,27906904,3
Benjamin,5296610,7
Channing,5296610,4
Kelly,5296610,8
Daniel,5296610,22
Matthau,5296610,15
Melnick,5296610,12
Burns,5296610,0
Vera,2835630,6
Peterson,2835630,10
Mandy,2835630,3
Joanie,2835630,3
Colin,2835630,3
Chi,23880976,1
Wei,23880976,1
Tempest,30166370,0
Adair,30166370,12
Sylvia,30166370,24
Fleming,30166370,9
Vasher,30166370,21
Helen,30166370,8
Roscoe,9618164,23
Keaton,9618164,23
Squales,7852430,12
Percy,7852430,23
Boone,7852430,23
Josser,7852430,7
Murray,7852430,16
Vizzard,7852430,12
Nichols,3923568,11
Picturegoer,3923568,8
Lansing,3923568,22
Ted,3923568,23
Jackson,19915657,23
Donald,19915657,6
Sturges,19933483,13
Bhaskaran,36057866,21
Arumugam,36057866,14
Cacopoulos,2266430,17
Drake,2266430,12
Hutch,2266430,21
Barry,4933146,11
Johnson,4933146,8
Jenny,4933146,3
Matt,4933146,3
Hannah,4933146,4
Bedlam,4933146,12
Bengtzon,23374344,4
Furhage,23374344,7
Arthi,30726799,16
Aarthi,30726799,14
Verma,30726799,15
Hirabai,30726799,7
Vijay,30726799,14
Radcliffe,3191060,10
Kipps,3191060,13
McConell,3191060,4
Fletcher,3191060,4
Quinn,3191060,13
Joel,3191060,10
Dr.,3191060,4
Shepard,3191060,13
Pauley,3191060,17
Krug,6673533,6
Hanns,6673533,15
Clayton,6673533,13
Ruth,6673533,4
Earlton,6673533,6
Robert,6673533,16
Carver,6673533,13
Smith,35799034,13
Turko,11003730,17
Star,11003730,12
Vera,8477556,10
Platon,8477556,21
Nogami,21879067,23
Kohana,21879067,22
Ryotaro,21879067,7
Jiro,21879067,10
Mimihiko,21879067,18
Kotaro,21879067,1
Kadoya,21879067,23
Goludora,21879067,17
Naomi,21879067,21
Riki,21879067,10
Ryutaros,21879067,24
Ramon,21879067,10
Momotaros,21879067,4
Yu,21879067,3
Kuchihiko,21879067,17
Toki,21879067,19
Kintaros,21879067,24
Tsukasa,21879067,17
DenLiner,21879067,17
Gavri,710094,24
Vertikoff,710094,13
Kelly,710094,13
Kodorov,710094,17
Devoe,710094,17
Varghese,25952581,6
Shyam,25952581,6
Boondox,27022158,14
Afroman,27022158,14
Lotus,27022158,24
Russell,4566088,11
Andrea,4566088,0
Lily,11790945,5
Joharv,11790945,10
Sakisaka,19569910,16
Sammy,19569910,14
Masaki,19569910,2
Asimov,19569910,9
Akiko,19569910,21
Nagi,19569910,17
Chong,980548,17
Jeremy,980548,1
Sunita,20904503,2
Bhavana,20904503,3
Anmol,20904503,2
Lakshmi,20904503,21
Holmes,11350840,4
Watson,11350840,17
Hidayatulla,4300418,16
Shaheen,4300418,6
Reshma,4300418,4
Batra,4300418,1
Sharma,4300418,13
Khan,4300418,23
Wahid,4300418,1
Azhar,4300418,9
Salman,4300418,13
Zakaria,4300418,7
Daans,242821,3
Kraler,242821,6
Franks,242821,24
Peter,242821,3
Frank,242821,3
Gies,242821,22
Daan,242821,6
Dussell,242821,13
Otto,242821,3
Moushie,242821,23
Miep,242821,6
Anne,242821,6
Margot,242821,13
Edith,242821,20
Tim,17257976,22
Bludso,17257976,23
Kate,17257976,8
Merrill,17257976,14
Taggart,17257976,13
Gabrielle,17257976,6
Nawal,10568132,2
Khalid,10568132,10
Taher,10568132,7
Pasha,10568132,15
Mamdouh,10568132,15
Junior,6727805,17
Joshua,6727805,6
God,6727805,6
Jerry,6727805,16
Moses,6727805,22
Jimmy,6727805,8
Archibald,6727805,6
Larry,6727805,17
Bob,6727805,17
Tonda,20934648,6
Lyschko,20934648,1
Silvester,20934648,4
Worschula,20934648,24
Krabat,20934648,2
Holmes,25357930,23
Lestrade,25357930,18
Victoria,25357930,5
Thorpe,25357930,17
Jack,25357930,9
Watson,25357930,13
Sunder,5305319,14
Puri,5305319,0
Khurana,5305319,12
Chaudhary,5305319,19
Taylor,21539399,4
Gerard,21539399,11
Davis,21539399,16
Turner,6473465,23
Steve,6473465,14
Celia,6473465,19
Hinch,6473465,14
Lawrence,558578,2
Celliers,558578,8
Hicksley,558578,11
Hara,558578,3
Yonoi,558578,3
Jack,558578,17
Yamada,34039545,10
Gellhorn,10388058,19
Nash,10388058,23
Bill,18949667,14
Craven,18949667,17
Bennett,18949667,17
Jedburgh,18949667,6
Pine,18949667,19
Northmoor,18949667,11
Emma,18949667,21
David,18949667,4
Paul,36229546,17
Rupert,36229546,3
Celeste,36229546,3
Beth,36229546,6
Tucker,36229546,12
Riley,36229546,11
Max,36229546,6
Jesse,36229546,6
Veronica,36229546,14
Scott,36229546,15
Dorrie,424391,9
Bates,424391,22
Isobel,424391,0
Cromwell,6642464,21
Joel,2605689,20
Mustafa,101384,15
Schreiber,101384,16
Mitchell,101384,11
Gaffney,101384,18
Lindendorf,101384,16
Mary,101384,21
Birckmayer,101384,6
Rollo,222534,16
Weston,222534,10
Lee,222534,8
Neville,222534,2
Zoo,222534,12
Wildlife,222534,0
McCain,222534,3
Willa,222534,3
Rod,222534,7
Bugsy,222534,21
Johnny,32251576,17
Clarke,32251576,11
Largo,32251576,20
Frank,32251576,14
Blakeley,32251576,10
Allen,13144612,1
Shelley,13144612,8
Carl,13144612,23
Daurey,13144612,2
Bob,13161775,23
Brendan,13161775,18
Eloise,7405392,21
Driscoll,7394823,13
Edwards,7394823,21
Brodie,7394823,24
Tanaka,7394823,17
Joe,7394823,17
Thompson,7394823,17
Mammootty,29162036,11
Mina,21252039,3
Tau,551753,12
Lo,551753,18
Withers,551753,2
Jake,551753,2
Ryan,551753,22
Serrano,551753,20
Chang,551753,18
Kah-To-Bey,4565249,5
Basil,4565249,9
Preston,4565249,1
Sangre,4565249,9
Walden,4565249,9
Jackson,23002264,14
Yates,23002264,9
Jennie,23002264,15
Dorchen,23002264,0
Lou,23002264,3
Courtney,23002264,23
Webber,23002264,3
Kelly,23002264,23
Wedmaier,23002264,1
Blaine,23002264,15
Jacob,23002264,17
Imogene,31800410,23
Anora,31800410,3
Denny,31800410,8
Cheb,31800410,6
Pete,31800410,6
K,31800410,2
Fleece,31800410,4
Cochran,31800410,11
Maidin,22203173,7
Fakeh,22203173,14
Samah,22203173,0
Teh,22203173,2
Abdullah,22203173,3
Ford,1472954,11
Denikin,1472954,20
Shelako,1472954,18
Zavarzin,1472954,21
Hanawa,7483515,21
Pepe,3198714,3
Pew,3198714,17
Joan,4803480,3
Humberfloob,4803480,2
Quinn,4803480,3
Sally,4803480,16
Kwan,4803480,12
Walden,4803480,15
Conrad,4803480,16
Molly,26009491,2
Conforto,26009491,17
Waner,26009491,19
Bickford,26009491,19
Vennela,7891946,3
Badri,7891946,20
Nanda,7891946,13
Sarayu,7891946,23
Tahra,5506291,10
Tiko,5506291,0
Sharon,5506291,10
Richard,5506291,10
Armstrong,19190602,4
North,19190602,15
Winfred,19190602,17
Helen,19190602,23
Dorothy,19190602,24
Stillwell,19190602,12
Fudd,704097,10
Moorehead,98019,23
Guinness,98019,10
Alexandra,98019,6
Parks,98019,9
Albert,98019,21
Landis,98019,14
Aherne,98019,24
Carroll,98019,8
Agi,98019,23
Jourdan,98019,17
Gordon,10428696,24
Slater,10428696,22
Loggia,10428696,6
Tom,10428696,21
Gallagher,10428696,2
Abby,10428696,0
Hanson,10428696,15
Tolson,10428696,5
Seagraves,23917355,2
Tate,75255,3
Mary,75255,6
Kemp,75255,6
Patch,75255,24
Vandergroat,75255,3
Anderson,75255,17
Lina,75255,6
Randle,21913863,23
Billy,21913863,3
Taber,21913863,18
Turkle,21913863,7
McMurphy,21913863,3
Harding,21913863,0
Bromden,21913863,13
Martini,21913863,1
Bibbit,21913863,22
Ratched,21913863,6
Cheswick,21913863,0
Sherry,14143989,14
Carter,14143989,11
Carney,14143989,14
Martin,14143989,18
Farrell,14143989,18
Dale,14143989,22
Pollo,14143989,3
Hitler,20073140,17
Stauffenberg,20073140,15
Romero,16372026,0
Nails,16372026,10
Hopper,16372026,23
Lothario,25034534,14
Giarno,25034534,22
Meister,25034534,14
Musette,25034534,23
Filina,25034534,3
Brian,25489410,15
baron,36249100,24
Richard,23645970,16
Caeser,23645970,14
Squires,13947064,3
Luke,13947064,3
Shapiro,13947064,18
Squire,13947064,13
Eleanor,13947064,14
Adams,13947064,17
Stephanie,13947064,3
Steph,13947064,18
Donahue,15537999,3
Halloran,15537999,14
Stevens,15537999,23
Withers,15537999,13
Piper,15537999,17
Schweitzer,15537999,24
Davis,15537999,4
MacFarland,15537999,13
Eli,3309050,1
Clemmons,17890259,23
Frank,17890259,20
Sally,17890259,5
Esmond,17890259,17
Glenda,17890259,3
Dolan,2768210,23
Richard,24276207,11
Mark,24276207,12
Lindsay,24276207,7
Vicky,24276207,3
Bhun,30448394,6
Mae,30448394,6
Katha,30448394,6
Jimmy,30448394,6
Kat,30448394,1
Ang,30448394,3
Chang,30448394,2
Rajhadon,30448394,16
Rajahdon,30448394,6
Elizabeth,5561003,5
Richardson,5561003,15
Karloff,11095312,11
Frankenstein,11095312,23
Michael,15721714,23
Angela,15721714,23
Dianna,25716852,4
Cara,25716852,3
Auring,25716852,15
Romero,25716852,15
Miguel,25716852,3
Mary,17024723,6
Kelleher,9613711,6
Yakovlev,3509677,0
Streltsy,3509677,17
Shurik,3509677,3
Timofeev,3509677,7
Bunsha,3509677,21
God,77672,13
Bernarde,77672,5
Bernadette,77672,21
Soubirous,77672,9
Mary,77672,13
Peyramale,77672,13
Marie,77672,23
Jeanne,77672,12
Vauzous,77672,23
Quiero,8845429,2
Tom,8845429,3
Jerry,8845429,3
Miranda,8845429,18
Nancy,8845429,6
Dumdone,13041324,20
Lola,13041324,14
Fletcher,13041324,20
Conchi,11881682,23
Cartucho,11881682,22
Muecas,11881682,21
Amador,11881682,6
Matias,11881682,6
Pedro,11881682,3
Luisa,11881682,16
Dorita,11881682,8
Florita,11881682,13
Ricarda,11881682,6
Fred,20895821,6
Deverne,20895821,6
Dolan,20895821,12
Ruthie,20895821,2
Prividi,20895821,4
Harry,579127,22
Jennifer,579127,2
Arnie,579127,15
Marlowe,579127,6
Worp,579127,22
Wiles,579127,4
Wiggs,579127,14
Rogers,579127,22
Woods,23541198,4
Donovan,23541198,11
Proctor,1107070,20
Mauser,1107070,6
Mahoney,1107070,3
Fackler,1107070,14
Hurst,1107070,6
Dooley,1107070,8
Eric,1107070,23
Kirkland,1107070,20
Lassard,1107070,3
Schtulman,1107070,4
McGlunk,1107070,2
Sweetchuck,1107070,7
Earp,23171807,7
Cotterill,23171807,14
Callear,23171807,12
Duncalf,23171807,7
Ruth,23171807,14
Denry,23171807,13
Machin,23171807,21
Calvert,23171807,7
Amy,14773122,2
Elliot,14773122,1
Robinson,14773122,20
Chalmers,1968680,14
Niki,1968680,4
Wolff,1968680,3
Mary,3991335,20
Bergot,3991335,4
Brown,3991335,24
Rice,3244410,3
Alexander,3244410,11
Riccardi,3244410,24
Bobo,32823506,16
Judie,5117656,3
Lester,5117656,3
Patterson,5117656,17
Dwervick,5117656,11
Sawyer,8455372,11
Duane,32048260,24
Annie,31934171,8
Mathukutty,31934171,20
Henry,3454713,6
Kaiser,3454713,2
Nicky,3454713,6
Nash,3454713,9
Alice,3454713,6
Lucy,30274548,3
Jessel,30274548,3
Anna,30274548,3
Ben,30274548,17
Wilson,30274548,17
Lenny,8593082,4
Meg,8593082,21
Vijayan,10791960,10
Rajini,10791960,24
Ajay,11945073,24
Vijay,11945073,24
Ahmed,9614420,6
Izabela,9614420,10
Isabella,9614420,17
Pavarotti,3145210,21
Harrold,3145210,11
Fini,3145210,10
Thierry,2566582,2
Collins,2566582,15
Zandalee,2566582,6
Johnny,2566582,13
Martin,2566582,5
Santini,14359816,6
Esteban,14359816,2
Laura,14359816,21
Jaime,14359816,21
Carson,29425614,21
Elliot,29425614,3
Webb,29425614,0
Chloe,29425614,21
Batgirl,2010173,21
Ward,2010173,14
Burt,2010173,4
West,2010173,3
Amel,15403744,8
Khadidja,15403744,11
Starkman,293165,17
Gigli,293165,6
Robin,293165,9
Ricki,293165,23
Louis,293165,20
Larry,293165,6
Brian,293165,23
Tibbs,2893701,21
Kate,2893701,9
Tolly,21576027,24
Rawlin,16207552,6
Anna,16207552,13
Paulson,16207552,11
Bob,16207552,10
Lothario,21287649,7
Hurja,21287649,21
Sr.,21287649,7
Jr.,21287649,7
Julio,21287649,7
Missy,642694,3
Regina,642694,21
Emily,642694,21
George,642694,3
Moe,642694,6
Floyd,642694,2
Dolly,642694,6
Ted,642694,23
Alice,642694,12
Tchaikovsky,642694,6
Ryce,642694,21
Bernard,642694,22
Christ,13407499,24
Dev,33624127,21
Munjal,33624127,0
Mrinalla,33624127,21
Paul,26838950,23
Eric,5671197,3
Marion,5671197,16
Snow,5671197,7
Mickey,5671197,12
Jenni,5671197,3
Fellini,3819855,6
Rubini,3819855,1
Gonda,3819855,10
Finkielkraut,3819855,4
Mastroianni,3819855,11
Rossmann,3819855,5
Cinecitt,3819855,5
Ekberg,3819855,9
Brunelda,3819855,23
Murphy,16983442,2
Boone,16983442,10
Miller,20907157,10
Alfred,20907157,14
Hamilton,20907157,8
Kreon,19587744,10
Billy,19587744,23
ric,27856314,5
Michelle,27856314,17
Mauser,20996974,7
Church,20996974,7
Caesar,20996974,17
Garza,20996974,20
Christmas,20996974,6
Yang,20996974,22
Jensen,20996974,24
Vilena,20996974,7
Lacy,20996974,2
Munroe,20996974,17
Sandra,20996974,4
Holt,6146022,12
Ikuma,21119581,14
Naja,21119581,14
Narendaran,26049132,3
Unni,26049132,8
Nanda,26049132,11
Mossane,24408850,21
Diogaye,24408850,8
Fara,24408850,7
Karumadikkuttan,31156629,7
Christina,20430909,15
Laida,20430909,3
Magtalas,20430909,3
Macoy,20430909,6
Wilder,2114517,14
Suchowski,2114517,9
Gore,2114517,0
Dawn,6978596,7
Brock,6978596,14
Verrall,6978596,15
Billie,6978596,13
Zahra,19238278,3
Mullah,19238278,13
Manutchehri,19238278,15
Ali,19238278,3
Soraya,19238278,6
Cleopatra,8380395,17
Wong,8380395,18
Mickey,3365597,17
Donald,3365597,3
Berger,33087163,5
X,33087163,6
Glas,33087163,6
Jr.,33087163,3
Karl,33087163,4
Pavithran,26694159,6
Alli,26694159,21
Gopalan,26694159,21
Majnoon,30356467,18
Laila,30356467,19
Bakht,30356467,0
Amri,30356467,15
Mulawwa,30356467,4
Qais,30356467,4
Arthur,7833777,1
Clovis,7833777,1
Bliss,7833777,2
Stanislas,7833777,6
Previne,7833777,15
Camille,7833777,6
Hendry,32198848,8
Christopher,32198848,4
Katelyn,32198848,3
Thomas,32198848,21
Cabot,32198848,18
Devi,30747288,11
Ramalingaiah,30747288,1
MacGruder,20997705,9
Muslims,28246375,21
Ahmad,28246375,10
Pinki,15311240,0
Khan,15311240,6
McGinnis,3317799,16
Egan,3317799,19
Tomkins,3317799,7
Agatha,27043529,12
Ethan,27043529,11
Susannah,27043529,4
Mike,27043529,0
Mullens,29487329,22
Stella,29487329,7
Jack,29487329,10
Agatha,4476914,3
Leary,4476914,13
Flinch,4476914,23
Kretts,4476914,10
Walter,4476914,3
Robin,4476914,16
Tollins,4476914,3
Ned,4476914,13
Sparrow,4476914,15
Santoro,1556078,6
Dunne,1556078,17
Arena,1556078,5
Tyler,1556078,0
Serena,1556078,4
Costello,1556078,24
Powell,1556078,18
Kirkland,1556078,11
Campbell,1556078,10
Cameron,2867492,11
Bates,2867492,17
Stiller,9075293,13
Lause,9075293,22
Walfang,9075293,24
Einstein,9075293,6
Hahn,9075293,6
Eva,9075293,14
Vollmer,9075293,12
Castle,24496628,15
Garcia,10885307,24
Paco,10885307,6
Kowalski,10885307,21
Alfonso,10885307,16
Roman,10885307,4
Columba,10885307,4
Gobillot,24817379,6
Maudet,24817379,19
Mazzetti,24817379,19
Dekker,15739815,19
Fitzgerald,15739815,19
Anna,15739815,3
Alexander,15739815,21
Kate,15739815,4
Jesse,15739815,9
Brian,15739815,20
Campbell,15739815,6
Sara,15739815,14
Egan,35533542,17
Carter,35533542,5
Grey,35533542,0
Louise,35533542,8
Claire,35533542,2
Woods,35533542,19
Suzy,35533542,6
Jacob,35533542,6
Leblanc,2488691,12
phine,2488691,9
Sophia,31820610,2
Liao,31820610,15
Nina,31820610,21
Wong,31820610,8
Zao,31820610,1
Lily,31820610,10
donna,5386594,8
Diego,17062305,5
Nelson,17062305,0
Augie,2501528,5
Blane,2501528,2
Rosenblatt,2501528,1
Mitchell,2501528,3
Wiley,2501528,6
Baxter,19203306,7
Arnold,19203306,0
Sylvia,19203306,2
Dean,2071291,14
Mat,2071291,8
Northup,2071291,22
Spider,2071291,21
Pam,2071291,16
Napier,2071291,1
Harold,2071291,10
Joyce,2071291,2
Debbie,2071291,23
Liz,10388154,6
Frazer,10388154,19
Mart,36006554,3
Miriam,36006554,12
Guevara,36006554,16
nez,36006554,16
Castro,36006554,15
Amrita,9514127,2
Padmini,9514127,8
Aravind,9514127,18
Murthy,9514127,14
Florea,30469268,4
Lane,16305195,7
Ellis,16305195,3
Lee,16305195,2
Hilton,16305195,3
Smith,16305195,23
Wilson,16305195,20
Mousialovitch,16305195,11
Williams,384209,3
Poe,384209,8
Evelyn,384209,3
Draper,384209,10
McCallum,384209,20
Annabel,384209,10
Lee,384209,15
Tobie,384209,5
Garver,384209,6
Dave,384209,6
Amy,33506410,23
O'Neal,33506410,8
Rachel,33506410,9
Ryan,33506410,13
Franz,10738117,11
Mahler,10738117,3
Livia,10738117,3
Ussoni,10738117,18
Roberto,10738117,4
Trovatore,10738117,14
Adolini,620034,0
Harrigan,620034,17
Cantrell,620034,17
Archuleta,620034,20
Willie,620034,17
Keyes,620034,11
Paul,27858537,12
Dean,27858537,22
Jo,27858537,16
Newton,27858537,24
Summerfield,1968060,24
Farragut,1968060,24
Maxon,1968060,3
Laila,8122485,23
Alisha,8122485,17
Gatawi,8122485,12
Mokhtar,8122485,24
Nasrallah,8122485,6
Seuss,7955522,6
Krinkelbein,7955522,6
Barbara,960657,2
Kretschmar-Schuldorff,960657,12
Wynne-Candy,960657,14
Angela,960657,3
Hunter,960657,0
Powell,960657,14
Wilson,960657,10
Edith,960657,2
Wynne,960657,19
Kaunitz,960657,17
Gray,11783565,4
Edera,11783565,23
Irma,11783565,13
Aldo,11783565,3
Andreina,11783565,3
Elvia,11783565,6
Rosina,11783565,16
Jim,32883603,15
Mum,32883603,19
Kiran,17125190,0
Arjun,17125190,3
Mohan,17125190,18
Anoop,17125190,18
Geeta,17125190,0
Ram,17125190,18
Chowgule,17125190,6
Rane,17125190,15
Anand,17125190,6
Patkar,17125190,0
Malvankar,17125190,8
Chander,17125190,6
Trivedi,17125190,7
Ravi,17125190,18
Pooja,2098557,2
Aditya,2098557,21
Thakur,2098557,13
Sam,811602,16
Danny,1046470,21
Roberts,1046470,20
Lahiri,1046470,23
Ocean,1046470,20
Toulour,1046470,6
Fox,1046470,9
Matsui,1046470,10
Rusty,1046470,5
Fran,1046470,9
Linus,1046470,4
Benedict,1046470,14
LeMarc,1046470,6
Babi,2457899,15
Sinha,2457899,4
Chopra,2457899,12
Gulzar,2457899,15
Sen,2457899,24
Kapoor,2457899,10
Singh,2457899,5
Vijay,2457899,5
Ravi,2457899,7
Dhanraj,2457899,8
Mangal,2457899,14
Louie,26639272,1
Kheo,9752176,24
Thongmen,9752176,24
Taen,9752176,20
Yeong-jin,5063528,2
Bailey,24355152,3
Vidiot,24355152,17
Rutter,24355152,14
Eugene,24355152,3
Ruby,5789454,12
Louis,5789454,16
Stein,5789454,15
Serrault,353369,11
Catherine,353369,23
Gloria,353369,12
Dumont,353369,21
Ponttin,353369,6
Bonsoir,353369,6
Jade,353369,16
Mocky,353369,20
Caroline,353369,13
Marie,353369,5
Rick,30731965,23
Anderson,30731965,21
Billy,30731965,3
Lakshmi,35599692,20
Anna,35599692,4
Pillai,35599692,3
Vasudevan,35599692,4
Bargavan,35599692,16
James,35599692,13
Stothart,34051815,15
MacDonald,34051815,5
Adrian,34051815,8
Loomis,34051815,9
Dawn,34051815,8
Gable,34051815,2
Fuchs,33099654,10
Ralph,33099654,17
Pignon,33099654,3
Randoni,33099654,17
Paul,2480188,7
Michelle,2480188,3
Brigitte,2480188,3
Cline,2480188,16
Gervais,2480188,6
Yvan,2480188,24
Laurianne,2480188,3
Raymond,2480188,21
Rathod,15879572,0
Saleem,15879572,4
Preethi,15879572,3
Shivu,15879572,14
Wilson,20853333,21
Molly,20853333,16
Maura,20853333,14
Sophie,20853333,3
Marcuzan,10633286,7
Martian,10633286,8
Frank,10633286,6
Saunders,10633286,24
Nadir,10633286,13
Baker,25184636,21
Chao,36601633,4
Wilson,36601633,9
Travis,17722145,3
Archaleta,17722145,13
Nix,17722145,13
Benjy,17722145,23
Barris,17722145,3
Bosch,17722145,6
Nui,2688210,6
Ramana,2688210,6
Noro,2688210,3
Amalia,19420955,2
Robles,19420955,24
Fernando,19420955,24
Ricardo,19420955,23
Hallaway,10823448,2
Degrasso,10823448,24
Johnny,10823448,20
put,10823448,9
Bennett,10823448,3
Anderson,10823448,3
Bobbi,10823448,7
Jimmy,10823448,17
Steven,10823448,16
Stephanie,10823448,6
Wright,10823448,4
Conrad,10823448,17
Salah,4469522,15
Entshongweni,4469522,15
James,4469522,3
Shimi,4469522,17
Queen,143483,6
Disraeli,143483,5
Palmer,143483,23
Albert,143483,13
Prince,143483,16
Victoria,143483,21
Jenner,143483,13
Ponsonby,143483,6
Brown,143483,6
Harrison,12419811,14
Bahar,6000991,3
Isa,6000991,6
Grant,848836,17
Elizabeth,848836,1
Carter,848836,17
Liz,848836,23
Bokors,848836,13
Bokor,848836,24
Carol,848836,24
Poussah,276076,12
Iznogoud,276076,16
Goscinny,276076,6
Larath,276076,17
Pullmankar,276076,6
Caliph,276076,18
Khan,26394441,0
Chandrashekar,26394441,17
Vijay,26394441,19
Plarr,22112974,5
Clara,22112974,8
Fortnum,22112974,8
Tom,8685761,3
Jerry,8685761,3
Lynda,2268509,20
Payne,2268509,8
Mansell,2268509,20
Bell,2268509,17
Dean,1951984,23
Ladano,1951984,10
Lim,1951984,14
Terry,1951984,19
Mitchner,1951984,4
Abdul-Muhsen,8711818,22
Scott,8711818,24
Kane,30489553,6
Lobo,30489553,17
Estway,30489553,4
Han,30489553,3
Brent,30489553,4
Wilson,30489553,15
Santelia,11722716,4
Cristiana,11722716,13
Mario,11722716,2
Jasper,2200926,24
Sylvain,2200926,6
Metamorphis,2200926,16
Elizabeth,3725044,21
Proctor,3725044,11
Parris,3725044,7
Abigail,3725044,6
Danforth,3725044,1
Mr.,19398992,8
Crutch,19398992,7
Mary,19398992,12
Wilson,19398992,9
Dick,19398992,21
Varvara,33845509,4
Kaali,8249978,21
Balu,8249978,22
Chitragupta,8249978,6
Vijayashanti,8249978,17
Suta,35247642,17
Raymer,35247642,17
Dayu,35247642,24
Tomas,35247642,9
Senja,35247642,16
Amir,35247642,4
Marius,35247642,9
Ramsay,34454332,0
Patricia,34454332,12
Faversham,32420907,8
Hayes,32420907,9
Armstrong,32420907,23
Willis,32420907,9
Chelsea,15119799,13
Ethel,15119799,21
Bill,15119799,0
Billy,15119799,13
Thayer,15119799,21
Wilkie,16171195,6
Marloff,16171195,17
Danton,16171195,15
Gloria,16171195,17
Sr.,16171195,6
Jr.,16171195,17
Moto,16171195,6
Martin,28668320,20
Christine,28668320,14
David,28668320,14
Jafar,8292700,4
Jamal,8292700,23
Sanders,11784534,0
Bergman,11784534,11
Hwi,22941497,22
Haeundae,22941497,17
Palawitski,35376659,14
McFoodle,35376659,1
Teeny-Tiny-Teensy-Tinny-Tinny-Tin,35376659,5
Jackson,3412440,10
Matthews,3412440,0
Sarah,3412440,13
Ding,36294632,6
Alma,36294632,6
Jed,36294632,3
Melchor,36294632,17
Dario,36294632,17
Ruben,36294632,17
Chona,36294632,16
Greta,36294632,4
Cacai,36294632,17
Elsa,36294632,24
Cookie,36294632,3
Seth,36294632,3
Simone,2609169,13
Clouseau,2609169,24
Charles,2609169,4
George,2609169,13
Lytton,2609169,9
Dala,2609169,6
Shah,2609169,15
Benazir,26760649,4
Chandni,26760649,1
Rajveer,26760649,4
Ishaan,26760649,21
Nandakumar,20554357,21
Uma,20554357,21
Shruthi,20554357,6
Maheshwari,20554357,2
Rahman,20554357,21
Varma,20554357,20
Zoe,34076714,4
Nikita,34076714,4
Gang-feng,10932053,18
Seng,10932053,10
Therese,3610087,3
Lisbon,3610087,7
Pointe,3610087,19
Gordon,1367502,10
Mackenzie,1367502,12
Emily,1367502,7
Ben,1367502,3
Sutherland,1367502,9
Toit,1367502,0
Susie,1485591,0
Noam,11876652,3
Ashraf,11876652,6
Shimi,11876652,15
Lulu,11876652,21
Yali,11876652,17
Popchik,9215946,9
Baxter,9215946,1
Burns,9215946,6
Constance,21339336,21
Marie,21339336,16
Shemp,14746807,4
Moe,14746807,3
Larry,14746807,3
Mike,14746807,3
Pandora,14069079,3
Hayworth,14069079,24
Richard,31091026,21
Dee,31091026,19
Deniz,29302015,8
Fikret,29302015,21
Asim,29302015,21
Selen,29302015,23
Artin,29302015,10
Keerthi,7082486,3
Ganesh,7082486,6
Vasu,7082486,3
Dolly,14079871,23
Tylosaurus,14079871,19
Bradley,31021585,6
Abbott,31021585,13
Albright,31021585,18
Bombita,4578206,14
Amparo,4578206,2
Lio-Chii,4578206,3
Rafi,4578206,3
Wang,4578206,10
Mendoza,4578206,6
Cayetano,4578206,18
Meadows,17571858,1
Tommy,17571858,12
Towers,17571858,24
Cummings,17571858,21
Jackie,17571858,4
Maxted,29084714,9
Carter,29084714,17
Grey,29084714,4
Jones,29084714,13
Hilda,29084714,21
Bonsell,29084714,20
Farr,29084714,11
Cliff,29084714,3
Orbison,399725,6
Chapleski,399725,1
Ben,399725,6
Young,399725,14
Lisa,399725,21
Barker,26484626,1
Patty,23346792,14
Gresham,23346792,9
Slader,23346792,9
O'Neill,23346792,9
Kajikawa,26735616,8
Ezaki,26735616,7
Prescott,644385,21
Sammy,644385,6
Rudy,644385,12
Terry,644385,10
Sr.,644385,12
Brian,644385,24
Sabina,4372787,2
Nero,4372787,3
Acte,4372787,13
Caligula,4372787,18
Claudius,4372787,18
Agrippina,4372787,21
Octavia,4372787,13
Taylor,189088,3
Emily,189088,3
Karaman,189088,6
Steven,189088,6
Shaw,189088,9
Lagrange,189088,0
David,189088,3
Gopalakrishnan,26048076,6
Vijayan,26048076,15
Stella,26048076,15
Varma,26048076,23
Rao,26048076,22
Balakrishnan,26048076,6
Theatre,26048076,0
Meera,26048076,5
Ted,2864621,22
Ammer,2864621,6
Samantha,2864621,6
Morty,2864621,3
Michael,2864621,0
Newman,2864621,23
Ben,2864621,6
Donna,2864621,14
Bill,2864621,23
Maher,2364320,21
Christian,2364320,10
Iglehart,20906246,11
Jefferson,20906246,11
Metcalfe,20906246,16
Washington,20906246,9
Wong,10821331,2
Norton,30865068,17
Ray,30865068,24
Tiffany,30865068,3
Russ,30865068,21
Chucky,30865068,3
Jesse,30865068,3
Jade,30865068,3
Damien,30865068,1
David,30865068,24
Smiley,3604725,16
Louisa,657809,21
McGowen,657809,20
Julie,657809,3
Angel,657809,12
Dugan,657809,23
Pierce,657809,19
Ned,657809,17
Miyagi,657809,21
Nandakumar,27020437,21
Poduval,27020437,20
Ammu,27020437,3
Madhavan,27020437,23
Dasan,27020437,6
Nana,16510955,21
Michael,16510955,21
Peter,16510955,6
Pan,16510955,6
Darling,16510955,7
Smee,16510955,4
Lily,16510955,11
John,16510955,21
Quijano,7379134,24
Quixote,7379134,24
Cervantes,7379134,13
Panza,7379134,20
Oswald,32545395,23
Mengele,35557785,1
Reich,35557785,1
Chang-ho,4470284,20
Nicolai,4470284,18
Woon-gyu,4470284,11
Park,4470284,8
Cantone,31243591,17
Brunetti,31243591,14
Antonio,31243591,2
Marco,31243591,24
Tommaso,31243591,6
Kumar,21363754,2
Lucy,21363754,13
Vaishali,21363754,2
Shanker,21363754,6
Kearney,15264095,4
Erin,15264095,2
Palfrey,6459226,21
Meyer,6459226,19
Ludovic,6459226,21
Chaolan,31762862,8
Xiaoyu,31762862,6
Williams,31762862,19
Shin,31762862,10
Bosconovitch,31762862,13
Anna,31762862,4
Jin,31762862,17
Heihachi,31762862,23
Mishima,31762862,17
Zaibatsu,31762862,8
Kamiya,31762862,10
Yuda,23856720,3
Johnny,23856720,3
http:\/\/www.imdb.com\/name\/nm3345670\/,23856720,7
Ratger,23856720,23
Astri,23856720,3
Adit,23856720,2
Krickstien,3520805,4
Junior,3520805,0
Addison,3520805,9
Boyle,3520805,2
Anthony,3520805,2
Charlie,3520805,6
Odie,3520805,21
Claire,3520805,6
Krickstein,3520805,17
Dieon,3520805,21
Whitman,4301557,24
Stover,4301557,14
Dudley,4301557,18
Risley,4301557,18
Grayson,4301557,7
Wigand,142469,3
Fadlallah,142469,1
Sandefur,142469,5
Hewitt,142469,24
Motley,142469,15
Murrow,142469,18
Liane,142469,2
Bergman,142469,6
Wallace,142469,6
Moore,142469,9
Mick,6610209,3
Danny,6610209,20
Leary,6610209,22
Charlie,6610209,3
Banks,6610209,21
Hamilton,6664903,17
O'Brien,6664903,18
Gnaghi,2280353,3
Valentina,2280353,22
Dellamorte,2280353,6
Franco,2280353,6
Francesco,2280353,3
Boog,9443272,3
Gordy,9443272,18
Weenie,9443272,3
Bob,9443272,3
Elliot,9443272,3
Judith,62111,6
Traherne,62111,23
Steele,62111,6
Martha,62111,3
O'Leary,62111,17
King,62111,13
Handlova,3390263,17
Flemming,3390263,0
Nicolette,3390263,18
Hawkins,3390263,6
Tamina,3390263,2
Heam,3390263,3
Karas,3390263,17
Emil,3390263,17
Capra,3390263,24
Oleg,3390263,3
Karlova,3390263,17
Razgul,3390263,23
Sinuhe,6311923,6
Thoth,6311923,10
Akhnaton,6311923,6
Horemheb,6311923,17
Kaptah,6311923,4
Nefer,6311923,10
Karloff,171555,8
Boone,171555,21
Whale,171555,21
Cukor,171555,0
Michael,171555,14
Hanna,171555,6
Margaret,171555,1
Lanchester,171555,9
Don,5841787,6
Naina,5841787,3
Chaudhary,5841787,12
Priya,5841787,14
Bhaskar,5841787,24
Jaisingh,5841787,8
Prem,5841787,13
Neil,5841787,24
Arthur,1599541,24
Nina,1599541,21
Maria,1599541,5
Colbert,1599541,23
Wyatt,1599541,0
Clara,1599541,2
Jack,1599541,6
Bigelow,1599541,8
Isabel,1599541,21
Grier,1599541,9
Show,1599541,16
Nigel,1599541,21
Smythson,1599541,1
Ritchie,1599541,17
Samantha,1599541,11
McMahon,1599541,9
Murph,13783850,21
Ted,13783850,4
Curly,13783850,14
Superior,13783850,19
Ling,13783850,21
Harter,13783850,1
Teddy,13783850,13
Rosemary,13783850,23
Mary-Mengele,13783850,23
Ratliffe,13783850,16
Lydia,13783850,23
Peezer,13783850,15
Larry,13783850,3
Sasikumar,24710266,17
Nilayam,24710266,10
Bharagavi,24710266,4
Nanukuttan,24710266,3
Bhargavi,24710266,3
Pareekkanni,24710266,11
Arjun,36271662,24
Vidyarthi,36271662,11
Seetha,6131232,3
Ram,6131232,16
Ravi,6131232,15
Savak,23180627,18
Marcus,23180627,4
North,23180627,17
Richard,12297466,3
Anna,12297466,23
Karl,12297466,4
Duminda,27381948,23
Chamari,27381948,13
Jack,12276238,2
Moe,12276238,11
Santhanam,30440315,24
Saravanan,30440315,2
Partha,30440315,11
Meera,30440315,21
Ermelinda,34971644,2
Jerry,34971644,22
Jackson,18243294,13
Frost,18243294,0
Lizzie,18243294,24
Wells,18243294,16
Warren,18243294,13
Pierce,18243294,0
Morton,18243294,3
Sam,307158,3
Tallulah,307158,21
Brown,307158,2
Joe,307158,5
Dan,307158,0
Blousey,307158,21
Smith,307158,6
Malone,307158,8
Robinson,307158,10
Bugsy,307158,21
Robin,8915540,3
Daka,8915540,13
Stella,12025545,21
Vasanth,2853352,12
Geetha,2853352,11
Micheal,2853352,6
Selvanayagam,2853352,13
Michael,2853352,23
Arjun,2853352,4
Madhavan,2853352,14
Balakrishnan,2853352,2
Sashi,2853352,2
Marguerite,6036963,16
Michele,6036963,3
Janine,6036963,6
Gabrielle,6036963,21
Mason,1233576,9
Linda,1233576,17
Werner,1233576,12
Marnie,1233576,23
Webster,1233576,17
Savage,1233576,15
Morris,1233576,15
Beetroot,1233576,17
Benedict,1233576,19
Traven,1233576,12
Ann,1233576,13
Julius,1233576,21
McKinley,1233576,15
Vincent,1233576,3
meet,25221509,13
Serena,25221509,4
Sarang,25221509,17
Prince,25221509,3
Mike,25221509,6
Yan,7407098,3
Yungwen,7407098,15
Ray,7407098,13
Hong,7407098,13
Lo,7407098,17
Jiangchen,7407098,24
Zi,10988261,7
Bai,10988261,2
Lin,10988261,1
Ping,10988261,18
Shou,10988261,1
Biao,10988261,17
Yun,10988261,21
Hao,10988261,1
Yang,10988261,4
Madan,35249672,14
Singh,35249672,2
Chaudhary,35249672,18
Shah,35249672,18
Henry,4650848,20
Richard,4650848,16
Maggie,4650848,6
Samantha,4650848,23
Maria,4650848,13
Sandra,4650848,24
Robin,4650848,20
Ruth,4650848,14
Damian,4650848,20
Lorna,4650848,19
Wright,4650848,20
Angelo,13838662,4
Luger,13838662,13
Arturo,13838662,15
Negr,13838662,6
Boyle,13838662,21
Cummings,13838662,17
Stamps,13838662,17
Eicholz,13838662,11
Train,13838662,21
Ludovico,13838662,18
Renata,13838662,17
Ricci,13838662,23
Olga,32035973,16
Lang,32035973,2
Sam,1127093,6
Millie,1127093,6
George,1127093,3
Clyde,1127093,2
Marty,1127093,6
Morgan,1127093,11
Ray,25882948,12
Eric,25882948,12
Peter,25882948,12
Fiona,25882948,12
Amber,25882948,24
Suzy,25882948,12
Veronica,25882948,23
Bernard,25882948,6
Courtney,6647928,21
Jackson,12042846,0
Blackbird,12042846,0
Jackson,36712306,11
Lindquist,36712306,1
Bellows,36712306,13
Emerson,36712306,12
Theodore,36712306,13
Susan,36712306,3
Jefferson,36712306,23
Stark,36712306,22
Arno,36712306,6
Wheeler,36712306,1
Nelson,36712306,13
Krishna,30044742,15
Yudhisthara,30044742,16
Ide,18630754,8
Pigmon,18630754,4
Zetton,18630754,10
Erik,20989785,15
Gross,20989785,14
Reno,20989785,21
Sonny,30863353,6
Saya,23396344,6
Sharon,23396344,10
Kato,23396344,10
Powell,23396344,10
Onigen,23396344,10
Alice,23396344,3
McKee,23396344,20
Lamb,23396344,20
Gowriparvathi,23140704,24
Balakrishnan,23140704,5
Jayasimhan,23140704,2
Hussein,23140704,24
Maruthnayagam,23140704,5
Paappi,23140704,10
Chacko,23140704,4
Chackochi,23140704,3
Outha,23140704,17
Eappachan,23140704,17
Vasu,23140704,24
Thevar,23140704,1
Baby,23140704,7
Sdenka,1004972,3
Ivan,1004972,17
Gorcha,1004972,17
Giorgio,1004972,21
Frank,1004972,17
Durfe,1004972,3
Pietro,1004972,24
Mary,1004972,6
Chester,1004972,4
Beg,1004972,14
Feathers,896237,17
Gromit,896237,3
McGraw,896237,10
Wallace,896237,4
Turner,1367442,21
Rawlings,1367442,21
Perkins,1367442,18
Baskin,1367442,8
Geechee,1367442,6
Max,1367442,21
Ellie,1367442,15
Kutter,8451294,17
Temelko,8577671,23
Aya,8577671,19
Clay,25366718,16
Toussard,25366718,15
Annalisse,25366718,6
Mary,25366718,4
Danielle,25366718,1
Roff,25366718,0
Cellini,145046,19
Hughes,15920311,16
Michel,5028212,1
Bouc,5028212,9
Ratchett,5028212,1
Poirot,5028212,13
Lakshmi,29112615,13
Lala,29112615,21
Rajkumar,29112615,5
Arif,29112615,3
Prasad,29112615,2
Khan,29112615,12
Reddy,29112615,11
Gautham,29112615,3
Eashwar,29112615,3
Abdullah,29112615,17
Chandana,25849360,2
Viswa,25849360,3
Gowri,25849360,21
Rao,25849360,2
Vikram,25849360,24
Vishal,5352769,24
Reema,5352769,3
Karnad,5352769,12
Bharath,5352769,3
Vivek,5352769,21
Henry,20869430,1
Jeanne,20869430,6
Alain,20869430,3
Clair,20869430,13
Colinet,20869430,13
Louise,20869430,3
Vincent,20869430,17
Claire,20869430,3
Manise,20869430,3
Coste,20869430,23
Pierre,20869430,10
Georges,20869430,6
Royal,223268,6
Chas,223268,3
Cash,223268,11
Sherman,223268,21
Ari,223268,9
Eli,223268,3
Richie,223268,3
Margot,223268,23
Tenenbaum,223268,20
Heinsbergen,223268,13
Bonnie,2051678,22
Trivedi,2051678,6
Saluja,2051678,3
Rakesh,2051678,3
Singh,2051678,5
Okgyun,23689509,20
Satan,28558349,5
O'Brien,28558349,3
Witwer,142049,13
Agatha,142049,7
Crow,142049,17
Hineman,142049,1
Anderton,142049,4
Lara,142049,2
Lively,142049,19
Burgess,142049,24
Sean,142049,15
Murrieta,705756,24
Diego,705756,24
Zorro,705756,22
Wilson,705756,24
Castillo,705756,1
Vega,705756,3
Elena,705756,4
Alejandro,705756,4
Bernardo,705756,24
Love,705756,4
la,705756,24
Teschendorf,31323898,10
Chetwode-Talbot,31014465,22
Jones,31014465,21
Maxwell,31014465,0
Harriet,31014465,14
Robert,31014465,22
Shayne,2636985,13
Joanne,2636985,9
Jacqueline,23494455,0
Rudel,23494455,19
Gilles,23494455,21
Elise,23494455,21
Colette,23494455,6
Collette,23494455,12
Bernard,23494455,6
Smuntz,2245886,10
Lars,2245886,6
Catzilla,2245886,10
Evans,2245886,24
Lee,2245886,8
Caesar,2245886,7
Castro,2245886,15
Ernie,2245886,3
McKrinkle,2245886,18
Rudolf,2245886,3
Hickey,2245886,20
Falko,2245886,23
LaRue,2245886,7
Sven,17063281,3
Anna,17063281,6
Sonali,22005771,6
Tara,22005771,6
Gwen,22005771,6
Maxwell,22005771,11
Thompson,22005771,19
Chrissa,22005771,6
Jack,26184356,3
Ginosaji,26184356,3
Cucchiaio,26184356,23
Domenico,3645663,21
Antonietta,3645663,19
Donnie,22661371,3
Rick,22661371,6
Lori,22661371,20
Susanne,22661371,1
Cam,22661371,16
Ted,22661371,6
Murphy,34884502,10
Brennan,34884502,21
Schultz,34884502,9
Coll,34884502,8
Wetzel,34884502,14
Bo,34884502,17
Iris,34884502,1
Emma,31213113,12
Meeker,31213113,9
Shelley,1799076,9
Pecker,1799076,3
Chrissy,1799076,20
Matt,1799076,2
Tina,1799076,9
Wheeler,1799076,13
Farhad,31530345,17
Khan,31530345,7
Milly,31530345,3
Chowdhury,31530345,18
Shiri,31530345,5
Andre,4419809,23
Toni,4419809,19
Whitney,4419809,5
Charley,4123826,10
Jason,4123826,3
Caball,4123826,8
Smedley,4123826,6
Nikki,4123826,13
Starsteak,4123826,5
Kim,4123826,13
Omus,4123826,6
Jeb,1336467,10
Maconel,12267883,6
Coleman,12267883,3
Venessa,12267883,17
Joel,217776,4
Syverton,217776,3
Gloria,217776,6
Harlow,217776,2
Laydon,217776,12
James,217776,22
Alice,217776,21
Berlusconi,24274120,2
Corona,24274120,13
Ricky,24274120,19
Mora,24274120,11
Mussolini,24274120,10
Farina,19314593,4
Spear,19314593,11
Siamak,9842738,17
Tabrizi,9842738,23
Anne,9842738,11
Gasmut,9842738,4
Mustafai,9842738,24
Uwe,9842738,17
Asmodeus,7233728,17
Sarah,7233728,3
Jake,7233728,3
Ryan,7233728,10
Nancy,7233728,3
Greyman,7233728,3
Guy,21977717,16
Kaminskis,21977717,24
Stephanie,21977717,0
Deepa,14810742,1
Vimal,14810742,2
Ganga,14810742,6
Ashok,14810742,3
Devereaux,4343453,23
Trish,4343453,3
Neil,4343453,3
Diane,4343453,3
Linda,4343453,3
Valerie,4343453,3
Jana,4343453,3
Courtney,4343453,3
Contant,4343453,17
Jeff,4343453,17
Russ,4343453,17
Kim,4343453,17
Thorn,4343453,17
Bates,4343453,2
John,4343453,23
Bobby,3142340,3
Marcia,3142340,2
Martin,3142340,8
Thomas,3142340,8
Cindy,3142340,3
Greg,3142340,2
Peter,3142340,3
Glass,3142340,10
Mike,3142340,8
Carol,3142340,12
Kutty,22989382,13
Mannis,1871167,22
Langdon,1871167,3
Sally,1871167,13
Harold,1871167,15
Harrison,1871167,6
Sutherland,1871167,9
Monroe,1871167,2
Bullard,1871167,6
Cole,1871167,6
Juan,29137661,24
Aguilar,29137661,2
Carmen,29137661,13
Rosa,29137661,10
Allen,22682848,9
McArdle,22682848,9
corpus,22682848,22
Mujanic,22682848,14
Briggs,3492397,13
Stuart,3492397,1
Sarah,3492397,21
Tanner,3492397,11
Conway,3492397,22
Sinatra,20826924,24
Cocozza,20826924,6
Toni,20826924,1
MacLaine,20826924,9
Connolly,20826924,9
Chisholm,20826924,3
Chisolm,20826924,9
Courtney,12507175,0
Grey,12507175,12
Cavendish,12507175,19
Foster,12507175,8
Kapoor,33375298,7
Gautam,33375298,21
Ahuja,33375298,20
Veronica,33375298,3
Meera,33375298,14
Mason,11482732,17
Dale,11482732,23
Flynn,6025604,0
Miner,6025604,4
Lawson,349874,22
Lin,349874,6
Aylward,349874,21
Robinson,349874,6
Cheng,349874,5
Li,349874,20
Lloyd,5614046,4
Nicolas,5614046,22
David,5614046,19
Theeves,36415448,6
Drippy,36415448,3
Spike,36415448,3
Droopy,36415448,3
Jane,2696597,14
Rocha,2696597,8
Merryweather,2696597,8
Lee,2696597,16
Hoyt,2696597,17
Grawl,14478278,17
Baker,14478278,4
Lem,14478278,13
Skiff,14478278,3
Kipple,14478278,6
Chuck,14478278,3
Eckle,14478278,14
Wilma,15098674,13
Ford,15098674,20
Tuttle,15098674,15
Perry,15098674,17
Rossetti,17771198,23
Gabriel,17771198,16
Dante,17771198,9
Michael,18497116,20
Josie,18497116,14
Carla,18497116,3
Oliver,3846858,1
Martin,3846858,3
Piccard,3846858,15
Einstein,3846858,22
Takeshi,22065787,22
Jameson,14605691,3
Nina,14605691,20
Liz,14605691,12
Matt,14605691,16
Biskay,14605691,17
Elizabeth,23501520,3
Dolan,23501520,4
Robinson,23501520,3
Tom,11418316,10
Jerry,11418316,10
Walter,739259,6
Nadia,739259,3
Ted,739259,22
Davis,739259,15
David,739259,23
Patterson,5125488,17
Dana,5125488,8
Faraday,5125488,3
Reed,5125488,3
Shivaji,4773885,14
Rao,4773885,15
Ashok,4773885,15
Pellitt,28386410,23
Harken,28386410,6
Bobby,28386410,17
Harris,28386410,11
Nick,28386410,6
Dale,28386410,17
Buckman,28386410,12
Jones,28386410,12
Arbus,28386410,0
Rhonda,28386410,9
Kurt,28386410,17
Julia,28386410,24
Hendricks,28386410,12
Duggan,21320194,11
Betty,21320194,6
Marmaduke,21320194,21
Pepperday,21320194,1
Livingston,21320194,6
McGonigle,21320194,13
Sadler,706863,20
Rafe,706863,3
Katherine,706863,3
Kathy,706863,13
Tallulah,706863,24
Tammy,706863,17
Guttman,706863,11
Vincent,706863,17
McCutcheon,706863,17
Caleb,706863,6
Jon,5394916,14
Natalie,5394916,3
Rachel,5394916,0
Alistair,5394916,17
Hannah,5394916,14
Hira,4062150,13
Quandt,4062150,16
Okuyama,4062150,3
Charlie,11449142,3
Mabel,11449142,23
Monty,5529883,2
O'Shea,5529883,14
Antonio,5529883,16
Giuseppe,5529883,10
Frank,5529883,6
Laurie,5529883,12
Dito,5529883,3
Handlers,30418893,8
Sam,8269287,6
Chen,8269287,6
Koo,8269287,6
Ramondi,8269287,6
Josh,8269287,6
Claire,8269287,12
Cam,8269287,18
Leroy,8269287,20
Inspector,8269287,13
Randall,8269287,3
Keck,8269287,18
Pascal,8269287,6
David,8269287,22
Morrison,42313,2
Rowan,42313,13
Summerisle,42313,20
Howie,42313,3
Christian,42313,13
Welch,21516811,11
Robeson,21516811,6
Ivan,28992007,17
Tania,28992007,3
Zina,28992007,21
Shirley,27490108,24
McKnight,27490108,5
Rose,27490108,4
Drumm,27490108,0
Bubber,27490108,4
Jones,14197936,3
Mannion,14197936,17
Wilhelmina,14197936,22
Henry,23752458,1
Jenkins,23752458,11
Barbara,23752458,6
Fitzgerald,23752458,15
Evelyn,23752458,12
Barlow,23752458,23
Johns,23752458,11
Vining,23752458,16
Brown,23752458,11
Bernadine,35884550,21
Gloria,35884550,20
Robin,35884550,13
James,35884550,22
Marvin,35884550,8
Kenneth,24050726,15
Abner,24050726,20
Sherriff,24050726,19
Lum,24050726,20
Alice,24050726,23
Jenny,11570146,7
Mercer,11570146,23
Larry,11570146,20
Moore,11570146,9
Tina,11570146,3
Saraswathy,31397954,11
Simon,8367659,6
Peter,8367659,3
Devore,14738984,12
Maria,5805854,2
Jimmy,5805854,12
Tanya,5805854,17
Nigel,5805854,11
Cooper,13259400,11
Delmira,13259400,11
Jessica,841309,2
Jake,841309,6
Sunti,841309,17
Paitoon,841309,23
Jantapan,841309,20
Collins,841309,17
Winthorpe,841309,11
Mongkol,841309,13
McQuoid,841309,18
Sarah,841309,11
Hopper,841309,11
Karaf,841309,6
Murray,841309,12
Lulu,841309,4
Robinson,841309,0
Bailey,11326671,20
Russell,11326671,9
Kony,11326671,14
Poole,11326671,10
Thomas,3710785,16
Ben,3710785,4
Kennedy,3710785,11
Emily,3710785,4
Chase,3710785,9
Lincoln,3710785,0
Sadusky,3710785,11
O'Laughlen,3710785,14
Victoria,3710785,5
Lady,3710785,22
Appleton,3710785,19
Booth,3710785,11
Pike,3710785,22
Wilkinson,3710785,17
Gates,3710785,13
Patrick,3710785,23
Coolidge,3710785,0
Abigail,3710785,17
Borglum,3710785,20
Conner,3710785,7
Poole,3710785,17
Cooper,24083596,19
Dorothea,24083596,6
Fraser,24083596,15
Hayes,24083596,16
Brooke,24083596,12
Anne,24083596,14
Poyser,24083596,21
Porthos,1962913,3
Winter,1962913,24
Sabine,1962913,23
Richelieu,1962913,17
Constance,1962913,3
Aramis,1962913,17
Louis,1962913,17
Rochefort,1962913,17
Hall,5716877,14
Mr.,5716877,7
Cayhall,5716877,9
Chibber,24507654,13
Shanti,24507654,19
Ajay,24507654,14
Gayetridevi,24507654,8
Singh,24507654,4
Cooper,6942006,2
Lebanov,6942006,8
Doug,6942006,17
Sinclair,6942006,3
Matt,6942006,13
Zuyeniko,6942006,10
Bush,6942006,1
Hickman,6942006,17
Patty,1118829,9
Taylor,1118829,13
Nathan,1118829,14
Buckman,1118829,16
Gil,1118829,3
Frank,1118829,6
Julie,1118829,2
Susan,1118829,2
Karen,1118829,1
Larry,1118829,20
Garry,1118829,21
Kevin,1118829,16
Helen,1118829,20
Tod,1118829,17
Abhirami,16168330,1
Anita,16168330,24
Ashwin,16168330,24
Daniel,16168330,3
Devanathan,16168330,17
Sakthivel,16168330,10
Kaufman,21513056,6
Raun,21513056,7
Srinivasan,34261235,23
Tara,34261235,6
Srinivas,34261235,13
Ragini,34261235,19
Blackbeard,6210832,20
Morgan,6210832,9
Maynard,6210832,18
Vishal,6590278,21
Saravanaperumal,6590278,3
Bharani,6590278,3
Banu,6590278,1
Sakunthala,6590278,21
Saravanaprumal,6590278,24
Burke,919392,17
Zack,919392,18
Clayton,919392,17
Slayne,919392,12
Moore,919392,10
Layla,919392,17
Yusuf,26109955,7
Cemal,26109955,17
Saxena,36151270,4
Aadesh,36151270,16
Bhika,36151270,4
Jagdishan,36151270,18
Mary,36151270,18
Asha,36151270,4
Singh,36151270,16
Souza,36151270,24
Vijay,36151270,1
Edgar,474556,17
Isabel,474556,3
Gennie,474556,23
Ursula,474556,7
Pace,474556,1
Tellman,474556,16
Amelie,474556,16
Olivia,474556,15
Yves,474556,19
Henri-Luc,474556,21
Charles-Henri,474556,6
Flaxy,3403739,6
Martin,3403739,1
Carson,3403739,24
Farrar,3403739,9
Richie,3403739,17
Peggy,3403739,7
Caesar,3403739,6
Malko,3403739,3
Nora,3403739,18
Colby,3403739,6
MacFarlane,25181253,6
Fox,25181253,6
Peter,25181253,6
Lando,25181253,3
Han,25181253,16
Roger,25181253,17
Ted,25181253,14
Jedi,25181253,16
Skywalker,25181253,18
Calrissian,25181253,12
Vader,25181253,17
Lois,25181253,7
Meg,25181253,7
Chris,25181253,6
Green,25181253,6
Nunb,25181253,12
Stewie,25181253,1
Luke,25181253,17
Jabba,25181253,3
defend,25181253,19
Brian,25181253,1
Leia,25181253,23
Dutta,13035093,23
Tarun,13035093,16
Nikhil,13035093,14
Anwar,13035093,8
Preeti,13035093,0
Neel,13035093,19
Beatrice,34300236,6
Sam,34300236,14
Clark,34300236,2
Jeff,34300236,13
Lemon,34300236,14
Heilmann,34300236,12
Sue,34300236,7
Lloyd,13097480,14
Thorne,13097480,8
Thanassakis,21141431,3
Sarah,1373745,2
Mathers,1373745,1
Tai-Kun,5185489,4
Cashon,5185489,8
Lik,5185489,1
Fook,5185489,0
Osborn,25862453,17
Ratha,25862453,4
Peter,25862453,3
Stacy,25862453,4
Parker,25862453,19
Connors,25862453,6
Ben,25862453,6
Thompson,25862453,10
Govindan,28773683,2
Malu,28773683,2
Omanakkuttan,28773683,1
Walrus,20533141,3
Woody,20533141,3
Sledgewick,24620315,11
Sergio,3653924,13
Moraldo,3653924,8
Natali,3653924,1
Rubini,3653924,23
Alpert,3653924,3
Giulia,3653924,7
Alberto,3653924,21
Curti,3653924,18
Olga,3653924,14
Moretti,3653924,4
Francesco,3653924,7
Leopoldo,3653924,6
Tamekichi,31931578,12
Zatoichi,31931578,21
Holmes,2265148,16
Kincaid,2265148,22
Wiggins,2265148,9
Lestrade,2265148,1
Freeman,2265148,15
Leslie,2265148,11
Giles,2265148,24
Watson,2265148,17
Lucy,650540,2
Helsing,650540,3
Mina,650540,22
Weber,650540,17
Jonathan,650540,20
Dracula,650540,4
Seward,650540,13
Renfield,650540,16
follow,27634989,11
Luke,27634989,17
Suzie,27634989,4
Warren,27634989,4
Kate,27634989,16
Matt,27634989,3
Mara,21222076,23
Jacques,21222076,16
Rick,21651467,14
Teri,21651467,17
Howe,29464517,16
evi,29464517,22
Malagurski,29464517,8
Reihl-Kir,29464517,12
Tu,29464517,15
Levar,29464517,16
Tito,29464517,9
Reagan,29464517,1
Moore,13596002,4
Smith,13596002,17
Mo,9973292,17
Fei,9973292,23
Wenjuan,9973292,6
Shouyi,9973292,17
Yue,9973292,19
Wu,9973292,23
Katie,1243485,3
Standon,1243485,5
Glazer,1243485,13
Sullivan,1243485,19
Bingham,1243485,18
Louise,1243485,21
Team,1243485,8
Sandra,1243485,6
Judy,1243485,23
Tannen,1243485,0
Billy,1243485,22
Wes,1243485,4
Kieran,28140856,9
Tyler,28140856,21
Charles,5565692,6
Jon,5565692,2
Jill,20915811,3
Rudd,20915811,11
Rawlins,20915811,15
Bradley,20915811,19
Dad,20915811,16
Entwistle,20915811,1
Joe,20915811,20
Jim,20915811,2
Alfred,20915811,3
Ryan,20915811,22
Cecille,20915811,12
Pierre,20915811,5
Dave,20915811,6
Genevieve,6145345,12
Elvira,6145345,12
Daninsky,6145345,4
Wandessa,6145345,1
Perez,20955374,1
Scott,20955374,11
Blair,1246454,8
Christine,1246454,3
Parker,1246454,20
Chris,1246454,3
Sophia,17417457,15
Shin,17417457,0
Albert,17417457,13
Prince,17417457,3
Pink,17417457,3
Tui,17417457,15
Mai,17417457,10
Cornelia,2406759,21
Dooley,2406759,14
Towzer,2406759,13
Claus,2406759,11
Donner,2406759,13
Joe,2406759,4
Anya,2406759,9
Vespasian,18573986,18
Charley,1247973,3
Percy,1247973,18
Baxter,1247973,19
Barlow,1247973,19
Spearman,1247973,16
Boss,1247973,17
Butler,1247973,15
Mose,1247973,4
Poole,1247973,0
Krishna,30515944,17
Kuchela,30515944,21
Springsteen,2423462,12
Taylor,2423462,6
Sammy,2423462,3
Maggie,2423462,6
Parker,2423462,22
Jack,2423462,3
Melanie,2423462,3
Peters,31351236,7
Quinlan,31351236,1
Right,31351236,7
Aaron,28465900,5
Walt,28465900,23
Brett,28465900,24
Jonas,28465900,24
Tony,28465900,17
Ferguson,28465900,14
Bickerman,28465900,19
Susan,28465900,23
Willinger,28465900,17
Connor,28465900,3
Reba,28465900,17
Nathan,28465900,3
Tara,28465900,23
Charlie,28465900,5
Dimitri,28465900,14
Ellie,28465900,23
Ikeda,3391405,5
Tetsuzo,3391405,3
Kumiko,3391405,23
Yoko,3391405,23
Yuka,3391405,3
Shimabara,3391405,23
Mitsuko,3391405,23
Noriko,3391405,16
Babu,26674376,5
Mohan,26674376,3
Manga,26674376,11
Raghu,26674376,16
Costello,4867662,12
Ashley,4867662,17
Corrine,4867662,16
Neville,4867662,10
Jake,4867662,17
Lise,24498032,2
Blanchard,24498032,12
Bourdin,24498032,21
Martout,24498032,13
Dave,24498032,14
Barlow,8060080,15
Delaney,8060080,15
Malone,8060080,17
Wikner,8436483,7
Anders,8436483,3
Britt,8436483,2
K,8436483,21
Brink,8436483,3
Silva,5735526,9
Jos,5735526,8
o,5735526,8
Santos,5735526,1
Oliveira,5735526,15
Donald,28364281,22
Pete,28364281,3
Mickey,28364281,22
Morgan,28364281,9
Walker,625714,19
Cooper,625714,21
DeVito,625714,20
Phil,625714,17
Spacey,625714,4
Larry,625714,5
Mann,625714,22
Bob,625714,21
Kang-Soo,3861623,11
Byung-Joo,3861623,16
Jung-Suk,3861623,3
Gena,23745306,23
Galya,23745306,10
Valerie,31744273,2
Vincent,31744273,15
Triston,31744273,3
Santel,24275348,11
Hill,24275348,10
Taft,24275348,23
mon,1355085,5
Pekkala,1355085,0
Asriel,1355085,16
Scoresby,1355085,10
Roger,1355085,23
Bolvangar,1355085,4
Coulter,1355085,4
Ragnar,1355085,4
Coram,1355085,21
Billy,1355085,4
Victor,6790254,23
Poe,1222278,8
Malloy,1222278,22
Grey,12126877,23
Kasumi,12126877,24
Kawai,12126877,10
Rosarillo,9879562,2
Mizushima,2660232,4
Malini,6729640,14
Sanjana,6729640,3
Dhanraj,6729640,9
Robert,6729640,3
Malik,6729640,10
Aditya,6729640,3
Nisha,6729640,17
Swaroop,6729640,16
Ramon,15211401,8
Sonia,15211401,21
Mendel,15211401,19
Grant,3059075,24
Nelson,3059075,17
Lillian,3059075,22
Lazlo,3059075,20
Flakfizer,3059075,9
Oglethorpe,3059075,22
Benjamin,4724358,1
Lasker,4724358,14
Siegel,4724358,1
Isayama,1252250,6
Baragon,1252250,4
Godzilla,1252250,4
Takeda,1252250,17
Mothra,1252250,5
Ghidorah,1252250,17
Tachibana,1252250,14
Yuri,1252250,16
Hawker,6361585,4
Hoeppner,6361585,2
Sternberg,6361585,4
Fokker,6361585,6
II,6361585,2
Wolff,6361585,12
Wolfram,6361585,15
Brown,6361585,13
Lothar,6361585,21
Hindenburg,6361585,15
Voss,6361585,3
Richthofen,6361585,21
Muggs,28963115,5
Heldreth,14615011,24
Ewing,14615011,0
Maria,19947505,21
Carrasco,19947505,17
Silvera,19947505,24
Patricia,34383424,4
Dina,34383424,4
Rachel,34383424,23
Reid,34383424,0
Cleve,34383424,9
Skylar,34383424,20
Lynette,5135802,3
Wood,5135802,17
Faye,5135802,3
Roy,5135802,23
Martin,5135802,17
Judd,5135802,17
Clara,5135802,3
Hattie,5135802,3
Finley,5135802,5
Angie,5135802,3
Steven,2325197,8
Nell,2325197,21
Cunningham,2325197,20
Julia,2325197,3
Jesus,9424543,6
Anatoly,9424543,6
Panduranga,26087436,15
Kalavathy,26087436,3
Loren,17381108,21
Melissa,17381108,2
Tucker,17381108,13
Jared,17381108,19
Angie,17381108,12
Jenny,5386187,13
Travis,5386187,17
Carmilla,5386187,4
Kazim,7014694,13
Rabhas,7014694,22
Rene,7014694,6
Bazu,7014694,13
Ernest,7014694,13
Nelda,7014694,10
Schmoe,7014694,23
Thompson,7014694,17
Worrell,7014694,6
Paul,31572654,15
Lille,31572654,5
Moore,14645904,6
Fred,14645904,8
Vicki,14645904,12
Jack,14645904,14
Eddie,14645904,22
Panicker,32420088,18
Gregory,32420088,0
Mohammed,32420088,4
Adiga,32420088,15
Haji,32420088,18
Shetty,32420088,17
Gurumoorthy,32420088,13
Sarkar,32420088,17
Chakrapani,32420088,18
Alex,32420088,16
Shivram,32420088,4
Barua,32420088,5
Bahadur,25049137,14
Dinesh,25049137,6
Rashid,25049137,21
Manohar,25049137,19
Siddharth,12971929,13
Sophie,12971929,14
Lila,28073368,18
Sinn,28073368,13
Lemmon,28073368,9
Leif,31316923,6
Eriksson,31316923,7
Volt,31316923,20
Doris,31316923,2
Kroger,31316923,18
kan,31316923,15
Rotum,31316923,3
Nilsson,31316923,6
Esther,4461403,3
Blueburger,4461403,18
Mary,4461403,19
Angelo,11682192,7
Wahlberg,11682192,10
Cacho,21624213,9
Desmond,21924668,9
Hart,19715,21
Matthews,19715,20
Tobin,19715,24
Melling,19715,24
Fields,19715,10
Morningside,19715,20
Zainab,14861958,4
Singh,14861958,23
Boota,14861958,3
Ball,20644472,13
Jones,20644472,5
Palpatine,20644472,6
Owen,20644472,17
Ani,20644472,12
Hoth,20644472,18
Skywalker,20644472,4
Amidala,20644472,6
Calrissian,20644472,12
Vader,20644472,3
Goldstein,20644472,17
Bossk,20644472,3
Kenobi,20644472,1
Leia,20644472,17
Anderson,5084872,17
Ingrid,5084872,11
Miller,12639467,9
Linda,12639467,2
Sherman,12639467,18
Lenny,12639467,5
Brown,12639467,1
Beck,28788717,24
Allan,28788717,17
Julie,28788717,14
Hitty,28788717,23
Bill,28788717,21
Kummatty,31470346,23
Bryant,5873064,2
Rachel,5873064,3
Julia,5873064,2
Janet,3151094,21
Ernie,3151094,24
Willard,3151094,12
Bartley,3151094,13
Presley,13472401,9
Frankie,13472401,4
Lizzy,13472401,7
Fantasticus,10131299,10
E.,10131299,23
Coyote,10131299,23
Leo,30498569,8
Jeffrey,30498569,21
Donahue,18841979,3
Heather,18841979,3
Williams,18841979,14
Parr,18841979,4
Leonard,18841979,22
Josh,18841979,21
Kedward,18841979,1
Mike,18841979,3
Kluck,982180,8
Richard,982180,4
Hood,982180,5
Marian,982180,4
Hiss,982180,17
Robin,982180,15
Alan-a-Dale,982180,1
John,982180,17
Lucille,26361837,19
Sylvie,26361837,21
Ruth,26361837,19
Poppe,25223490,20
Karan,32109549,8
Vignesh,32109549,8
Haji,32109549,15
Abdullah,32109549,15
McGrath,21908394,24
Keaton,21908394,14
Alice,21908394,4
Tate,473212,2
Theresa,473212,19
Dorothy,473212,23
Doug,473212,21
Teresa,473212,19
Yang,473212,13
Ed,473212,9
Vicky,473212,2
Alice,473212,6
Ruffalo,473212,21
Angelique,454812,11
Jenkins,454812,16
Collins,454812,12
Tracy,454812,2
Gabriel,454812,15
Quentin,454812,3
Charles,454812,20
Alex,454812,17
Drake,454812,12
Claire,454812,4
Castle,454812,11
Carlotta,454812,17
Gerard,454812,10
Hotchkiss,8178551,0
Axmann,8178551,12
Nicole,8178551,17
Jones,8178551,17
Hamud,8178551,18
Abdullah,8178551,2
Hansen,14727189,1
Nick,14727189,4
Tanner,14727189,11
Keir,14727189,17
Jake,14727189,17
Lee,14727189,2
Blanca,14727189,3
Vance,14727189,0
Mike,14727189,22
Connor,14727189,17
Erin,14727189,19
Phoebe,14727189,23
Falls,14727189,16
Jaynie,14727189,1
Luke,14727189,17
Carhart,14727189,1
Daphne,14727189,3
Blades,34930722,11
Gold,34930722,9
Witt,34930722,0
Benson,36091940,7
Stuart,36091940,0
Barbara,36091940,21
O'Hara,36091940,20
Hendrickson,36091940,14
Nuboult,36091940,6
Ravier,36091940,7
Morton,36091940,6
Maisie,36091940,6
Archana,10699255,21
Gupta,10699255,7
Dutt,10699255,14
Anand,10699255,1
Tancredo,24511725,3
Apolinar,24511725,1
Fatima,490101,23
Blush,490101,17
Small-Fawcett,490101,11
Nicole,490101,5
Largo,490101,6
Petachi,490101,10
Bond,490101,11
Leiter,490101,22
Domino,490101,18
Tony,16641164,17
Linda,16641164,3
Natasha,16641164,10
Gina,16641164,1
Robin,16641164,21
Jai,16641164,6
Bob,16641164,9
Brown,16641164,15
Jamaal,16641164,17
Brando,2899225,19
Ayers,2899225,14
Ayres,2899225,15
Dugan,2899225,21
Noonan,17008751,4
Putnam,17008751,24
Amelia,17008751,6
Vidal,17008751,17
Lindbergh,17008751,12
Earhart,17008751,23
Sylvester,25814579,3
Tetzel,10185281,4
Charles,10185281,6
Elector,10185281,12
Wiggin,10185281,11
Albert,10185281,24
Aleander,10185281,14
Luther,10185281,6
Hus,10185281,22
Eck,10185281,4
Erasmus,10185281,19
Melanchthon,10185281,12
Bora,10185281,8
Karlstadt,10185281,6
God,10185281,14
Spalatin,10185281,0
Frederick,10185281,20
Laura,4445572,16
Khalil,4445572,24
Junior,4445572,6
Asparagus,4445572,3
God,4445572,17
Jonah,4445572,3
Carrot,4445572,22
Angus,4445572,2
Bob,4445572,6
Twistomer,4445572,3
Mechannon,12265808,22
Yellow,12265808,24
Miranda,12265808,15
Lo,12265808,17
Goto,12265808,12
Rio,12265808,3
Jyan,12265808,3
Yang,12265808,17
Fu,12265808,16
Shlomo,7115730,13
Fool,4110795,3
Fay,4110795,11
Grim,4110795,4
Paragua,10095235,21
Isabelle,10095235,6
Diogo,10095235,21
Moema,10095235,23
Johann,2331662,4
Alexei,2331662,10
Tarantino,2331662,4
Josh,2331662,3
Kana,2331662,4
Svetlana,2331662,19
Paxton,2331662,3
Roth,2331662,24
Yuki,2331662,12
Burton,24414639,15
Dorothy,24414639,17
Kenneth,24414639,1
Archer,28694354,1
Brett,28694354,13
McClain,28694354,2
Mike,28694354,18
Wallach,28694354,1
Schoendoerffer,31401093,1
Donev,26220146,2
Baltiev,26220146,19
Clark,9558041,16
Davis,9558041,3
Long,13135874,2
Martin,13135874,15
Son,13135874,3
Taulbee,13135874,20
Marlow,4693134,4
Schomberg,4693134,1
Cornelius,4693134,20
Jim,4693134,23
Waris,4693134,4
Stein,4693134,6
Brown,4693134,4
Arthur,2554585,13
Matassala,2554585,12
Darkos,2554585,23
Selenia,2554585,21
Minimoys,2554585,6
Seides,2554585,10
Miro,2554585,2
Archibald,2554585,6
Maltazard,2554585,5
Matassalai,2554585,4
Davido,2554585,10
Nena,2554585,23
Lakshmi,10641008,8
Lockeridge,14384703,19
Hull,14384703,0
Slater,14384703,7
Ellerbe,14384703,1
Duncan,14384703,15
Alicia,14384703,16
Shergill,21878601,15
Shirodkar,21878601,9
Khan,21878601,16
Bedi,21878601,9
Chopra,21878601,11
Bhatt,21878601,15
Donald,286891,3
Duey,286891,3
Hazel,286891,23
Huey,286891,3
Louie,286891,3
Norton,26069230,8
Foster,26069230,24
Casey,26069230,22
Holmes,3072383,17
Tracy,3072383,1
Jaw,3072383,24
Scott,3072383,13
Rubberhead,3072383,24
Richard,164365,6
Kimberly,164365,13
Foster-Sullivan,164365,23
Royce,164365,6
Wells,164365,3
ask,164365,7
Adams,164365,7
Godell,164365,3
Spindler,164365,16
Hector,164365,17
DeYoung,164365,20
Saroyan,3894257,7
Bentley,3894257,7
Mar,3894257,3
Caudwell,3747264,14
O'Dare,3747264,12
Mabel,3747264,2
Cain,3747264,5
Reilly,3747264,6
Adrienne,18480168,6
Delphine,18480168,12
Marie,18480168,6
Simon,18480168,4
Julien,18480168,16
Xilin,33460500,4
Jin,33460500,4
Twitchell,8623704,22
Taylor,2294047,9
Habib,2294047,13
Donna,2294047,24
Slyman,2294047,7
Chong,2294047,3
Liliana,15922861,21
Carlos,15922861,9
Robles,15922861,7
Fernando,15922861,18
Pedro,15922861,4
Zacar,15922861,7
Boris,8093491,8
Moe,8093491,23
Larry,8093491,17
Emin,9980173,23
Latif,9980173,14
Peabody,434089,0
Pompey,434089,4
Ericson,434089,22
Valance,434089,4
Appleyard,434089,15
Hallie,434089,3
Doniphon,434089,3
Stoddard,434089,16
Nora,434089,2
Paula,24875034,2
Georgina,24875034,12
Joe,24875034,16
Sally,24875034,21
Olivia,24875034,4
Karl,24875034,4
Rita,664006,17
Haines,664006,20
Moe,664006,6
Greenhill,664006,6
Phil,664006,2
Lang,664006,1
Bose,9668048,11
Mirja,5348407,3
Koistinen,5348407,3
Aila,5348407,3
Lindholm,5348407,17
Holmes,14010407,6
White,14010407,19
Stratton,14010407,11
Kelly,14010407,23
Julie,14010407,6
McKinley,14010407,17
Faroni,14010407,17
Clary,14010407,11
Middleton,14010407,0
Clarke,5960713,1
Pischkin,33270548,14
Ralph,33270548,6
Stadler,33270548,21
Arnold,33270548,20
Hillenburg,23544493,23
James,23544493,11
Shakthi,23690065,13
Lee,23690065,3
Dragon,23690065,11
Aaron,5150326,15
Zipporah,5150326,8
God,5150326,21
Menerith,5150326,15
Bithia,5150326,13
Amram,5150326,18
Carmela,11965902,21
Garrido,11965902,14
Fonseca,11965902,0
Carvalho,11965902,14
Santos,11965902,8
Julv,11965902,24
Leverder,11965902,20
Williams,171588,19
Ray,171588,3
Victor,171588,8
Blanche,171588,23
Torrio,171588,17
Hattie,171588,5
Reinhardt,171588,8
Cooper,19437772,9
Yash,19437772,6
Nandita,19437772,3
Singh,19437772,18
Prithvi,19437772,3
Tyler,10993005,22
God,10993005,13
Clark,10993005,6
Joe,10993005,1
Jeff,10993005,15
Pettis,10993005,8
Willie,10993005,8
Marty,10993005,6
Zach,10993005,6
Mattie,10993005,21
Belinda,10993005,6
Missie,10993005,6
Jacob,10993005,13
Davis,10993005,17
Helsing,24870348,24
Linwood,24870348,23
Howey,24870348,12
Kay,24870348,20
Stan,24870348,3
Cash,24870348,15
Schlockbuster,24870348,12
Myers,24870348,14
Teddy,24870348,21
Krueger,24870348,2
Nadine,24870348,21
Voorhees,24870348,9
Chucky,24870348,9
Boy,24870348,10
Mia,24870348,12
Jean-Claude,15593618,9
Stuart,15593618,11
Sam,15593618,6
Sheerah,15593618,21
Peter,15593618,17
Marko,15593618,2
Mills,15593618,16
Kim,15593618,13
Amanda,15593618,4
Saint-Clair,15593618,10
Lenore,15593618,6
Bryan,15593618,6
Bochkin,27863907,15
Lebedev,27863907,12
Guy,11759979,21
Gabaldon,11759979,16
Uni,11759979,8
Otelo,2669177,9
Maria,2669177,5
Ashima,12182241,2
Nicholas,1267713,3
Tuttle,1267713,13
Victor,1267713,23
Charles,1267713,21
Lydia,1267713,10
Stewart,1267713,19
Bentley,1267713,21
Mills,1267713,3
Grace,1267713,3
Anne,1267713,3
Johny,14790667,6
Johnny,14790667,6
Mark,14790667,8
McFarley,14790667,3
Melissa,14790667,6
Thorpe,14790667,12
Brenda,14790667,17
Cammie,14790667,3
Brian,14790667,24
Rosemont,14790667,8
Grant,15836095,19
Hadley,15836095,5
Lariesier,15836095,5
Barrows,15836095,3
Sha,15836095,11
Wu,15836095,8
Sokim,15836095,1
Chow,15836095,13
Anslinger,15836095,5
Ann,15836095,17
Forbes,9231313,10
Pureheart,6499171,7
Purehart,6499171,12
Harry,6499171,3
Bloodnok,6499171,22
Jones,6499171,22
Crab,6499171,7
Warwell,6499171,22
Lowe,27437950,21
Stevenson,27437950,0
Julia,27437950,10
Deva,16558535,3
Kaveri,16558535,20
Dilli,16558535,19
Chitti,16558535,3
Parthiban,16558535,3
Kamalesh,16558535,4
Yamuna,16558535,3
Dass,16558535,0
Weber,8821816,2
Timmy,8821816,22
Dickens,8821816,12
Charlie,8821816,13
Annabelle,8821816,3
Belladonna,8821816,16
Sullivan,1631192,9
Randall,1631192,22
Billy,1631192,4
Jabrowski,9400454,14
Claire,9400454,15
Benedict,9400454,13
Mallet,24085945,19
Colbert,24085945,9
Helene,24085945,6
Sparrow,24085945,16
Hogg,24085945,4
Marzonne,249838,17
Caesar,249838,17
Violet,249838,3
Mickey,249838,6
Corky,249838,6
Gino,249838,6
Johnnie,249838,6
Shelly,249838,17
Ankhi,20120174,2
Roy,20120174,6
Rahul,20120174,21
Reshmi,20120174,6
Kancha,20120174,3
Ghosh,20120174,6
Mirisha,28131248,1
Legend,28131248,14
Jack,16368684,13
Krasnevin,12313925,18
Farrow,12313925,11
Ram,508458,22
Devi,508458,7
Gujjar,508458,15
Mallah,508458,0
Puttilal,508458,0
Singh,508458,14
Mustakim,508458,17
Mastana,508458,23
Wynn,1397876,6
Priest,1397876,22
Jessica,1397876,17
Malebolgia,1397876,6
Terry,1397876,21
Cogliostro,1397876,21
Wanda,1397876,9
Simmons,1397876,17
Akash,32338078,14
Reena,32338078,8
Sloan,6398892,17
Welden,6398892,17
Ruth,6398892,8
Templar,6398892,6
Farnack,6398892,11
Egan,6398892,24
Fernack,6398892,21
Weldon,6398892,4
Summers,6398892,5
Gates,6398892,13
Guilfoyle,6398892,24
Sun-jung,3862395,18
Kane,28133370,12
Betty,28133370,14
Boop,28133370,13
Danny,15630167,21
Shikha,2804212,14
Monty,2804212,2
Ranjeet,2804212,3
K.,2804212,16
Akash,2804212,13
Shivani,2804212,14
K,2804212,15
Neha,2804212,23
Shruti,2804212,21
Washington,24410494,0
Cornwallis,24410494,20
Holden,24410494,13
Montague,24410494,17
Nancy,24410494,24
Butler,24410494,14
Marion,34954248,24
Adama,34954248,24
Brecht,686033,9
Houseman,686033,21
Stanton,686033,10
Rockefeller,686033,2
Blitzstein,686033,18
Robbins,686033,17
Rivera,686033,13
Ranjini,2819679,23
Bhairavi,2819679,19
Prasanna,2819679,16
Martin,18097901,17
Maillot,18097901,1
Monique,18097901,14
Yvonne,18097901,1
Phillipe,18097901,6
Rhodes,18097901,20
Pelerin,18097901,3
Jennie,1478417,8
Eben,1478417,24
Spinney,1478417,18
Adams,1478417,0
Appleton,1478417,10
Flippy,20401025,10
Wog,20401025,13
Catheter,20401025,13
Hayes,20401025,8
Darwin,20401025,12
Jesus,20401025,8
Bonobo,20401025,10
Mary,20401025,4
Grizzard,20401025,19
Allen,28177876,24
Jennifer,28177876,23
Simon,23352330,19
Tonya,23352330,23
Paul,5785156,3
Maggie,5785156,7
Clark,5785156,1
Russell,5785156,5
Gangopadhyay,2679338,9
Aparna,2679338,2
Duli,2679338,4
Hari,2679338,2
Asim,2679338,21
Sanjoy,2679338,23
Shekhar,2679338,6
Katrien,23239530,13
Kretschmann,23239530,18
Mitra,23239530,12
Cormack,23239530,8
Edgerton,23239530,21
Falken,34130,21
Joshua,34130,3
Wood,34130,11
McKittrick,34130,11
Mack,34130,24
Lightman,34130,24
Finn,14586918,17
Joe,14586918,17
Thatcher,14586918,17
Potter,14586918,24
Catherick,15341941,23
Laura,15341941,3
Marian,15341941,3
Hartright,15341941,20
Percival,15341941,3
Fairlie,15341941,17
Gilmore,15341941,6
Fosco,15341941,17
Glyde,15341941,3
Baxter,15341941,11
Margaret,15341941,11
Sawant,27193249,21
Sayyed,27193249,12
Abeer,27193249,23
Kashinath,27193249,13
Rukmini,27193249,12
Kent,27989945,3
Horvath,27989945,22
Heydon,27989945,6
Martin,27989945,17
Cristina,27989945,3
Gibson,27989945,13
Brown,27989945,20
Washburn,27989945,6
Rafe,27989945,3
Todd,6895434,9
Jessica,6895434,13
Sally,6895434,3
Joey,6895434,4
Davis,6895434,10
Amy,28946576,13
Pritcham,28946576,15
Parker,28946576,23
Prentiss,28946576,19
Vallian,11028635,13
Kincaid,11028635,13
Daugherty,11028635,14
Shepherd,11028635,6
Jacques,11028635,17
Kai,11028635,17
Natalie,11028635,17
Shepard,11028635,6
Brianna,11028635,6
Melanie,11028635,16
Jones,19400316,7
Wilson,19400316,7
Bence,8367437,9
Lagar,8367437,18
Nina,4108752,1
Martin,4108752,12
Peterson,4108752,24
Taggart,4108752,4
Abida,31416813,23
Pellissery,31416813,10
Sameer,31416813,23
Mukundan,31416813,6
Janardhanan,31416813,6
Sadiq,31416813,13
Mammootty,31416813,11
Shahjahan,31416813,1
Grant,14144161,19
Eldred,14144161,0
Baron,14144161,23
Mahoney,14144161,19
Clark,10585604,20
Berkowitz,4871852,12
Lance,4871852,0
Sonny,4871852,15
Roxanne,921865,21
Wolfe,921865,22
Rocke,921865,5
Thorne,921865,12
Allsworth,921865,11
Hall,921865,20
Susan,921865,21
Meyer,921865,11
Petronella,921865,6
Rowland,921865,9
Casey,921865,17
Ebert,921865,10
Lake,921865,1
Ives,921865,22
Lance,921865,0
Harris,921865,17
Napier,921865,12
Nations,921865,18
Black,921865,5
Danforth,921865,9
Gardner,26883454,6
Sibley,26883454,18
Vega,23371007,24
Harper,2880425,21
Robin,2880425,9
Stewart,2880425,9
Lance,2880425,16
Ramesh,32633647,1
Usman,32633647,22
Rasvanti,32633647,16
Jyothi,32633647,1
Jagat,32633647,12
Preeti,32633647,17
Prakash,32633647,21
Foley,401610,20
Virgil,401610,13
Frieda,401610,10
Wade,401610,21
Baron,22253674,1
Emanuelle,22253674,21
Monika,22253674,14
Nina,3759313,4
Kyle,3759313,23
Engel,3759313,17
Sarah,3759313,3
Welch,3759313,14
Salazar,3759313,17
Logan,3759313,13
Crain,3759313,3
Rhodes,3759313,4
Trevor,3759313,23
Pankaj,12867966,24
Ritu,12867966,2
Sameer,12867966,24
Martand,12867966,24
Gautam,12867966,24
Samor,12517509,23
Tew,12517509,22
Piak,12517509,23
Siripatyai,12517509,8
Kittichanthira,12517509,18
Pao,12517509,3
Borgia,9264808,11
Yamcha,3966243,17
Roshi,3966243,4
Puar,3966243,19
Penny,3966243,5
Bongo,3966243,17
Goku,3966243,6
Pilaf,3966243,18
Gurmes,3966243,17
Gurumes,3966243,4
Keene,14109092,4
Worthington,14109092,12
Chapman,3044685,18
Madeleine,3044685,6
Alfred,3044685,15
Louis,3044685,6
Lodocq,3044685,6
Maubert,3044685,3
Saincaise,3044685,22
Rajasekhar,25304427,11
Gangulu,25304427,24
Padma,25304427,24
Marishka,548259,4
Aleera,548259,4
Van,548259,4
Valerious,548259,19
Gabriel,548259,17
Carl,548259,17
Anna,548259,4
Velkan,548259,4
Dracula,548259,4
Frankenstein,548259,17
O'Connor,548259,4
Vic,183575,1
Querelle,183575,6
Seblon,183575,13
Gil,183575,4
Theo,183575,22
Roger,183575,7
Robert,183575,9
Nono,183575,13
Vengeur,183575,0
Davis,183575,15
Gobber,29205628,6
Boneknapper,29205628,23
Hiccup,29205628,5
Trinh,29786332,11
Dallas,32793256,10
Bachok,24944411,23
Raja,24944411,9
Awang,24944411,23
Dayang,24944411,21
Bugis,24944411,14
Rita,142327,12
Connors,142327,3
Henry,21737016,17
Pike,21737016,23
Thivart,2728874,18
Michel,2728874,14
Francis,2728874,5
Bergeade,2728874,6
Joe,28253644,7
Harry,28253644,21
Jennie,28253644,23
Sikes,28253644,11
Guarini,30891735,10
Leroux,30891735,13
Livia,30891735,20
Raoul,30891735,2
Vere,27250998,1
Marlowe,27250998,23
Wriothesley,27250998,9
Cecil,27250998,17
Elizabeth,27250998,5
V,27250998,9
Shakespeare,27250998,0
Jacobi,27250998,21
James,27250998,21
Jonson,27250998,17
Earl,27250998,8
Venus,27250998,5
III,27250998,7
Clay,10825132,24
Walter,10825132,4
Jones,10825132,6
Ybarra,10825132,11
Steele,10825132,13
David,10825132,23
Collins,10825132,19
Clark,10825132,6
Christine,10825132,6
Dexter,10825132,19
Briegleb,10825132,6
Mix,10825132,9
Davis,10825132,18
Northcott,10825132,24
Djenna,12988101,23
Nolff,12988101,13
Lia,12988101,22
Guenn-la-Taupe,12988101,24
Arthur,23270459,6
Yusuf,23270459,6
Mal,23270459,3
Saito,23270459,1
Fischer,23270459,6
Browning,23270459,19
Eames,23270459,14
Cobb,23270459,6
Zhaozhong,10932167,24
Emperor,10932167,7
Jialuo,10932167,18
Kitty,2683330,4
Carroll,2683330,22
Growley,2683330,7
Russell,2683330,1
Gibbs,2683330,12
Cole,2683330,14
Boza,4633307,7
Dan,4633307,24
Charlyne,22397441,21
Cera,22397441,14
Arcadia,21254166,16
Calacanis,21254166,14
Wilson,21254166,8
Bush,21254166,8
DeWolfe,21254166,20
Timoner,21254166,13
Harris,21254166,10
Raman,16537906,15
Narasimha,16537906,13
Meret,3340222,8
Theodor,3340222,18
Herlof,3340222,21
Pedersson,3340222,3
Laurentius,3340222,12
Martin,3340222,6
Marte,3340222,3
Anne,3340222,6
Absalon,3340222,3
Tai,23321343,10
Kwok,23321343,22
Ling,23321343,17
Bradley,11453110,23
Ogthar,11453110,10
Beaumont,6098817,1
Oliver,6098817,14
Stanley,6098817,16
Toots,4691511,10
Joe,4691511,5
Carraclough,4691511,21
Tau,6421844,15
Leppe,6421844,15
Jill,6421844,17
Patrick,6421844,11
Pat,6421844,18
Paisley,6421844,6
Bobbi,6421844,11
Mary,6421844,17
Ulysses,1072763,2
Peters,1072763,14
Jeff,1072763,22
Stone,1072763,3
Daniel,33403400,21
Tricia,33403400,17
Callie,33403400,0
Claudia,16002873,6
Contini,16002873,4
Lilli,16002873,3
Berg,16002873,15
Dante,16002873,13
Saraghina,16002873,6
Luisa,16002873,3
Stephanie,16002873,6
Carla,16002873,6
Guido,16002873,3
Neuvillette,1800351,24
Cyrano,1800351,6
Roxane,1800351,13
Christian,1800351,6
Anthac,32823913,5
Antoine,32823913,12
Goga,13082491,7
Narayan,13082491,15
Gogeshwar,13082491,8
Linstrom,217824,15
Balser,217824,6
Jonathan,217824,17
Prager,217824,22
Fant,9764248,23
Fandor,9764248,4
Heckles,25351570,10
Hauge,25351570,9
Goddard,25351570,12
Damsel,25351570,10
Marlin,24451306,6
Cousteau,24451306,3
Boffano,2142721,5
Cordell,2142721,10
Oliver,2142721,23
Laird,2142721,15
Juliet,2142721,12
Riggio,2142721,18
Mark,2142721,17
Cuch,2142721,9
Joseph,2142721,15
Eddie,2142721,22
Annie,2142721,3
Harry,11253233,21
Cross,68092,6
Gittes,68092,3
Katherine,68092,4
Mulwray,68092,24
Evelyn,68092,14
Sessions,68092,12
Escobar,68092,24
Mulvihill,68092,18
Appukuttan,611432,9
Menon,611432,3
Rimpoche,611432,19
Sumathi,611432,9
Ashwati,611432,14
Bobby,2158983,23
Peter,2158983,6
Greg,2158983,14
Jones,2158983,8
Schultzy,2158983,7
Anderson,2158983,18
Mike,2158983,6
Dittmeyer,2158983,22
Marcia,2158983,6
Bradys,2158983,16
Carol,2158983,6
Simpson,2158983,21
Cindy,2158983,21
Larry,2158983,16
Noreen,2158983,12
Alice,2158983,2
Meree,19184874,14
Meri,19184874,1
Rodasan,19184874,22
Sam,19307265,23
Wabbit,19307265,10
Sams,19307265,8
Kennedy,1332901,11
Abbey,1332901,13
Kensington,1332901,2
Kramer,1332901,6
Linda,1332901,3
Carter,1332901,3
Caine,1332901,22
Sarah,1332901,23
Sebastian,1332901,3
Frank,1332901,23
Matt,1332901,17
Janice,1332901,2
Chase,1332901,24
Walton,1332901,4
McKay,1332901,9
Memphis,113451,11
Wilkie,113451,16
Grier,113451,9
Davenport,113451,4
Washington,113451,24
Evans,113451,18
Peterson,113451,9
Jenkins,13621335,10
Boyle,13621335,10
Alik,13621335,23
Weiss,23215210,13
Jung,23215210,19
Sanders,23215210,5
Marlene,23215210,19
Pearson,23215210,14
Hamilton,23215210,18
Grandinetti,12242917,15
Rani,7829229,1
Soni,25979945,22
Suren,25979945,10
Gu,7989336,3
Zhao,7989336,6
Wei,7989336,11
Xu,7989336,9
Liang,7989336,3
Aihua,7989336,13
Blake,44218,10
Mat,44218,3
Norton,44218,3
Holt,44218,23
Burley,44218,15
Blackie,44218,4
Massie,44218,10
Mary,44218,3
Mullen,44218,15
Garrett,15394431,15
Quesne,15394431,0
Flegg,15394431,6
Xavier,15394431,12
Rhodes,15394431,12
Morris,15394431,9
Se,33508913,2
Chakraborty,33508913,5
T.,33508913,1
Cullen,673274,5
Moyez,673274,19
Lomax,673274,18
Pam,673274,22
Milton,673274,6
Andreoli,673274,1
Kevin,673274,6
Gettys,673274,5
Barbara,673274,11
Ann,673274,4
Melissa,673274,12
Barzoon,673274,6
Weaver,673274,6
Alice,673274,2
Ann,36040597,9
Travis,36040597,21
Baldwin,36040597,21
Jolene,36040597,19
Jack,12118683,21
Bridget,12118683,4
Ben,12118683,1
Martha,12118683,6
Rivers,28010642,8
Kanye,24751323,3
Bentley,24751323,14
Andrews,34600874,22
Temple,34600874,4
Kitty,14797743,16
Sowmya,14797743,13
Ganesh,14797743,21
Connie,847589,23
Polley,847589,11
Sloane,847589,21
Fitzpatrick,847589,20
Janie,16977494,2
Jason,16977494,21
Francy,25495146,4
Jackson,25495146,0
Thomas,25495146,1
Ruthie,25495146,9
Lorne,25495146,15
Thomson,25495146,0
Booky,25495146,17
Devlin,13273342,6
Portia,5685826,16
Julian,5685826,22
Pozzi,5685826,21
Jim,5685826,8
Garth,165379,7
Baldwin,165379,19
Glover,165379,2
Ruth,10507180,2
Imogene,22933438,6
O'Neill,22933438,20
Crowe,22933438,23
Stark,22933438,4
Chetwyn,22933438,22
ChandraShekar,19853432,17
Karuppan,19853432,17
Aruna,19853432,3
Raaja,19853432,3
Mani,19853432,16
Shanthi,19853432,7
Janakaraj,19853432,16
Sudhakar,19853432,3
Shekar,19853432,15
Adassinsky,30624551,14
Faust,30624551,3
Margarete,30624551,19
Mauricius,30624551,16
Gretchen,30624551,3
Abrams,2662367,17
Sykes,2662367,12
Toni,2662367,5
Anthony,2662367,11
Brandon,2662367,4
Lang,2662367,3
Ana,5838045,6
Hellboy,5838045,17
Sherman,5838045,24
Leach,5838045,0
Liz,5838045,17
Trumbolt,5838045,6
Manning,5838045,4
Erzebet,5838045,21
Erzabet,5838045,13
Lupescu,5838045,6
Marie,5838045,22
Bruttenholm,5838045,17
Tianchun,2048766,3
Fox,2048766,6
Orchid,2048766,23
Hung,2048766,17
Fei-hung,2048766,17
Yang,2048766,3
Kei-ying,2048766,17
let,9524972,22
Loli,9524972,3
Laurent,9524972,21
Antoine,9524972,12
Marijo,9524972,21
Sophia,18875447,23
Seth,18875447,3
Musset,8682800,24
Sand,8682800,6
Jackson,1191435,3
Shinyuki,1191435,16
Williams,1191435,17
Armstrong,1191435,14
Patricia,1191435,17
Ortega,1191435,6
James,1191435,24
Hickock,1191435,17
Walowitz,1191435,13
Joe,1191435,3
Madison,1191435,3
Norton,1191435,0
Rinaldo,1191435,21
Verma,21159898,0
Bajaj,21159898,11
Nisha,21159898,11
Sara,21159898,20
Krystal,27925323,24
Johnstone,1197756,16
Mitchem,1197756,19
Camille,22528658,23
Palmer,22528658,21
Ziyad,3898628,6
Maryam,3898628,23
Grant,6446071,4
Bey,6446071,4
Krilencu,6446071,11
Kronsteen,6446071,6
Bond,6446071,19
Morzeny,6446071,23
Klebb,6446071,16
Romanova,6446071,17
Nash,6446071,11
Taz,3731073,3
Diana,26081596,2
Sarafian,26081596,7
Philip,26081596,6
Tweedy,284525,3
Nick,284525,6
Fetcher,284525,6
Tweedys,284525,11
Ginger,284525,3
Edwina,284525,23
Fowler,284525,6
Tony,4024830,19
Vypin,4024830,17
Kottapuram,4024830,24
Hari,4024830,18
John,4024830,2
Jones,10004330,9
Riley,10004330,17
Gilfillan,10004330,16
Anderson,10004330,3
Dickerman,10004330,17
Conroy,10004330,22
Johnson,10004330,17
Willie,10004330,17
Henry,28492310,1
Lucy,28492310,9
Mendelsohn,28492310,24
Roy,28492310,4
Zac,28492310,2
Nick,28492310,23
Tutte,28492310,9
Julie,28492310,1
Doug,28492310,1
Riley,28492310,18
Lena,32272408,16
Marina,28211042,13
Spyros,28211042,7
Bella,28211042,3
Attenborough,28211042,9
Ana,2198135,3
Miller,2198135,9
Beria,4613077,11
Sanchin,4613077,11
Kumar,19353900,0
Pooja,19353900,6
Amal,19353900,6
Jayaram,19353900,13
Agarwal,19353900,19
Suresh,19353900,3
Jayarams,19353900,4
Sapna,19353900,17
Vivek,19353900,3
G.K.,19353900,3
Francis,31357666,24
Michael,31357666,3
Amelia,31357666,3
Harry,22100242,6
Pettibone,22100242,20
Jimmy,22100242,3
Max,22100242,16
Hannah,22100242,3
Louie,27652105,3
Gacy,20836034,9
Kozenczak,20836034,14
Gant,20836034,20
Konzenczak,20836034,4
Bala,5030108,6
Deva,5030108,6
Chandru,5030108,6
Rakesh,5030108,3
Rizzo,162386,24
Johnny,162386,20
B,162386,17
Brett,162386,20
Weir,162386,6
Kamal,162386,20
Darla,19680784,5
Krishna,11749807,23
Sharma,11749807,14
Khatri,11749807,10
Shalini,11749807,13
Samanta,11749807,1
Rafi,11749807,12
Mangeshkar,11749807,21
Ramwala,11749807,17
Subbarao,11749807,0
Kapoor,11749807,11
Sujit,11749807,3
Patang,11749807,4
Helen,11749807,8
Parekh,11749807,24
Kahin,11749807,16
Indulkar,11749807,18
Gupte,11749807,21
Max,11749807,17
Rabadi,11749807,24
Bhardwaj,11749807,0
Singh,11749807,7
Wadkar,11749807,9
Bihari,11749807,0
Bhosle,11749807,15
Moolchand,11749807,15
Jaipuri,11749807,14
Shinde,11749807,18
Sajjan,11749807,24
Choti,11749807,10
Saxena,11749807,0
Benjamin,11749807,13
D'Souza,11749807,13
Chakraborty,11749807,5
Pereira,11749807,24
Rao,11749807,22
Rathod,11749807,6
Tiwari,11749807,20
Dey,11749807,7
Chowdhary,11749807,13
Birbal,11749807,20
Shyam,11749807,20
Jenny,11749807,19
Tripathi,11749807,6
Kennedy,7987074,7
Jeckyl,7987074,22
Bopper,7987074,0
Greene,22947141,20
Oliver,10868409,18
Jane,9001894,13
Wong,9001894,20
Ho,9001894,3
Man,9001894,17
Wolfe,9001894,17
Hayashi,9001894,4
Mimi,9001894,6
Lulu,9001894,3
Chung,9001894,12
Slipp,2555226,10
MacDonald,2555226,16
Larry,2555226,13
Aema,23386403,8
Noh,23386403,5
Khan,7566281,4
Anjali,7566281,2
Kandasamy,7566281,20
Vallarasu,7566281,21
Salinger,24228585,6
McClary,24228585,6
Cooper,24228585,6
Dolan,24228585,23
Wilcox,24228585,15
Walker,24228585,13
Rajeev,18997171,15
Rasheed,18997171,10
Saira,18997171,6
Madan,18997171,17
Bustle,14555557,9
Shaam,14555557,13
Michael,7444251,14
Ari,7444251,8
Mia,7444251,6
Alice,7444251,6
Danni,7444251,9
Pichegru,196923,13
Violine,196923,3
Couthon,196923,15
Marcellin,196923,6
Napoleon,196923,3
Lisle,196923,0
Dugommier,196923,13
Viala,196923,11
Carteaux,196923,2
Talma,196923,12
Lucien,196923,15
Borgo,196923,22
Aubry,196923,20
Nelson,196923,8
lisa,196923,23
Helena,196923,7
Corday,196923,17
Saliceti,196923,24
Milelli,196923,17
Danton,196923,18
Saint-Just,196923,17
Buonaparte,196923,14
Paoli,196923,14
Fran,196923,12
Lenormand,196923,21
Desmoulins,196923,2
Junot,196923,17
Bussi,196923,5
Hoche,196923,20
Barras,196923,15
Murat,196923,6
Tallien,196923,5
Robespierre,196923,6
Bonnet,196923,5
Beauharnais,196923,9
Hood,196923,11
Fleuri,196923,12
phine,196923,17
Nica,33623750,6
Alex,33623750,14
Wilde,3441475,0
Powell,3441475,2
Deparma,3441475,18
Brandon,3441475,10
Brewster,3441475,20
Richard,32987279,9
DIEMEN,32987279,12
Dawes,32987279,7
Frere,32987279,23
Vickers,32987279,9
Dick,32987279,9
Mahler,21432813,7
Allison,21432813,1
Herdeg,21432813,24
Mailer,21432813,9
Calhoun,33370610,14
Mookie,33370610,3
Ramsey,2202963,11
Cutter,2202963,3
Rane,2202963,4
Slayton,2202963,3
Delvecchio,2202963,10
Marti,2202963,24
Downs,23219350,9
Katz,23219350,18
B,23219350,9
Savithri,34759753,8
Akka,34759753,6
Rajasree,34759753,3
Narayanan,34759753,21
Venu,34759753,21
Deepak,34759753,7
Nina,2885391,21
Harun,2885391,20
Flynn,2885391,19
Emira,2885391,2
Zeljko,2885391,10
Risto,2885391,17
Henderson,2885391,21
Garvin,5463918,9
Stan,5463918,3
Lowery,27679393,24
Halliday,27679393,18
Pilger,27679393,11
Hussein,27679393,12
Dayne,16023743,2
Lee,16023743,23
Violet,16023743,23
Saunders,16023743,6
Mar,16023743,12
Geoff,1903318,6
Bonnie,1903318,6
Bat,1903318,21
Carter,1903318,6
Mitchell,1903318,15
Lee,1903318,21
MacPherson,1903318,21
Dabb,1903318,20
Judy,1903318,2
Reiter,1903318,9
Fawkes,27757283,10
Angel,27757283,17
Vine,27757283,11
Moonlight,27757283,15
Valo,3260822,3
Heather,3260822,10
Hellboy,3260822,17
Raab,3260822,13
Ryan,3260822,6
Falcone,3260822,6
Inge,14474699,14
Wagner,14474699,19
Koch,14474699,15
Winkler,14474699,12
Herbert,14474699,17
Helmut,14474699,4
Fogg,16668629,21
Auoda,16668629,10
Mr.,16668629,7
Farley,17354788,4
Page,17354788,4
Blackbird,15257713,3
Carmen,15257713,3
Richie,15257713,3
Nix,15257713,19
Donna,15257713,2
Wayne,15257713,3
Colson,15257713,18
Jud,6878966,3
Lucy,6878966,4
Doucet,6878966,9
Matt,6878966,23
Rutledge,6878966,2
Cleve,6878966,8
Jackson,92642,5
Sam,92642,9
Muller,92642,1
Cullen,92642,3
Billy,92642,10
Joker,92642,3
Zeiram,1590113,23
Tippedai,1590113,20
Fujikuro,1590113,10
Bob,1590113,14
Keng,6021748,16
Laraby,10440670,12
Davenport,10440670,22
Archenault,10440670,23
Hagen,10440670,15
Jasperson,10440670,12
Annie,10440670,17
Toby,9362221,11
Charley,9362221,23
Charlotte,10385636,19
Bartlett,10385636,12
Honeychurch,10385636,14
Michael,10385636,17
Vyse,10385636,9
Spall,10385636,17
Lavish,10385636,20
Finn,7514868,15
Rianne,235418,4
Sam,235418,2
Murtaugh,235418,3
Joshua,235418,17
McAllister,235418,24
Dixie,235418,23
Amanda,235418,23
Riggs,235418,6
Atkins,235418,17
Charlie,2622639,3
Shephard,2622639,13
Singe,2622639,13
Maynard,2622639,7
Porky,19482489,3
Lucas,26684475,9
Johnny,26684475,15
Cruz,26684475,6
Frommermann,22280291,16
Arjun,32368036,22
Dibakar,32368036,17
Sarkar,32368036,22
Singha,32368036,1
Spurlock,31306133,23
Naughton,31306133,3
Timothy,558970,2
Brisby,558970,3
Jeremy,558970,6
Billy,558970,23
Ages,558970,3
Jonathan,558970,17
Sullivan,558970,15
Jenner,558970,10
Fitzgibbons,558970,12
Nicodemus,558970,17
bush,558970,14
Shrew,558970,13
Bislane,4408863,13
Muller,4408863,22
Nakata,4408863,13
Karas,4408863,3
Barth,4408863,14
Tastuiev,4408863,21
Avalon,4408863,23
Farfella,4408863,8
Shane,22129265,1
Williams,15697462,23
Comarcho,15697462,22
Bruno,11858827,22
Burton,11858827,14
Greene,11858827,7
Harri,2116383,10
Dobbs,2116383,3
Smythe,2116383,0
Newton,2116383,18
Dubois,2116383,6
Maxie,2116383,0
Nazeen,13139418,3
Salim,13139418,3
Tehzeeb,13139418,6
Anwar,13139418,17
Rukhsana,13139418,2
Karan,9678739,23
Paati,9678739,13
karan,9678739,17
Sanghavi,9678739,3
Vijay,9678739,21
Tice,34210518,4
Halstead,34210518,15
Dubois,34210518,4
Zaytsev,8884873,23
Jane,193845,14
Bonnie,193845,21
Earl,193845,10
Luther,193845,13
Puri,33459318,0
Prashanth,33459318,11
Sheriff,733836,17
Peebles,733836,10
Sherrif,733836,6
Time,733836,23
Lana,733836,3
Lee,733836,17
Joe,733836,17
Obobo,733836,17
Carver,733836,17
Bates,733836,17
Jesse,733836,2
Graham,733836,17
Weedle,11524510,24
Bossy,11524510,3
Sandy,11524510,21
Williams,11524510,1
Sweet,11524510,3
George,11524510,0
Coetzee,11524510,16
Shorty,11524510,4
Short,11524510,3
Savage,11524510,2
Dotson,1553207,18
Emily,1553207,23
Payne,1553207,17
Walburn,1553207,7
Tiger,1553207,6
Hickey,1553207,20
Stone,1553207,3
Choi,31256654,2
Min-cheol,31256654,17
Yang-su,31256654,2
Seok-gu,31256654,11
Lee,31256654,10
Cheol-gi,31256654,24
Dong-seok,31256654,0
Yang,31256654,9
Joe,14734879,17
Moe,14734879,17
Larry,14734879,17
Duff,12535736,3
Daniels,12535736,16
Erin,12535736,23
Les,12535736,3
Bo,12535736,6
Unteka,12535736,4
Carrie,14580095,21
Gordon,14580095,3
Mitchell,14580095,17
Smith,14580095,6
Eddie,14580095,16
Lili,4143048,0
Talal,31939715,6
Dawoud,31939715,12
Johnstone,24214688,18
Ethel,24214688,10
Ettinger,24214688,11
Martha,24214688,13
Sandy,1126979,23
Hiromitsu,1126979,6
Edwards,1126979,21
Michael,8001424,14
Killpatient,3980891,13
Fudd,3980891,3
Wabbit,3980891,7
Elmer,3980891,3
Doc,3980891,0
Jones,999394,24
Barbossa,999394,4
Norrington,999394,11
Dalma,999394,6
Sparrow,999394,23
Turner,999394,0
Elizabeth,999394,4
Jack,999394,6
Bootstrap,999394,6
Beckett,999394,15
Swann,999394,1
Will,999394,4
Gibbs,999394,6
Adriana,25456956,1
Cooper,295973,9
Gill,295973,2
Williams,295973,7
Jonathan,295973,6
Goode,295973,4
Commodore,295973,6
Wilding,295973,2
Hwa,25992848,20
Li,25992848,18
Ifan,6389479,3
Emlyn,6389479,21
Hywel,6389479,21
Evans,6389479,8
Gwen,6389479,7
Luke,25248197,23
Virgil,25248197,4
Hal,25248197,13
Pavani,9286119,2
Veeru,9286119,14
Lizi,9286119,22
Leo,7962487,13
Annie,7962487,17
Letterman,3177982,22
Murdoch,3177982,17
Winters,3177982,10
Bartell,3177982,19
Omar,3177982,10
White,10469675,5
Foster,10469675,1
Eigil,6243417,3
Holger,6243417,6
Villumsen,6243417,7
Reverend,6243417,6
Bjarne,6243417,3
Beate,6243417,11
Astrid,6243417,21
Hans,6243417,7
Tina,6243417,3
Svend,6243417,3
Changyu,3564280,9
Di,3564280,19
Carter,19509640,6
Thomas,19509640,6
Harrison,19509640,5
Vale,18599377,9
Ellen,18599377,23
Marion,18599377,23
Groves,18599377,8
Norma,18599377,21
Vinnie,18599377,14
Killinski,5329439,6
Flynn,5329439,13
Roach,5329439,24
Pike,5329439,24
Hayes,5329439,16
Parker,5329439,5
Knight,5329439,3
Becera,5329439,16
McNamara,5329439,6
Ravi,3117056,2
Raja,3117056,21
Mona,3117056,3
Park,734207,22
Woo-jin,734207,4
Magda,35367084,12
Torm,12594236,9
Coolidge,12594236,1
Shannon,63504,18
Schwartz,63504,6
Collins,63504,18
Al,63504,17
Susie,63504,16
Grandi,63504,8
Vargas,63504,17
Quinlan,63504,6
Menzies,63504,6
Talbot,770128,6
Burke,770128,4
Tibor,770128,3
Laszlo,770128,3
Mishka,770128,9
Anne,770128,3
Mikey,770128,6
Mitch,42106,12
Brodie,42106,24
Finlay,42106,16
Samuels,42106,14
Keeley,42106,17
Young,42106,9
Kane,28136271,12
Mcgrew,28136271,20
Muldoon,28136271,8
Bobby,13137113,3
George,13137113,6
Cissy,13137113,3
Brenda,13137113,13
Joe,2385671,6
Veronika,10809839,19
Marie,10809839,21
Alexandre,10809839,3
Gilberte,10809839,14
Grandfather,12099044,2
Peter,12099044,3
Wolf,12099044,24
Greer,23987579,21
Kasahara,1666667,19
Hiroki,1666667,3
Sayuri,1666667,3
Okabe,1666667,6
Matsuura,1666667,9
Takuya,1666667,6
Kana,1666667,11
Shirakawa,1666667,23
Tsukinoe,1666667,17
Fujisawa,1666667,8
Tomizawa,1666667,6
Sawatari,1666667,20
Viertel,1179306,7
Wilson,1179306,15
Huston,1179306,11
Verrill,1179306,10
Richard,4186631,8
Cooper,4186631,3
Ross,4186631,3
Maddy,4186631,2
Brown,4186631,3
Morris,4186631,11
Bahadur,8077187,8
Trehan,8077187,2
Rahul,8077187,17
Mohit,8077187,3
Natasha,8077187,3
Gupta,8077187,13
Manav,8077187,1
Singh,8077187,12
Abhi,8077187,6
Drishti,8077187,3
Botkin,1567200,9
Ilya,1567200,17
Rabineau,1567200,18
Tretiak,1567200,21
Armstrong,1567200,8
Russell,1567200,8
Simon,1567200,3
Emma,1567200,3
Rossi,1567200,11
Vijayasanthi,10640978,14
Babu,10640978,22
Rajnikanth,10640978,14
Poratam,10640978,22
babu,10640978,11
Gopalrao,10640978,1
Bharath,10640978,11
Radhika,10640978,11
Jackson,11347793,14
Lee,11347793,12
Marji,11347793,3
Marx,11347793,5
Khamenei,11347793,14
Reza,11347793,22
Anoush,11347793,16
Markus,11347793,24
God,11347793,22
Schloss,11347793,22
Shah,11347793,23
Miller,26968376,21
Don,19761638,3
Otis,19761638,3
Pryce,19761638,17
Sonny,19761638,3
McKay,19761638,0
Samuel,19761638,3
Marie,19761638,3
Mel,19761638,17
Hays,21970745,10
Simone,21970745,16
Hershey,21970745,0
Hardy,8009481,18
Fernandes,20904642,12
Orlova,18577105,13
Landau,18577105,5
Katya,18577105,3
Blair,18577105,3
Yakov,18577105,6
Dante,18577105,21
Russell,18577105,6
Niki,18577105,3
Ned,18577105,6
Templeton,31270650,11
Kate,31270650,3
Ramsay,31270650,12
Haley,31270650,11
Witherspoon,31270650,12
Lakshmi-Mother,22568371,5
Lakshmi,22568371,2
Raj,22568371,3
Thulasiwho,22568371,14
Fatima,8231713,21
Ibrahim,8231713,19
Musa,8231713,8
Kaafir,8231713,15
Ahmad,8231713,21
Farida,8231713,6
Francis,8231713,19
Vicki,12297130,23
Hedi,12297130,20
Nicki,12297130,23
Toni,12297130,14
Takutanuva,2307930,10
Nui,2307930,5
Takanuva,2307930,1
Takua,2307930,3
Pohatu,2307930,2
Turahk,2307930,16
Makuta,2307930,2
Tahu,2307930,17
Rahkshi,2307930,3
Kopaka,2307930,17
Jaller,2307930,3
Gondry,5281893,14
phanie,5281893,3
Christine,5281893,20
St,5281893,21
Grant,23952807,17
Cobain,23952807,1
Broomfield,23952807,23
Carlson,23952807,11
George,23952807,6
Harrison,23952807,13
Show,23952807,12
Duce,23952807,17
Clarke,23952807,0
Love,23952807,7
Squier,23952807,4
Goldberg,23952807,15
Joel,561226,3
Vicki,561226,21
Lana,561226,3
Barry,561226,3
Brickman,561226,7
Hudock,561226,4
Rutherford,561226,13
Miles,561226,3
Goodson,561226,3
Vicky,561226,18
Guido,561226,23
Jackie,561226,6
Gator,513090,4
Charlie,513090,3
Barkin,513090,9
Anne-Marie,513090,3
Cox,30137970,24
Lwin,30137970,14
Ibiza,30137970,3
Aurel,30137970,11
Ponchia,24567800,2
Rudy,24567800,12
Marco,24567800,6
Teresa,24567800,11
Paolino,24567800,2
Yeong,16419903,6
Gabe,26227694,20
McCullough,1253990,15
Bajie,4950989,10
Wujing,4950989,24
Orton,4950989,13
Adler,2434743,18
McCamus,2434743,17
Rebecca,24583367,21
Bunny,13504095,0
Holloway,13504095,19
Ha,13504095,19
Mickey,13504095,20
Normand,13504095,12
Carey,13504095,22
Golden,13504095,19
Uchida,1942885,11
kai,1942885,15
Kavita,9691493,21
Andhvidyalay,9691493,0
Prasad,9691493,15
Parmar,9691493,3
Suresh,9691493,8
Manju,9691493,16
Dubey,9691493,13
Foley,7087007,2
Miniver,7087007,1
Ney,7087007,7
Garson,7087007,1
Kay,7087007,22
Judy,7087007,4
Story,7087007,1
Hubert,31706716,24
Ric,31706716,4
Girl-Lure,31706716,24
Hooker,31706716,6
Kelly,31706716,3
Olsson,31706716,12
Jong-woo,25210318,12
Ji-soo,25210318,16
Turner,34014813,13
Sasha,8423598,18
Henry,6961461,3
Talbot,6961461,13
Thomas,6961461,7
Howard,6961461,18
Parker,6961461,8
Carey,6961461,4
Percy,6961461,9
Seymour,6961461,17
George,6961461,4
Mary,6961461,21
Jane,6961461,3
Catherine,6961461,5
VIII,6961461,9
Anne,6961461,21
Boleyn,6961461,21
Georgiana,2312056,1
Elizabeth,2312056,3
Mr.,2312056,1
Gardiner,2312056,7
Caroline,2312056,10
Jane,2312056,21
Collins,2312056,7
Darcy,2312056,6
Bingley,2312056,21
Bennet,2312056,6
Pemberley,2312056,22
Anne,2312056,19
Charlotte,2312056,13
Bourgh,2312056,6
Lydia,2312056,20
Wickham,2312056,16
Lucas,2312056,12
Kim,5637628,4
Tair,5637628,3
Por,5637628,8
Panor,5637628,3
Devu,10791908,21
Sarasu,10791908,3
Kamalhaasan,10791908,20
Soma,10791908,22
rie,20535192,7
Niles,1991818,12
Tony,1991818,15
Teena,1991818,24
Ricante,1991818,22
Givens,1991818,10
Candella,1991818,4
Meenakasi,26549967,0
Varma,26549967,21
Kutti,26549967,14
Balagoapl,26549967,23
Mukundan,26549967,19
Sampson,9613521,19
Riley,9613521,14
Arno,9613521,3
Lufkin,9613521,6
Higgins,9613521,3
Schuyler,9613521,16
Forsythe,9613521,16
Dexter,9613521,6
Charlie,9613521,18
Alfred,9613521,15
Dawson,9613521,9
Gopi,8030673,1
Dileep,8030673,14
Menon,8030673,12
Renuka,8030673,21
Biggz,30088768,22
Sam,30088768,3
Dennis,30088768,17
Ron,30088768,18
Jerome,30088768,19
Brewis,30088768,11
Moses,30088768,3
Hi-Hatz,30088768,17
Jack,30088768,9
Miguel,18903759,23
Doe,18903759,11
Tom,12789168,3
Hackenbush,606121,23
Tony,606121,23
Steinberg,606121,22
Morgan,606121,12
Whitmore,606121,6
Jones,606121,24
Standish,606121,7
Stuffy,606121,14
Judy,606121,16
Upjohn,606121,16
Bergerac,22767958,21
Gale,21606793,24
Ana,21606793,2
Riggins,21606793,16
Leigh,16686522,11
Goddard,16686522,21
Marwitz,16686522,12
Tom,32745721,17
Uuno,5164462,3
Tuura,5164462,3
Fred,14873897,9
Rusoe,14873897,6
Alexandra,14873897,6
Rover,14873897,16
Edmund,14873897,13
McKenna,5105411,21
Thorne,5105411,20
Kaikala,8972061,17
Kanya,8972061,7
Satyanarayana,8972061,10
Sagara,8972061,2
Sahasa,8972061,14
Venkatesh,8972061,10
Veerudu,8972061,12
Ganga,8972061,21
Rona,5396711,12
Pease,5396711,1
Nathaniel,5396711,1
Hayes,5396711,4
Jones,5396711,5
Nate,5396711,9
Williamsen,5396711,5
Sophie,5396711,12
Keith,31510744,6
Beth,31510744,3
Clayton,31510744,6
Logan,31510744,3
Drake,31510744,6
Ben,31510744,6
Ellie,31510744,20
Madhavi,12199089,6
Narayana,12199089,6
Malathi,12199089,21
Teja,12199089,14
Manohar,12199089,3
Bhavani,2891090,17
Nandu,2891090,17
Doree,32977452,8
Manton,32977452,5
Quayle,32977452,19
Peter,32977452,19
Barry,32977452,21
Lola,32977452,3
James,32977452,9
Phido,30872649,22
Gilchrist,30872649,17
Williams,30872649,7
Yumyum,30872649,12
Prince,30872649,21
Yum,30872649,1
Revill,30872649,18
Beem,30872649,23
Calvert,30872649,8
Yum-Yum,30872649,3
Kira,348292,4
Chamberlain,348292,21
Jen,348292,3
Skeksis,348292,1
Aughra,348292,4
Garthim,348292,24
Jian,24343349,8
Suzuki,35424267,4
Apache,35424267,3
Nell,9226340,3
Albino,9226340,17
McLaughlin,9226340,15
Ken,9226340,6
Kate,5144617,21
Charlie,5144617,3
Stark,5144617,18
Gramps,5144617,21
Jesse,5144617,21
Mark,21080572,2
Connolly,21080572,1
Lucas,21080572,10
Lundberg,9873387,15
Carnby,9873387,18
Dexter,9873387,24
Jackson,2208130,4
Miller,2208130,6
Fleetwood,2208130,19
Traver,2208130,6
Evvie,2208130,3
Evalyn,2208130,10
Simpson,35887731,5
Gerald,35887731,4
Maggie,35887731,3
Marge,35887731,3
Aldo,23211258,11
Julia,23211258,4
Amos,5320225,17
Theodore,5320225,17
Gaskill,5320225,1
Hitchcock,5320225,1
Tarkovsky,19114320,15
Jr.,19114320,15
Jeffords,993532,3
Tom,993532,6
Chandler,993532,15
Howard,993532,21
Geronimo,993532,17
Geer,993532,24
Sonseeahray,993532,1
Cochise,993532,3
Hunnicut,993532,1
Slade,993532,3
Patel,4400660,13
Gandhi,4400660,21
Burnett,9732383,23
Dillon,9732383,21
Lanyard,9732383,5
Zurta,6941316,17
Lieven,6941316,22
Valya,6941316,13
Poole,6941316,17
Ventimore,11564619,7
Fakrash,11564619,13
Kenton,11564619,9
Kelly,32849016,8
Kathner,32849016,10
Pazu,147697,10
Laputa,147697,15
Muska,147697,4
Sheeta,147697,4
Dola,147697,15
Laura,12130575,18
Alexandre,12130575,2
Marie-Louise,12130575,6
Taylor,832232,3
Sam,832232,20
Lewis,832232,13
Webber,832232,18
George,832232,3
Jenny,832232,21
Miles,832232,13
David,832232,2
Cheri,18656678,6
Robert,18656678,6
Tamanna,19248083,9
Chopra,19248083,0
Begum,19248083,8
Tikku,19248083,3
Sastry,6649732,13
Martin,1901270,11
Bradon,1901270,18
Frisky,1901270,21
Rondelle,1901270,22
McGuire,1901270,17
Pierce,1901270,22
Jack,1901270,6
Helen,1901270,3
Pinkowitz,3471403,9
Hatton,3471403,15
Lawrence,3471403,1
Clayton,3471403,3
Jack,3471403,5
Barton,3471403,2
Bill,3471403,13
Aldous,19861657,6
Aaron,19861657,3
Sergio,19861657,6
Roma,19861657,9
Q,19861657,10
Ulrich,19861657,5
Jonathan,19861657,15
Daphne,19861657,17
Green,19861657,21
Tracy,675574,1
Vera,675574,12
Hitler,675574,1
Zack,675574,6
Nick,675574,6
Grisham,675574,6
Mallozzi,675574,15
Faucet,675574,8
Merrill,675574,23
Sinclair,675574,16
Vicky,675574,14
Templeton,675574,8
Nazis,675574,1
Cody,675574,16
Schaffer,675574,15
Duane,675574,24
Randy,675574,23
Barbie,675574,21
Enrico,675574,17
Pollini,675574,19
Biggie,25992458,10
Cissy,25992458,14
Lee,25992458,15
Keung,25992458,23
Yan-may,25992458,17
Man-tin,25992458,2
Cho,25992458,3
Jack,25992458,3
Ming,25992458,13
Annie,25992458,3
Shi,17058062,3
Madam,17058062,16
Connolly,31136582,16
Sabrina,31136582,18
Adrien,629209,3
Dufourquet,629209,3
Lola,629209,15
Castro,629209,5
Agn,629209,4
Haji,31152766,13
Zainaba,31152766,4
Khadeeja,31152766,8
Ayisha,31152766,13
Long,14504416,15
Luego,14504416,10
Paco,4289049,17
Gris,4289049,9
Almagro,4289049,24
Betty,4289049,23
Joaqu,4289049,3
Macias,4289049,6
Rosa,4289049,23
Jason,8850105,9
Maggie,8850105,8
Johnny,8850105,15
Mae,8850105,8
Milly,8850105,3
Daphne,8850105,21
Lovelace,1499348,3
Mumble,1499348,3
Dino,1499348,10
Ramon,1499348,3
Erik,1499348,15
Gloria,1499348,3
Guin,1499348,7
Skua,1499348,23
Jean,1499348,13
Beck,10685129,24
Cates,8548898,18
Cora,8548898,14
Corman,8548898,19
Fisher,8548898,15
Sophie,8548898,6
Alex,8548898,3
Paul,30485390,13
Rosalie,30485390,12
Thorpe,30485390,1
Dick,30485390,3
Harry,21388576,14
Diane,21388576,13
Juliana,2558588,18
Jarol,2558588,16
Teegra,2558588,24
Icepeak,2558588,16
Larn,2558588,13
Jack,24158953,6
Eddie,24158953,0
Bobby,24158953,6
Tripp,31111589,13
William,838119,6
Kolberg,838119,24
II,838119,5
Gneisenau,838119,6
Maria,838119,4
Napoleon,838119,10
Volk,838119,2
Louise,838119,5
III,838119,20
Nettelbeck,838119,14
Henry,212090,22
Elizabeth,212090,21
Parr,212090,1
Seymour,212090,21
Ashley,212090,12
Catherine,212090,12
Parry,212090,7
VIII,212090,8
VI,212090,17
Ned,212090,17
Boleyn,212090,21
Luis,13300563,11
Hilton,13300563,3
Andy,13300563,21
Stirling,3119257,13
Kane,3119257,17
Hatcher,3119257,5
Talbot,3119257,4
Norton,3119257,17
Joshua,3119257,22
Sinclair,3119257,17
Nelson,3119257,13
Miller,17407003,12
Collins,17407003,15
Bushy,17407003,6
Kendall,17407003,13
Chick,17407003,6
Parker,17407003,17
Bernardi,17407003,17
Ruth,17407003,6
Babu,12178761,24
Jyothy,12178761,5
Divya,12178761,23
Balaraju,12178761,3
Sunil,12178761,16
Raju,12178761,12
Ali,12178761,23
Balu,12178761,6
Aparna,36057878,21
Krishna,36057878,8
Damodar,36057878,2
Sukanya,36057878,22
Priya,36057878,8
Gnanam,36057878,21
Grissom,113442,11
Wilson,113442,3
Yeager,113442,16
Cooper,113442,9
Trudy,113442,7
Johnson,113442,0
Glenn,113442,18
Ridley,113442,23
Barnes,113442,22
Sophia,23733969,4
Luke,23733969,3
Courtney,23733969,12
Michael,23733969,6
Josh,23733969,12
Brooke,23733969,20
Naomi,23733969,11
Guzman,23733969,15
Chuck,23733969,0
de,27008655,2
Corbin,27008655,8
Jonghe,27008655,24
Smiley,27008655,6
Mowbray,27008655,0
Hunt,27008655,6
Alfred,27008655,3
Camille,27008655,4
Sartori,12624564,9
Tracy,12624564,0
III,12624564,12
Sorrel,12624564,17
Charlie,12624564,1
Amy,30804670,23
Georgie,30804670,13
Mathews,30804670,20
Johnny,30804670,3
Mikki,30804670,3
Tara,30804670,20
Bernhard,30804670,11
Kim,30804670,3
Chloe,30804670,9
Caroline,30804670,21
Seetha,27706799,23
Pushpanathan,27706799,21
Bhanumathi,27706799,21
Ponnammal,27706799,13
Mathur,27706799,4
Sabeshan,27706799,19
Pillai,27706799,5
Bhanumati,27706799,13
Kanchana,27706799,2
Manohar,27706799,19
Godzilla,570279,4
Tsukioka,570279,18
Anguirus,570279,17
Yamane,570279,6
Serizawa,570279,4
Kobayashi,570279,18
Osborne,346196,24
Kim,346196,10
Fisher,346196,3
Mason,9762916,3
Pangburn,5579274,23
Demerille,5579274,3
Strap,5579274,17
Muldoon,5579274,12
Wanda,5579274,3
Deerfield,5579274,15
Dorothy,5579274,3
Ruby,5579274,3
Nevada,5579274,15
Sean,29594593,23
Furren,11505804,10
Reiko,11505804,17
Hilton,11505804,17
Tadokoro,11505804,6
Toshio,11505804,6
Hill,11505804,9
Onodera,11505804,13
Thompson,11505804,2
Yuki,11505804,22
Aso,11505804,23
Brody,11505804,20
Abe,11505804,2
Grant,12233331,0
Vince,12233331,6
Alexander,12233331,4
Marv,12233331,6
March,12233331,22
Betty,12233331,17
Peraliya,19406542,23
Tounens,9962209,24
Vass,9962209,16
Kumar,11142653,16
Lucy,11142653,6
Saxena,11142653,18
Kishen,11142653,3
Karan,11142653,3
Khanna,11142653,16
Ranjit,11142653,16
Chutkiram,11142653,6
Vidyanath,11142653,16
Durga,11142653,6
Anu,11142653,23
Hussein,11142653,12
Moses,19575016,4
Vladimir,19575016,20
Kudo,14544959,10
Matsushima,14544959,4
Ferreira,32833850,9
Julian,32833850,21
Chijiwa,32833850,13
Blake,4090453,9
Cooper,4090453,20
Patterson,4090453,3
Charlie,4090453,3
Grace,4090453,3
Brown,4090453,6
John,4090453,3
Lamble,10751918,10
Zandt,10751918,11
Yodha,24841555,21
Agartha,24841555,17
Sudigundam,24841555,10
Rashtram,24841555,1
Irendri,24841555,22
Moksha,24841555,4
Priya,24841555,4
Druki,24841555,3
Jessawala,12059824,4
Gasteren,12059824,9
Baba,12059824,23
van,12059824,15
Mathews,876592,17
Carter,876592,11
Lesley,876592,17
Pete,876592,6
Joyce,876592,19
Nash,876592,17
John,876592,17
Ellen,25436873,3
Lauren,25436873,13
Samantha,25436873,21
Thomas,25436873,3
Finley,25436873,13
David,25436873,13
Mosley,2812852,19
Darius,2812852,21
Nina,2812852,21
Lovehall,2812852,22
Django,17777395,10
Murphy,7758165,23
Puca,7758165,13
Ciaran,7758165,3
Stoisis,7758165,13
Qiquan,27193951,24
Qinqin,27193951,3
Deyi,27193951,3
Xiaohai,27193951,6
Zhuzhu,27193951,14
Whitman,31734873,3
Wade,31734873,8
Kat,26166969,19
Warshawski,26166969,1
Victoria,26166969,24
Jargo,13177414,14
Kamil,13177414,8
Waldst,13177414,11
Dalton,20896389,11
Nicole,20896389,6
Azar,2789767,10
Antillia,2789767,1
Zaren,2789767,16
Demetrios,2789767,4
Tom,6644043,3
Jerry,6644043,3
Desprez,17891259,20
Desfontaines,17891259,17
Luzzato,17891259,12
Heindrich,17891259,16
Louise,17891259,16
Churchill,17891259,0
Faussier,17891259,3
Grandma,2454007,17
Goldilocks,2454007,3
Qing,28673181,6
Yuan,28673181,21
Li,28673181,6
Carter,26118204,9
Belasco,26118204,9
Adams,1970527,19
Anna,1970527,13
Philip,1970527,8
Kalman,1970527,19
Flagg,3018210,17
Quirt,3018210,17
Charmaine,3018210,17
Pandey,24616104,0
Ramanbhai,24616104,19
Judith,10640606,6
Dudgeon,10640606,12
Burgoyne,10640606,13
Anderson,10640606,3
Hawkins,10640606,19
Dick,10640606,6
Lasmi,13863939,10
Nadine,13863939,17
Anna,13863939,3
Cessa,13863939,17
Wyatt,29354037,14
Kojaku,19164879,14
Shaw,19164879,20
Bancroft,19164879,18
Nag,3169388,23
Gordon,3169388,12
Lahl,3169388,24
Petersen,3169388,3
Toomai,3169388,16
Richard,10387888,7
Elcott,10387888,19
Verney,10387888,17
Vernay,10387888,17
Alison,10387888,4
Courtland,10387888,5
Yasmin,11026100,6
Meygan,11026100,3
Cloe,11026100,6
Callie,11026100,12
Dana,11026100,6
Tanya,11026100,24
Jade,11026100,6
Kidz,11026100,3
Sasha,11026100,3
Martin,6983478,18
Benjamenta,33824540,4
Jakob,33824540,0
Menon,26599927,24
Prakash,26599927,2
Aayan,34420605,6
Saldanah,34420605,22
Sumit,34420605,6
Thakur,34420605,20
Izna,34420605,6
Kabir,34420605,6
Shenbagam,4853040,18
Chinna,4853040,6
Karthik,4853040,12
Lewengrub,1766274,12
Sky,1766274,3
Slater,1766274,12
Gallagher,1766274,13
Evian,1766274,3
Mary,1766274,21
Corrigan,1766274,24
Graham,1766274,18
Mitchell,8929476,17
Taonas,8929476,14
O'Neill,8929476,16
Hayes,8929476,9
Landry,8929476,20
Hammond,8929476,0
Qetesh,8929476,20
Carter,8929476,12
Doran,8929476,11
Joe,32839902,19
Raj,15383895,3
Rastogi,15383895,17
Debral,15383895,15
Chopra,15383895,4
Neha,15383895,3
Preeti,15383895,3
Harshvardhan,15383895,17
Bhabishyat,35279558,10
Barclay,31735267,3
Galt,31735267,11
Tanner,31735267,17
Bart,31735267,15
Jeff,31735267,15
Karen,31735267,13
Jane,5526366,3
Alden,5526366,2
Felicia,5526366,17
Sukie,5526366,16
Alexandra,5526366,14
Clyde,5526366,0
Horne,5526366,21
Medford,5526366,16
Jorgen,15759217,16
Wanda,15759217,11
Timmy,15759217,3
Studwell,15759217,13
Sophia,18066576,23
Tolstoy,18066576,23
Bulgakov,18066576,10
Chertkov,18066576,12
Masha,18066576,13
Grant,67422,17
Jean,67422,17
Travis,67422,8
Demou,67422,5
Mavros,67422,0
Cahill,67422,7
Cappy,67422,23
Hassan,67422,6
Geeta,2360178,1
Chacha,2360178,10
Mehak,2360178,21
Ali,2360178,3
Inder,2360178,3
Singh,2360178,18
Muskaan,2360178,8
Merrick,17066135,0
MacBain,17066135,17
Kathie,17066135,19
Bill,17066135,4
Hiraku,24731835,4
Kageno,24731835,21
Kikue,24731835,21
Yoshie,24731835,17
Kikui,24731835,5
Pearson,22545876,23
Cordob,9309331,23
Sandra,9309331,6
Megabom,9309331,8
Vic,17341143,6
Spencer,17341143,6
Lester,17341143,19
Guy,17341143,6
Damone,17341143,0
Quentin,17341143,6
Desouza,9623638,16
Nina,5608911,4
Porizkova,5608911,7
Blackwood,5608911,11
Grimaldi,5608911,14
Selleck,5608911,11
Dafna,2642413,3
Henry,11987078,9
Smith,11987078,24
Humbert,11987078,16
E,11987078,12
Swanson,177736,21
Nicholas,10986762,1
Jency,10986762,6
Gaye,10986762,1
Ganesh,10986762,17
Pratap,11253197,18
Nagar,11253197,18
Suraj,11253197,2
Anuradha,11253197,8
Singh,11253197,13
Kalavati,11253197,1
Leonardo,10093225,19
Liza,10093225,0
Kershaw,17128512,9
Tudor,17128512,20
Irene,17128512,2
Owen,17128512,17
Mathur,29309335,21
Rajan,29309335,23
Shobha,29309335,21
Sudarshan,29309335,23
Manohar,29309335,3
Murdock,21545226,19
Jane,21545226,23
Emser,21545226,4
Rick,21545226,20
Mary,21545226,3
Miller,7903849,5
Fern,7903849,3
Irma,7903849,3
Glen,32880599,6
Alston,32880599,3
Mr,32880599,12
Moori,32880599,12
O'Brien,32880599,21
Mrs,32880599,12
Brown,32880599,7
John,32880599,15
Winnie,32880599,4
Marston,15272722,19
Allen,8102720,0
Danbury,8102720,17
Horatio,8102720,24
Gage,8102720,21
Millie,8102720,12
Emily,8102720,7
Prim,8102720,14
O'Leary,8102720,24
Nora,8102720,4
Melody,8102720,2
Greenway,8102720,15
Arnold,8102720,7
Washington,8102720,0
Edie,1510273,7
Chili,1510273,6
Loop,1510273,17
Tyler,1510273,9
Lupino,1510273,14
Bulkin,1510273,17
Moon,1510273,9
Athens,1510273,12
Elliot,1510273,6
Palmer,1510273,18
Elliott,1510273,10
Carr,1510273,6
Fisher,1510273,22
Ramirez,2991530,22
Giorgio,2991530,4
Smith,2991530,6
Strozzi,2991530,24
Felina,2991530,4
Bob,2991530,17
Pickett,2991530,17
Joe,2991530,4
Hickey,2991530,3
Lucy,2991530,19
Doyle,2991530,6
Finn,2991530,23
Richardson,2991530,18
Broeck,24584915,19
Van,24584915,9
Chandler,24584915,11
Cullen,24584915,12
Peyton,24584915,12
Everdene,3510662,2
Gabriel,3510662,6
Boldwood,3510662,14
Oak,3510662,15
Fanny,3510662,22
Robin,3510662,2
Troy,3510662,4
Noi,4318078,2
Kyoji,4318078,14
Helsing,337740,4
Holmwood,337740,17
Morris,337740,17
Jonathan,337740,21
Westenra,337740,4
Renfield,337740,9
Lucy,337740,2
Mina,337740,3
Harker,337740,23
Dracula,337740,4
Seward,337740,23
Walrus,20532650,6
Woody,20532650,3
Davert,5645921,2
Collins,689611,12
Albert,689611,6
Nielsen,689611,13
Ian,689611,13
Marie,689611,13
Chris,689611,3
Annie,689611,21
Ivers,3658781,18
Jones,9170639,8
Boris,9170639,14
Bellaire,9170639,7
Sylvia,9170639,14
Olga,9170639,8
Judy,9170639,11
Ricky,9170639,11
Laura,32194593,3
Jeremy,32194593,5
Hart,32194593,10
Ron,32194593,3
Jonah,32194593,3
Jim,32194593,3
Jeff,32194593,12
Wanda,32194593,3
T.J.,32194593,3
Rock,32194593,2
Veronica,32194593,6
Montz,32194593,10
Bheeshmar,32910163,19
Viswanathan,30542998,8
Vasudev,30542998,12
Vasu,30542998,6
Meera,30542998,12
Kandinsky,5260320,13
nzel,11009343,8
Schrader,11009343,14
Tom,11154164,3
Jerry,11154164,3
Tsang,32642867,15
Hung,32642867,12
Tung,32642867,0
Jenny,32642867,8
Ken,32642867,1
False,32642867,17
Murali,5923676,14
Budberg,18530582,21
Stalin,18530582,14
Wells,18530582,23
West,18530582,14
Roosevelt,18530582,0
Moreau,18530582,24
Gogh,18790154,15
Guggenheim,18790154,7
Maria,18790154,14
Picasso,18790154,21
Mimi,18790154,4
Jose,18790154,6
Clo-Clo,18790154,5
Pawlo,18790154,13
Rousseau,18790154,18
Sirkka,18790154,19
Svensson-Guggenheim,18790154,21
Toklas,18790154,2
L,18790154,8
Olin,18790154,1
Grieg,18790154,10
Mussolini,18790154,1
Beskow,18790154,9
Frou,18790154,3
Jou-Jou,18790154,5
Pablo,18790154,6
Margot,18790154,5
Satie,18790154,17
Franco,18790154,8
Peperoni,18790154,7
Puccini,18790154,6
Hemingway,18790154,1
Stein,18790154,7
Dolores,18790154,10
Ivanovich,2543557,3
Irina,2543557,16
Mark,2543557,21
Boris,2543557,4
Veronika,2543557,21
Stepan,2543557,24
Bauer,20029902,9
Lili,20029902,11
Ferdinand,20029902,5
Tom,20029902,17
Ahbleza,31160411,6
Wanagi,31160411,12
Mutt,28117009,9
Stokes,27193032,3
Roberts,27193032,18
Weiss,27193032,3
Evans,27193032,18
Dunlop,27193032,3
Bates,27193032,24
Brant,27193032,6
Nash,27193032,17
Nelson,27193032,24
Pauletta,30869314,3
Flor,30869314,22
Andreu,30869314,6
Dion,30869314,0
Farriol,30869314,21
Enriqueta,30869314,14
Manubens,30869314,11
ncia,30869314,6
Pitorliua,30869314,14
Jam,4301390,21
Ortiz,4301390,2
Moody,4301390,3
Corrie,4301390,13
Gauri,20904439,3
Upadhyay,20904439,18
Prakash,20904439,6
Kalavati,20904439,8
Yoyo,5978945,13
Cheung,5978945,3
Push-Pin,5978945,17
Tai,5978945,9
Tung,5978945,6
Amy,5096064,22
find,5096064,16
Bea,5096064,23
Zamora,5096064,17
Finn,5096064,17
Kiko,5096064,3
Pru,5096064,23
Liam,5096064,7
Alex,5096064,3
Charlie,10692147,3
Ambrose,10692147,14
Kleiner,773327,2
Keith,773327,23
Murphy,773327,13
Chino,773327,17
Wright,773327,7
Johnny,773327,3
Thomas,773327,23
Jimmy,773327,17
Strabler,773327,15
Kathie,773327,13
Bleeker,773327,13
Cleopatra,73494,3
Daisy,73494,8
Hercules,73494,17
Venus,73494,13
Violet,73494,14
Hans,73494,14
Irene,4001378,18
Lesser,4001378,21
Spearmint,4001378,21
Sanjana,30890550,2
Madhu,30890550,9
Balraj,30890550,20
Gates,30890550,0
Subrahmanyam,30890550,22
Johnny,2867481,21
Emily,2867481,21
Sterling,2867481,6
Kapahala,2867481,15
Tsunami,2867481,15
Brett,2867481,10
Hickup,5807275,0
Arbuckle,5807275,12
Buster,5807275,20
Bullhorn,5807275,0
John,5807275,22
Lee,27902470,7
DiMaggio,27902470,16
Will,13023421,21
Emily,13023421,3
Hayes,13023421,8
Eyre,13023421,14
Hartley,13023421,12
Clinton,13023421,0
Kevin,13023421,1
Chun,9957228,15
Kwok-Wing,9957228,16
Mok,9957228,11
Qi,9957228,11
Chung,9957228,1
Marta,29177359,24
Sylvia,29177359,12
Dario,29177359,9
Leon,29177359,10
Jack,20282112,23
Maggie,20282112,12
Max,20282112,20
Steiner,5066214,2
Cliff,5175724,6
Ellen,5175724,1
Bobby,5175724,6
Ross,5175724,21
Pamela,5175724,5
Afton,5175724,5
Barnes,5175724,20
J.R.,5175724,6
McKay,5175724,13
Ewing,5175724,5
Danny,2413574,13
Garrison,2413574,10
Ben,2413574,23
Jane,7561586,21
Parkson,7561586,23
Sheila,7561586,16
Broadbent,7561586,12
Fenner,7561586,9
Clarissa,7561586,15
Mabel,7561586,2
Chandni,1105284,3
Shobha,1105284,8
Anand,1105284,13
Amit,1105284,21
Malhotra,1105284,18
Harper,16994806,9
Paul,952902,9
Agneiska,952902,3
Plecki,952902,6
Jolie,952902,21
Matt,952902,3
Irwin,952902,6
Milton,952902,11
Fitch,952902,10
Young,952902,2
Steinmetz,952902,21
Roberts,27733896,8
Aicha,32293709,2
Tom,24961327,17
Laura,24961327,23
Lila,24961327,1
Shakthivel,925503,1
Quon,32126091,10
Tom,32855770,17
Crenshaw,32855770,17
Joshua,32786344,16
Dylanne,32786344,9
Katy,32786344,9
Garcia,835057,6
Vince,835057,6
Sheldon,835057,6
Lutz,835057,6
Barry,835057,6
Braunschweiger,835057,17
Kornpett,835057,12
Ricardo,835057,19
Shelly,835057,3
Ganz,24851820,13
Anders,24851820,18
Maria,27884720,2
Sarah,27884720,11
Patterson,27884720,13
Kowalski,27884720,15
Blumenfeld,27884720,18
Apollonia,27884720,23
Esther,27884720,4
Hagman,9822891,24
Rossendale,9822891,23
Truman,9822891,12
Camoynes,9822891,8
Bunting,9822891,15
Jane,9822891,2
Sharpe,9822891,3
Napoleon,9822891,4
Harper,9822891,9
Parfitt,9822891,13
Stanwyck,9822891,20
Wickham,9822891,12
Amos,9078818,17
Carlos,9078818,22
Ramirez,9078818,6
Shaw,9078818,3
Sheela,5008268,3
Khan,5008268,18
Amar,5008268,14
Rajesh,5008268,3
Jwaala,5008268,14
Vikram,5008268,14
Tina,5008268,13
Truman,26849066,6
Wells,26849066,12
Genesis,26849066,17
Wirtanen,3210303,6
Kraft,3210303,12
Eichmann,3210303,1
Resi,3210303,2
Nazis,3210303,8
Helga,3210303,23
Campbell,3210303,6
Cleave,3750829,13
Edgar,3750829,3
Raphael,3750829,12
Stella,3750829,3
Charlie,3750829,3
Max,3750829,21
Cleve,3750829,13
Chaplin,1568673,5
Masher,1568673,10
Kennedy,14726855,0
Redfield,14726855,9
Miller,14726855,16
Rani,14726855,17
Angela,14726855,3
Claire,14726855,3
Glenn,14726855,4
Davis,14726855,6
Downing,14726855,13
Leon,14726855,17
Ikezawa,23966679,18
Rika,23966679,4
Koiso,23966679,3
Kenji,23966679,21
Arawashi,23966679,22
Jinnouchis,23966679,15
Kazma,23966679,17
Jinnouchi,23966679,24
Sakuma,23966679,17
Shinohara,23966679,7
Mansaku,23966679,23
Natsuki,23966679,16
Japesen,25487856,11
Archana,3956399,10
Pandian,3956399,16
Thambi,3956399,16
Thondaiman,3956399,3
Priciliano,14108821,3
Al,3869472,14
Backett,3869472,19
Stannard,3869472,0
Dave,3869472,6
Edith,3869472,1
Telfer,3869472,18
Dornheimer,13659818,16
Lisa,13659818,13
Kolos,13659818,10
Bullitt,28141854,2
Benson,28141854,22
Jean,28141854,23
Matthews,28141854,10
Howard,28141854,16
Bob,28141854,7
Billie,28141854,2
Davis,28141854,18
Carol,28141854,18
Puneeth,28150194,14
Jagannadh,28150194,10
Spina,4119697,6
Mangiafuoco,4119697,6
Michele,4119697,4
Penelope,2190310,14
Sonya,2190310,16
Frankie,2190310,23
Horst,2190310,3
Max,2190310,16
Alfonse,2190310,1
Hitler,33128846,1
Teetjen,33128846,6
Footh,33128846,7
Harry,16930015,3
Palmer,16930015,14
Warner,16930015,11
Courtney,16930015,12
Nick,16930015,6
Natasha,16930015,1
Soo,16930015,20
Louis,16930015,6
Gradsky,16930015,6
Alorex,16930015,23
Alex,16930015,10
Billy,4049715,10
Mackeroni,4049715,21
Vijaya,16278262,3
Sundari,16278262,6
Thirupathy,16278262,24
Vedachalam,16278262,13
Ravi,16278262,6
Rathi,16278262,23
Tirupathy,16278262,13
Ramaswamy,16278262,0
Sivakami,16278262,9
Sundaram,16278262,21
Lane,11617679,8
Superman,11617679,3
Kent,11617679,6
White,11617679,10
Lois,11617679,3
Stupin,11617679,6
Madhav,13869704,23
Subramanyam,13869704,10
Turner,171066,23
Mae,171066,21
Davies,171066,10
Bullock,171066,5
Ike,171066,23
Tina,171066,6
Alline,171066,23
Juan,28847751,9
Sebasti,28847751,12
Teresa,28847751,12
Daniel,28847751,3
Alberto,28847751,3
Sekhar,6827148,8
Mohan,6827148,15
Venky,6827148,6
Nandu,6827148,13
Murthy,6827148,3
Barrington,2117473,14
Bedderhead,2117473,6
Beary,2117473,6
Helena,26608236,6
Chavez,26608236,24
Chuka,26608236,6
Trent,26608236,2
Hansbach,26608236,23
Spivey,26608236,19
Benson,26608236,23
Daly,26608236,10
Valois,26608236,4
Kleitz,26608236,10
Cole,26608236,14
Fine,5970614,20
Stacks,5970614,14
Howard,5970614,6
|,5970614,8
Joe,5970614,6
McCarey,5970614,13
Johnson,2783102,24
Eleanor,2783102,16
Leggett,2783102,23
Frank,2783102,6
Moulton-Barrett,15223564,18
Barrett,15223564,13
Browning,15223564,9
Edward,15223564,17
Tremaine,18188737,20
Koyama,23146478,6
Chris,23146478,20
Frank,924771,3
Kennedy,924771,0
Spencer,924771,17
Savage,924771,17
Jane,924771,3
Nordberg,924771,1
Hocken,924771,9
Bush,924771,0
Hapsburg,924771,23
Hacker,924771,15
Drebin,924771,3
Meinheimer,924771,3
Lynne,4758386,5
Jeremy,4758386,6
Copeland,4758386,18
Elizabeth,4758386,3
Beth,4758386,6
Lizzie,4758386,23
Leslie,4758386,6
Kroll,149791,18
John,149791,1
Gilberte,13452919,23
Tom,13452919,6
Sami,13452919,6
Geisler,13452919,21
Goetz,13452919,3
Klaudia,13452919,4
Eva,13452919,21
Hans,13452919,17
Karl,13452919,17
Alex,13452919,4
Hornee,6376026,8
Amy,5676388,20
Cage,5676388,13
Knight,5676388,11
Scott,5676388,18
Pinnock,2154438,17
Thomas,2154438,12
Ambika,18001712,21
Jacky,18001712,14
Snape,31941988,6
Harry,31941988,17
Fred,31941988,17
Goyle,31941988,3
Weasley,31941988,24
Griphook,31941988,3
Hufflepuff,31941988,15
Malfoy,31941988,7
McGonagall,31941988,16
Lily,31941988,9
James,31941988,21
Ariana,31941988,13
Dumbledore,31941988,10
Dobby,31941988,4
Ron,31941988,3
Neville,31941988,23
Longbottom,31941988,2
Draco,31941988,6
Lovegood,31941988,10
Voldemort,31941988,17
Nagini,31941988,17
Ravenclaw,31941988,24
Potter,31941988,13
Seri,10422272,15
Darma,10422272,23
Rose,10422272,4
Lucy,9325204,9
Ernie,9325204,6
Pye,9325204,24
Klenk,9325204,18
Roan,1986380,14
Elvira,1986380,19
Junior,1986380,24
Buck,1986380,23
Jacobs,25185781,20
Melman,25185781,16
Donner,25185781,11
Amelia,25185781,23
Gloria,25185781,16
Maurice,25185781,13
Marty,25185781,16
Alex,25185781,2
Nirmala,20904657,6
Manoharlal,20904657,21
Murli,20904657,8
Agarwal,20904657,24
Satyaprakash,20904657,13
Gil,12695943,3
Christopher,12695943,8
Magalona,12695943,5
Valdez,12695943,9
Rivera,12695943,8
Bonnin,12695943,20
Martinez,12695943,20
Adie,12695943,16
Lauchengco,12695943,13
Hernandez,12695943,7
Melissa,12695943,3
Bautista,12695943,15
Flood,16703150,17
Molly,16703150,24
Dolan,16703150,23
Jace,16703150,22
Yarbrough,16703150,18
Hickman,16703150,8
Lang,16703150,1
Mike,30247229,23
Jane,30247229,14
Fraud,22372814,15
Kosis,22372814,3
Tosh,22372814,23
Dawg,22372814,3
Prescott,518615,3
Dwan,518615,3
Carnahan,518615,21
Wilson,518615,6
Butch,11543369,8
Tom,11543369,23
Jerry,11543369,3
MacKintosh,30897354,3
T.J.,30897354,3
Webster,30897354,19
Hatch,33264633,19
William,431562,6
Miller,431562,6
Dennis,431562,20
Anita,431562,8
Fong-Torres,431562,1
Roswell,431562,20
Penny,431562,23
Bangs,431562,18
Ben,431562,8
Elaine,431562,12
Russell,431562,6
Hammond,431562,19
Leslie,431562,21
Dick,431562,12
Arya,19985215,6
Geetha,19985215,14
McAuliffe,11440692,15
Babbitt,11440692,16
Milo,27258675,22
Neal,27258675,1
Terry,27258675,23
Stewart,27258675,19
Len,27258675,23
Sylvia,27258675,2
Skeet,27258675,16
Pauline,27258675,23
Azir,3652477,17
Jamie,3652477,16
Amy,12576807,23
Farnsworth,12576807,16
Brannigan,12576807,22
Yivo,12576807,13
Zapp,12576807,24
Fry,12576807,15
Wernstrom,12576807,16
Colleen,12576807,19
Bender,12576807,3
Kif,12576807,1
Nath,10641005,10
Renu,10641005,21
Vinny,10641005,10
Asha,10641005,3
Ashok,10641005,17
Bewafai,10641005,20
James,4616725,15
Glencliff,4616725,17
Melon,4616725,13
Ernest,4616725,3
Butler,4616725,17
Worrell,4616725,0
Yashoda,10196402,6
Mahipal,10196402,3
Jalima,10196402,6
Bhanu,10196402,14
Stella,21684384,19
Graham,21684384,1
Connor,3084841,21
Paul,3084841,6
Olivia,3084841,4
Nina,3084841,6
Sam,174251,3
Legolas,174251,16
Faramir,174251,24
Denethor,174251,17
Cotton,174251,2
Frodo,174251,4
Arwen,174251,22
Pippin,174251,6
Sauron,174251,14
Elrond,174251,20
Rohirrim,174251,15
Shelob,174251,1
Gimli,174251,12
Bilbo,174251,20
Rohan,174251,23
Ahingsa,7286111,3
Ukhoht,7286111,10
Russell,28440339,18
Jake,28440339,2
Cassie,28440339,6
Morgan,5109756,2
Doug,30122642,3
Susan,30122642,0
Holly,30122642,22
Olsen,17286344,9
Wiley,17286344,5
Ed,17286344,1
Russell,17286344,12
Blackie,17286344,22
Bonner,17286344,6
Gladys,17286344,1
Slattery,17286344,10
Yates,17286344,7
Freischutz,17286344,22
Dalrymple,17286344,2
Nelson,17286344,2
O'Brien,17286344,18
Hamburgher,17286344,5
Loretta,17286344,16
Petey,17286344,6
Bingo,17286344,4
Glory,17286344,7
Dawn,17286344,4
Shikha,26282445,19
Deepti,26282445,6
Aniket,26282445,3
Sreemoti,26282445,15
Sikha,26282445,19
Tanya,28842888,12
C.T.,28842888,3
Young,28842888,6
Richards,28842888,6
Head,22080792,14
Fullerton,22080792,12
Minnie,36155032,10
Chauncy,682393,5
Lawson,682393,16
Caine,682393,3
Ronnie,682393,6
Anderson,682393,4
Harold,682393,1
Sharif,682393,17
Ilena,682393,10
Guy,2752058,11
Stone,2752058,12
Stevens,2752058,7
Jerry,2752058,11
Sally,2752058,12
Freddie,2752058,14
Foster,2752058,20
Poe,3135608,4
Valdemar,3135608,16
Helene,3135608,4
Carmichael,3135608,17
E.,10131260,16
Coyote,10131260,3
Murphy,20912988,12
Awada,9186122,1
Norberto,9186122,10
Garc,9186122,17
Merkin,9186122,18
Ziembrowsky,9186122,17
Joel,11226458,13
Carmen,11226458,11
Kirk,11226458,0
Dana,11226458,2
Russ,11226458,13
Brenda,11226458,5
Ruby,11226458,23
Lauryn,11226458,3
Steve,11881116,21
Alison,11881116,16
Ryoko,5520317,16
Washu,5520317,16
Kuramitsu,5520317,13
Ryo-Ohki,5520317,16
Tenchi,5520317,16
Lalitha,27728090,12
Rukminamma,27728090,4
Prasad,27728090,21
Seeta,27728090,17
Seshaiah,27728090,8
Keiko,25895961,10
Puzzo,33857221,22
Steffens,33857221,21
Pepe,33857221,21
Cotton,33857221,12
Kimbel,33857221,22
Toni,33857221,16
Marino,33857221,18
Ricardelli,33857221,6
Lisa,33857221,12
Aaron,27604388,22
Barbara,27604388,17
Marcus,27604388,3
Victor,27604388,24
Rhonda,27604388,3
Poppins,27604388,13
John,27604388,4
LaMont,27604388,3
Donna,27604388,14
Chris,27604388,16
Jeeva,7903143,7
Thomas,7903143,15
Kesavan,7903143,12
Stephen,7903143,15
Chandrasekhar,7903143,8
Manivannan,7903143,6
James,7903143,14
Mini,7903143,23
Ford,686006,11
Carson,686006,3
Wead,686006,3
Hazard,686006,4
Dodge,686006,11
Price,686006,11
Bosco,6882738,9
Girdhari,6882738,18
Pia,6882738,21
Amar,6882738,21
Abhi,6882738,6
Shah,6882738,14
Shekhar,6882738,18
Malhotra,6882738,6
Kat,4441267,0
Reilly,4441267,9
Michel,27882739,14
Barbara,27882739,22
Daa,308856,20
Leroux,308856,7
Giry,308856,16
Christine,308856,3
Webber,308856,0
Raoul,308856,3
Wilson,308856,11
Meg,308856,7
Halmanay,29617793,13
Marcus,29617793,15
Banyon,29617793,7
Baynon,29617793,12
Mort,29617793,8
Kandi,29617793,14
Ben,29617793,6
Rutherford,29617793,1
Swain,678599,16
Shute,678599,7
Carla,678599,6
Louden,678599,24
Chamundeswari,6705113,6
God,6705113,7
Baba,6705113,3
Ramaswamy,6705113,5
Arthur,8695709,23
Lucy,8695709,4
Helsing,8695709,3
Mina,8695709,21
Dracula,8695709,3
Holmwood,8695709,3
Harker,8695709,3
Tracy,12813350,20
Rambeau,12813350,22
Harmon,12813350,15
Tierney,12813350,8
Grapewin,12813350,8
Andrews,12813350,2
Rice,12813350,23
Patterson,12813350,1
Lester,12813350,20
Claypool,75263,12
Jones,75263,8
Gottlieb,75263,13
Riccardo,75263,22
Rosa,75263,19
Otis,75263,21
Fiorello,75263,19
Riccarrdo,75263,3
Trovatore,75263,14
Tomasso,75263,0
Harpo,75263,5
Driftwood,75263,22
Lassparri,75263,11
Tommaso,75263,17
Avinashi,10418324,6
Jayabharathi,10418324,19
Chakkubai,10418324,13
Shalini,10418324,3
Lakshmi,10418324,6
Nasser,10418324,17
Kameshwaran,10418324,3
Michael,10418324,3
Ganesh,10418324,12
Sushila,10418324,3
Urvashi,10418324,2
Thirpu,10418324,2
Madhan,10418324,3
Iyer,10418324,24
Raju,10418324,3
Bheem,10418324,6
Nandakumar,4662218,17
Laila,4662218,6
Siva,4662218,23
Paramasivam,4662218,17
Paramasivan,4662218,0
Paula,3941055,19
Delia,3941055,21
Greta,3941055,16
Lowery,29760708,9
Johnie,28531923,12
Chandrika,28531923,6
Mickie,19299407,21
Juan,30685077,24
Miller,30685077,9
Felix,30685077,1
Mantel,30685077,12
Smith,30685077,7
Charters,30685077,7
Butler,30685077,15
Eburne,30685077,0
Minter,30685077,1
Ralston,30685077,1
Horton,30685077,12
O'Dare,30685077,16
Plante,30685077,22
Duvall,380517,2
Cooper,380517,4
Commodore,380517,17
Angel,380517,17
Greene,380517,1
Joseph,380517,12
Bransford,380517,13
Garner,380517,12
Cronkite,23254565,15
Toots,23254565,13
Jacobson,23254565,21
Shor,23254565,22
Brokaw,23254565,17
Wallace,23254565,9
Sinatra,23254565,24
DiMaggio,23254565,14
Hemingway,23254565,0
Wayne,23254565,11
Yip,24228738,18
May,24228738,19
Long,24228738,23
riz,32035678,8
Pe,32035678,16
Adam,21334072,3
Chayse,21334072,22
Victoria,21483521,0
Fontaine,36092124,10
Hall,36092124,24
Carrick-Smith,36092124,6
Claudia,22111726,17
Roberto,3654678,5
Andrea,3654678,21
Nina,3654678,3
Kurnitz,11069184,24
Spanky,19398925,3
Nelson,3548116,23
Mia,34205036,21
Rod,34205036,21
Kalia,19687519,9
Clara,1608510,8
Tonho,1608510,5
Crispin,22629807,3
Wentzel,22629807,16
Celeste,22629807,16
Fordyce,22629807,12
Ratkas,22629807,21
Domingo,22629807,3
Koekemoor,22629807,19
Tjokkie,22629807,6
Svetlana,22629807,16
Brutunov,22629807,16
Dolores,22629807,16
Miller,2009947,8
DeLorenze,2009947,3
Alphonso,2009947,3
Tom,2009947,22
Dom,2009947,3
Tredoni,2009947,3
Catherine,2009947,6
Karen,2009947,17
Jim,2009947,8
Spages,2009947,24
Alice,2009947,3
Father,2009947,6
Leila,3178137,14
Ray,3178137,6
Frannie,3178137,3
Talwar,27484917,24
Khalid,27484917,17
Gangaram,27484917,3
Raj,27484917,7
Bhai,27484917,24
DIG,27484917,17
Nandan,27484917,8
Bharathnandan,27484917,10
Ke,781201,16
Zheng,781201,13
Zhao,781201,8
Mother,781201,5
ric,29157374,3
Jennifer,29157374,3
Tyler,7734862,22
Eileen,7734862,21
Mike,7734862,9
Russ,7734862,23
Adam,7734862,6
Mona,7734862,9
Cathy,24996543,8
Yvan,24996543,3
Odile,24996543,3
Robert,24996543,10
Delmas,24996543,13
Philippe,24996543,21
Georges,24996543,10
Macauley,2640146,10
Liz,2640146,19
Jim,2640146,2
Buster,2640146,21
Huey,539816,0
Louie,539816,22
Lowell,539816,13
Hartz,9404717,24
Hoffsteader-Kelly,9404717,3
Reider,9404717,12
Condon,9404717,1
Froy,9404717,11
Kuahtlinxan,32758349,6
Mayor,32758349,14
Tachi,32758349,21
Ehe,32758349,19
Flores,32758349,22
Rivera,32758349,24
Lorrison,3679052,13
Kenet,3679052,3
Chu,5422011,17
Hyun,5422011,10
Shin,5422011,17
Kang,5422011,17
Kim,5422011,17
White,31086423,8
Raymond,31086423,2
Linda,31086423,3
Abe,31086423,22
Mascarhenas,18299903,14
Devika,18299903,12
K.D.,18299903,21
Sakshi,18299903,3
Joe,18299903,21
Zaveri,18299903,21
Nancy,18299903,15
Aditya,18299903,14
Shroff,18299903,1
Rob,18299903,21
Debbie,18299903,6
Iya,8346431,8
Tising,8346431,8
Zerrudo,8346431,20
Jodie,8346431,18
Ida,23459968,2
Perry,23459968,13
Bishop,23459968,0
Fanny,1343245,3
Panisse,1343245,6
Marius,1343245,6
Honorine,1343245,14
McIntosh,21776531,21
Rachel,21776531,18
Roxanne,29294207,21
Rodrigo,29294207,3
Debra,29294207,23
Noah,29294207,3
Clayton,29294207,6
Pedulla,29294207,7
Marisa,29294207,3
Karl,29294207,17
Mija,26964199,5
Magdalena,27492676,17
Mendez,27492676,23
Gonzalez,27492676,18
Bonnie,4652449,16
Sassafrass,4652449,0
Peter,4652449,3
Bunny,4652449,16
Montresor,4652449,10
Antoine,4652449,3
Donna,4652449,19
Irontail,4652449,19
Cottontail,4652449,19
Stamphill,1528272,11
Glenn,1528272,22
McCain,1528272,19
Horatiu,25187705,16
Ion,25187705,1
Yeshi,31430255,13
Rinpoche,31430255,14
Spike,11260752,3
Tom,11260752,3
Jerry,11260752,3
Bhanumathi,29854616,21
Sivan,29854616,2
Sivankutty,29854616,1
Nair,29854616,22
Sridevi,29854616,8
Mansour,27137315,8
Mubarak,27137315,2
Mancini,27137315,20
Tevez,27137315,11
Lane,1954790,4
Pamela,1954790,21
Waring,1954790,19
Devika,9730374,0
Kamini,9730374,18
Bhasu,9730374,16
Veerappan,9730374,4
Grant,244610,6
Gordon,244610,4
Lee,244610,9
West,244610,17
Loveless,244610,17
McGrath,244610,17
Escobar,244610,2
Vinci,244610,9
Rita,244610,17
Mazuera,14547382,6
Valentin,14547382,17
Raul,14547382,6
Fuentes,14547382,18
Maria,14547382,12
Jos,14547382,2
Tristan,14547382,0
Olga,14547382,21
Valent,14547382,13
Milena,14547382,14
Bowie,1189721,6
Keechie,1189721,22
Turtle,27894969,9
Blanc,27894969,20
Wagner,27894969,7
Freberg,27894969,10
Crawford,27894969,3
Porky,27894969,3
Sheela,26878950,4
Krisnha,26878950,21
Babu,26878950,21
Krishnakumar,26878950,16
Menon,26878950,0
Avik,1551200,4
Albertine,1551200,11
Russell,1551200,11
Superior,1551200,19
Schulze-Boysen,33525798,6
Harnack,33525798,8
Kodeeswaran,25535815,21
Rana,4564602,23
Antonio,3245477,6
Jessica,3245477,4
Roja,29634383,3
Tara,29634383,2
Putmalli,29634383,10
Taara,29634383,6
Tom,695315,23
Jerry,695315,16
Liszt,695315,10
Aaron,12506616,2
Lenora,12506616,20
Douglas,32205817,16
Holmes,32205817,16
Corcoran,32205817,22
Morley,32205817,6
Patsy,32205817,6
Baxter,32205817,6
Evelyn,26938419,23
Donald,26938419,3
Roosevelt,26938419,8
Phillip,26938419,8
Sam,29890747,8
Molly,29890747,4
Woodson,29890747,18
O'Hara,29890747,3
Custer,29890747,23
Quade,29890747,8
Vickers,29890747,14
Molly,10587298,15
Levesque,10587298,8
Bobby,10587298,17
Jim,10587298,7
Ned,10587298,24
Johnny,16191075,10
Michel,16191075,5
Ranganath,8273214,18
Bhanupriya,8273214,8
Abhimanyu,8273214,14
D.D.,8273214,10
Hillary,31280344,18
Felice,31280344,24
Shawn,2977550,20
Anna,2977550,4
Washington,2977550,5
Sonia,2977550,17
Mendes,2977550,5
Siddharth,2977550,3
Guerrero,23446234,20
Marlena,23446234,18
Dev,2947414,3
Thoron,2947414,3
Xenoz,2947414,14
Siddari,2947414,17
Stendahl,2947414,3
Kyra,2947414,3
Targon,2947414,9
Olsef,2947414,17
Gortaz,2947414,17
King,2947414,7
Rohit,1413739,3
Saxena,1413739,23
Raj,1413739,3
Sirji,1413739,10
Sonia,1413739,21
Atul,1413739,21
Chopra,1413739,0
Malik,1413739,17
Amit,1413739,6
Neeta,1413739,16
Megan,28713211,6
Hollander,28713211,21
Molly,28713211,6
Bradfield,28713211,6
Molina,28713211,9
Beth,28713211,6
Lori,28713211,2
Kattabomman,8919382,8
LaDonna,3009486,6
Hood,3009486,5
Sarah,3009486,3
Buelton,3009486,6
Billy,3009486,6
Carey,3009486,6
Atun,24563042,4
Paloma,24563042,10
Adri,24563042,4
Clara,24563042,3
Eloise,24563042,5
Natalie,24563042,17
Koldo,24563042,3
Medeiros,24563042,19
Rafa,24563042,6
n,24563042,17
John,24563042,17
Deviprasad,2467723,6
Kabeera,2467723,4
Bhaiyya,2467723,5
Ghanshyam,2467723,11
Panniker,2467723,6
Shyam,2467723,6
Baburao,2467723,3
Raju,2467723,6
Singh,2467723,8
Laurel,6498430,10
Ollie,6498430,17
Hall,6498430,18
Stan,6498430,17
Hardy,6498430,14
Swallow,15687214,11
Corso,15687214,23
Bolton,15687214,10
Alec,15687214,23
Walken,15687214,20
Kate,15687214,2
Vanni,15687214,17
Grant,24165256,17
Marshall,24165256,17
Walton,24165256,3
Roper,24165256,10
Daggett,24165256,17
Saura,20264949,10
Storaro,20264949,16
Bartlett,5041941,4
Sullivan,5041941,10
Marco,5041941,8
Lindsay,5041941,6
Connor,5041941,1
Jamie,5041941,21
Beatrice,31163664,16
Page,31163664,13
Mootz,31163664,8
Souvain,31163664,15
Krown,31163664,19
Pruitt,31163664,0
Sally,31163664,18
Stanley,31163664,21
Phillips,31163664,22
Carver,31163664,19
Braggan,32907275,23
Muriel,32907275,12
Harland,32907275,11
Kostya,29407509,2
Petya,29407509,4
Nastya,29407509,11
Dimon,29407509,17
Dean,19401407,2
Spanley,19401407,14
Brimley,19401407,22
Dunsany,19401407,5
Wrather,19401407,22
Fisk,19401407,4
Silva,9957782,10
Maradona,9957782,21
Benitez,9957782,14
Noll,4107170,4
Clark,4107170,15
Hamilton,4107170,8
Vittorio,14184381,16
Sonia,14184381,3
Suneo,27986651,11
Lilulu,27986651,6
Pippo,27986651,24
Shizuka,27986651,23
Riruru,27986651,10
Doraemon,27986651,3
Claus,27986651,6
Gian,27986651,11
Boom,25648942,2
Jenkins,25648942,0
Duff,20022496,9
Hartley,20022496,5
Alice,20022496,5
Webster,10307591,7
Tynan,9090163,6
Beethoven,16236007,9
Mancini,16236007,9
Bey,8991638,21
Webson,8991638,6
Graham,8991638,19
Morton,8991638,6
Malvern,8991638,23
Irene,8991638,13
Collyer,8991638,6
Jesup,8991638,3
Cynthia,8991638,6
Cugat,8991638,6
Drew,8991638,12
Campbell,8991638,9
Suzie,8991638,19
Edley,8991638,13
Hollis,8991638,6
Judah,6475757,17
Kamini,6475757,3
Monty,6475757,3
Verma,6475757,6
Oberoi,6475757,14
Ravi,6475757,23
Tina,6475757,21
Kabira,6475757,4
Maa,6475757,24
Maria,6492828,19
Torquemada,6492828,7
Antonio,6492828,24
Esmerelda,6492828,16
Manette,2736876,2
Benjamin,2736876,16
Zipporah,22734574,3
Nefertari,22734574,1
Ramses,22734574,19
Moses,22734574,4
Seti,22734574,15
Bithia,22734574,1
Adi,11455154,6
Otilia,11455154,3
Bebe,11455154,7
Nino,4271752,21
Rex,4271752,16
Grant,3673758,3
McLaine,3673758,17
Renner,3673758,8
Concho,3673758,17
Kimball,3673758,19
Whitey,3673758,17
Harbin,3673758,20
Lee,3673758,15
Adams,3673758,13
Drew,3673758,17
Verna,3673758,4
Shiv,12643712,6
Raj,12643712,20
Don,1357923,5
Ann,469520,21
Gabriel,469520,16
Izzy,469520,0
Krichinsky,469520,21
Eva,469520,21
Jules,469520,21
Heather,7170491,21
Ellis,7170491,21
Wellbridge,7170491,13
James,7170491,16
Renee,7170491,21
Tremenjus,10131206,23
E.,10131206,3
Coyote,10131206,16
Wile,10131206,17
Kwon,17798387,17
Kwak,17798387,4
Kang,17798387,4
Lee,17798387,17
Hoon,17798387,8
Kim,17798387,3
Cho,17798387,4
Ju,17798387,17
Yoo,17798387,3
Noh,17798387,3
Yoon,17798387,17
Ma,17798387,17
Doc,17798387,3
Prince,1797645,4
Calhoun,1797645,20
Rudraksh,8235569,12
Varun,8235569,21
Gayatri,8235569,0
Bhuria,8235569,5
Madame,19908169,17
Justine,19908169,21
Dusbois,19908169,24
Antonin,19908169,12
Juliette,19908169,23
Claudine,19908169,17
Buisson,19908169,24
kill,19908169,2
Harpin,19908169,13
Derroches,19908169,15
Raymond,19908169,3
Bressac,19908169,13
Dekker,10870536,22
John,10870536,21
Paul,10870536,16
Steven,17908468,13
Morris,17908468,6
Russell,17908468,6
Debbie,17908468,9
Phillip,17908468,6
Jolson,13396095,22
Brown,8747363,7
Spanky,8747363,3
James,4703636,8
Annwyn,4703636,13
Sarah,4703636,4
Ebrill,4703636,3
Dafydd,4703636,18
Zuiderwijk,20642521,23
Abu,20642521,5
Thomas,20642521,15
Eduard,20642521,3
Gregory,15347769,21
Ping,15347769,14
Basil,15347769,17
Chaney,15347769,11
Wu,15347769,21
Foer,1925048,17
Augustina,1925048,9
Jr.,1925048,4
Alex,1925048,2
Tautou,4451319,11
Filmography,23724252,23
Salvador,23724252,18
Gisele,23724252,10
Cuenca,23724252,11
Magdayaohttp,23724252,1
Dean,3556758,21
Lam,3556758,3
Chien,3556758,17
Piak,3556758,23
Wallapa,3556758,10
Pu,3556758,17
Chein,3556758,17
Tek,3556758,5
Dang,3556758,3
Krishna,13278422,3
Bobby,13278422,15
Tapori,13278422,21
Mohan,13278422,15
Sandhya,13278422,4
Iscariot,6537778,17
Jesus,6537778,4
Mary,6537778,13
Shanks,31696903,7
Hollander,33724091,21
Scozzola,33724091,23
Don,33724091,21
Evelyn,33724091,2
Wiepert,33724091,11
Peggy,33724091,3
Walker,33724091,6
Sager,33724091,9
Cowan,33724091,24
Franklin,1507235,16
Delaney,1507235,17
Mercier,1507235,12
Newman,1507235,20
Mac,1507235,15
John,1507235,0
Ballew,17049893,3
Phelps,17049893,17
Tilzer,17049893,22
Saunders,17049893,17
Rosoff,17049893,12
Gehrig,17049893,6
Manny,20396414,21
Mommy,20396414,10
Willy,20396414,21
Benny,20396414,21
Romeo,20396414,0
Concetta,20396414,3
Chaz,20396414,10
Mickey,20396414,10
Betty,20396414,4
Ridley,20396414,10
Marybeth,20396414,1
William,11271307,13
Rossendale,11271307,4
Sainte,11271307,19
Macduff,11271307,15
Jane,11271307,4
Napoleon,11271307,3
Lucille,11271307,19
Harper,11271307,11
Fraser,11271307,2
Prescott,9550478,23
Toliver,9550478,3
Presscott,9550478,4
Brophy,9550478,3
Jackson,2486990,14
Robbie,2486990,21
Meeks,2486990,12
Jones,2486990,24
Brenda,2486990,21
Holly,2486990,2
Winfrey,2486990,12
Toshio,2486990,22
George,2486990,17
Ryan,2486990,17
Norris,2486990,8
Oliver,2486990,15
Tom,2486990,6
O'Neal,2486990,21
Rachel,2486990,4
Zoltar,2486990,21
Phil,2486990,13
Campbell,2486990,22
Cody,2486990,5
Hart,2486990,0
Cindy,2486990,3
Harris,2486990,6
Hale,2486990,9
Marilyn,2486990,2
Logan,2486990,0
Mahalik,2486990,6
Archer,17754203,9
Spears,17754203,9
Seagal,17754203,9
Bhai,32920652,6
Bandhan,32920652,13
Asha,32920652,21
Amar,32920652,19
Geetha,26306842,2
Rangaiah,26306842,24
Giri,26306842,9
Rani,26306842,9
Laxmi,26306842,0
Suguna,26306842,13
Anand,26306842,14
Haven,3703551,13
Skearns,3703551,2
Sally,3703551,2
Jim,3703551,10
Marci,3703551,6
Campbell,3703551,3
Pierre,24479951,20
Naomi,24479951,11
Jackson,15337014,12
Jones,15337014,3
Frank,15337014,13
Foster,15337014,12
Greig,15337014,13
Grieg,15337014,23
Robert,15337014,6
Cynthia,15337014,23
Chapple,15337014,6
Pickett,15337014,0
Caine,15337014,3
Goodburn,15337014,11
Grirg,15337014,6
Atat,14199086,18
Winston,14254136,3
Jones,14254136,10
Charrington,14254136,7
Julia,14254136,14
Smith,14254136,11
Goldstein,14254136,24
O'Brien,14254136,6
Trisha,7165631,23
Sid,7165631,21
Vivek,7165631,21
Roberts,20156307,18
Masterman,20156307,17
Thomas,20156307,15
Warren,20156307,10
Stephen,20156307,11
Johnson,20156307,9
Ayuzawa,2292079,0
Nakadai,2292079,16
Oikawa,2292079,19
Tabata,2292079,12
Telford,34965228,7
Bonnie,54173,24
Wolf,54173,23
Jody,54173,2
Brett,54173,17
Raquel,54173,7
Jimmie,54173,1
Butch,54173,3
Vega,54173,3
Marvin,54173,18
Marsellus,54173,2
Villalobos,54173,17
Koons,54173,4
Slim,54173,22
Jules,54173,23
Wallace,54173,5
Maynard,54173,17
Fabienne,54173,21
God,54173,20
Coolidge,54173,21
Vincent,54173,17
Mia,54173,13
Lindley,9787696,4
Corliss,9787696,12
Valentine,9787696,16
Marianne,9787696,5
Madison,9787696,2
Floyd,4350811,6
Muley,4350811,6
Rose-of-Sharon,4350811,5
Wilson,4350811,2
Tom,4350811,6
Joad,4350811,2
Casy,4350811,4
John,4350811,16
Sobchack,4350811,6
Steinbeck,4350811,11
Sandry,4350811,19
Katie,25516274,6
Sharon,25516274,17
Ellen,25516274,4
Pettit,25516274,23
Jimmy,25516274,6
Liner,25516274,18
Blankenship,25516274,24
Jack,25516274,6
Jamie,25516274,2
Angelica,24314116,3
Teague,24314116,4
Blackbeard,24314116,17
Barbossa,24314116,14
Sparrow,24314116,4
II,24314116,0
Jack,24314116,23
Swift,24314116,8
Anne,24314116,5
Philip,24314116,4
Gibbs,24314116,4
Syrena,24314116,20
Lounds,698242,6
Dolarhyde,698242,17
McClane,698242,17
Mandy,698242,17
Lecter,698242,13
Crawford,698242,14
Graham,698242,20
Jack,20280702,7
Kelp,20280702,12
Reggio,3555951,9
Tommy,3555951,4
Hussein,3555951,12
O'Grady,25594421,24
Suh,5066460,7
MacDonald,8505961,13
Zumurrud,2205317,17
Zeke,10827350,16
Manuel,15463889,7
Bernie,15463889,7
Nestor,15463889,7
Saegusa,1112869,4
Godzilla,1112869,17
Moguera,1112869,4
Mothra,1112869,23
Show,3668661,18
Diane,3668661,16
Shepherd,3668661,16
Reilly,3668661,19
Lester,1637570,16
Truman,1637570,8
Gardner,1637570,3
Dorman,1637570,23
Waggener,1637570,6
Groover,1637570,15
Barnes,1637570,8
Phil,1637570,23
Hicks,1637570,1
Debbie,1637570,21
Kenneth,1637570,20
Santosh,5881936,21
Rawal,14849115,11
Lagoo,14849115,10
Grover,14849115,18
Matondkar,14849115,18
Sophia,20040056,10
Sweety,20040056,2
Lobo,20040056,17
Tashi,20040056,15
Marathis,20040056,22
Guddu,20040056,6
Mikhail,20040056,16
Charlie,20040056,6
Bhope,20040056,3
Prabhakaran,23143530,13
Nair,23143530,3
Prakashan,23143530,17
Anandan,23143530,18
Jeffrey,18506518,21
Michael,18506518,14
Renee,18506518,21
Lina,4300062,17
Grant,1197917,15
Bissell,1197917,4
Hopkinson,1197917,11
Davis,1197917,6
Bergman,1197917,3
Madhu,31148913,13
Ravi,31148913,15
Laxmi,31148913,3
Babli,31148913,21
Shashi,31148913,22
Rajshekhar,31148913,6
Elain,7846363,6
Robbins,7846363,15
Hutter,8268252,2
Elizabeth,8268252,23
Dracula,8268252,3
West,8268252,15
Helen,8268252,3
Lila,27697789,24
Jeff,27697789,6
Max,27697789,16
Lazarus,27697789,18
Keating,27697789,13
Katie,4550151,3
Faber,4550151,19
Hugo,4550151,17
Mina,4550151,3
Doff,4550151,15
George,4550151,23
Kelly,8658177,3
Zoe,8658177,6
David,8658177,21
Beckham,8658177,9
Nakanishi,570269,5
Torahata,570269,17
Godzilla,570269,17
Junko,570269,6
Shobijin,570269,6
Mothra,570269,4
Jiro,570269,3
Miura,570269,6
Sakai,570269,6
Kumayama,570269,17
Kwan,4602699,16
Chiu,4602699,7
Smartie,4602699,9
Nam,4602699,6
Fei,4602699,7
Karanth,16816347,8
Cunningham,171522,21
Linda,171522,17
Doyle,171522,24
Childers,171522,3
Frank,171522,6
Hargraves,171522,14
Wheatley,171522,24
Karl,171522,17
Susan,20700559,3
Kringle,20700559,22
Walker,20700559,3
Dorey,20700559,13
Kris,20700559,6
Bedford,20700559,13
Cole,20700559,6
Grant,32038301,4
Glenarvan,32038301,8
Verne,32038301,23
Mary,32038301,5
Robert,32038301,5
Hercules,23909982,6
Telca,23909982,12
Babar,23909982,20
Tedaeo,23909982,6
Keerthana,16362457,23
Mahesh,16362457,3
Saranya,16362457,1
Butch,19714149,9
Tony,10485963,4
Crow,10485963,1
Honey,10485963,11
Swanson,10485963,9
Frisbee,10485963,11
Hobart,10485963,2
Magenbruch,10485963,21
Raju,5374233,21
Awasthi,5374233,7
Rajan,5374233,6
Malhotra,5374233,11
Yip,2665467,11
Stratford,35478081,19
Roger,23015383,3
Nina,23015383,20
Ford,18162839,17
Younger,18162839,14
James,18162839,11
Cole,18162839,24
Sonoda,5578025,0
Psyga,5578025,1
Yuka,5578025,7
Kikuchi,5578025,10
Orga,5578025,1
Takumi,5578025,6
Orphenoch,5578025,1
Kaixa,5578025,17
Mari,5578025,6
Murakami,5578025,23
Leo,5578025,10
Inui,5578025,5
Kiba,5578025,14
Takeshi,5578025,10
Mina,5578025,17
Mizuhara,5578025,16
Yuji,5578025,17
Blaster,5578025,6
Orphnoch,5578025,10
Faiz,5578025,21
Riotroopers,5578025,21
Gordon,8781770,13
Felipe,8781770,10
Spilato,8781770,0
Sinclair,8781770,3
Dawson,8781770,21
Shepperd,8781770,14
Pascual,8781770,24
Rivera,8781770,10
Cappy,8781770,17
Lambert,8781770,21
Vasco,8781770,17
Eberl,34038729,15
Santhanam,31272168,8
Nirmala,31272168,23
Neduvaali,31272168,6
Balan,31272168,6
Daniel,31272168,5
Kattuppakkam,31272168,12
Velan,31272168,3
Craig,26370924,23
Fontana,26370924,10
Ruth,26370924,5
Sally,3606845,12
Bowers,3606845,3
Rogers,3606845,15
Mute,3606845,2
Muriel,616554,14
Blandings,616554,14
Cole,616554,3
ller,5464450,11
Pinki,26587817,11
Pooja,26587817,0
Sanjaynath,26587817,3
Pillai,26587817,5
Rajalakshmi,26587817,6
Jemsek,19282469,14
Jones,19282469,18
Petrick,19282469,1
Fudd,6673089,17
Elmer,6673089,23
Alexis,31009222,21
Thomas,31009222,6
Reynolds,31009222,4
Kirby,31009222,21
Robbie,454655,3
Linda,454655,13
Hart,454655,14
Holly,454655,13
Gulia,454655,18
Sullivan,454655,20
Sammy,454655,13
Rosie,454655,12
Glenn,454655,6
Julia,454655,3
Mokkai,15438790,0
Prabhu,15438790,16
Rasu,15438790,23
Rachida,24912855,21
Sofiane,24912855,4
Kyun-dong,16719327,10
Jae-eun,16719327,12
Kwang-su,16719327,8
Chandra,16719327,21
Moon-joo,16719327,20
Bosco,1459045,4
Hammer,1459045,3
Barbara,1459045,3
Mazzoli,1459045,21
Josh,1459045,9
Boscoe,1459045,4
Todd,26255812,23
Jason,26255812,14
Mitch,26255812,22
Chad,26255812,17
Dale,26255812,3
Tucker,26255812,3
Allison,26255812,3
Naomi,26255812,17
Chloe,26255812,24
Mike,26255812,23
Chuck,26255812,17
Shastri,7085998,22
Prabha,7085998,6
Pradeep,7085998,23
Narayan,7085998,22
Baat,7085998,6
Singh,7085998,3
Arun,7085998,14
Crimmins,4343497,18
Todd,4343497,3
Phil,4343497,3
Matty,4343497,17
Watkins,4343497,9
Gene,4343497,17
Smith,4343497,10
Carol,4343497,17
Grayland,4343497,17
Clifford,4343497,22
Danvers,4343497,10
Peron,9093781,18
Videla,9093781,2
Pablo,9093781,21
Tracy,34115605,5
Cook,509662,20
Kira,509662,4
Alina,509662,24
Jaffar,509662,21
Sinbad,509662,4
Bronstein,27376549,0
Berkhoff,27376549,7
Trotsky,27376549,0
Daniel,7400687,16
George,7400687,5
Marcos,7400687,3
Marisol,7400687,8
Biden,27398746,14
Robinson,6206610,9
Vulcan,18512327,16
Wrotham,18512327,16
Serena,18512327,8
Justin,18512327,17
Mandrake,18512327,15
Staverley,18512327,17
Bodine,3300191,10
Meeker,3300191,3
Spenser,3300191,22
Lennox,3300191,17
Noreen,3300191,19
Dolezal,3300191,3
Reiden,6190944,11
Forbes,6190944,10
Linden,6190944,4
Posen,6190944,8
Bolte,6190944,6
Helen,6190944,6
Karl,6190944,13
Speedy,18253063,23
Gonzales,18253063,17
Vince,28030302,10
Molner,28030302,4
Steve,28030302,24
Kelly,28030302,10
Holpin,28030302,3
Hoplin,28030302,17
Sloan,21260147,9
Croft,21260147,11
Styles,21260147,1
Reeves,21260147,17
Negaal,21260147,16
Shmuel,5241472,19
Kochunnni,33384836,3
Thoma,33384836,11
Iyer,33384836,15
Kochunni,33384836,24
Anthru,33384836,19
Andru,33384836,12
Sreenivasan,33384836,24
Pran,32241787,13
Kiran,32241787,13
Tilak,32241787,15
Ranjeet,32241787,13
Kumar,32241787,5
Malini,32241787,5
Raj,32241787,13
Kaur,32241787,5
Todd,6737068,23
Jason,6737068,14
Jon,6737068,3
Matt,6737068,4
Jeff,6737068,16
Brandon,6737068,2
Scott,6737068,16
Tod,6737068,14
Juan,1040571,4
Berenguer,1040571,3
Rodriguez,1040571,14
Zahara,1040571,17
Andrade,1040571,13
Goded,1040571,23
Ignacio,1040571,6
Manolo,1040571,8
Enrique,1040571,6
Woody,5733558,3
Madsen,5733558,12
Fuegos,5733558,3
Bobby,5733558,6
Maggie,5733558,22
Blade,5733558,6
Doug,5733558,21
Dudley,5733558,18
Jack,5733558,6
Belle,28794470,12
Cain,30350202,15
Abel,30350202,15
Maitland,7194265,15
Booth,7194265,8
John,7194265,15
Wyatt,8528824,12
Kara,1011167,6
Arthur,1011167,17
Einon,1011167,17
Aislinn,1011167,24
Gilbert,1011167,24
Draco,1011167,21
Walrus,20530329,6
Brannigan,27685410,19
Necro,27685410,8
Harris,2258469,16
Robinson,2258469,6
Waldron,2258469,11
Harvey,2258469,3
Paula,8893458,20
Rolondo,8893458,14
Fredy,8893458,12
Eugene,577152,3
Simonet,577152,1
Arlene,577152,3
Jerry,577152,16
Chandler,577152,18
Ricky,577152,6
Grace,577152,18
McKinney,577152,3
Adam,577152,12
Perot,77663,17
Curie,77663,19
Sklodowska,77663,21
Pierre,77663,6
Marie,77663,2
Carver,24060860,4
Bill,24060860,4
Mallon,24060860,14
Kumar,29054588,8
Verma,29054588,24
Giulia,9985703,2
Carlo,9985703,6
Francesca,9985703,0
Sarret,10264717,23
Saret,10264717,6
Grasse,2237290,9
Ann,2237290,7
Diana,2237290,21
Blaine,2237290,21
Weisser,27376208,11
Murphy,32123594,11
Lester,32123594,21
Maud,32123594,2
Brown,32123594,15
Jill,15765481,13
Rick,15765481,21
Maddy,15765481,23
Jeb,24211707,17
Hotchkiss,24211707,17
Fantes,24211707,3
Richards,24211707,3
Wallace,24211707,7
Elena,24211707,6
Maynard,24211707,3
Baker,596078,1
Flemming,596078,10
Connie,596078,8
Ann,596078,9
Mr.,596078,1
Nelly,596078,24
Owen,596078,3
Katherine,22141846,21
Andy,22141846,2
Briggs,3356006,13
Dutton,3356006,24
Gleick,3356006,13
Bresler,3356006,20
Krane,3356006,24
Gruzdev,3111296,24
Fox,3111296,24
Sharapov,3111296,6
Zheglov,3111296,5
Gruzdeva,3111296,19
Lowell,2154704,21
Jill,29278064,1
Morple,29278064,9
Brent,29278064,6
Trevor,29278064,13
Sandow,44437,15
Flo,44437,3
Burke,44437,19
Bolger,44437,6
Patricia,44437,10
Anna,44437,21
Held,44437,19
Wiesler,5454803,3
Dreyman,5454803,3
Sieland,5454803,3
Jerska,5454803,20
Gorbachev,5454803,24
Grubitz,5454803,17
Hempf,5454803,6
Bharathan,26612197,7
Lachi,26612197,6
Mulla,26612197,16
Chewbacca,1883373,17
Mace,1883373,23
Yoda,1883373,23
Kenobi,1883373,1
Windu,1883373,4
Obi-Wan,1883373,23
Skywalker,1883373,3
Dooku,1883373,4
Tyler,1213939,5
Cody,1213939,16
Emily,1213939,21
Nigel,1213939,3
Brooke,1213939,12
Tess,1213939,21
Debbie,1213939,10
Mickey,4108329,4
Mouse,4108329,14
Royce,748902,18
Asao,748902,16
Iizuka,748902,11
O'Banion,2114151,11
Weiss,2114151,24
Gusenberg,2114151,24
Moran,2114151,2
Capone,2114151,20
Saxon,10274511,11
Rodriguez,10274511,2
Simon,10274511,19
Clara,10274511,14
Parker,10274511,16
Childress,10274511,24
Joseph,10274511,6
Jacob,10274511,8
Keller,10274511,4
Liyan,6455349,21
Yuwen,6455349,22
Wei,6455349,11
Zhichen,6455349,7
Varman,18849330,15
Mrinalini,18849330,5
Kannika,18849330,23
Jennie,13348400,6
Nicky,13348400,6
Mooch,13348400,21
Daryle,13348400,3
Falcon,13348400,6
Lee,13348400,12
Frankie,13348400,3
Pincher,13348400,0
Billie,13348400,5
Nickie,13348400,22
Jae-seok,24005728,15
Gomi,24005728,21
Kyeong-Joo,24005728,6
Pil-seong,24005728,6
Saigal,30103174,11
Chaudry,30103174,11
cinoy,30103174,12
Akhter,30103174,5
Anjali,30103174,21
Shroff,30103174,11
Malik,30103174,8
Marwood,27252164,12
Baker,277160,10
Cruz,277160,14
Mac,277160,6
Raghu,36057885,2
Albert,12118772,23
Kidstuff,12118772,16
Eckhart,20402406,20
Bleibruck,20402406,9
Anna,20402406,3
Wollenbarth,20402406,15
D'Ambroise,20402406,5
Debelzeq,20402406,3
Felson,20402406,17
Behmen,20402406,3
Cardinal,20402406,13
Mila,20402406,13
Krishna,24327307,21
Canary,27858729,17
Perdita,27858729,22
Merlyn,27858729,10
Vertigo,27858729,20
Delphine,17736697,8
Paula,17736697,3
Eastman,17736697,19
Mike,17736697,10
Radhakrishnan,22762373,0
Mathi,22762373,6
Jayaganesh,22762373,13
Chakravarthi,22762373,20
Latha,22762373,23
Sakthi,22762373,1
Indhu,22762373,13
Gervais,8355009,10
Dee,677389,13
Travis,677389,20
Bree,677389,10
Kate,677389,21
Marilyn,677389,9
Carolyn,677389,12
Peggy,677389,9
Titli,8605430,21
Aachho,8605430,1
Meghadutam,8605430,22
Lennon,8605430,11
Rohit,8605430,14
Roy,8605430,14
Urmila,8605430,21
Khanna,8605430,22
Miller,27978238,9
Mace,27978238,17
Jeannie,27978238,19
Putnam,27978238,6
Hayes,27978238,0
Norma,27978238,21
Rod,27978238,6
Jasmine,21972773,12
Nandhan,21972773,11
Meera,21972773,4
Steele,25758881,18
Nathan,25758881,9
Satsuma,25758881,1
Mike,25758881,3
Hendricks,25758881,21
Takimura,25758881,6
Teru,25758881,24
Bergen,4913923,2
Zhukovsky,4913923,3
Benjamin,4913923,21
Stina,4913923,1
Tomas,4913923,20
Dina,4913923,21
Jacob,4913923,3
Lorch,4913923,4
Samy,24318106,21
Sruti,24318106,14
Sami,24318106,6
Karuna,24318106,21
Mumford,11957333,3
Shotsi,11957333,4
Death,11957333,17
Talena,26261438,17
Lara,26261438,10
King,26261438,13
Hup,26261438,24
Hunter,26261438,3
Marlenus,26261438,17
Smith,26261438,0
Watney,26261438,6
Cabot,26261438,13
Murphy,871575,3
Arthur,871575,17
Bishop,871575,6
Jill,871575,23
Ash,871575,3
Odin,871575,3
Fay,871575,10
Stunner,871575,17
A.,871575,5
Morgan,871575,21
Kyle,17208834,17
Mitch,17208834,17
Jules,17208834,16
George,17208834,16
Gwen,17208834,23
Jimmy,17208834,3
Lindsey,17208834,3
Jenson,17208834,3
Steven,17208834,23
Rambler,17208834,12
Rod,17208834,17
Jensen,17208834,4
Lucy,29046736,16
Hyde,29046736,12
Carlesi,29046736,3
Hercules,29046736,3
Finch,29046736,13
Tommy,29046736,14
Albana,29046736,16
Bill,2867597,0
McManus,2867597,14
Reema,34808485,19
Leo,1096473,3
Andreyev,1096473,23
Alexander,1096473,15
Sergius,1096473,6
Dabrova,1096473,19
Page,35102018,12
White,35102018,23
Parsons,35102018,21
Khan,8628195,3
Rehman,8628195,21
Amina,8628195,13
Mainwaring,6040782,6
Hitler,6040782,5
Eden,6040782,1
Godfrey,6040782,17
Jones,6040782,23
Fullard,6040782,20
Walker,6040782,14
